#sin^2(theta23) Delta_CP/deg Delta_chi^2
   4.1501643e-01   1.2599972e+02   1.2493600e+02
   4.1501643e-01   1.3139985e+02   1.1616200e+02
   4.1501643e-01   1.3679998e+02   1.0746600e+02
   4.1501643e-01   1.4220010e+02   9.9010100e+01
   4.1501643e-01   1.4760023e+02   9.0937300e+01
   4.1501643e-01   1.5299978e+02   8.3372500e+01
   4.1501643e-01   1.5839991e+02   7.6419000e+01
   4.1501643e-01   1.6380004e+02   7.0156900e+01
   4.1501643e-01   1.6920017e+02   6.4643500e+01
   4.1501643e-01   1.7459972e+02   5.9912600e+01
   4.1501643e-01   1.7999985e+02   5.5976000e+01
   4.1501643e-01   1.8539998e+02   5.2824200e+01
   4.1501643e-01   1.9080010e+02   5.0429000e+01
   4.1501643e-01   1.9620023e+02   4.8745200e+01
   4.1501643e-01   2.0159978e+02   4.7713300e+01
   4.1501643e-01   2.0699991e+02   4.7262600e+01
   4.1501643e-01   2.1240004e+02   4.7313600e+01
   4.1501643e-01   2.1780017e+02   4.7781700e+01
   4.1501643e-01   2.2319972e+02   4.8580200e+01
   4.1501643e-01   2.2859985e+02   4.9622900e+01
   4.1501643e-01   2.3399997e+02   5.0827400e+01
   4.1501643e-01   2.3940010e+02   5.2118200e+01
   4.1501643e-01   2.4480023e+02   5.3428400e+01
   4.1501643e-01   2.5019978e+02   5.4702700e+01
   4.1501643e-01   2.5559991e+02   5.5898600e+01
   4.1501643e-01   2.6100004e+02   5.6988100e+01
   4.1501643e-01   2.6640016e+02   5.7958700e+01
   4.1501643e-01   2.7179972e+02   5.8813300e+01
   4.1501643e-01   2.7719985e+02   5.9570700e+01
   4.1501643e-01   2.8259997e+02   6.0264200e+01
   4.1748110e-01   1.2599972e+02   1.1669800e+02
   4.1748110e-01   1.3139985e+02   1.0805200e+02
   4.1748110e-01   1.3679998e+02   9.9491000e+01
   4.1748110e-01   1.4220010e+02   9.1172100e+01
   4.1748110e-01   1.4760023e+02   8.3237800e+01
   4.1748110e-01   1.5299978e+02   7.5810900e+01
   4.1748110e-01   1.5839991e+02   6.8993000e+01
   4.1748110e-01   1.6380004e+02   6.2863100e+01
   4.1748110e-01   1.6920017e+02   5.7477100e+01
   4.1748110e-01   1.7459972e+02   5.2867700e+01
   4.1748110e-01   1.7999985e+02   4.9046000e+01
   4.1748110e-01   1.8539998e+02   4.6002000e+01
   4.1748110e-01   1.9080010e+02   4.3706900e+01
   4.1748110e-01   1.9620023e+02   4.2115200e+01
   4.1748110e-01   2.0159978e+02   4.1167400e+01
   4.1748110e-01   2.0699991e+02   4.0792600e+01
   4.1748110e-01   2.1240004e+02   4.0911500e+01
   4.1748110e-01   2.1780017e+02   4.1439700e+01
   4.1748110e-01   2.2319972e+02   4.2290500e+01
   4.1748110e-01   2.2859985e+02   4.3378200e+01
   4.1748110e-01   2.3399997e+02   4.4620600e+01
   4.1748110e-01   2.3940010e+02   4.5942400e+01
   4.1748110e-01   2.4480023e+02   4.7277100e+01
   4.1748110e-01   2.5019978e+02   4.8569500e+01
   4.1748110e-01   2.5559991e+02   4.9777300e+01
   4.1748110e-01   2.6100004e+02   5.0872600e+01
   4.1748110e-01   2.6640016e+02   5.1842900e+01
   4.1748110e-01   2.7179972e+02   5.2691200e+01
   4.1748110e-01   2.7719985e+02   5.3436100e+01
   4.1748110e-01   2.8259997e+02   5.4110800e+01
   4.1994784e-01   1.2599972e+02   1.0904200e+02
   4.1994784e-01   1.3139985e+02   1.0052400e+02
   4.1994784e-01   1.3679998e+02   9.2095600e+01
   4.1994784e-01   1.4220010e+02   8.3912300e+01
   4.1994784e-01   1.4760023e+02   7.6114800e+01
   4.1994784e-01   1.5299978e+02   6.8824100e+01
   4.1994784e-01   1.5839991e+02   6.2140300e+01
   4.1994784e-01   1.6380004e+02   5.6140800e+01
   4.1994784e-01   1.6920017e+02   5.0880400e+01
   4.1994784e-01   1.7459972e+02   4.6391100e+01
   4.1994784e-01   1.7999985e+02   4.2682800e+01
   4.1994784e-01   1.8539998e+02   3.9745100e+01
   4.1994784e-01   1.9080010e+02   3.7548700e+01
   4.1994784e-01   1.9620023e+02   3.6047900e+01
   4.1994784e-01   2.0159978e+02   3.5182900e+01
   4.1994784e-01   2.0699991e+02   3.4883000e+01
   4.1994784e-01   2.1240004e+02   3.5068800e+01
   4.1994784e-01   2.1780017e+02   3.5656200e+01
   4.1994784e-01   2.2319972e+02   3.6558600e+01
   4.1994784e-01   2.2859985e+02   3.7690600e+01
   4.1994784e-01   2.3399997e+02   3.8970300e+01
   4.1994784e-01   2.3940010e+02   4.0322700e+01
   4.1994784e-01   2.4480023e+02   4.1681500e+01
   4.1994784e-01   2.5019978e+02   4.2991700e+01
   4.1994784e-01   2.5559991e+02   4.4211200e+01
   4.1994784e-01   2.6100004e+02   4.5312300e+01
   4.1994784e-01   2.6640016e+02   4.6282400e+01
   4.1994784e-01   2.7179972e+02   4.7124600e+01
   4.1994784e-01   2.7719985e+02   4.7857100e+01
   4.1994784e-01   2.8259997e+02   4.8513300e+01
   4.2241658e-01   1.2599972e+02   1.0195400e+02
   4.2241658e-01   1.3139985e+02   9.3562400e+01
   4.2241658e-01   1.3679998e+02   8.5264600e+01
   4.2241658e-01   1.4220010e+02   7.7215300e+01
   4.2241658e-01   1.4760023e+02   6.9552900e+01
   4.2241658e-01   1.5299978e+02   6.2396600e+01
   4.2241658e-01   1.5839991e+02   5.5845100e+01
   4.2241658e-01   1.6380004e+02   4.9974400e+01
   4.2241658e-01   1.6920017e+02   4.4838100e+01
   4.2241658e-01   1.7459972e+02   4.0467100e+01
   4.2241658e-01   1.7999985e+02   3.6870700e+01
   4.2241658e-01   1.8539998e+02   3.4037900e+01
   4.2241658e-01   1.9080010e+02   3.1938800e+01
   4.2241658e-01   1.9620023e+02   3.0527600e+01
   4.2241658e-01   2.0159978e+02   2.9744300e+01
   4.2241658e-01   2.0699991e+02   2.9518100e+01
   4.2241658e-01   2.1240004e+02   2.9769900e+01
   4.2241658e-01   2.1780017e+02   3.0415500e+01
   4.2241658e-01   2.2319972e+02   3.1368800e+01
   4.2241658e-01   2.2859985e+02   3.2544400e+01
   4.2241658e-01   2.3399997e+02   3.3860900e+01
   4.2241658e-01   2.3940010e+02   3.5243400e+01
   4.2241658e-01   2.4480023e+02   3.6625900e+01
   4.2241658e-01   2.5019978e+02   3.7953700e+01
   4.2241658e-01   2.5559991e+02   3.9184800e+01
   4.2241658e-01   2.6100004e+02   4.0291600e+01
   4.2241658e-01   2.6640016e+02   4.1261600e+01
   4.2241658e-01   2.7179972e+02   4.2097700e+01
   4.2241658e-01   2.7719985e+02   4.2818200e+01
   4.2241658e-01   2.8259997e+02   4.3456200e+01
   4.2488727e-01   1.2599972e+02   9.5417300e+01
   4.2488727e-01   1.3139985e+02   8.7150100e+01
   4.2488727e-01   1.3679998e+02   7.8981700e+01
   4.2488727e-01   1.4220010e+02   7.1064700e+01
   4.2488727e-01   1.4760023e+02   6.3535600e+01
   4.2488727e-01   1.5299978e+02   5.6512100e+01
   4.2488727e-01   1.5839991e+02   5.0091100e+01
   4.2488727e-01   1.6380004e+02   4.4347400e+01
   4.2488727e-01   1.6920017e+02   3.9333500e+01
   4.2488727e-01   1.7459972e+02   3.5079300e+01
   4.2488727e-01   1.7999985e+02   3.1593300e+01
   4.2488727e-01   1.8539998e+02   2.8863900e+01
   4.2488727e-01   1.9080010e+02   2.6860800e+01
   4.2488727e-01   1.9620023e+02   2.5537900e+01
   4.2488727e-01   2.0159978e+02   2.4835100e+01
   4.2488727e-01   2.0699991e+02   2.4681500e+01
   4.2488727e-01   2.1240004e+02   2.4998200e+01
   4.2488727e-01   2.1780017e+02   2.5701300e+01
   4.2488727e-01   2.2319972e+02   2.6704600e+01
   4.2488727e-01   2.2859985e+02   2.7923200e+01
   4.2488727e-01   2.3399997e+02   2.9275900e+01
   4.2488727e-01   2.3940010e+02   3.0688000e+01
   4.2488727e-01   2.4480023e+02   3.2093900e+01
   4.2488727e-01   2.5019978e+02   3.3439000e+01
   4.2488727e-01   2.5559991e+02   3.4681600e+01
   4.2488727e-01   2.6100004e+02   3.5794100e+01
   4.2488727e-01   2.6640016e+02   3.6764000e+01
   4.2488727e-01   2.7179972e+02   3.7594200e+01
   4.2488727e-01   2.7719985e+02   3.8303000e+01
   4.2488727e-01   2.8259997e+02   3.8923100e+01
   4.2735982e-01   1.2599972e+02   8.9414800e+01
   4.2735982e-01   1.3139985e+02   8.1270500e+01
   4.2735982e-01   1.3679998e+02   7.3229800e+01
   4.2735982e-01   1.4220010e+02   6.5443400e+01
   4.2735982e-01   1.4760023e+02   5.8045800e+01
   4.2735982e-01   1.5299978e+02   5.1153300e+01
   4.2735982e-01   1.5839991e+02   4.4861100e+01
   4.2735982e-01   1.6380004e+02   3.9242800e+01
   4.2735982e-01   1.6920017e+02   3.4349600e+01
   4.2735982e-01   1.7459972e+02   3.0210500e+01
   4.2735982e-01   1.7999985e+02   2.6833400e+01
   4.2735982e-01   1.8539998e+02   2.4205800e+01
   4.2735982e-01   1.9080010e+02   2.2297300e+01
   4.2735982e-01   1.9620023e+02   2.1061400e+01
   4.2735982e-01   2.0159978e+02   2.0437900e+01
   4.2735982e-01   2.0699991e+02   2.0355900e+01
   4.2735982e-01   2.1240004e+02   2.0736600e+01
   4.2735982e-01   2.1780017e+02   2.1496100e+01
   4.2735982e-01   2.2319972e+02   2.2548700e+01
   4.2735982e-01   2.2859985e+02   2.3809600e+01
   4.2735982e-01   2.3399997e+02   2.5197900e+01
   4.2735982e-01   2.3940010e+02   2.6639200e+01
   4.2735982e-01   2.4480023e+02   2.8068200e+01
   4.2735982e-01   2.5019978e+02   2.9430400e+01
   4.2735982e-01   2.5559991e+02   3.0684300e+01
   4.2735982e-01   2.6100004e+02   3.1802400e+01
   4.2735982e-01   2.6640016e+02   3.2772300e+01
   4.2735982e-01   2.7179972e+02   3.3596900e+01
   4.2735982e-01   2.7719985e+02   3.4294200e+01
   4.2735982e-01   2.8259997e+02   3.4896900e+01
   4.2983420e-01   1.2599972e+02   8.3928600e+01
   4.2983420e-01   1.3139985e+02   7.5905600e+01
   4.2983420e-01   1.3679998e+02   6.7990900e+01
   4.2983420e-01   1.4220010e+02   6.0333200e+01
   4.2983420e-01   1.4760023e+02   5.3065500e+01
   4.2983420e-01   1.5299978e+02   4.6302100e+01
   4.2983420e-01   1.5839991e+02   4.0137000e+01
   4.2983420e-01   1.6380004e+02   3.4642300e+01
   4.2983420e-01   1.6920017e+02   2.9868100e+01
   4.2983420e-01   1.7459972e+02   2.5842600e+01
   4.2983420e-01   1.7999985e+02   2.2572700e+01
   4.2983420e-01   1.8539998e+02   2.0045500e+01
   4.2983420e-01   1.9080010e+02   1.8230200e+01
   4.2983420e-01   1.9620023e+02   1.7080000e+01
   4.2983420e-01   2.0159978e+02   1.6534500e+01
   4.2983420e-01   2.0699991e+02   1.6523000e+01
   4.2983420e-01   2.1240004e+02   1.6966700e+01
   4.2983420e-01   2.1780017e+02   1.7781800e+01
   4.2983420e-01   2.2319972e+02   1.8882900e+01
   4.2983420e-01   2.2859985e+02   2.0185400e+01
   4.2983420e-01   2.3399997e+02   2.1608800e+01
   4.2983420e-01   2.3940010e+02   2.3078900e+01
   4.2983420e-01   2.4480023e+02   2.4530600e+01
   4.2983420e-01   2.5019978e+02   2.5909700e+01
   4.2983420e-01   2.5559991e+02   2.7174700e+01
   4.2983420e-01   2.6100004e+02   2.8298500e+01
   4.2983420e-01   2.6640016e+02   2.9268500e+01
   4.2983420e-01   2.7179972e+02   3.0087600e+01
   4.2983420e-01   2.7719985e+02   3.0773800e+01
   4.2983420e-01   2.8259997e+02   3.1359500e+01
   4.3231033e-01   1.2599972e+02   7.8940100e+01
   4.3231033e-01   1.3139985e+02   7.1036700e+01
   4.3231033e-01   1.3679998e+02   6.3246200e+01
   4.3231033e-01   1.4220010e+02   5.5715600e+01
   4.3231033e-01   1.4760023e+02   4.8575900e+01
   4.3231033e-01   1.5299978e+02   4.1939900e+01
   4.3231033e-01   1.5839991e+02   3.5900000e+01
   4.3231033e-01   1.6380004e+02   3.0527100e+01
   4.3231033e-01   1.6920017e+02   2.5870300e+01
   4.3231033e-01   1.7459972e+02   2.1956600e+01
   4.3231033e-01   1.7999985e+02   1.8792400e+01
   4.3231033e-01   1.8539998e+02   1.6364200e+01
   4.3231033e-01   1.9080010e+02   1.4640600e+01
   4.3231033e-01   1.9620023e+02   1.3574800e+01
   4.3231033e-01   2.0159978e+02   1.3106200e+01
   4.3231033e-01   2.0699991e+02   1.3164100e+01
   4.3231033e-01   2.1240004e+02   1.3669700e+01
   4.3231033e-01   2.1780017e+02   1.4539500e+01
   4.3231033e-01   2.2319972e+02   1.5688300e+01
   4.3231033e-01   2.2859985e+02   1.7031800e+01
   4.3231033e-01   2.3399997e+02   1.8489700e+01
   4.3231033e-01   2.3940010e+02   1.9988200e+01
   4.3231033e-01   2.4480023e+02   2.1462200e+01
   4.3231033e-01   2.5019978e+02   2.2858000e+01
   4.3231033e-01   2.5559991e+02   2.4134100e+01
   4.3231033e-01   2.6100004e+02   2.5263500e+01
   4.3231033e-01   2.6640016e+02   2.6233800e+01
   4.3231033e-01   2.7179972e+02   2.7047600e+01
   4.3231033e-01   2.7719985e+02   2.7722900e+01
   4.3231033e-01   2.8259997e+02   2.8292000e+01
   4.3478815e-01   1.2599972e+02   7.4429600e+01
   4.3478815e-01   1.3139985e+02   6.6644200e+01
   4.3478815e-01   1.3679998e+02   5.8976300e+01
   4.3478815e-01   1.4220010e+02   5.1570900e+01
   4.3478815e-01   1.4760023e+02   4.4557400e+01
   4.3478815e-01   1.5299978e+02   3.8047000e+01
   4.3478815e-01   1.5839991e+02   3.2130500e+01
   4.3478815e-01   1.6380004e+02   2.6877700e+01
   4.3478815e-01   1.6920017e+02   2.2336500e+01
   4.3478815e-01   1.7459972e+02   1.8533000e+01
   4.3478815e-01   1.7999985e+02   1.5472900e+01
   4.3478815e-01   1.8539998e+02   1.3142100e+01
   4.3478815e-01   1.9080010e+02   1.1508900e+01
   4.3478815e-01   1.9620023e+02   1.0526100e+01
   4.3478815e-01   2.0159978e+02   1.0133200e+01
   4.3478815e-01   2.0699991e+02   1.0259300e+01
   4.3478815e-01   2.1240004e+02   1.0825900e+01
   4.3478815e-01   2.1780017e+02   1.1749600e+01
   4.3478815e-01   2.2319972e+02   1.2945300e+01
   4.3478815e-01   2.2859985e+02   1.4329200e+01
   4.3478815e-01   2.3399997e+02   1.5821000e+01
   4.3478815e-01   2.3940010e+02   1.7347400e+01
   4.3478815e-01   2.4480023e+02   1.8843500e+01
   4.3478815e-01   2.5019978e+02   2.0255700e+01
   4.3478815e-01   2.5559991e+02   2.1542800e+01
   4.3478815e-01   2.6100004e+02   2.2677900e+01
   4.3478815e-01   2.6640016e+02   2.3648400e+01
   4.3478815e-01   2.7179972e+02   2.4457200e+01
   4.3478815e-01   2.7719985e+02   2.5122000e+01
   4.3478815e-01   2.8259997e+02   2.5674900e+01
   4.3726760e-01   1.2599972e+02   7.0377100e+01
   4.3726760e-01   1.3139985e+02   6.2708000e+01
   4.3726760e-01   1.3679998e+02   5.5160800e+01
   4.3726760e-01   1.4220010e+02   4.7878900e+01
   4.3726760e-01   1.4760023e+02   4.0989800e+01
   4.3726760e-01   1.5299978e+02   3.4603100e+01
   4.3726760e-01   1.5839991e+02   2.8808300e+01
   4.3726760e-01   1.6380004e+02   2.3673800e+01
   4.3726760e-01   1.6920017e+02   1.9246400e+01
   4.3726760e-01   1.7459972e+02   1.5551500e+01
   4.3726760e-01   1.7999985e+02   1.2593800e+01
   4.3726760e-01   1.8539998e+02   1.0358900e+01
   4.3726760e-01   1.9080010e+02   8.8147300e+00
   4.3726760e-01   1.9620023e+02   7.9136700e+00
   4.3726760e-01   2.0159978e+02   7.5952300e+00
   4.3726760e-01   2.0699991e+02   7.7884900e+00
   4.3726760e-01   2.1240004e+02   8.4150100e+00
   4.3726760e-01   2.1780017e+02   9.3916600e+00
   4.3726760e-01   2.2319972e+02   1.0633600e+01
   4.3726760e-01   2.2859985e+02   1.2057100e+01
   4.3726760e-01   2.3399997e+02   1.3582400e+01
   4.3726760e-01   2.3940010e+02   1.5136200e+01
   4.3726760e-01   2.4480023e+02   1.6654000e+01
   4.3726760e-01   2.5019978e+02   1.8082400e+01
   4.3726760e-01   2.5559991e+02   1.9380500e+01
   4.3726760e-01   2.6100004e+02   2.0521200e+01
   4.3726760e-01   2.6640016e+02   2.1492200e+01
   4.3726760e-01   2.7179972e+02   2.2296200e+01
   4.3726760e-01   2.7719985e+02   2.2950800e+01
   4.3726760e-01   2.8259997e+02   2.3487900e+01
   4.3974862e-01   1.2599972e+02   6.6761600e+01
   4.3974862e-01   1.3139985e+02   5.9207100e+01
   4.3974862e-01   1.3679998e+02   5.1779000e+01
   4.3974862e-01   1.4220010e+02   4.4618700e+01
   4.3974862e-01   1.4760023e+02   3.7852200e+01
   4.3974862e-01   1.5299978e+02   3.1587400e+01
   4.3974862e-01   1.5839991e+02   2.5912400e+01
   4.3974862e-01   1.6380004e+02   2.0894400e+01
   4.3974862e-01   1.6920017e+02   1.6579100e+01
   4.3974862e-01   1.7459972e+02   1.2991000e+01
   4.3974862e-01   1.7999985e+02   1.0134300e+01
   4.3974862e-01   1.8539998e+02   7.9937700e+00
   4.3974862e-01   1.9080010e+02   6.5370700e+00
   4.3974862e-01   1.9620023e+02   5.7164300e+00
   4.3974862e-01   2.0159978e+02   5.4712100e+00
   4.3974862e-01   2.0699991e+02   5.7305200e+00
   4.3974862e-01   2.1240004e+02   6.4160100e+00
   4.3974862e-01   2.1780017e+02   7.4447300e+00
   4.3974862e-01   2.2319972e+02   8.7320700e+00
   4.3974862e-01   2.2859985e+02   1.0194600e+01
   4.3974862e-01   2.3399997e+02   1.1752700e+01
   4.3974862e-01   2.3940010e+02   1.3333600e+01
   4.3974862e-01   2.4480023e+02   1.4872900e+01
   4.3974862e-01   2.5019978e+02   1.6317300e+01
   4.3974862e-01   2.5559991e+02   1.7626200e+01
   4.3974862e-01   2.6100004e+02   1.8772600e+01
   4.3974862e-01   2.6640016e+02   1.9744100e+01
   4.3974862e-01   2.7179972e+02   2.0543600e+01
   4.3974862e-01   2.7719985e+02   2.1188400e+01
   4.3974862e-01   2.8259997e+02   2.1710200e+01
   4.4223114e-01   1.2599972e+02   6.3561800e+01
   4.4223114e-01   1.3139985e+02   5.6120200e+01
   4.4223114e-01   1.3679998e+02   4.8809300e+01
   4.4223114e-01   1.4220010e+02   4.1768800e+01
   4.4223114e-01   1.4760023e+02   3.5123000e+01
   4.4223114e-01   1.5299978e+02   2.8978200e+01
   4.4223114e-01   1.5839991e+02   2.3421200e+01
   4.4223114e-01   1.6380004e+02   1.8517900e+01
   4.4223114e-01   1.6920017e+02   1.4313000e+01
   4.4223114e-01   1.7459972e+02   1.0830100e+01
   4.4223114e-01   1.7999985e+02   8.0726100e+00
   4.4223114e-01   1.8539998e+02   6.0249700e+00
   4.4223114e-01   1.9080010e+02   4.6543600e+00
   4.4223114e-01   1.9620023e+02   3.9128100e+00
   4.4223114e-01   2.0159978e+02   3.7395900e+00
   4.4223114e-01   2.0699991e+02   4.0638300e+00
   4.4223114e-01   2.1240004e+02   4.8072900e+00
   4.4223114e-01   2.1780017e+02   5.8872000e+00
   4.4223114e-01   2.2319972e+02   7.2191900e+00
   4.4223114e-01   2.2859985e+02   8.7200600e+00
   4.4223114e-01   2.3399997e+02   1.0310600e+01
   4.4223114e-01   2.3940010e+02   1.1918000e+01
   4.4223114e-01   2.4480023e+02   1.3478500e+01
   4.4223114e-01   2.5019978e+02   1.4938800e+01
   4.4223114e-01   2.5559991e+02   1.6258400e+01
   4.4223114e-01   2.6100004e+02   1.7410500e+01
   4.4223114e-01   2.6640016e+02   1.8382800e+01
   4.4223114e-01   2.7179972e+02   1.9177900e+01
   4.4223114e-01   2.7719985e+02   1.9813200e+01
   4.4223114e-01   2.8259997e+02   2.0320200e+01
   4.4471511e-01   1.2599972e+02   6.0755600e+01
   4.4471511e-01   1.3139985e+02   5.3425100e+01
   4.4471511e-01   1.3679998e+02   4.6229700e+01
   4.4471511e-01   1.4220010e+02   3.9307200e+01
   4.4471511e-01   1.4760023e+02   3.2780100e+01
   4.4471511e-01   1.5299978e+02   2.6753500e+01
   4.4471511e-01   1.5839991e+02   2.1312700e+01
   4.4471511e-01   1.6380004e+02   1.6522300e+01
   4.4471511e-01   1.6920017e+02   1.2426000e+01
   4.4471511e-01   1.7459972e+02   9.0465400e+00
   4.4471511e-01   1.7999985e+02   6.3867200e+00
   4.4471511e-01   1.8539998e+02   4.4304200e+00
   4.4471511e-01   1.9080010e+02   3.1444700e+00
   4.4471511e-01   1.9620023e+02   2.4806800e+00
   4.4471511e-01   2.0159978e+02   2.3782400e+00
   4.4471511e-01   2.0699991e+02   2.7663000e+00
   4.4471511e-01   2.1240004e+02   3.5667400e+00
   4.4471511e-01   2.1780017e+02   4.6969600e+00
   4.4471511e-01   2.2319972e+02   6.0728300e+00
   4.4471511e-01   2.2859985e+02   7.6114200e+00
   4.4471511e-01   2.3399997e+02   9.2337800e+00
   4.4471511e-01   2.3940010e+02   1.0867400e+01
   4.4471511e-01   2.4480023e+02   1.2448700e+01
   4.4471511e-01   2.5019978e+02   1.3924700e+01
   4.4471511e-01   2.5559991e+02   1.5255000e+01
   4.4471511e-01   2.6100004e+02   1.6412900e+01
   4.4471511e-01   2.6640016e+02   1.7386100e+01
   4.4471511e-01   2.7179972e+02   1.8177100e+01
   4.4471511e-01   2.7719985e+02   1.8803400e+01
   4.4471511e-01   2.8259997e+02   1.9296000e+01
   4.4720046e-01   1.2599972e+02   5.8320400e+01
   4.4720046e-01   1.3139985e+02   5.1099300e+01
   4.4720046e-01   1.3679998e+02   4.4017600e+01
   4.4720046e-01   1.4220010e+02   3.7211200e+01
   4.4720046e-01   1.4760023e+02   3.0801100e+01
   4.4720046e-01   1.5299978e+02   2.4890800e+01
   4.4720046e-01   1.5839991e+02   1.9564200e+01
   4.4720046e-01   1.6380004e+02   1.4884900e+01
   4.4720046e-01   1.6920017e+02   1.0895400e+01
   4.4720046e-01   1.7459972e+02   7.6177900e+00
   4.4720046e-01   1.7999985e+02   5.0540200e+00
   4.4720046e-01   1.8539998e+02   3.1875300e+00
   4.4720046e-01   1.9080010e+02   1.9847900e+00
   4.4720046e-01   1.9620023e+02   1.3974400e+00
   4.4720046e-01   2.0159978e+02   1.3645600e+00
   4.4720046e-01   2.0699991e+02   1.8153400e+00
   4.4720046e-01   2.1240004e+02   2.6717500e+00
   4.4720046e-01   2.1780017e+02   3.8514200e+00
   4.4720046e-01   2.2319972e+02   5.2704100e+00
   4.4720046e-01   2.2859985e+02   6.8460900e+00
   4.4720046e-01   2.3399997e+02   8.4997600e+00
   4.4720046e-01   2.3940010e+02   1.0159200e+01
   4.4720046e-01   2.4480023e+02   1.1761100e+01
   4.4720046e-01   2.5019978e+02   1.3252600e+01
   4.4720046e-01   2.5559991e+02   1.4593500e+01
   4.4720046e-01   2.6100004e+02   1.5757200e+01
   4.4720046e-01   2.6640016e+02   1.6731400e+01
   4.4720046e-01   2.7179972e+02   1.7518700e+01
   4.4720046e-01   2.7719985e+02   1.8136200e+01
   4.4720046e-01   2.8259997e+02   1.8615100e+01
   4.4968713e-01   1.2599972e+02   5.6233300e+01
   4.4968713e-01   1.3139985e+02   4.9119900e+01
   4.4968713e-01   1.3679998e+02   4.2150000e+01
   4.4968713e-01   1.4220010e+02   3.5457800e+01
   4.4968713e-01   1.4760023e+02   2.9162900e+01
   4.4968713e-01   1.5299978e+02   2.3367000e+01
   4.4968713e-01   1.5839991e+02   1.8152900e+01
   4.4968713e-01   1.6380004e+02   1.3582800e+01
   4.4968713e-01   1.6920017e+02   9.6983900e+00
   4.4968713e-01   1.7459972e+02   6.5208300e+00
   4.4968713e-01   1.7999985e+02   4.0514900e+00
   4.4968713e-01   1.8539998e+02   2.2732700e+00
   4.4968713e-01   1.9080010e+02   1.1523300e+00
   4.4968713e-01   1.9620023e+02   6.4008200e-01
   4.4968713e-01   2.0159978e+02   6.7554500e-01
   4.4968713e-01   2.0699991e+02   1.1879300e+00
   4.4968713e-01   2.1240004e+02   2.0993400e+00
   4.4968713e-01   2.1780017e+02   3.3275800e+00
   4.4968713e-01   2.2319972e+02   4.7889500e+00
   4.4968713e-01   2.2859985e+02   6.4010700e+00
   4.4968713e-01   2.3399997e+02   8.0855400e+00
   4.4968713e-01   2.3940010e+02   9.7704300e+00
   4.4968713e-01   2.4480023e+02   1.1392500e+01
   4.4968713e-01   2.5019978e+02   1.2899400e+01
   4.4968713e-01   2.5559991e+02   1.4250900e+01
   4.4968713e-01   2.6100004e+02   1.5420500e+01
   4.4968713e-01   2.6640016e+02   1.6395900e+01
   4.4968713e-01   2.7179972e+02   1.7179700e+01
   4.4968713e-01   2.7719985e+02   1.7788900e+01
   4.4968713e-01   2.8259997e+02   1.8254400e+01
   4.5217506e-01   1.2599972e+02   5.4471000e+01
   4.5217506e-01   1.3139985e+02   4.7463600e+01
   4.5217506e-01   1.3679998e+02   4.0603600e+01
   4.5217506e-01   1.4220010e+02   3.4023900e+01
   4.5217506e-01   1.4760023e+02   2.7842200e+01
   4.5217506e-01   1.5299978e+02   2.2158800e+01
   4.5217506e-01   1.5839991e+02   1.7055200e+01
   4.5217506e-01   1.6380004e+02   1.2592600e+01
   4.5217506e-01   1.6920017e+02   8.8115100e+00
   4.5217506e-01   1.7459972e+02   5.7323300e+00
   4.5217506e-01   1.7999985e+02   3.3557900e+00
   4.5217506e-01   1.8539998e+02   1.6643300e+00
   4.5217506e-01   1.9080010e+02   6.2375300e-01
   4.5217506e-01   1.9620023e+02   1.8528000e-01
   4.5217506e-01   2.0159978e+02   2.8787000e-01
   4.5217506e-01   2.0699991e+02   8.6076700e-01
   4.5217506e-01   2.1240004e+02   1.8261900e+00
   4.5217506e-01   2.1780017e+02   3.1021300e+00
   4.5217506e-01   2.2319972e+02   4.6051300e+00
   4.5217506e-01   2.2859985e+02   6.2530800e+00
   4.5217506e-01   2.3399997e+02   7.9678400e+00
   4.5217506e-01   2.3940010e+02   9.6777500e+00
   4.5217506e-01   2.4480023e+02   1.1319900e+01
   4.5217506e-01   2.5019978e+02   1.2841900e+01
   4.5217506e-01   2.5559991e+02   1.4204000e+01
   4.5217506e-01   2.6100004e+02   1.5379500e+01
   4.5217506e-01   2.6640016e+02   1.6356300e+01
   4.5217506e-01   2.7179972e+02   1.7137000e+01
   4.5217506e-01   2.7719985e+02   1.7738300e+01
   4.5217506e-01   2.8259997e+02   1.8190900e+01
   4.5466419e-01   1.2599972e+02   5.3010000e+01
   4.5466419e-01   1.3139985e+02   4.6106700e+01
   4.5466419e-01   1.3679998e+02   3.9354900e+01
   4.5466419e-01   1.4220010e+02   3.2885700e+01
   4.5466419e-01   1.4760023e+02   2.6815300e+01
   4.5466419e-01   1.5299978e+02   2.1242600e+01
   4.5466419e-01   1.5839991e+02   1.6247800e+01
   4.5466419e-01   1.6380004e+02   1.1890700e+01
   4.5466419e-01   1.6920017e+02   8.2111800e+00
   4.5466419e-01   1.7459972e+02   5.2286900e+00
   4.5466419e-01   1.7999985e+02   2.9433400e+00
   4.5466419e-01   1.8539998e+02   1.3371100e+00
   4.5466419e-01   1.9080010e+02   3.7546300e-01
   4.5466419e-01   1.9620023e+02   9.4492200e-03
   4.5466419e-01   2.0159978e+02   1.7795700e-01
   4.5466419e-01   2.0699991e+02   8.1026800e-01
   4.5466419e-01   2.1240004e+02   1.8287300e+00
   4.5466419e-01   2.1780017e+02   3.1515100e+00
   4.5466419e-01   2.2319972e+02   4.6954000e+00
   4.5466419e-01   2.2859985e+02   6.3785500e+00
   4.5466419e-01   2.3399997e+02   8.1231100e+00
   4.5466419e-01   2.3940010e+02   9.8576700e+00
   4.5466419e-01   2.4480023e+02   1.1519500e+01
   4.5466419e-01   2.5019978e+02   1.3056600e+01
   4.5466419e-01   2.5559991e+02   1.4429200e+01
   4.5466419e-01   2.6100004e+02   1.5610700e+01
   4.5466419e-01   2.6640016e+02   1.6589200e+01
   4.5466419e-01   2.7179972e+02   1.7366900e+01
   4.5466419e-01   2.7719985e+02   1.7960700e+01
   4.5466419e-01   2.8259997e+02   1.8401000e+01
   4.5715445e-01   1.2599972e+02   5.1826300e+01
   4.5715445e-01   1.3139985e+02   4.5025500e+01
   4.5715445e-01   1.3679998e+02   3.8380100e+01
   4.5715445e-01   1.4220010e+02   3.2019600e+01
   4.5715445e-01   1.4760023e+02   2.6058600e+01
   4.5715445e-01   1.5299978e+02   2.0594700e+01
   4.5715445e-01   1.5839991e+02   1.5706600e+01
   4.5715445e-01   1.6380004e+02   1.1453400e+01
   4.5715445e-01   1.6920017e+02   7.8736300e+00
   4.5715445e-01   1.7459972e+02   4.9861400e+00
   4.5715445e-01   1.7999985e+02   2.7903700e+00
   4.5715445e-01   1.8539998e+02   1.2678400e+00
   4.5715445e-01   1.9080010e+02   3.8371300e-01
   4.5715445e-01   1.9620023e+02   8.8844200e-02
   4.5715445e-01   2.0159978e+02   3.2206700e-01
   4.5715445e-01   2.0699991e+02   1.0127000e+00
   4.5715445e-01   2.1240004e+02   2.0832200e+00
   4.5715445e-01   2.1780017e+02   3.4520000e+00
   4.5715445e-01   2.2319972e+02   5.0360500e+00
   4.5715445e-01   2.2859985e+02   6.7537900e+00
   4.5715445e-01   2.3399997e+02   8.5276500e+00
   4.5715445e-01   2.3940010e+02   1.0286500e+01
   4.5715445e-01   2.4480023e+02   1.1967800e+01
   4.5715445e-01   2.5019978e+02   1.3519800e+01
   4.5715445e-01   2.5559991e+02   1.4902800e+01
   4.5715445e-01   2.6100004e+02   1.6090500e+01
   4.5715445e-01   2.6640016e+02   1.7070800e+01
   4.5715445e-01   2.7179972e+02   1.7845900e+01
   4.5715445e-01   2.7719985e+02   1.8432600e+01
   4.5715445e-01   2.8259997e+02   1.8861200e+01
   4.5964578e-01   1.2599972e+02   5.0896200e+01
   4.5964578e-01   1.3139985e+02   4.4196000e+01
   4.5964578e-01   1.3679998e+02   3.7655200e+01
   4.5964578e-01   1.4220010e+02   3.1401500e+01
   4.5964578e-01   1.4760023e+02   2.5548000e+01
   4.5964578e-01   1.5299978e+02   2.0191000e+01
   4.5964578e-01   1.5839991e+02   1.5408000e+01
   4.5964578e-01   1.6380004e+02   1.1256700e+01
   4.5964578e-01   1.6920017e+02   7.7750100e+00
   4.5964578e-01   1.7459972e+02   4.9808200e+00
   4.5964578e-01   1.7999985e+02   2.8730300e+00
   4.5964578e-01   1.8539998e+02   1.4327000e+00
   4.5964578e-01   1.9080010e+02   6.2467100e-01
   4.5964578e-01   1.9620023e+02   3.9964200e-01
   4.5964578e-01   2.0159978e+02   6.9638400e-01
   4.5964578e-01   2.0699991e+02   1.4442700e+00
   4.5964578e-01   2.1240004e+02   2.5658900e+00
   4.5964578e-01   2.1780017e+02   3.9798100e+00
   4.5964578e-01   2.2319972e+02   5.6033000e+00
   4.5964578e-01   2.2859985e+02   7.3550300e+00
   4.5964578e-01   2.3399997e+02   9.1577000e+00
   4.5964578e-01   2.3940010e+02   1.0940400e+01
   4.5964578e-01   2.4480023e+02   1.2641000e+01
   4.5964578e-01   2.5019978e+02   1.4207800e+01
   4.5964578e-01   2.5559991e+02   1.5601300e+01
   4.5964578e-01   2.6100004e+02   1.6795200e+01
   4.5964578e-01   2.6640016e+02   1.7777400e+01
   4.5964578e-01   2.7179972e+02   1.8550300e+01
   4.5964578e-01   2.7719985e+02   1.9130300e+01
   4.5964578e-01   2.8259997e+02   1.9547600e+01
   4.6213811e-01   1.2599972e+02   5.0195700e+01
   4.6213811e-01   1.3139985e+02   4.3594400e+01
   4.6213811e-01   1.3679998e+02   3.7156300e+01
   4.6213811e-01   1.4220010e+02   3.1007500e+01
   4.6213811e-01   1.4760023e+02   2.5259800e+01
   4.6213811e-01   1.5299978e+02   2.0007800e+01
   4.6213811e-01   1.5839991e+02   1.5327900e+01
   4.6213811e-01   1.6380004e+02   1.1276900e+01
   4.6213811e-01   1.6920017e+02   7.8914400e+00
   4.6213811e-01   1.7459972e+02   5.1888900e+00
   4.6213811e-01   1.7999985e+02   3.1674900e+00
   4.6213811e-01   1.8539998e+02   1.8078400e+00
   4.6213811e-01   1.9080010e+02   1.0745200e+00
   4.6213811e-01   1.9620023e+02   9.1803800e-01
   4.6213811e-01   2.0159978e+02   1.2771100e+00
   4.6213811e-01   2.0699991e+02   2.0811700e+00
   4.6213811e-01   2.1240004e+02   3.2529400e+00
   4.6213811e-01   2.1780017e+02   4.7111800e+00
   4.6213811e-01   2.2319972e+02   6.3733800e+00
   4.6213811e-01   2.2859985e+02   8.1585100e+00
   4.6213811e-01   2.3399997e+02   9.9895200e+00
   4.6213811e-01   2.3940010e+02   1.1795800e+01
   4.6213811e-01   2.4480023e+02   1.3515400e+01
   4.6213811e-01   2.5019978e+02   1.5096800e+01
   4.6213811e-01   2.5559991e+02   1.6500700e+01
   4.6213811e-01   2.6100004e+02   1.7700900e+01
   4.6213811e-01   2.6640016e+02   1.8685400e+01
   4.6213811e-01   2.7179972e+02   1.9456300e+01
   4.6213811e-01   2.7719985e+02   2.0030100e+01
   4.6213811e-01   2.8259997e+02   2.0436600e+01
   4.6463140e-01   1.2599972e+02   4.9701000e+01
   4.6463140e-01   1.3139985e+02   4.3196900e+01
   4.6463140e-01   1.3679998e+02   3.6859700e+01
   4.6463140e-01   1.4220010e+02   3.0814000e+01
   4.6463140e-01   1.4760023e+02   2.5170100e+01
   4.6463140e-01   1.5299978e+02   2.0021300e+01
   4.6463140e-01   1.5839991e+02   1.5442700e+01
   4.6463140e-01   1.6380004e+02   1.1490000e+01
   4.6463140e-01   1.6920017e+02   8.1991800e+00
   4.6463140e-01   1.7459972e+02   5.5866000e+00
   4.6463140e-01   1.7999985e+02   3.6500100e+00
   4.6463140e-01   1.8539998e+02   2.3695700e+00
   4.6463140e-01   1.9080010e+02   1.7095600e+00
   4.6463140e-01   1.9620023e+02   1.6203400e+00
   4.6463140e-01   2.0159978e+02   2.0405800e+00
   4.6463140e-01   2.0699991e+02   2.8997500e+00
   4.6463140e-01   2.1240004e+02   4.1207200e+00
   4.6463140e-01   2.1780017e+02   5.6224500e+00
   4.6463140e-01   2.2319972e+02   7.3226700e+00
   4.6463140e-01   2.2859985e+02   9.1406100e+00
   4.6463140e-01   2.3399997e+02   1.0999500e+01
   4.6463140e-01   2.3940010e+02   1.2829000e+01
   4.6463140e-01   2.4480023e+02   1.4567300e+01
   4.6463140e-01   2.5019978e+02   1.6163300e+01
   4.6463140e-01   2.5559991e+02   1.7577600e+01
   4.6463140e-01   2.6100004e+02   1.8784200e+01
   4.6463140e-01   2.6640016e+02   1.9771100e+01
   4.6463140e-01   2.7179972e+02   2.0540400e+01
   4.6463140e-01   2.7719985e+02   2.1108300e+01
   4.6463140e-01   2.8259997e+02   2.1504600e+01
   4.6712557e-01   1.2599972e+02   4.9388400e+01
   4.6712557e-01   1.3139985e+02   4.2979700e+01
   4.6712557e-01   1.3679998e+02   3.6741600e+01
   4.6712557e-01   1.4220010e+02   3.0797300e+01
   4.6712557e-01   1.4760023e+02   2.5255300e+01
   4.6712557e-01   1.5299978e+02   2.0207900e+01
   4.6712557e-01   1.5839991e+02   1.5728800e+01
   4.6712557e-01   1.6380004e+02   1.1872700e+01
   4.6712557e-01   1.6920017e+02   8.6746800e+00
   4.6712557e-01   1.7459972e+02   6.1504300e+00
   4.6712557e-01   1.7999985e+02   4.2970800e+00
   4.6712557e-01   1.8539998e+02   3.0943700e+00
   4.6712557e-01   1.9080010e+02   2.5063000e+00
   4.6712557e-01   1.9620023e+02   2.4830700e+00
   4.6712557e-01   2.0159978e+02   2.9633100e+00
   4.6712557e-01   2.0699991e+02   3.8765500e+00
   4.6712557e-01   2.1240004e+02   5.1458000e+00
   4.6712557e-01   2.1780017e+02   6.6902000e+00
   4.6712557e-01   2.2319972e+02   8.4277400e+00
   4.6712557e-01   2.2859985e+02   1.0277900e+01
   4.6712557e-01   2.3399997e+02   1.2164200e+01
   4.6712557e-01   2.3940010e+02   1.4016500e+01
   4.6712557e-01   2.4480023e+02   1.5773400e+01
   4.6712557e-01   2.5019978e+02   1.7383800e+01
   4.6712557e-01   2.5559991e+02   1.8808500e+01
   4.6712557e-01   2.6100004e+02   2.0021700e+01
   4.6712557e-01   2.6640016e+02   2.1011200e+01
   4.6712557e-01   2.7179972e+02   2.1779100e+01
   4.6712557e-01   2.7719985e+02   2.2341700e+01
   4.6712557e-01   2.8259997e+02   2.2728300e+01
   4.6962056e-01   1.2599972e+02   4.9234600e+01
   4.6962056e-01   1.3139985e+02   4.2919600e+01
   4.6962056e-01   1.3679998e+02   3.6778800e+01
   4.6962056e-01   1.4220010e+02   3.0933900e+01
   4.6962056e-01   1.4760023e+02   2.5492100e+01
   4.6962056e-01   1.5299978e+02   2.0544200e+01
   4.6962056e-01   1.5839991e+02   1.6162800e+01
   4.6962056e-01   1.6380004e+02   1.2401600e+01
   4.6962056e-01   1.6920017e+02   9.2947000e+00
   4.6962056e-01   1.7459972e+02   6.8571400e+00
   4.6962056e-01   1.7999985e+02   5.0854900e+00
   4.6962056e-01   1.8539998e+02   3.9590600e+00
   4.6962056e-01   1.9080010e+02   3.4415700e+00
   4.6962056e-01   1.9620023e+02   3.4830700e+00
   4.6962056e-01   2.0159978e+02   4.0221700e+00
   4.6962056e-01   2.0699991e+02   4.9884400e+00
   4.6962056e-01   2.1240004e+02   6.3050500e+00
   4.6962056e-01   2.1780017e+02   7.8913200e+00
   4.6962056e-01   2.2319972e+02   9.6655000e+00
   4.6962056e-01   2.2859985e+02   1.1547300e+01
   4.6962056e-01   2.3399997e+02   1.3460600e+01
   4.6962056e-01   2.3940010e+02   1.5335400e+01
   4.6962056e-01   2.4480023e+02   1.7110600e+01
   4.6962056e-01   2.5019978e+02   1.8735300e+01
   4.6962056e-01   2.5559991e+02   2.0170400e+01
   4.6962056e-01   2.6100004e+02   2.1390200e+01
   4.6962056e-01   2.6640016e+02   2.2382600e+01
   4.6962056e-01   2.7179972e+02   2.3149500e+01
   4.6962056e-01   2.7719985e+02   2.3707100e+01
   4.6962056e-01   2.8259997e+02   2.4084600e+01
   4.7211631e-01   1.2599972e+02   4.9216500e+01
   4.7211631e-01   1.3139985e+02   4.2993500e+01
   4.7211631e-01   1.3679998e+02   3.6948300e+01
   4.7211631e-01   1.4220010e+02   3.1201000e+01
   4.7211631e-01   1.4760023e+02   2.5857500e+01
   4.7211631e-01   1.5299978e+02   2.1007300e+01
   4.7211631e-01   1.5839991e+02   1.6721900e+01
   4.7211631e-01   1.6380004e+02   1.3053800e+01
   4.7211631e-01   1.6920017e+02   1.0036400e+01
   4.7211631e-01   1.7459972e+02   7.6839200e+00
   4.7211631e-01   1.7999985e+02   5.9924300e+00
   4.7211631e-01   1.8539998e+02   4.9408400e+00
   4.7211631e-01   1.9080010e+02   4.4925900e+00
   4.7211631e-01   1.9620023e+02   4.5975900e+00
   4.7211631e-01   2.0159978e+02   5.1944200e+00
   4.7211631e-01   2.0699991e+02   6.2127200e+00
   4.7211631e-01   2.1240004e+02   7.5757800e+00
   4.7211631e-01   2.1780017e+02   9.2031400e+00
   4.7211631e-01   2.2319972e+02   1.1013300e+01
   4.7211631e-01   2.2859985e+02   1.2926200e+01
   4.7211631e-01   2.3399997e+02   1.4866000e+01
   4.7211631e-01   2.3940010e+02   1.6763000e+01
   4.7211631e-01   2.4480023e+02   1.8556300e+01
   4.7211631e-01   2.5019978e+02   2.0195100e+01
   4.7211631e-01   2.5559991e+02   2.1640700e+01
   4.7211631e-01   2.6100004e+02   2.2867200e+01
   4.7211631e-01   2.6640016e+02   2.3862700e+01
   4.7211631e-01   2.7179972e+02   2.4628900e+01
   4.7211631e-01   2.7719985e+02   2.5182000e+01
   4.7211631e-01   2.8259997e+02   2.5550900e+01
   4.7461276e-01   1.2599972e+02   4.9311700e+01
   4.7461276e-01   1.3139985e+02   4.3178900e+01
   4.7461276e-01   1.3679998e+02   3.7227600e+01
   4.7461276e-01   1.4220010e+02   3.1576200e+01
   4.7461276e-01   1.4760023e+02   2.6329200e+01
   4.7461276e-01   1.5299978e+02   2.1575000e+01
   4.7461276e-01   1.5839991e+02   1.7383700e+01
   4.7461276e-01   1.6380004e+02   1.3807000e+01
   4.7461276e-01   1.6920017e+02   1.0877400e+01
   4.7461276e-01   1.7459972e+02   8.6084600e+00
   4.7461276e-01   1.7999985e+02   6.9956400e+00
   4.7461276e-01   1.8539998e+02   6.0174700e+00
   4.7461276e-01   1.9080010e+02   5.6371400e+00
   4.7461276e-01   1.9620023e+02   5.8044300e+00
   4.7461276e-01   2.0159978e+02   6.4578800e+00
   4.7461276e-01   2.0699991e+02   7.5272000e+00
   4.7461276e-01   2.1240004e+02   8.9358300e+00
   4.7461276e-01   2.1780017e+02   1.0603500e+01
   4.7461276e-01   2.2319972e+02   1.2448900e+01
   4.7461276e-01   2.2859985e+02   1.4392400e+01
   4.7461276e-01   2.3399997e+02   1.6358300e+01
   4.7461276e-01   2.3940010e+02   1.8277200e+01
   4.7461276e-01   2.4480023e+02   2.0088400e+01
   4.7461276e-01   2.5019978e+02   2.1741300e+01
   4.7461276e-01   2.5559991e+02   2.3197300e+01
   4.7461276e-01   2.6100004e+02   2.4430700e+01
   4.7461276e-01   2.6640016e+02   2.5429400e+01
   4.7461276e-01   2.7179972e+02   2.6195300e+01
   4.7461276e-01   2.7719985e+02   2.6744200e+01
   4.7461276e-01   2.8259997e+02   2.7105000e+01
   4.7710984e-01   1.2599972e+02   4.9498100e+01
   4.7710984e-01   1.3139985e+02   4.3454000e+01
   4.7710984e-01   1.3679998e+02   3.7594800e+01
   4.7710984e-01   1.4220010e+02   3.2037500e+01
   4.7710984e-01   1.4760023e+02   2.6885400e+01
   4.7710984e-01   1.5299978e+02   2.2225300e+01
   4.7710984e-01   1.5839991e+02   1.8126400e+01
   4.7710984e-01   1.6380004e+02   1.4639500e+01
   4.7710984e-01   1.6920017e+02   1.1796100e+01
   4.7710984e-01   1.7459972e+02   9.6090900e+00
   4.7710984e-01   1.7999985e+02   8.0734500e+00
   4.7710984e-01   1.8539998e+02   7.1673200e+00
   4.7710984e-01   1.9080010e+02   6.8536300e+00
   4.7710984e-01   1.9620023e+02   7.0820100e+00
   4.7710984e-01   2.0159978e+02   7.7909900e+00
   4.7710984e-01   2.0699991e+02   8.9103500e+00
   4.7710984e-01   2.1240004e+02   1.0363700e+01
   4.7710984e-01   2.1780017e+02   1.2070900e+01
   4.7710984e-01   2.2319972e+02   1.3951000e+01
   4.7710984e-01   2.2859985e+02   1.5924500e+01
   4.7710984e-01   2.3399997e+02   1.7916000e+01
   4.7710984e-01   2.3940010e+02   1.9856500e+01
   4.7710984e-01   2.4480023e+02   2.1685300e+01
   4.7710984e-01   2.5019978e+02   2.3352200e+01
   4.7710984e-01   2.5559991e+02   2.4818700e+01
   4.7710984e-01   2.6100004e+02   2.6059000e+01
   4.7710984e-01   2.6640016e+02   2.7061200e+01
   4.7710984e-01   2.7179972e+02   2.7827100e+01
   4.7710984e-01   2.7719985e+02   2.8372300e+01
   4.7710984e-01   2.8259997e+02   2.8725500e+01
   4.7960749e-01   1.2599972e+02   4.9754600e+01
   4.7960749e-01   1.3139985e+02   4.3797500e+01
   4.7960749e-01   1.3679998e+02   3.8028700e+01
   4.7960749e-01   1.4220010e+02   3.2563900e+01
   4.7960749e-01   1.4760023e+02   2.7504800e+01
   4.7960749e-01   1.5299978e+02   2.2937200e+01
   4.7960749e-01   1.5839991e+02   1.8929100e+01
   4.7960749e-01   1.6380004e+02   1.5530300e+01
   4.7960749e-01   1.6920017e+02   1.2771400e+01
   4.7960749e-01   1.7459972e+02   1.0664900e+01
   4.7960749e-01   1.7999985e+02   9.2049700e+00
   4.7960749e-01   1.8539998e+02   8.3695100e+00
   4.7960749e-01   1.9080010e+02   8.1211800e+00
   4.7960749e-01   1.9620023e+02   8.4094900e+00
   4.7960749e-01   2.0159978e+02   9.1729300e+00
   4.7960749e-01   2.0699991e+02   1.0341400e+01
   4.7960749e-01   2.1240004e+02   1.1838500e+01
   4.7960749e-01   2.1780017e+02   1.3584600e+01
   4.7960749e-01   2.2319972e+02   1.5498700e+01
   4.7960749e-01   2.2859985e+02   1.7501700e+01
   4.7960749e-01   2.3399997e+02   1.9518500e+01
   4.7960749e-01   2.3940010e+02   2.1480200e+01
   4.7960749e-01   2.4480023e+02   2.3326500e+01
   4.7960749e-01   2.5019978e+02   2.5007300e+01
   4.7960749e-01   2.5559991e+02   2.6484200e+01
   4.7960749e-01   2.6100004e+02   2.7731600e+01
   4.7960749e-01   2.6640016e+02   2.8737500e+01
   4.7960749e-01   2.7179972e+02   2.9503600e+01
   4.7960749e-01   2.7719985e+02   3.0045500e+01
   4.7960749e-01   2.8259997e+02   3.0391700e+01
   4.8210566e-01   1.2599972e+02   5.0060900e+01
   4.8210566e-01   1.3139985e+02   4.4189100e+01
   4.8210566e-01   1.3679998e+02   3.8509100e+01
   4.8210566e-01   1.4220010e+02   3.3135000e+01
   4.8210566e-01   1.4760023e+02   2.8167300e+01
   4.8210566e-01   1.5299978e+02   2.3690400e+01
   4.8210566e-01   1.5839991e+02   1.9771500e+01
   4.8210566e-01   1.6380004e+02   1.6459100e+01
   4.8210566e-01   1.6920017e+02   1.3783300e+01
   4.8210566e-01   1.7459972e+02   1.1755700e+01
   4.8210566e-01   1.7999985e+02   1.0370100e+01
   4.8210566e-01   1.8539998e+02   9.6039900e+00
   4.8210566e-01   1.9080010e+02   9.4197800e+00
   4.8210566e-01   1.9620023e+02   9.7668700e+00
   4.8210566e-01   2.0159978e+02   1.0583700e+01
   4.8210566e-01   2.0699991e+02   1.1800300e+01
   4.8210566e-01   2.1240004e+02   1.3340500e+01
   4.8210566e-01   2.1780017e+02   1.5124600e+01
   4.8210566e-01   2.2319972e+02   1.7072200e+01
   4.8210566e-01   2.2859985e+02   1.9104100e+01
   4.8210566e-01   2.3399997e+02   2.1145700e+01
   4.8210566e-01   2.3940010e+02   2.3128400e+01
   4.8210566e-01   2.4480023e+02   2.4992000e+01
   4.8210566e-01   2.5019978e+02   2.6686600e+01
   4.8210566e-01   2.5559991e+02   2.8173900e+01
   4.8210566e-01   2.6100004e+02   2.9428500e+01
   4.8210566e-01   2.6640016e+02   3.0438300e+01
   4.8210566e-01   2.7179972e+02   3.1205100e+01
   4.8210566e-01   2.7719985e+02   3.1744100e+01
   4.8210566e-01   2.8259997e+02   3.2083600e+01
   4.8460427e-01   1.2599972e+02   5.0397200e+01
   4.8460427e-01   1.3139985e+02   4.4609300e+01
   4.8460427e-01   1.3679998e+02   3.9016500e+01
   4.8460427e-01   1.4220010e+02   3.3731500e+01
   4.8460427e-01   1.4760023e+02   2.8853500e+01
   4.8460427e-01   1.5299978e+02   2.4465700e+01
   4.8460427e-01   1.5839991e+02   2.0634300e+01
   4.8460427e-01   1.6380004e+02   1.7406800e+01
   4.8460427e-01   1.6920017e+02   1.4812500e+01
   4.8460427e-01   1.7459972e+02   1.2862300e+01
   4.8460427e-01   1.7999985e+02   1.1549700e+01
   4.8460427e-01   1.8539998e+02   1.0851700e+01
   4.8460427e-01   1.9080010e+02   1.0730400e+01
   4.8460427e-01   1.9620023e+02   1.1135100e+01
   4.8460427e-01   2.0159978e+02   1.2004400e+01
   4.8460427e-01   2.0699991e+02   1.3268200e+01
   4.8460427e-01   2.1240004e+02   1.4850600e+01
   4.8460427e-01   2.1780017e+02   1.6672100e+01
   4.8460427e-01   2.2319972e+02   1.8652400e+01
   4.8460427e-01   2.2859985e+02   2.0712900e+01
   4.8460427e-01   2.3399997e+02   2.2778900e+01
   4.8460427e-01   2.3940010e+02   2.4782200e+01
   4.8460427e-01   2.4480023e+02   2.6662900e+01
   4.8460427e-01   2.5019978e+02   2.8371200e+01
   4.8460427e-01   2.5559991e+02   2.9869000e+01
   4.8460427e-01   2.6100004e+02   3.1130900e+01
   4.8460427e-01   2.6640016e+02   3.2144800e+01
   4.8460427e-01   2.7179972e+02   3.2912400e+01
   4.8460427e-01   2.7719985e+02   3.3448900e+01
   4.8460427e-01   2.8259997e+02   3.3782400e+01
   4.8710327e-01   1.2599972e+02   5.0745300e+01
   4.8710327e-01   1.3139985e+02   4.5039700e+01
   4.8710327e-01   1.3679998e+02   3.9532400e+01
   4.8710327e-01   1.4220010e+02   3.4334900e+01
   4.8710327e-01   1.4760023e+02   2.9545000e+01
   4.8710327e-01   1.5299978e+02   2.5244800e+01
   4.8710327e-01   1.5839991e+02   2.1499200e+01
   4.8710327e-01   1.6380004e+02   1.8355100e+01
   4.8710327e-01   1.6920017e+02   1.5840800e+01
   4.8710327e-01   1.7459972e+02   1.3966800e+01
   4.8710327e-01   1.7999985e+02   1.2725700e+01
   4.8710327e-01   1.8539998e+02   1.2094500e+01
   4.8710327e-01   1.9080010e+02   1.2034900e+01
   4.8710327e-01   1.9620023e+02   1.2496200e+01
   4.8710327e-01   2.0159978e+02   1.3416900e+01
   4.8710327e-01   2.0699991e+02   1.4727100e+01
   4.8710327e-01   2.1240004e+02   1.6350900e+01
   4.8710327e-01   2.1780017e+02   1.8209100e+01
   4.8710327e-01   2.2319972e+02   2.0221600e+01
   4.8710327e-01   2.2859985e+02   2.2310100e+01
   4.8710327e-01   2.3399997e+02   2.4400200e+01
   4.8710327e-01   2.3940010e+02   2.6423900e+01
   4.8710327e-01   2.4480023e+02   2.8321500e+01
   4.8710327e-01   2.5019978e+02   3.0043400e+01
   4.8710327e-01   2.5559991e+02   3.1551700e+01
   4.8710327e-01   2.6100004e+02   3.2820900e+01
   4.8710327e-01   2.6640016e+02   3.3839100e+01
   4.8710327e-01   2.7179972e+02   3.4607900e+01
   4.8710327e-01   2.7719985e+02   3.5142200e+01
   4.8710327e-01   2.8259997e+02   3.5470000e+01
   4.8960259e-01   1.2599972e+02   5.1087700e+01
   4.8960259e-01   1.3139985e+02   4.5462900e+01
   4.8960259e-01   1.3679998e+02   4.0039600e+01
   4.8960259e-01   1.4220010e+02   3.4928000e+01
   4.8960259e-01   1.4760023e+02   3.0224600e+01
   4.8960259e-01   1.5299978e+02   2.6010400e+01
   4.8960259e-01   1.5839991e+02   2.2349300e+01
   4.8960259e-01   1.6380004e+02   1.9287000e+01
   4.8960259e-01   1.6920017e+02   1.6851300e+01
   4.8960259e-01   1.7459972e+02   1.5051900e+01
   4.8960259e-01   1.7999985e+02   1.3881200e+01
   4.8960259e-01   1.8539998e+02   1.3315500e+01
   4.8960259e-01   1.9080010e+02   1.3316500e+01
   4.8960259e-01   1.9620023e+02   1.3833400e+01
   4.8960259e-01   2.0159978e+02   1.4804600e+01
   4.8960259e-01   2.0699991e+02   1.6160200e+01
   4.8960259e-01   2.1240004e+02   1.7824600e+01
   4.8960259e-01   2.1780017e+02   1.9718800e+01
   4.8960259e-01   2.2319972e+02   2.1763000e+01
   4.8960259e-01   2.2859985e+02   2.3879000e+01
   4.8960259e-01   2.3399997e+02   2.5992800e+01
   4.8960259e-01   2.3940010e+02   2.8036600e+01
   4.8960259e-01   2.4480023e+02   2.9950900e+01
   4.8960259e-01   2.5019978e+02   3.1686300e+01
   4.8960259e-01   2.5559991e+02   3.3205100e+01
   4.8960259e-01   2.6100004e+02   3.4481800e+01
   4.8960259e-01   2.6640016e+02   3.5504500e+01
   4.8960259e-01   2.7179972e+02   3.6274700e+01
   4.8960259e-01   2.7719985e+02   3.6807200e+01
   4.8960259e-01   2.8259997e+02   3.7129900e+01
   4.9210217e-01   1.2599972e+02   5.1408200e+01
   4.9210217e-01   1.3139985e+02   4.5862700e+01
   4.9210217e-01   1.3679998e+02   4.0522000e+01
   4.9210217e-01   1.4220010e+02   3.5494800e+01
   4.9210217e-01   1.4760023e+02   3.0876500e+01
   4.9210217e-01   1.5299978e+02   2.6746800e+01
   4.9210217e-01   1.5839991e+02   2.3168500e+01
   4.9210217e-01   1.6380004e+02   2.0186600e+01
   4.9210217e-01   1.6920017e+02   1.7828200e+01
   4.9210217e-01   1.7459972e+02   1.6102100e+01
   4.9210217e-01   1.7999985e+02   1.5000400e+01
   4.9210217e-01   1.8539998e+02   1.4499100e+01
   4.9210217e-01   1.9080010e+02   1.4559600e+01
   4.9210217e-01   1.9620023e+02   1.5131000e+01
   4.9210217e-01   2.0159978e+02   1.6151700e+01
   4.9210217e-01   2.0699991e+02   1.7552000e+01
   4.9210217e-01   2.1240004e+02   1.9256300e+01
   4.9210217e-01   2.1780017e+02   2.1185900e+01
   4.9210217e-01   2.2319972e+02   2.3261100e+01
   4.9210217e-01   2.2859985e+02   2.5404200e+01
   4.9210217e-01   2.3399997e+02   2.7541300e+01
   4.9210217e-01   2.3940010e+02   2.9604900e+01
   4.9210217e-01   2.4480023e+02   3.1535700e+01
   4.9210217e-01   2.5019978e+02   3.3284600e+01
   4.9210217e-01   2.5559991e+02   3.4813800e+01
   4.9210217e-01   2.6100004e+02   3.6098100e+01
   4.9210217e-01   2.6640016e+02   3.7125500e+01
   4.9210217e-01   2.7179972e+02   3.7897300e+01
   4.9210217e-01   2.7719985e+02   3.8428500e+01
   4.9210217e-01   2.8259997e+02   3.8746300e+01
   4.9460194e-01   1.2599972e+02   5.1691900e+01
   4.9460194e-01   1.3139985e+02   4.6224500e+01
   4.9460194e-01   1.3679998e+02   4.0964900e+01
   4.9460194e-01   1.4220010e+02   3.6020600e+01
   4.9460194e-01   1.4760023e+02   3.1485800e+01
   4.9460194e-01   1.5299978e+02   2.7439100e+01
   4.9460194e-01   1.5839991e+02   2.3942300e+01
   4.9460194e-01   1.6380004e+02   2.1039500e+01
   4.9460194e-01   1.6920017e+02   1.8756900e+01
   4.9460194e-01   1.7459972e+02   1.7102900e+01
   4.9460194e-01   1.7999985e+02   1.6069000e+01
   4.9460194e-01   1.8539998e+02   1.5630900e+01
   4.9460194e-01   1.9080010e+02   1.5749800e+01
   4.9460194e-01   1.9620023e+02   1.6374700e+01
   4.9460194e-01   2.0159978e+02   1.7444100e+01
   4.9460194e-01   2.0699991e+02   1.8888200e+01
   4.9460194e-01   2.1240004e+02   2.0631700e+01
   4.9460194e-01   2.1780017e+02   2.2596000e+01
   4.9460194e-01   2.2319972e+02   2.4701800e+01
   4.9460194e-01   2.2859985e+02   2.6871500e+01
   4.9460194e-01   2.3399997e+02   2.9031600e+01
   4.9460194e-01   2.3940010e+02   3.1114700e+01
   4.9460194e-01   2.4480023e+02   3.3061900e+01
   4.9460194e-01   2.5019978e+02   3.4824100e+01
   4.9460194e-01   2.5559991e+02   3.6363800e+01
   4.9460194e-01   2.6100004e+02   3.7655700e+01
   4.9460194e-01   2.6640016e+02   3.8687900e+01
   4.9460194e-01   2.7179972e+02   3.9461700e+01
   4.9460194e-01   2.7719985e+02   3.9991700e+01
   4.9460194e-01   2.8259997e+02   4.0305200e+01
   4.9710185e-01   1.2599972e+02   5.1925400e+01
   4.9710185e-01   1.3139985e+02   4.6534600e+01
   4.9710185e-01   1.3679998e+02   4.1354700e+01
   4.9710185e-01   1.4220010e+02   3.6492000e+01
   4.9710185e-01   1.4760023e+02   3.2039300e+01
   4.9710185e-01   1.5299978e+02   2.8074200e+01
   4.9710185e-01   1.5839991e+02   2.4657500e+01
   4.9710185e-01   1.6380004e+02   2.1832400e+01
   4.9710185e-01   1.6920017e+02   1.9624300e+01
   4.9710185e-01   1.7459972e+02   1.8041200e+01
   4.9710185e-01   1.7999985e+02   1.7074000e+01
   4.9710185e-01   1.8539998e+02   1.6698000e+01
   4.9710185e-01   1.9080010e+02   1.6874300e+01
   4.9710185e-01   1.9620023e+02   1.7551800e+01
   4.9710185e-01   2.0159978e+02   1.8668900e+01
   4.9710185e-01   2.0699991e+02   2.0156000e+01
   4.9710185e-01   2.1240004e+02   2.1938000e+01
   4.9710185e-01   2.1780017e+02   2.3936500e+01
   4.9710185e-01   2.2319972e+02   2.6072300e+01
   4.9710185e-01   2.2859985e+02   2.8268200e+01
   4.9710185e-01   2.3399997e+02   3.0450900e+01
   4.9710185e-01   2.3940010e+02   3.2553300e+01
   4.9710185e-01   2.4480023e+02   3.4516700e+01
   4.9710185e-01   2.5019978e+02   3.6292100e+01
   4.9710185e-01   2.5559991e+02   3.7842300e+01
   4.9710185e-01   2.6100004e+02   3.9141900e+01
   4.9710185e-01   2.6640016e+02   4.0179100e+01
   4.9710185e-01   2.7179972e+02   4.0955000e+01
   4.9710185e-01   2.7719985e+02   4.1484200e+01
   4.9710185e-01   2.8259997e+02   4.1793800e+01
   4.9960184e-01   1.2599972e+02   5.2096600e+01
   4.9960184e-01   1.3139985e+02   4.6781100e+01
   4.9960184e-01   1.3679998e+02   4.1679600e+01
   4.9960184e-01   1.4220010e+02   3.6897100e+01
   4.9960184e-01   1.4760023e+02   3.2525200e+01
   4.9960184e-01   1.5299978e+02   2.8640400e+01
   4.9960184e-01   1.5839991e+02   2.5302400e+01
   4.9960184e-01   1.6380004e+02   2.2553700e+01
   4.9960184e-01   1.6920017e+02   2.0419000e+01
   4.9960184e-01   1.7459972e+02   1.8905500e+01
   4.9960184e-01   1.7999985e+02   1.8003800e+01
   4.9960184e-01   1.8539998e+02   1.7688800e+01
   4.9960184e-01   1.9080010e+02   1.7921600e+01
   4.9960184e-01   1.9620023e+02   1.8650800e+01
   4.9960184e-01   2.0159978e+02   1.9814800e+01
   4.9960184e-01   2.0699991e+02   2.1344200e+01
   4.9960184e-01   2.1240004e+02   2.3164000e+01
   4.9960184e-01   2.1780017e+02   2.5196100e+01
   4.9960184e-01   2.2319972e+02   2.7361400e+01
   4.9960184e-01   2.2859985e+02   2.9583100e+01
   4.9960184e-01   2.3399997e+02   3.1788000e+01
   4.9960184e-01   2.3940010e+02   3.3909400e+01
   4.9960184e-01   2.4480023e+02   3.5888800e+01
   4.9960184e-01   2.5019978e+02   3.7677500e+01
   4.9960184e-01   2.5559991e+02   3.9238000e+01
   4.9960184e-01   2.6100004e+02   4.0545400e+01
   4.9960184e-01   2.6640016e+02   4.1587700e+01
   4.9960184e-01   2.7179972e+02   4.2366000e+01
   4.9960184e-01   2.7719985e+02   4.2894700e+01
   4.9960184e-01   2.8259997e+02   4.3200700e+01
   5.0210183e-01   1.2599972e+02   5.2195000e+01
   5.0210183e-01   1.3139985e+02   4.6953600e+01
   5.0210183e-01   1.3679998e+02   4.1929300e+01
   5.0210183e-01   1.4220010e+02   3.7225600e+01
   5.0210183e-01   1.4760023e+02   3.2933200e+01
   5.0210183e-01   1.5299978e+02   2.9127400e+01
   5.0210183e-01   1.5839991e+02   2.5866900e+01
   5.0210183e-01   1.6380004e+02   2.3193400e+01
   5.0210183e-01   1.6920017e+02   2.1130800e+01
   5.0210183e-01   1.7459972e+02   1.9685800e+01
   5.0210183e-01   1.7999985e+02   1.8848500e+01
   5.0210183e-01   1.8539998e+02   1.8593600e+01
   5.0210183e-01   1.9080010e+02   1.8881900e+01
   5.0210183e-01   1.9620023e+02   1.9661800e+01
   5.0210183e-01   2.0159978e+02   2.0872000e+01
   5.0210183e-01   2.0699991e+02   2.2443000e+01
   5.0210183e-01   2.1240004e+02   2.4300000e+01
   5.0210183e-01   2.1780017e+02   2.6365000e+01
   5.0210183e-01   2.2319972e+02   2.8559400e+01
   5.0210183e-01   2.2859985e+02   3.0806400e+01
   5.0210183e-01   2.3399997e+02   3.3033300e+01
   5.0210183e-01   2.3940010e+02   3.5173500e+01
   5.0210183e-01   2.4480023e+02   3.7168700e+01
   5.0210183e-01   2.5019978e+02   3.8970400e+01
   5.0210183e-01   2.5559991e+02   4.0541300e+01
   5.0210183e-01   2.6100004e+02   4.1856600e+01
   5.0210183e-01   2.6640016e+02   4.2904000e+01
   5.0210183e-01   2.7179972e+02   4.3684900e+01
   5.0210183e-01   2.7719985e+02   4.4213400e+01
   5.0210183e-01   2.8259997e+02   4.4516100e+01
   5.0460177e-01   1.2599972e+02   5.2211600e+01
   5.0460177e-01   1.3139985e+02   4.7043100e+01
   5.0460177e-01   1.3679998e+02   4.2094700e+01
   5.0460177e-01   1.4220010e+02   3.7468800e+01
   5.0460177e-01   1.4760023e+02   3.3254600e+01
   5.0460177e-01   1.5299978e+02   2.9526500e+01
   5.0460177e-01   1.5839991e+02   2.6342400e+01
   5.0460177e-01   1.6380004e+02   2.3742900e+01
   5.0460177e-01   1.6920017e+02   2.1751300e+01
   5.0460177e-01   1.7459972e+02   2.0373700e+01
   5.0460177e-01   1.7999985e+02   1.9599800e+01
   5.0460177e-01   1.8539998e+02   1.9404000e+01
   5.0460177e-01   1.9080010e+02   1.9746800e+01
   5.0460177e-01   1.9620023e+02   2.0576700e+01
   5.0460177e-01   2.0159978e+02   2.1832300e+01
   5.0460177e-01   2.0699991e+02   2.3444200e+01
   5.0460177e-01   2.1240004e+02   2.5337700e+01
   5.0460177e-01   2.1780017e+02   2.7435200e+01
   5.0460177e-01   2.2319972e+02   2.9658200e+01
   5.0460177e-01   2.2859985e+02   3.1930100e+01
   5.0460177e-01   2.3399997e+02   3.4178600e+01
   5.0460177e-01   2.3940010e+02   3.6337300e+01
   5.0460177e-01   2.4480023e+02   3.8348200e+01
   5.0460177e-01   2.5019978e+02   4.0162800e+01
   5.0460177e-01   2.5559991e+02   4.1744100e+01
   5.0460177e-01   2.6100004e+02   4.3067200e+01
   5.0460177e-01   2.6640016e+02   4.4120000e+01
   5.0460177e-01   2.7179972e+02   4.4903700e+01
   5.0460177e-01   2.7719985e+02   4.5432200e+01
   5.0460177e-01   2.8259997e+02   4.5731900e+01
   5.0710160e-01   1.2599972e+02   5.2139100e+01
   5.0710160e-01   1.3139985e+02   4.7042500e+01
   5.0710160e-01   1.3679998e+02   4.2168900e+01
   5.0710160e-01   1.4220010e+02   3.7619400e+01
   5.0710160e-01   1.4760023e+02   3.3482300e+01
   5.0710160e-01   1.5299978e+02   2.9830800e+01
   5.0710160e-01   1.5839991e+02   2.6721800e+01
   5.0710160e-01   1.6380004e+02   2.4195200e+01
   5.0710160e-01   1.6920017e+02   2.2273600e+01
   5.0710160e-01   1.7459972e+02   2.0962400e+01
   5.0710160e-01   1.7999985e+02   2.0251000e+01
   5.0710160e-01   1.8539998e+02   2.0113300e+01
   5.0710160e-01   1.9080010e+02   2.0509800e+01
   5.0710160e-01   1.9620023e+02   2.1388900e+01
   5.0710160e-01   2.0159978e+02   2.2689100e+01
   5.0710160e-01   2.0699991e+02   2.4341300e+01
   5.0710160e-01   2.1240004e+02   2.6270800e+01
   5.0710160e-01   2.1780017e+02   2.8400100e+01
   5.0710160e-01   2.2319972e+02   3.0651200e+01
   5.0710160e-01   2.2859985e+02   3.2947800e+01
   5.0710160e-01   2.3399997e+02   3.5217600e+01
   5.0710160e-01   2.3940010e+02   3.7394600e+01
   5.0710160e-01   2.4480023e+02   3.9420900e+01
   5.0710160e-01   2.5019978e+02   4.1248400e+01
   5.0710160e-01   2.5559991e+02   4.2840000e+01
   5.0710160e-01   2.6100004e+02   4.4171000e+01
   5.0710160e-01   2.6640016e+02   4.5229200e+01
   5.0710160e-01   2.7179972e+02   4.6015700e+01
   5.0710160e-01   2.7719985e+02   4.6544400e+01
   5.0710160e-01   2.8259997e+02   4.6841600e+01
   5.0960125e-01   1.2599972e+02   5.1972000e+01
   5.0960125e-01   1.3139985e+02   4.6946100e+01
   5.0960125e-01   1.3679998e+02   4.2146200e+01
   5.0960125e-01   1.4220010e+02   3.7672100e+01
   5.0960125e-01   1.4760023e+02   3.3611000e+01
   5.0960125e-01   1.5299978e+02   3.0035000e+01
   5.0960125e-01   1.5839991e+02   2.7000100e+01
   5.0960125e-01   1.6380004e+02   2.4545300e+01
   5.0960125e-01   1.6920017e+02   2.2692600e+01
   5.0960125e-01   1.7459972e+02   2.1446900e+01
   5.0960125e-01   1.7999985e+02   2.0796900e+01
   5.0960125e-01   1.8539998e+02   2.0716600e+01
   5.0960125e-01   1.9080010e+02   2.1166000e+01
   5.0960125e-01   1.9620023e+02   2.2093500e+01
   5.0960125e-01   2.0159978e+02   2.3437700e+01
   5.0960125e-01   2.0699991e+02   2.5129400e+01
   5.0960125e-01   2.1240004e+02   2.7094300e+01
   5.0960125e-01   2.1780017e+02   2.9255100e+01
   5.0960125e-01   2.2319972e+02   3.1533900e+01
   5.0960125e-01   2.2859985e+02   3.3854700e+01
   5.0960125e-01   2.3399997e+02   3.6145500e+01
   5.0960125e-01   2.3940010e+02   3.8340500e+01
   5.0960125e-01   2.4480023e+02   4.0382100e+01
   5.0960125e-01   2.5019978e+02   4.2222300e+01
   5.0960125e-01   2.5559991e+02   4.3824200e+01
   5.0960125e-01   2.6100004e+02   4.5163100e+01
   5.0960125e-01   2.6640016e+02   4.6226800e+01
   5.0960125e-01   2.7179972e+02   4.7016300e+01
   5.0960125e-01   2.7719985e+02   4.7545400e+01
   5.0960125e-01   2.8259997e+02   4.7840200e+01
   5.1210066e-01   1.2599972e+02   5.1706300e+01
   5.1210066e-01   1.3139985e+02   4.6750100e+01
   5.1210066e-01   1.3679998e+02   4.2022900e+01
   5.1210066e-01   1.4220010e+02   3.7623200e+01
   5.1210066e-01   1.4760023e+02   3.3637000e+01
   5.1210066e-01   1.5299978e+02   3.0135500e+01
   5.1210066e-01   1.5839991e+02   2.7173700e+01
   5.1210066e-01   1.6380004e+02   2.4789700e+01
   5.1210066e-01   1.6920017e+02   2.3004900e+01
   5.1210066e-01   1.7459972e+02   2.1823700e+01
   5.1210066e-01   1.7999985e+02   2.1234500e+01
   5.1210066e-01   1.8539998e+02   2.1210600e+01
   5.1210066e-01   1.9080010e+02   2.1712100e+01
   5.1210066e-01   1.9620023e+02   2.2687400e+01
   5.1210066e-01   2.0159978e+02   2.4074800e+01
   5.1210066e-01   2.0699991e+02   2.5805600e+01
   5.1210066e-01   2.1240004e+02   2.7805400e+01
   5.1210066e-01   2.1780017e+02   2.9997100e+01
   5.1210066e-01   2.2319972e+02   3.2303200e+01
   5.1210066e-01   2.2859985e+02   3.4647800e+01
   5.1210066e-01   2.3399997e+02   3.6959300e+01
   5.1210066e-01   2.3940010e+02   3.9172100e+01
   5.1210066e-01   2.4480023e+02   4.1228800e+01
   5.1210066e-01   2.5019978e+02   4.3081600e+01
   5.1210066e-01   2.5559991e+02   4.4693700e+01
   5.1210066e-01   2.6100004e+02   4.6040400e+01
   5.1210066e-01   2.6640016e+02   4.7109700e+01
   5.1210066e-01   2.7179972e+02   4.7902400e+01
   5.1210066e-01   2.7719985e+02   4.8432100e+01
   5.1210066e-01   2.8259997e+02   4.8724600e+01
   5.1459976e-01   1.2599972e+02   5.1339700e+01
   5.1459976e-01   1.3139985e+02   4.6452400e+01
   5.1459976e-01   1.3679998e+02   4.1796900e+01
   5.1459976e-01   1.4220010e+02   3.7470600e+01
   5.1459976e-01   1.4760023e+02   3.3558400e+01
   5.1459976e-01   1.5299978e+02   3.0130400e+01
   5.1459976e-01   1.5839991e+02   2.7240700e+01
   5.1459976e-01   1.6380004e+02   2.4926700e+01
   5.1459976e-01   1.6920017e+02   2.3208900e+01
   5.1459976e-01   1.7459972e+02   2.2091400e+01
   5.1459976e-01   1.7999985e+02   2.1561900e+01
   5.1459976e-01   1.8539998e+02   2.1593800e+01
   5.1459976e-01   1.9080010e+02   2.2146700e+01
   5.1459976e-01   1.9620023e+02   2.3169000e+01
   5.1459976e-01   2.0159978e+02   2.4599200e+01
   5.1459976e-01   2.0699991e+02   2.6368400e+01
   5.1459976e-01   2.1240004e+02   2.8402500e+01
   5.1459976e-01   2.1780017e+02   3.0624700e+01
   5.1459976e-01   2.2319972e+02   3.2957700e+01
   5.1459976e-01   2.2859985e+02   3.5325800e+01
   5.1459976e-01   2.3399997e+02   3.7657700e+01
   5.1459976e-01   2.3940010e+02   3.9888100e+01
   5.1459976e-01   2.4480023e+02   4.1959700e+01
   5.1459976e-01   2.5019978e+02   4.3825000e+01
   5.1459976e-01   2.5559991e+02   4.5447200e+01
   5.1459976e-01   2.6100004e+02   4.6801800e+01
   5.1459976e-01   2.6640016e+02   4.7876600e+01
   5.1459976e-01   2.7179972e+02   4.8672500e+01
   5.1459976e-01   2.7719985e+02   4.9202900e+01
   5.1459976e-01   2.8259997e+02   4.9493400e+01
