#sin^2(theta23) Delta_CP/deg Delta_chi^2
   5.3457422e-01   1.0800025e+02   9.4501200e+01
   5.3457422e-01   1.1279992e+02   9.0312400e+01
   5.3457422e-01   1.1760016e+02   8.5674700e+01
   5.3457422e-01   1.2239983e+02   8.0689500e+01
   5.3457422e-01   1.2720007e+02   7.5468700e+01
   5.3457422e-01   1.3199974e+02   7.0131900e+01
   5.3457422e-01   1.3679998e+02   6.4803900e+01
   5.3457422e-01   1.4160022e+02   5.9611200e+01
   5.3457422e-01   1.4639988e+02   5.4678300e+01
   5.3457422e-01   1.5120012e+02   5.0124500e+01
   5.3457422e-01   1.5599979e+02   4.6060500e+01
   5.3457422e-01   1.6080003e+02   4.2584500e+01
   5.3457422e-01   1.6560027e+02   3.9780100e+01
   5.3457422e-01   1.7039994e+02   3.7713200e+01
   5.3457422e-01   1.7520018e+02   3.6430600e+01
   5.3457422e-01   1.7999985e+02   3.5958300e+01
   5.3457422e-01   1.8480009e+02   3.6301300e+01
   5.3457422e-01   1.8959976e+02   3.7443100e+01
   5.3457422e-01   1.9440000e+02   3.9347000e+01
   5.3457422e-01   1.9920024e+02   4.1957100e+01
   5.3457422e-01   2.0399990e+02   4.5200000e+01
   5.3457422e-01   2.0880014e+02   4.8987300e+01
   5.3457422e-01   2.1359981e+02   5.3218600e+01
   5.3457422e-01   2.1840005e+02   5.7783700e+01
   5.3457422e-01   2.2319972e+02   6.2566700e+01
   5.3457422e-01   2.2799996e+02   6.7448500e+01
   5.3457422e-01   2.3280020e+02   7.2310400e+01
   5.3457422e-01   2.3759987e+02   7.7036800e+01
   5.3457422e-01   2.4240011e+02   8.1518400e+01
   5.3457422e-01   2.4719978e+02   8.5654400e+01
   5.3631982e-01   1.0800025e+02   9.2105900e+01
   5.3631982e-01   1.1279992e+02   8.7953300e+01
   5.3631982e-01   1.1760016e+02   8.3353900e+01
   5.3631982e-01   1.2239983e+02   7.8408300e+01
   5.3631982e-01   1.2720007e+02   7.3227700e+01
   5.3631982e-01   1.3199974e+02   6.7931300e+01
   5.3631982e-01   1.3679998e+02   6.2643000e+01
   5.3631982e-01   1.4160022e+02   5.7488600e+01
   5.3631982e-01   1.4639988e+02   5.2591900e+01
   5.3631982e-01   1.5120012e+02   4.8071500e+01
   5.3631982e-01   1.5599979e+02   4.4037200e+01
   5.3631982e-01   1.6080003e+02   4.0587100e+01
   5.3631982e-01   1.6560027e+02   3.7803900e+01
   5.3631982e-01   1.7039994e+02   3.5753300e+01
   5.3631982e-01   1.7520018e+02   3.4481600e+01
   5.3631982e-01   1.7999985e+02   3.4014900e+01
   5.3631982e-01   1.8480009e+02   3.4357900e+01
   5.3631982e-01   1.8959976e+02   3.5494400e+01
   5.3631982e-01   1.9440000e+02   3.7387800e+01
   5.3631982e-01   1.9920024e+02   3.9982400e+01
   5.3631982e-01   2.0399990e+02   4.3205400e+01
   5.3631982e-01   2.0880014e+02   4.6968900e+01
   5.3631982e-01   2.1359981e+02   5.1172900e+01
   5.3631982e-01   2.1840005e+02   5.5708000e+01
   5.3631982e-01   2.2319972e+02   6.0458700e+01
   5.3631982e-01   2.2799996e+02   6.5306800e+01
   5.3631982e-01   2.3280020e+02   7.0134200e+01
   5.3631982e-01   2.3759987e+02   7.4825900e+01
   5.3631982e-01   2.4240011e+02   7.9273200e+01
   5.3631982e-01   2.4719978e+02   8.3375700e+01
   5.3806497e-01   1.0800025e+02   8.9657700e+01
   5.3806497e-01   1.1279992e+02   8.5541500e+01
   5.3806497e-01   1.1760016e+02   8.0980200e+01
   5.3806497e-01   1.2239983e+02   7.6074100e+01
   5.3806497e-01   1.2720007e+02   7.0933800e+01
   5.3806497e-01   1.3199974e+02   6.5677700e+01
   5.3806497e-01   1.3679998e+02   6.0429000e+01
   5.3806497e-01   1.4160022e+02   5.5312800e+01
   5.3806497e-01   1.4639988e+02   5.0452100e+01
   5.3806497e-01   1.5120012e+02   4.5965000e+01
   5.3806497e-01   1.5599979e+02   4.1960600e+01
   5.3806497e-01   1.6080003e+02   3.8536200e+01
   5.3806497e-01   1.6560027e+02   3.5774100e+01
   5.3806497e-01   1.7039994e+02   3.3739700e+01
   5.3806497e-01   1.7520018e+02   3.2479000e+01
   5.3806497e-01   1.7999985e+02   3.2017800e+01
   5.3806497e-01   1.8480009e+02   3.2360800e+01
   5.3806497e-01   1.8959976e+02   3.3492000e+01
   5.3806497e-01   1.9440000e+02   3.5374800e+01
   5.3806497e-01   1.9920024e+02   3.7954100e+01
   5.3806497e-01   2.0399990e+02   4.1157200e+01
   5.3806497e-01   2.0880014e+02   4.4896900e+01
   5.3806497e-01   2.1359981e+02   4.9073600e+01
   5.3806497e-01   2.1840005e+02   5.3578700e+01
   5.3806497e-01   2.2319972e+02   5.8297300e+01
   5.3806497e-01   2.2799996e+02   6.3111700e+01
   5.3806497e-01   2.3280020e+02   6.7904600e+01
   5.3806497e-01   2.3759987e+02   7.2561600e+01
   5.3806497e-01   2.4240011e+02   7.6974600e+01
   5.3806497e-01   2.4719978e+02   8.1043800e+01
   5.3980966e-01   1.0800025e+02   8.7167600e+01
   5.3980966e-01   1.1279992e+02   8.3087500e+01
   5.3980966e-01   1.1760016e+02   7.8564400e+01
   5.3980966e-01   1.2239983e+02   7.3697800e+01
   5.3980966e-01   1.2720007e+02   6.8597600e+01
   5.3980966e-01   1.3199974e+02   6.3381700e+01
   5.3980966e-01   1.3679998e+02   5.8172600e+01
   5.3980966e-01   1.4160022e+02   5.3094500e+01
   5.3980966e-01   1.4639988e+02   4.8270000e+01
   5.3980966e-01   1.5120012e+02   4.3816000e+01
   5.3980966e-01   1.5599979e+02   3.9841400e+01
   5.3980966e-01   1.6080003e+02   3.6442600e+01
   5.3980966e-01   1.6560027e+02   3.3701700e+01
   5.3980966e-01   1.7039994e+02   3.1683400e+01
   5.3980966e-01   1.7520018e+02   3.0433600e+01
   5.3980966e-01   1.7999985e+02   2.9977900e+01
   5.3980966e-01   1.8480009e+02   3.0320900e+01
   5.3980966e-01   1.8959976e+02   3.1446700e+01
   5.3980966e-01   1.9440000e+02   3.3319100e+01
   5.3980966e-01   1.9920024e+02   3.5882900e+01
   5.3980966e-01   2.0399990e+02   3.9066200e+01
   5.3980966e-01   2.0880014e+02   4.2782100e+01
   5.3980966e-01   2.1359981e+02   4.6931700e+01
   5.3980966e-01   2.1840005e+02   5.1406700e+01
   5.3980966e-01   2.2319972e+02   5.6093200e+01
   5.3980966e-01   2.2799996e+02   6.0874100e+01
   5.3980966e-01   2.3280020e+02   6.5632400e+01
   5.3980966e-01   2.3759987e+02   7.0254800e+01
   5.3980966e-01   2.4240011e+02   7.4633500e+01
   5.3980966e-01   2.4719978e+02   7.8669300e+01
   5.4155385e-01   1.0800025e+02   8.4646600e+01
   5.4155385e-01   1.1279992e+02   8.0602900e+01
   5.4155385e-01   1.1760016e+02   7.6117700e+01
   5.4155385e-01   1.2239983e+02   7.1290600e+01
   5.4155385e-01   1.2720007e+02   6.6230600e+01
   5.4155385e-01   1.3199974e+02   6.1054800e+01
   5.4155385e-01   1.3679998e+02   5.5885200e+01
   5.4155385e-01   1.4160022e+02   5.0845200e+01
   5.4155385e-01   1.4639988e+02   4.6056600e+01
   5.4155385e-01   1.5120012e+02   4.1635900e+01
   5.4155385e-01   1.5599979e+02   3.7690900e+01
   5.4155385e-01   1.6080003e+02   3.4317700e+01
   5.4155385e-01   1.6560027e+02   3.1597900e+01
   5.4155385e-01   1.7039994e+02   2.9595700e+01
   5.4155385e-01   1.7520018e+02   2.8356800e+01
   5.4155385e-01   1.7999985e+02   2.7906500e+01
   5.4155385e-01   1.8480009e+02   2.8249600e+01
   5.4155385e-01   1.8959976e+02   2.9370100e+01
   5.4155385e-01   1.9440000e+02   3.1231900e+01
   5.4155385e-01   1.9920024e+02   3.3780400e+01
   5.4155385e-01   2.0399990e+02   3.6943900e+01
   5.4155385e-01   2.0880014e+02   4.0636000e+01
   5.4155385e-01   2.1359981e+02   4.4758400e+01
   5.4155385e-01   2.1840005e+02   4.9203500e+01
   5.4155385e-01   2.2319972e+02   5.3857900e+01
   5.4155385e-01   2.2799996e+02   5.8605100e+01
   5.4155385e-01   2.3280020e+02   6.3329100e+01
   5.4155385e-01   2.3759987e+02   6.7916800e+01
   5.4155385e-01   2.4240011e+02   7.2261300e+01
   5.4155385e-01   2.4719978e+02   7.6263800e+01
   5.4329754e-01   1.0800025e+02   8.2106800e+01
   5.4329754e-01   1.1279992e+02   7.8099200e+01
   5.4329754e-01   1.1760016e+02   7.3652200e+01
   5.4329754e-01   1.2239983e+02   6.8864300e+01
   5.4329754e-01   1.2720007e+02   6.3844400e+01
   5.4329754e-01   1.3199974e+02   5.8708800e+01
   5.4329754e-01   1.3679998e+02   5.3578600e+01
   5.4329754e-01   1.4160022e+02   4.8576700e+01
   5.4329754e-01   1.4639988e+02   4.3824000e+01
   5.4329754e-01   1.5120012e+02   3.9436300e+01
   5.4329754e-01   1.5599979e+02   3.5521000e+01
   5.4329754e-01   1.6080003e+02   3.2173400e+01
   5.4329754e-01   1.6560027e+02   2.9474600e+01
   5.4329754e-01   1.7039994e+02   2.7488500e+01
   5.4329754e-01   1.7520018e+02   2.6260400e+01
   5.4329754e-01   1.7999985e+02   2.5815600e+01
   5.4329754e-01   1.8480009e+02   2.6158700e+01
   5.4329754e-01   1.8959976e+02   2.7273800e+01
   5.4329754e-01   1.9440000e+02   2.9125100e+01
   5.4329754e-01   1.9920024e+02   3.1658300e+01
   5.4329754e-01   2.0399990e+02   3.4802000e+01
   5.4329754e-01   2.0880014e+02   3.8470300e+01
   5.4329754e-01   2.1359981e+02   4.2565600e+01
   5.4329754e-01   2.1840005e+02   4.6980800e+01
   5.4329754e-01   2.2319972e+02   5.1603100e+01
   5.4329754e-01   2.2799996e+02   5.6316800e+01
   5.4329754e-01   2.3280020e+02   6.1006400e+01
   5.4329754e-01   2.3759987e+02   6.5559500e+01
   5.4329754e-01   2.4240011e+02   6.9869800e+01
   5.4329754e-01   2.4719978e+02   7.3839000e+01
   5.4504070e-01   1.0800025e+02   7.9560100e+01
   5.4504070e-01   1.1279992e+02   7.5588600e+01
   5.4504070e-01   1.1760016e+02   7.1179600e+01
   5.4504070e-01   1.2239983e+02   6.6431100e+01
   5.4504070e-01   1.2720007e+02   6.1451300e+01
   5.4504070e-01   1.3199974e+02   5.6355800e+01
   5.4504070e-01   1.3679998e+02   5.1265000e+01
   5.4504070e-01   1.4160022e+02   4.6301100e+01
   5.4504070e-01   1.4639988e+02   4.1584300e+01
   5.4504070e-01   1.5120012e+02   3.7229700e+01
   5.4504070e-01   1.5599979e+02   3.3343900e+01
   5.4504070e-01   1.6080003e+02   3.0021900e+01
   5.4504070e-01   1.6560027e+02   2.7344000e+01
   5.4504070e-01   1.7039994e+02   2.5374000e+01
   5.4504070e-01   1.7520018e+02   2.4156700e+01
   5.4504070e-01   1.7999985e+02   2.3717400e+01
   5.4504070e-01   1.8480009e+02   2.4060500e+01
   5.4504070e-01   1.8959976e+02   2.5170300e+01
   5.4504070e-01   1.9440000e+02   2.7011100e+01
   5.4504070e-01   1.9920024e+02   2.9528900e+01
   5.4504070e-01   2.0399990e+02   3.2652800e+01
   5.4504070e-01   2.0880014e+02   3.6297500e+01
   5.4504070e-01   2.1359981e+02   4.0365600e+01
   5.4504070e-01   2.1840005e+02   4.4751000e+01
   5.4504070e-01   2.2319972e+02   4.9341200e+01
   5.4504070e-01   2.2799996e+02   5.4021400e+01
   5.4504070e-01   2.3280020e+02   5.8676600e+01
   5.4504070e-01   2.3759987e+02   6.3195200e+01
   5.4504070e-01   2.4240011e+02   6.7471200e+01
   5.4504070e-01   2.4719978e+02   7.1407200e+01
   5.4678330e-01   1.0800025e+02   7.7019100e+01
   5.4678330e-01   1.1279992e+02   7.3083700e+01
   5.4678330e-01   1.1760016e+02   6.8712900e+01
   5.4678330e-01   1.2239983e+02   6.4003800e+01
   5.4678330e-01   1.2720007e+02   5.9063900e+01
   5.4678330e-01   1.3199974e+02   5.4008500e+01
   5.4678330e-01   1.3679998e+02   4.8957100e+01
   5.4678330e-01   1.4160022e+02   4.4031100e+01
   5.4678330e-01   1.4639988e+02   3.9350100e+01
   5.4678330e-01   1.5120012e+02   3.5028600e+01
   5.4678330e-01   1.5599979e+02   3.1172300e+01
   5.4678330e-01   1.6080003e+02   2.7875800e+01
   5.4678330e-01   1.6560027e+02   2.5218900e+01
   5.4678330e-01   1.7039994e+02   2.3264900e+01
   5.4678330e-01   1.7520018e+02   2.2058500e+01
   5.4678330e-01   1.7999985e+02   2.1624500e+01
   5.4678330e-01   1.8480009e+02   2.1967600e+01
   5.4678330e-01   1.8959976e+02   2.3072100e+01
   5.4678330e-01   1.9440000e+02   2.4902500e+01
   5.4678330e-01   1.9920024e+02   2.7404900e+01
   5.4678330e-01   2.0399990e+02   3.0509100e+01
   5.4678330e-01   2.0880014e+02   3.4130100e+01
   5.4678330e-01   2.1359981e+02   3.8171100e+01
   5.4678330e-01   2.1840005e+02   4.2526600e+01
   5.4678330e-01   2.2319972e+02   4.7084900e+01
   5.4678330e-01   2.2799996e+02   5.1731600e+01
   5.4678330e-01   2.3280020e+02   5.6352400e+01
   5.4678330e-01   2.3759987e+02   6.0836400e+01
   5.4678330e-01   2.4240011e+02   6.5078300e+01
   5.4678330e-01   2.4719978e+02   6.8981000e+01
   5.4852534e-01   1.0800025e+02   7.4496900e+01
   5.4852534e-01   1.1279992e+02   7.0597700e+01
   5.4852534e-01   1.1760016e+02   6.6264800e+01
   5.4852534e-01   1.2239983e+02   6.1595000e+01
   5.4852534e-01   1.2720007e+02   5.6695200e+01
   5.4852534e-01   1.3199974e+02   5.1679800e+01
   5.4852534e-01   1.3679998e+02   4.6667800e+01
   5.4852534e-01   1.4160022e+02   4.1779700e+01
   5.4852534e-01   1.4639988e+02   3.7134500e+01
   5.4852534e-01   1.5120012e+02   3.2845900e+01
   5.4852534e-01   1.5599979e+02   2.9019200e+01
   5.4852534e-01   1.6080003e+02   2.5748200e+01
   5.4852534e-01   1.6560027e+02   2.3112200e+01
   5.4852534e-01   1.7039994e+02   2.1174200e+01
   5.4852534e-01   1.7520018e+02   1.9978600e+01
   5.4852534e-01   1.7999985e+02   1.9550100e+01
   5.4852534e-01   1.8480009e+02   1.9893200e+01
   5.4852534e-01   1.8959976e+02   2.0992300e+01
   5.4852534e-01   1.9440000e+02   2.2812200e+01
   5.4852534e-01   1.9920024e+02   2.5299400e+01
   5.4852534e-01   2.0399990e+02   2.8383800e+01
   5.4852534e-01   2.0880014e+02   3.1981100e+01
   5.4852534e-01   2.1359981e+02   3.5995100e+01
   5.4852534e-01   2.1840005e+02   4.0320800e+01
   5.4852534e-01   2.2319972e+02   4.4847100e+01
   5.4852534e-01   2.2799996e+02   4.9460300e+01
   5.4852534e-01   2.3280020e+02   5.4046800e+01
   5.4852534e-01   2.3759987e+02   5.8496300e+01
   5.4852534e-01   2.4240011e+02   6.2703900e+01
   5.4852534e-01   2.4719978e+02   6.6573400e+01
   5.5026677e-01   1.0800025e+02   7.2006600e+01
   5.5026677e-01   1.1279992e+02   6.8143500e+01
   5.5026677e-01   1.1760016e+02   6.3848700e+01
   5.5026677e-01   1.2239983e+02   5.9218200e+01
   5.5026677e-01   1.2720007e+02   5.4358400e+01
   5.5026677e-01   1.3199974e+02   4.9383000e+01
   5.5026677e-01   1.3679998e+02   4.4410300e+01
   5.5026677e-01   1.4160022e+02   3.9560200e+01
   5.5026677e-01   1.4639988e+02   3.4950800e+01
   5.5026677e-01   1.5120012e+02   3.0695100e+01
   5.5026677e-01   1.5599979e+02   2.6897900e+01
   5.5026677e-01   1.6080003e+02   2.3652300e+01
   5.5026677e-01   1.6560027e+02   2.1037300e+01
   5.5026677e-01   1.7039994e+02   1.9115300e+01
   5.5026677e-01   1.7520018e+02   1.7930400e+01
   5.5026677e-01   1.7999985e+02   1.7507300e+01
   5.5026677e-01   1.8480009e+02   1.7850400e+01
   5.5026677e-01   1.8959976e+02   1.8944200e+01
   5.5026677e-01   1.9440000e+02   2.0753700e+01
   5.5026677e-01   1.9920024e+02   2.3225600e+01
   5.5026677e-01   2.0399990e+02   2.6290300e+01
   5.5026677e-01   2.0880014e+02   2.9863900e+01
   5.5026677e-01   2.1359981e+02   3.3850900e+01
   5.5026677e-01   2.1840005e+02   3.8146700e+01
   5.5026677e-01   2.2319972e+02   4.2641100e+01
   5.5026677e-01   2.2799996e+02   4.7220900e+01
   5.5026677e-01   2.3280020e+02   5.1773100e+01
   5.5026677e-01   2.3759987e+02   5.6188000e+01
   5.5026677e-01   2.4240011e+02   6.0361500e+01
   5.5026677e-01   2.4719978e+02   6.4197700e+01
   5.5200760e-01   1.0800025e+02   6.9561800e+01
   5.5200760e-01   1.1279992e+02   6.5734900e+01
   5.5200760e-01   1.1760016e+02   6.1478000e+01
   5.5200760e-01   1.2239983e+02   5.6886900e+01
   5.5200760e-01   1.2720007e+02   5.2067100e+01
   5.5200760e-01   1.3199974e+02   4.7131600e+01
   5.5200760e-01   1.3679998e+02   4.2198200e+01
   5.5200760e-01   1.4160022e+02   3.7386000e+01
   5.5200760e-01   1.4639988e+02   3.2812300e+01
   5.5200760e-01   1.5120012e+02   2.8589600e+01
   5.5200760e-01   1.5599979e+02   2.4821800e+01
   5.5200760e-01   1.6080003e+02   2.1601700e+01
   5.5200760e-01   1.6560027e+02   1.9007500e+01
   5.5200760e-01   1.7039994e+02   1.7101500e+01
   5.5200760e-01   1.7520018e+02   1.5927400e+01
   5.5200760e-01   1.7999985e+02   1.5509800e+01
   5.5200760e-01   1.8480009e+02   1.5852900e+01
   5.5200760e-01   1.8959976e+02   1.6941400e+01
   5.5200760e-01   1.9440000e+02   1.8740400e+01
   5.5200760e-01   1.9920024e+02   2.1197000e+01
   5.5200760e-01   2.0399990e+02   2.4242000e+01
   5.5200760e-01   2.0880014e+02   2.7792100e+01
   5.5200760e-01   2.1359981e+02   3.1752000e+01
   5.5200760e-01   2.1840005e+02   3.6018100e+01
   5.5200760e-01   2.2319972e+02   4.0480500e+01
   5.5200760e-01   2.2799996e+02   4.5026800e+01
   5.5200760e-01   2.3280020e+02   4.9544800e+01
   5.5200760e-01   2.3759987e+02   5.3925200e+01
   5.5200760e-01   2.4240011e+02   5.8064600e+01
   5.5200760e-01   2.4719978e+02   6.1867600e+01
   5.5374778e-01   1.0800025e+02   6.7176200e+01
   5.5374778e-01   1.1279992e+02   6.3385400e+01
   5.5374778e-01   1.1760016e+02   5.9166500e+01
   5.5374778e-01   1.2239983e+02   5.4614700e+01
   5.5374778e-01   1.2720007e+02   4.9834900e+01
   5.5374778e-01   1.3199974e+02   4.4939500e+01
   5.5374778e-01   1.3679998e+02   4.0045300e+01
   5.5374778e-01   1.4160022e+02   3.5270900e+01
   5.5374778e-01   1.4639988e+02   3.0732900e+01
   5.5374778e-01   1.5120012e+02   2.6543100e+01
   5.5374778e-01   1.5599979e+02   2.2804800e+01
   5.5374778e-01   1.6080003e+02   1.9610100e+01
   5.5374778e-01   1.6560027e+02   1.7036800e+01
   5.5374778e-01   1.7039994e+02   1.5146800e+01
   5.5374778e-01   1.7520018e+02   1.3983500e+01
   5.5374778e-01   1.7999985e+02   1.3571200e+01
   5.5374778e-01   1.8480009e+02   1.3914300e+01
   5.5374778e-01   1.8959976e+02   1.4997500e+01
   5.5374778e-01   1.9440000e+02   1.6786100e+01
   5.5374778e-01   1.9920024e+02   1.9227500e+01
   5.5374778e-01   2.0399990e+02   2.2252800e+01
   5.5374778e-01   2.0880014e+02   2.5779300e+01
   5.5374778e-01   2.1359981e+02   2.9712300e+01
   5.5374778e-01   2.1840005e+02   3.3948500e+01
   5.5374778e-01   2.2319972e+02   3.8379100e+01
   5.5374778e-01   2.2799996e+02   4.2892000e+01
   5.5374778e-01   2.3280020e+02   4.7375700e+01
   5.5374778e-01   2.3759987e+02   5.1721600e+01
   5.5374778e-01   2.4240011e+02   5.5826900e+01
   5.5374778e-01   2.4719978e+02   5.9596600e+01
   5.5548731e-01   1.0800025e+02   6.4863700e+01
   5.5548731e-01   1.1279992e+02   6.1109000e+01
   5.5548731e-01   1.1760016e+02   5.6928100e+01
   5.5548731e-01   1.2239983e+02   5.2415600e+01
   5.5548731e-01   1.2720007e+02   4.7675700e+01
   5.5548731e-01   1.3199974e+02   4.2820300e+01
   5.5548731e-01   1.3679998e+02   3.7965300e+01
   5.5548731e-01   1.4160022e+02   3.3228800e+01
   5.5548731e-01   1.4639988e+02   2.8726500e+01
   5.5548731e-01   1.5120012e+02   2.4569600e+01
   5.5548731e-01   1.5599979e+02   2.0860700e+01
   5.5548731e-01   1.6080003e+02   1.7691400e+01
   5.5548731e-01   1.6560027e+02   1.5139000e+01
   5.5548731e-01   1.7039994e+02   1.3264900e+01
   5.5548731e-01   1.7520018e+02   1.2112400e+01
   5.5548731e-01   1.7999985e+02   1.1705500e+01
   5.5548731e-01   1.8480009e+02   1.2048700e+01
   5.5548731e-01   1.8959976e+02   1.3126600e+01
   5.5548731e-01   1.9440000e+02   1.4904700e+01
   5.5548731e-01   1.9920024e+02   1.7330900e+01
   5.5548731e-01   2.0399990e+02   2.0336600e+01
   5.5548731e-01   2.0880014e+02   2.3839500e+01
   5.5548731e-01   2.1359981e+02   2.7745500e+01
   5.5548731e-01   2.1840005e+02   3.1952000e+01
   5.5548731e-01   2.2319972e+02   3.6350700e+01
   5.5548731e-01   2.2799996e+02   4.0830200e+01
   5.5548731e-01   2.3280020e+02   4.5279700e+01
   5.5548731e-01   2.3759987e+02   4.9591200e+01
   5.5548731e-01   2.4240011e+02   5.3662300e+01
   5.5548731e-01   2.4719978e+02   5.7398900e+01
   5.5722616e-01   1.0800025e+02   6.2638300e+01
   5.5722616e-01   1.1279992e+02   5.8919700e+01
   5.5722616e-01   1.1760016e+02   5.4776800e+01
   5.5722616e-01   1.2239983e+02   5.0303500e+01
   5.5722616e-01   1.2720007e+02   4.5603600e+01
   5.5722616e-01   1.3199974e+02   4.0788100e+01
   5.5722616e-01   1.3679998e+02   3.5972400e+01
   5.5722616e-01   1.4160022e+02   3.1273600e+01
   5.5722616e-01   1.4639988e+02   2.6807100e+01
   5.5722616e-01   1.5120012e+02   2.2683000e+01
   5.5722616e-01   1.5599979e+02   1.9003600e+01
   5.5722616e-01   1.6080003e+02   1.5859600e+01
   5.5722616e-01   1.6560027e+02   1.3328100e+01
   5.5722616e-01   1.7039994e+02   1.1469900e+01
   5.5722616e-01   1.7520018e+02   1.0328200e+01
   5.5722616e-01   1.7999985e+02   9.9267400e+00
   5.5722616e-01   1.8480009e+02   1.0269900e+01
   5.5722616e-01   1.8959976e+02   1.1342500e+01
   5.5722616e-01   1.9440000e+02   1.3110300e+01
   5.5722616e-01   1.9920024e+02   1.5521300e+01
   5.5722616e-01   2.0399990e+02   1.8507400e+01
   5.5722616e-01   2.0880014e+02   2.1986700e+01
   5.5722616e-01   2.1359981e+02   2.5865800e+01
   5.5722616e-01   2.1840005e+02   3.0042600e+01
   5.5722616e-01   2.2319972e+02   3.4409400e+01
   5.5722616e-01   2.2799996e+02   3.8855600e+01
   5.5722616e-01   2.3280020e+02   4.3270900e+01
   5.5722616e-01   2.3759987e+02   4.7547900e+01
   5.5722616e-01   2.4240011e+02   5.1584900e+01
   5.5722616e-01   2.4719978e+02   5.5288300e+01
   5.5896430e-01   1.0800025e+02   6.0514000e+01
   5.5896430e-01   1.1279992e+02   5.6831500e+01
   5.5896430e-01   1.1760016e+02   5.2726600e+01
   5.5896430e-01   1.2239983e+02   4.8292600e+01
   5.5896430e-01   1.2720007e+02   4.3632600e+01
   5.5896430e-01   1.3199974e+02   3.8857000e+01
   5.5896430e-01   1.3679998e+02   3.4080500e+01
   5.5896430e-01   1.4160022e+02   2.9419600e+01
   5.5896430e-01   1.4639988e+02   2.4988700e+01
   5.5896430e-01   1.5120012e+02   2.0897500e+01
   5.5896430e-01   1.5599979e+02   1.7247400e+01
   5.5896430e-01   1.6080003e+02   1.4128800e+01
   5.5896430e-01   1.6560027e+02   1.1618200e+01
   5.5896430e-01   1.7039994e+02   9.7759900e+00
   5.5896430e-01   1.7520018e+02   8.6450000e+00
   5.5896430e-01   1.7999985e+02   8.2489900e+00
   5.5896430e-01   1.8480009e+02   8.5922300e+00
   5.5896430e-01   1.8959976e+02   9.6595600e+00
   5.5896430e-01   1.9440000e+02   1.1417000e+01
   5.5896430e-01   1.9920024e+02   1.3812700e+01
   5.5896430e-01   2.0399990e+02   1.6779200e+01
   5.5896430e-01   2.0880014e+02   2.0235000e+01
   5.5896430e-01   2.1359981e+02   2.4087200e+01
   5.5896430e-01   2.1840005e+02   2.8234400e+01
   5.5896430e-01   2.2319972e+02   3.2569400e+01
   5.5896430e-01   2.2799996e+02   3.6982200e+01
   5.5896430e-01   2.3280020e+02   4.1363300e+01
   5.5896430e-01   2.3759987e+02   4.5605900e+01
   5.5896430e-01   2.4240011e+02   4.9608800e+01
   5.5896430e-01   2.4719978e+02   5.3279000e+01
   5.6070173e-01   1.0800025e+02   5.8504900e+01
   5.6070173e-01   1.1279992e+02   5.4858600e+01
   5.6070173e-01   1.1760016e+02   5.0791600e+01
   5.6070173e-01   1.2239983e+02   4.6396800e+01
   5.6070173e-01   1.2720007e+02   4.1776800e+01
   5.6070173e-01   1.3199974e+02   3.7041100e+01
   5.6070173e-01   1.3679998e+02   3.2303900e+01
   5.6070173e-01   1.4160022e+02   2.7680700e+01
   5.6070173e-01   1.4639988e+02   2.3285500e+01
   5.6070173e-01   1.5120012e+02   1.9227100e+01
   5.6070173e-01   1.5599979e+02   1.5606400e+01
   5.6070173e-01   1.6080003e+02   1.2513200e+01
   5.6070173e-01   1.6560027e+02   1.0023400e+01
   5.6070173e-01   1.7039994e+02   8.1971600e+00
   5.6070173e-01   1.7520018e+02   7.0769400e+00
   5.6070173e-01   1.7999985e+02   6.6863600e+00
   5.6070173e-01   1.8480009e+02   7.0296600e+00
   5.6070173e-01   1.8959976e+02   8.0917400e+00
   5.6070173e-01   1.9440000e+02   9.8387700e+00
   5.6070173e-01   1.9920024e+02   1.2219400e+01
   5.6070173e-01   2.0399990e+02   1.5166300e+01
   5.6070173e-01   2.0880014e+02   1.8598600e+01
   5.6070173e-01   2.1359981e+02   2.2424000e+01
   5.6070173e-01   2.1840005e+02   2.6541500e+01
   5.6070173e-01   2.2319972e+02   3.0844600e+01
   5.6070173e-01   2.2799996e+02   3.5224200e+01
   5.6070173e-01   2.3280020e+02   3.9571100e+01
   5.6070173e-01   2.3759987e+02   4.3779300e+01
   5.6070173e-01   2.4240011e+02   4.7748200e+01
   5.6070173e-01   2.4719978e+02   5.1385200e+01
   5.6243841e-01   1.0800025e+02   5.6625200e+01
   5.6243841e-01   1.1279992e+02   5.3015000e+01
   5.6243841e-01   1.1760016e+02   4.8986000e+01
   5.6243841e-01   1.2239983e+02   4.4630500e+01
   5.6243841e-01   1.2720007e+02   4.0050300e+01
   5.6243841e-01   1.3199974e+02   3.5354500e+01
   5.6243841e-01   1.3679998e+02   3.0656500e+01
   5.6243841e-01   1.4160022e+02   2.6071100e+01
   5.6243841e-01   1.4639988e+02   2.1711500e+01
   5.6243841e-01   1.5120012e+02   1.7686000e+01
   5.6243841e-01   1.5599979e+02   1.4094700e+01
   5.6243841e-01   1.6080003e+02   1.1026800e+01
   5.6243841e-01   1.6560027e+02   8.5578200e+00
   5.6243841e-01   1.7039994e+02   6.7475400e+00
   5.6243841e-01   1.7520018e+02   5.6381000e+00
   5.6243841e-01   1.7999985e+02   5.2529600e+00
   5.6243841e-01   1.8480009e+02   5.5963300e+00
   5.6243841e-01   1.8959976e+02   6.6531800e+00
   5.6243841e-01   1.9440000e+02   8.3898800e+00
   5.6243841e-01   1.9920024e+02   1.0755400e+01
   5.6243841e-01   2.0399990e+02   1.3682800e+01
   5.6243841e-01   2.0880014e+02   1.7091600e+01
   5.6243841e-01   2.1359981e+02   2.0890100e+01
   5.6243841e-01   2.1840005e+02   2.4978000e+01
   5.6243841e-01   2.2319972e+02   2.9249400e+01
   5.6243841e-01   2.2799996e+02   3.3595600e+01
   5.6243841e-01   2.3280020e+02   3.7908400e+01
   5.6243841e-01   2.3759987e+02   4.2082200e+01
   5.6243841e-01   2.4240011e+02   4.6017100e+01
   5.6243841e-01   2.4719978e+02   4.9621000e+01
   5.6417432e-01   1.0800025e+02   5.4889000e+01
   5.6417432e-01   1.1279992e+02   5.1314800e+01
   5.6417432e-01   1.1760016e+02   4.7323800e+01
   5.6417432e-01   1.2239983e+02   4.3007500e+01
   5.6417432e-01   1.2720007e+02   3.8467200e+01
   5.6417432e-01   1.3199974e+02   3.3811300e+01
   5.6417432e-01   1.3679998e+02   2.9152500e+01
   5.6417432e-01   1.4160022e+02   2.4604800e+01
   5.6417432e-01   1.4639988e+02   2.0280900e+01
   5.6417432e-01   1.5120012e+02   1.6288200e+01
   5.6417432e-01   1.5599979e+02   1.2726200e+01
   5.6417432e-01   1.6080003e+02   9.6836400e+00
   5.6417432e-01   1.6560027e+02   7.2355300e+00
   5.6417432e-01   1.7039994e+02   5.4412000e+00
   5.6417432e-01   1.7520018e+02   4.3425400e+00
   5.6417432e-01   1.7999985e+02   3.9628500e+00
   5.6417432e-01   1.8480009e+02   4.3063000e+00
   5.6417432e-01   1.8959976e+02   5.3579400e+00
   5.6417432e-01   1.9440000e+02   7.0843300e+00
   5.6417432e-01   1.9920024e+02   9.4347000e+00
   5.6417432e-01   2.0399990e+02   1.2342600e+01
   5.6417432e-01   2.0880014e+02   1.5728000e+01
   5.6417432e-01   2.1359981e+02   1.9499700e+01
   5.6417432e-01   2.1840005e+02   2.3558000e+01
   5.6417432e-01   2.2319972e+02   2.7797600e+01
   5.6417432e-01   2.2799996e+02   3.2110700e+01
   5.6417432e-01   2.3280020e+02   3.6389300e+01
   5.6417432e-01   2.3759987e+02   4.0528800e+01
   5.6417432e-01   2.4240011e+02   4.4429600e+01
   5.6417432e-01   2.4719978e+02   4.8000400e+01
   5.6590945e-01   1.0800025e+02   5.3310200e+01
   5.6590945e-01   1.1279992e+02   4.9772100e+01
   5.6590945e-01   1.1760016e+02   4.5818900e+01
   5.6590945e-01   1.2239983e+02   4.1541900e+01
   5.6590945e-01   1.2720007e+02   3.7041500e+01
   5.6590945e-01   1.3199974e+02   3.2425400e+01
   5.6590945e-01   1.3679998e+02   2.7805700e+01
   5.6590945e-01   1.4160022e+02   2.3295800e+01
   5.6590945e-01   1.4639988e+02   1.9007500e+01
   5.6590945e-01   1.5120012e+02   1.5047600e+01
   5.6590945e-01   1.5599979e+02   1.1515000e+01
   5.6590945e-01   1.6080003e+02   8.4977300e+00
   5.6590945e-01   1.6560027e+02   6.0704600e+00
   5.6590945e-01   1.7039994e+02   4.2920800e+00
   5.6590945e-01   1.7520018e+02   3.2042100e+00
   5.6590945e-01   1.7999985e+02   2.8299800e+00
   5.6590945e-01   1.8480009e+02   3.1735300e+00
   5.6590945e-01   1.8959976e+02   4.2199700e+00
   5.6590945e-01   1.9440000e+02   5.9360800e+00
   5.6590945e-01   1.9920024e+02   8.2713700e+00
   5.6590945e-01   2.0399990e+02   1.1159800e+01
   5.6590945e-01   2.0880014e+02   1.4521800e+01
   5.6590945e-01   2.1359981e+02   1.8266700e+01
   5.6590945e-01   2.1840005e+02   2.2295400e+01
   5.6590945e-01   2.2319972e+02   2.6503400e+01
   5.6590945e-01   2.2799996e+02   3.0783200e+01
   5.6590945e-01   2.3280020e+02   3.5027800e+01
   5.6590945e-01   2.3759987e+02   3.9132900e+01
   5.6590945e-01   2.4240011e+02   4.2999800e+01
   5.6590945e-01   2.4719978e+02   4.6537400e+01
   5.6764377e-01   1.0800025e+02   5.1902600e+01
   5.6764377e-01   1.1279992e+02   4.8400500e+01
   5.6764377e-01   1.1760016e+02   4.4485300e+01
   5.6764377e-01   1.2239983e+02   4.0247400e+01
   5.6764377e-01   1.2720007e+02   3.5786900e+01
   5.6764377e-01   1.3199974e+02   3.1210700e+01
   5.6764377e-01   1.3679998e+02   2.6630100e+01
   5.6764377e-01   1.4160022e+02   2.2157900e+01
   5.6764377e-01   1.4639988e+02   1.7905200e+01
   5.6764377e-01   1.5120012e+02   1.3978000e+01
   5.6764377e-01   1.5599979e+02   1.0474800e+01
   5.6764377e-01   1.6080003e+02   7.4828800e+00
   5.6764377e-01   1.6560027e+02   5.0764400e+00
   5.6764377e-01   1.7039994e+02   3.3140100e+00
   5.6764377e-01   1.7520018e+02   2.2369300e+00
   5.6764377e-01   1.7999985e+02   1.8681800e+00
   5.6764377e-01   1.8480009e+02   2.2118400e+00
   5.6764377e-01   1.8959976e+02   3.2531200e+00
   5.6764377e-01   1.9440000e+02   4.9589600e+00
   5.6764377e-01   1.9920024e+02   7.2792000e+00
   5.6764377e-01   2.0399990e+02   1.0148200e+01
   5.6764377e-01   2.0880014e+02   1.3486800e+01
   5.6764377e-01   2.1359981e+02   1.7205000e+01
   5.6764377e-01   2.1840005e+02   2.1204200e+01
   5.6764377e-01   2.2319972e+02   2.5380500e+01
   5.6764377e-01   2.2799996e+02   2.9627200e+01
   5.6764377e-01   2.3280020e+02   3.3837700e+01
   5.6764377e-01   2.3759987e+02   3.7908500e+01
   5.6764377e-01   2.4240011e+02   4.1741400e+01
   5.6764377e-01   2.4719978e+02   4.5246000e+01
   5.6937727e-01   1.0800025e+02   5.0679900e+01
   5.6937727e-01   1.1279992e+02   4.7213900e+01
   5.6937727e-01   1.1760016e+02   4.3336600e+01
   5.6937727e-01   1.2239983e+02   3.9137800e+01
   5.6937727e-01   1.2720007e+02   3.4717100e+01
   5.6937727e-01   1.3199974e+02   3.0180700e+01
   5.6937727e-01   1.3679998e+02   2.5639300e+01
   5.6937727e-01   1.4160022e+02   2.1204800e+01
   5.6937727e-01   1.4639988e+02   1.6987600e+01
   5.6937727e-01   1.5120012e+02   1.3093300e+01
   5.6937727e-01   1.5599979e+02   9.6193200e+00
   5.6937727e-01   1.6080003e+02   6.6527400e+00
   5.6937727e-01   1.6560027e+02   4.2671200e+00
   5.6937727e-01   1.7039994e+02   2.5206500e+00
   5.6937727e-01   1.7520018e+02   1.4543700e+00
   5.6937727e-01   1.7999985e+02   1.0911000e+00
   5.6937727e-01   1.8480009e+02   1.4348900e+00
   5.6937727e-01   1.8959976e+02   2.4710200e+00
   5.6937727e-01   1.9440000e+02   4.1666400e+00
   5.6937727e-01   1.9920024e+02   6.4718600e+00
   5.6937727e-01   2.0399990e+02   9.3214200e+00
   5.6937727e-01   2.0880014e+02   1.2636700e+01
   5.6937727e-01   2.1359981e+02   1.6328200e+01
   5.6937727e-01   2.1840005e+02   2.0298000e+01
   5.6937727e-01   2.2319972e+02   2.4442600e+01
   5.6937727e-01   2.2799996e+02   2.8656100e+01
   5.6937727e-01   2.3280020e+02   3.2832700e+01
   5.6937727e-01   2.3759987e+02   3.6869200e+01
   5.6937727e-01   2.4240011e+02   4.0668200e+01
   5.6937727e-01   2.4719978e+02   4.4139800e+01
   5.7110991e-01   1.0800025e+02   4.9655700e+01
   5.7110991e-01   1.1279992e+02   4.6225700e+01
   5.7110991e-01   1.1760016e+02   4.2386200e+01
   5.7110991e-01   1.2239983e+02   3.8226600e+01
   5.7110991e-01   1.2720007e+02   3.3845700e+01
   5.7110991e-01   1.3199974e+02   2.9349100e+01
   5.7110991e-01   1.3679998e+02   2.4846700e+01
   5.7110991e-01   1.4160022e+02   2.0449900e+01
   5.7110991e-01   1.4639988e+02   1.6268300e+01
   5.7110991e-01   1.5120012e+02   1.2406600e+01
   5.7110991e-01   1.5599979e+02   8.9620200e+00
   5.7110991e-01   1.6080003e+02   6.0207500e+00
   5.7110991e-01   1.6560027e+02   3.6559600e+00
   5.7110991e-01   1.7039994e+02   1.9254400e+00
   5.7110991e-01   1.7520018e+02   8.6996200e-01
   5.7110991e-01   1.7999985e+02   5.1219600e-01
   5.7110991e-01   1.8480009e+02   8.5613600e-01
   5.7110991e-01   1.8959976e+02   1.8871500e+00
   5.7110991e-01   1.9440000e+02   3.5725600e+00
   5.7110991e-01   1.9920024e+02   5.8628000e+00
   5.7110991e-01   2.0399990e+02   8.6929900e+00
   5.7110991e-01   2.0880014e+02   1.1985000e+01
   5.7110991e-01   2.1359981e+02   1.5649800e+01
   5.7110991e-01   2.1840005e+02   1.9590200e+01
   5.7110991e-01   2.2319972e+02   2.3703200e+01
   5.7110991e-01   2.2799996e+02   2.7883700e+01
   5.7110991e-01   2.3280020e+02   3.2026200e+01
   5.7110991e-01   2.3759987e+02   3.6028600e+01
   5.7110991e-01   2.4240011e+02   3.9793700e+01
   5.7110991e-01   2.4719978e+02   4.3232200e+01
   5.7284168e-01   1.0800025e+02   4.8843100e+01
   5.7284168e-01   1.1279992e+02   4.5449100e+01
   5.7284168e-01   1.1760016e+02   4.1647400e+01
   5.7284168e-01   1.2239983e+02   3.7527000e+01
   5.7284168e-01   1.2720007e+02   3.3185800e+01
   5.7284168e-01   1.3199974e+02   2.8728900e+01
   5.7284168e-01   1.3679998e+02   2.4265600e+01
   5.7284168e-01   1.4160022e+02   1.9906500e+01
   5.7284168e-01   1.4639988e+02   1.5760400e+01
   5.7284168e-01   1.5120012e+02   1.1931400e+01
   5.7284168e-01   1.5599979e+02   8.5161100e+00
   5.7284168e-01   1.6080003e+02   5.6001400e+00
   5.7284168e-01   1.6560027e+02   3.2561600e+00
   5.7284168e-01   1.7039994e+02   1.5416000e+00
   5.7284168e-01   1.7520018e+02   4.9693500e-01
   5.7284168e-01   1.7999985e+02   1.4468200e-01
   5.7284168e-01   1.8480009e+02   4.8879200e-01
   5.7284168e-01   1.8959976e+02   1.5147100e+00
   5.7284168e-01   1.9440000e+02   3.1899500e+00
   5.7284168e-01   1.9920024e+02   5.4652400e+00
   5.7284168e-01   2.0399990e+02   8.2761000e+00
   5.7284168e-01   2.0880014e+02   1.1544900e+01
   5.7284168e-01   2.1359981e+02   1.5183100e+01
   5.7284168e-01   2.1840005e+02   1.9094000e+01
   5.7284168e-01   2.2319972e+02   2.3175600e+01
   5.7284168e-01   2.2799996e+02   2.7323000e+01
   5.7284168e-01   2.3280020e+02   3.1431700e+01
   5.7284168e-01   2.3759987e+02   3.5399800e+01
   5.7284168e-01   2.4240011e+02   3.9131100e+01
   5.7284168e-01   2.4719978e+02   4.2536700e+01
   5.7457256e-01   1.0800025e+02   4.8255200e+01
   5.7457256e-01   1.1279992e+02   4.4897100e+01
   5.7457256e-01   1.1760016e+02   4.1133200e+01
   5.7457256e-01   1.2239983e+02   3.7051800e+01
   5.7457256e-01   1.2720007e+02   3.2750400e+01
   5.7457256e-01   1.3199974e+02   2.8333300e+01
   5.7457256e-01   1.3679998e+02   2.3909000e+01
   5.7457256e-01   1.4160022e+02   1.9587500e+01
   5.7457256e-01   1.4639988e+02   1.5476800e+01
   5.7457256e-01   1.5120012e+02   1.1680600e+01
   5.7457256e-01   1.5599979e+02   8.2945600e+00
   5.7457256e-01   1.6080003e+02   5.4038500e+00
   5.7457256e-01   1.6560027e+02   3.0806900e+00
   5.7457256e-01   1.7039994e+02   1.3820800e+00
   5.7457256e-01   1.7520018e+02   3.4823500e-01
   5.7457256e-01   1.7999985e+02   1.5077300e-03
   5.7457256e-01   1.8480009e+02   3.4580900e-01
   5.7457256e-01   1.8959976e+02   1.3666600e+00
   5.7457256e-01   1.9440000e+02   3.0317600e+00
   5.7457256e-01   1.9920024e+02   5.2921400e+00
   5.7457256e-01   2.0399990e+02   8.0837100e+00
   5.7457256e-01   2.0880014e+02   1.1329300e+01
   5.7457256e-01   2.1359981e+02   1.4940900e+01
   5.7457256e-01   2.1840005e+02   1.8822600e+01
   5.7457256e-01   2.2319972e+02   2.2872600e+01
   5.7457256e-01   2.2799996e+02   2.6987100e+01
   5.7457256e-01   2.3280020e+02   3.1061900e+01
   5.7457256e-01   2.3759987e+02   3.4995900e+01
   5.7457256e-01   2.4240011e+02   3.8693400e+01
   5.7457256e-01   2.4719978e+02   4.2066100e+01
   5.7630253e-01   1.0800025e+02   4.7904600e+01
   5.7630253e-01   1.1279992e+02   4.4582400e+01
   5.7630253e-01   1.1760016e+02   4.0856300e+01
   5.7630253e-01   1.2239983e+02   3.6813900e+01
   5.7630253e-01   1.2720007e+02   3.2552200e+01
   5.7630253e-01   1.3199974e+02   2.8174800e+01
   5.7630253e-01   1.3679998e+02   2.3789500e+01
   5.7630253e-01   1.4160022e+02   1.9505500e+01
   5.7630253e-01   1.4639988e+02   1.5430300e+01
   5.7630253e-01   1.5120012e+02   1.1666800e+01
   5.7630253e-01   1.5599979e+02   8.3099900e+00
   5.7630253e-01   1.6080003e+02   5.4445500e+00
   5.7630253e-01   1.6560027e+02   3.1421900e+00
   5.7630253e-01   1.7039994e+02   1.4595300e+00
   5.7630253e-01   1.7520018e+02   4.3651300e-01
   5.7630253e-01   1.7999985e+02   9.5325600e-02
   5.7630253e-01   1.8480009e+02   4.3983800e-01
   5.7630253e-01   1.8959976e+02   1.4556400e+00
   5.7630253e-01   1.9440000e+02   3.1106500e+00
   5.7630253e-01   1.9920024e+02   5.3561600e+00
   5.7630253e-01   2.0399990e+02   8.1284800e+00
   5.7630253e-01   2.0880014e+02   1.1350900e+01
   5.7630253e-01   2.1359981e+02   1.4936100e+01
   5.7630253e-01   2.1840005e+02   1.8788400e+01
   5.7630253e-01   2.2319972e+02   2.2807100e+01
   5.7630253e-01   2.2799996e+02   2.6888600e+01
   5.7630253e-01   2.3280020e+02   3.0929600e+01
   5.7630253e-01   2.3759987e+02   3.4829600e+01
   5.7630253e-01   2.4240011e+02   3.8493400e+01
   5.7630253e-01   2.4719978e+02   4.1833100e+01
   5.7803156e-01   1.0800025e+02   4.7803800e+01
   5.7803156e-01   1.1279992e+02   4.4517500e+01
   5.7803156e-01   1.1760016e+02   4.0829000e+01
   5.7803156e-01   1.2239983e+02   3.6825700e+01
   5.7803156e-01   1.2720007e+02   3.2603600e+01
   5.7803156e-01   1.3199974e+02   2.8265800e+01
   5.7803156e-01   1.3679998e+02   2.3919400e+01
   5.7803156e-01   1.4160022e+02   1.9673000e+01
   5.7803156e-01   1.4639988e+02   1.5633200e+01
   5.7803156e-01   1.5120012e+02   1.1902300e+01
   5.7803156e-01   1.5599979e+02   8.5747500e+00
   5.7803156e-01   1.6080003e+02   5.7345700e+00
   5.7803156e-01   1.6560027e+02   3.4530000e+00
   5.7803156e-01   1.7039994e+02   1.7862800e+00
   5.7803156e-01   1.7520018e+02   7.7409800e-01
   5.7803156e-01   1.7999985e+02   4.3846300e-01
   5.7803156e-01   1.8480009e+02   7.8320800e-01
   5.7803156e-01   1.8959976e+02   1.7940000e+00
   5.7803156e-01   1.9440000e+02   3.4389400e+00
   5.7803156e-01   1.9920024e+02   5.6696300e+00
   5.7803156e-01   2.0399990e+02   8.4227600e+00
   5.7803156e-01   2.0880014e+02   1.1622100e+01
   5.7803156e-01   2.1359981e+02   1.5180800e+01
   5.7803156e-01   2.1840005e+02   1.9003900e+01
   5.7803156e-01   2.2319972e+02   2.2991200e+01
   5.7803156e-01   2.2799996e+02   2.7039800e+01
   5.7803156e-01   2.3280020e+02   3.1047100e+01
   5.7803156e-01   2.3759987e+02   3.4913100e+01
   5.7803156e-01   2.4240011e+02   3.8543200e+01
   5.7803156e-01   2.4719978e+02   4.1850200e+01
   5.7975964e-01   1.0800025e+02   4.7964800e+01
   5.7975964e-01   1.1279992e+02   4.4714200e+01
   5.7975964e-01   1.1760016e+02   4.1063400e+01
   5.7975964e-01   1.2239983e+02   3.7099000e+01
   5.7975964e-01   1.2720007e+02   3.2916500e+01
   5.7975964e-01   1.3199974e+02   2.8618300e+01
   5.7975964e-01   1.3679998e+02   2.4310800e+01
   5.7975964e-01   1.4160022e+02   2.0101900e+01
   5.7975964e-01   1.4639988e+02   1.6097500e+01
   5.7975964e-01   1.5120012e+02   1.2399200e+01
   5.7975964e-01   1.5599979e+02   9.1008400e+00
   5.7975964e-01   1.6080003e+02   6.2858800e+00
   5.7975964e-01   1.6560027e+02   4.0250800e+00
   5.7975964e-01   1.7039994e+02   2.3743100e+00
   5.7975964e-01   1.7520018e+02   1.3729700e+00
   5.7975964e-01   1.7999985e+02   1.0429000e+00
   5.7975964e-01   1.8480009e+02   1.3879000e+00
   5.7975964e-01   1.8959976e+02   2.3937100e+00
   5.7975964e-01   1.9440000e+02   4.0286200e+00
   5.7975964e-01   1.9920024e+02   6.2445300e+00
   5.7975964e-01   2.0399990e+02   8.9785200e+00
   5.7975964e-01   2.0880014e+02   1.2154800e+01
   5.7975964e-01   2.1359981e+02   1.5687100e+01
   5.7975964e-01   2.1840005e+02   1.9481100e+01
   5.7975964e-01   2.2319972e+02   2.3437100e+01
   5.7975964e-01   2.2799996e+02   2.7452900e+01
   5.7975964e-01   2.3280020e+02   3.1426500e+01
   5.7975964e-01   2.3759987e+02   3.5258600e+01
   5.7975964e-01   2.4240011e+02   3.8855100e+01
   5.7975964e-01   2.4719978e+02   4.2129400e+01
   5.8148674e-01   1.0800025e+02   4.8399200e+01
   5.8148674e-01   1.1279992e+02   4.5184400e+01
   5.8148674e-01   1.1760016e+02   4.1571100e+01
   5.8148674e-01   1.2239983e+02   3.7645500e+01
   5.8148674e-01   1.2720007e+02   3.3502600e+01
   5.8148674e-01   1.3199974e+02   2.9243900e+01
   5.8148674e-01   1.3679998e+02   2.4975300e+01
   5.8148674e-01   1.4160022e+02   2.0803800e+01
   5.8148674e-01   1.4639988e+02   1.6834800e+01
   5.8148674e-01   1.5120012e+02   1.3169100e+01
   5.8148674e-01   1.5599979e+02   9.8998400e+00
   5.8148674e-01   1.6080003e+02   7.1100900e+00
   5.8148674e-01   1.6560027e+02   4.8700600e+00
   5.8148674e-01   1.7039994e+02   3.2352300e+00
   5.8148674e-01   1.7520018e+02   2.2447200e+00
   5.8148674e-01   1.7999985e+02   1.9202300e+00
   5.8148674e-01   1.8480009e+02   2.2655100e+00
   5.8148674e-01   1.8959976e+02   3.2663800e+00
   5.8148674e-01   1.9440000e+02   4.8912900e+00
   5.8148674e-01   1.9920024e+02   7.0924600e+00
   5.8148674e-01   2.0399990e+02   9.8073700e+00
   5.8148674e-01   2.0880014e+02   1.2960700e+01
   5.8148674e-01   2.1359981e+02   1.6466700e+01
   5.8148674e-01   2.1840005e+02   2.0231600e+01
   5.8148674e-01   2.2319972e+02   2.4156400e+01
   5.8148674e-01   2.2799996e+02   2.8139500e+01
   5.8148674e-01   2.3280020e+02   3.2079400e+01
   5.8148674e-01   2.3759987e+02   3.5877600e+01
   5.8148674e-01   2.4240011e+02   3.9440600e+01
   5.8148674e-01   2.4719978e+02   4.2682300e+01
   5.8321284e-01   1.0800025e+02   4.9118300e+01
   5.8321284e-01   1.1279992e+02   4.5939100e+01
   5.8321284e-01   1.1760016e+02   4.2363400e+01
   5.8321284e-01   1.2239983e+02   3.8476600e+01
   5.8321284e-01   1.2720007e+02   3.4373100e+01
   5.8321284e-01   1.3199974e+02   3.0154000e+01
   5.8321284e-01   1.3679998e+02   2.5924100e+01
   5.8321284e-01   1.4160022e+02   2.1790000e+01
   5.8321284e-01   1.4639988e+02   1.7856300e+01
   5.8321284e-01   1.5120012e+02   1.4223100e+01
   5.8321284e-01   1.5599979e+02   1.0983000e+01
   5.8321284e-01   1.6080003e+02   8.2184200e+00
   5.8321284e-01   1.6560027e+02   5.9991400e+00
   5.8321284e-01   1.7039994e+02   4.3802400e+00
   5.8321284e-01   1.7520018e+02   3.4005700e+00
   5.8321284e-01   1.7999985e+02   3.0816800e+00
   5.8321284e-01   1.8480009e+02   3.4272600e+00
   5.8321284e-01   1.8959976e+02   4.4232000e+00
   5.8321284e-01   1.9440000e+02   6.0381700e+00
   5.8321284e-01   1.9920024e+02   8.2246600e+00
   5.8321284e-01   2.0399990e+02   1.0920500e+01
   5.8321284e-01   2.0880014e+02   1.4050900e+01
   5.8321284e-01   2.1359981e+02   1.7530700e+01
   5.8321284e-01   2.1840005e+02   2.1266600e+01
   5.8321284e-01   2.2319972e+02   2.5160200e+01
   5.8321284e-01   2.2799996e+02   2.9110600e+01
   5.8321284e-01   2.3280020e+02   3.3017100e+01
   5.8321284e-01   2.3759987e+02   3.6781500e+01
   5.8321284e-01   2.4240011e+02   4.0311000e+01
   5.8321284e-01   2.4719978e+02   4.3520100e+01
   5.8493792e-01   1.0800025e+02   5.0133000e+01
   5.8493792e-01   1.1279992e+02   4.6989400e+01
   5.8493792e-01   1.1760016e+02   4.3451100e+01
   5.8493792e-01   1.2239983e+02   3.9603100e+01
   5.8493792e-01   1.2720007e+02   3.5538900e+01
   5.8493792e-01   1.3199974e+02   3.1359200e+01
   5.8493792e-01   1.3679998e+02   2.7168100e+01
   5.8493792e-01   1.4160022e+02   2.3071300e+01
   5.8493792e-01   1.4639988e+02   1.9172800e+01
   5.8493792e-01   1.5120012e+02   1.5572100e+01
   5.8493792e-01   1.5599979e+02   1.2361100e+01
   5.8493792e-01   1.6080003e+02   9.6216600e+00
   5.8493792e-01   1.6560027e+02   7.4231100e+00
   5.8493792e-01   1.7039994e+02   5.8201300e+00
   5.8493792e-01   1.7520018e+02   4.8513100e+00
   5.8493792e-01   1.7999985e+02   4.5380200e+00
   5.8493792e-01   1.8480009e+02   4.8839300e+00
   5.8493792e-01   1.8959976e+02   5.8749900e+00
   5.8493792e-01   1.9440000e+02   7.4800500e+00
   5.8493792e-01   1.9920024e+02   9.6519000e+00
   5.8493792e-01   2.0399990e+02   1.2328800e+01
   5.8493792e-01   2.0880014e+02   1.5436400e+01
   5.8493792e-01   2.1359981e+02   1.8889900e+01
   5.8493792e-01   2.1840005e+02   2.2596900e+01
   5.8493792e-01   2.2319972e+02   2.6459400e+01
   5.8493792e-01   2.2799996e+02   3.0377300e+01
   5.8493792e-01   2.3280020e+02   3.4250300e+01
   5.8493792e-01   2.3759987e+02   3.7981000e+01
   5.8493792e-01   2.4240011e+02   4.1477200e+01
   5.8493792e-01   2.4719978e+02   4.4653800e+01
   5.8666196e-01   1.0800025e+02   5.1453600e+01
   5.8666196e-01   1.1279992e+02   4.8345500e+01
   5.8666196e-01   1.1760016e+02   4.4844600e+01
   5.8666196e-01   1.2239983e+02   4.1035200e+01
   5.8666196e-01   1.2720007e+02   3.7010400e+01
   5.8666196e-01   1.3199974e+02   3.2870000e+01
   5.8666196e-01   1.3679998e+02   2.8717500e+01
   5.8666196e-01   1.4160022e+02   2.4658000e+01
   5.8666196e-01   1.4639988e+02   2.0794700e+01
   5.8666196e-01   1.5120012e+02   1.7226400e+01
   5.8666196e-01   1.5599979e+02   1.4044500e+01
   5.8666196e-01   1.6080003e+02   1.1330200e+01
   5.8666196e-01   1.6560027e+02   9.1523400e+00
   5.8666196e-01   1.7039994e+02   7.5652800e+00
   5.8666196e-01   1.7520018e+02   6.6073000e+00
   5.8666196e-01   1.7999985e+02   6.2996300e+00
   5.8666196e-01   1.8480009e+02   6.6458800e+00
   5.8666196e-01   1.8959976e+02   7.6320900e+00
   5.8666196e-01   1.9440000e+02   9.2272900e+00
   5.8666196e-01   1.9920024e+02   1.1384600e+01
   5.8666196e-01   2.0399990e+02   1.4042500e+01
   5.8666196e-01   2.0880014e+02   1.7127300e+01
   5.8666196e-01   2.1359981e+02   2.0554800e+01
   5.8666196e-01   2.1840005e+02   2.4232900e+01
   5.8666196e-01   2.2319972e+02   2.8064400e+01
   5.8666196e-01   2.2799996e+02   3.1949800e+01
   5.8666196e-01   2.3280020e+02   3.5789500e+01
   5.8666196e-01   2.3759987e+02   3.9486600e+01
   5.8666196e-01   2.4240011e+02   4.2949500e+01
   5.8666196e-01   2.4719978e+02   4.6093600e+01
   5.8838494e-01   1.0800025e+02   5.3090200e+01
   5.8838494e-01   1.1279992e+02   5.0017500e+01
   5.8838494e-01   1.1760016e+02   4.6553900e+01
   5.8838494e-01   1.2239983e+02   4.2783100e+01
   5.8838494e-01   1.2720007e+02   3.8797500e+01
   5.8838494e-01   1.3199974e+02   3.4696300e+01
   5.8838494e-01   1.3679998e+02   3.0582500e+01
   5.8838494e-01   1.4160022e+02   2.6560100e+01
   5.8838494e-01   1.4639988e+02   2.2731900e+01
   5.8838494e-01   1.5120012e+02   1.9196000e+01
   5.8838494e-01   1.5599979e+02   1.6043100e+01
   5.8838494e-01   1.6080003e+02   1.3353900e+01
   5.8838494e-01   1.6560027e+02   1.1196700e+01
   5.8838494e-01   1.7039994e+02   9.6255800e+00
   5.8838494e-01   1.7520018e+02   8.6784500e+00
   5.8838494e-01   1.7999985e+02   8.3764000e+00
   5.8838494e-01   1.8480009e+02   8.7230200e+00
   5.8838494e-01   1.8959976e+02   9.7044200e+00
   5.8838494e-01   1.9440000e+02   1.1289800e+01
   5.8838494e-01   1.9920024e+02   1.3432500e+01
   5.8838494e-01   2.0399990e+02   1.6071700e+01
   5.8838494e-01   2.0880014e+02   1.9133800e+01
   5.8838494e-01   2.1359981e+02   2.2535200e+01
   5.8838494e-01   2.1840005e+02   2.6184500e+01
   5.8838494e-01   2.2319972e+02   2.9985200e+01
   5.8838494e-01   2.2799996e+02   3.3838100e+01
   5.8838494e-01   2.3280020e+02   3.7644500e+01
   5.8838494e-01   2.3759987e+02   4.1308200e+01
   5.8838494e-01   2.4240011e+02   4.4737800e+01
   5.8838494e-01   2.4719978e+02   4.7849700e+01
   5.9010683e-01   1.0800025e+02   5.5052300e+01
   5.9010683e-01   1.1279992e+02   5.2014900e+01
   5.9010683e-01   1.1760016e+02   4.8588500e+01
   5.9010683e-01   1.2239983e+02   4.4856100e+01
   5.9010683e-01   1.2720007e+02   4.0909700e+01
   5.9010683e-01   1.3199974e+02   3.6847700e+01
   5.9010683e-01   1.3679998e+02   3.2772300e+01
   5.9010683e-01   1.4160022e+02   2.8787100e+01
   5.9010683e-01   1.4639988e+02   2.4994000e+01
   5.9010683e-01   1.5120012e+02   2.1490400e+01
   5.9010683e-01   1.5599979e+02   1.8366400e+01
   5.9010683e-01   1.6080003e+02   1.5702300e+01
   5.9010683e-01   1.6560027e+02   1.3565800e+01
   5.9010683e-01   1.7039994e+02   1.2010500e+01
   5.9010683e-01   1.7520018e+02   1.1074200e+01
   5.9010683e-01   1.7999985e+02   1.0777800e+01
   5.9010683e-01   1.8480009e+02   1.1124800e+01
   5.9010683e-01   1.8959976e+02   1.2101400e+01
   5.9010683e-01   1.9440000e+02   1.3677000e+01
   5.9010683e-01   1.9920024e+02   1.5805300e+01
   5.9010683e-01   2.0399990e+02   1.8425700e+01
   5.9010683e-01   2.0880014e+02   2.1465100e+01
   5.9010683e-01   2.1359981e+02   2.4840600e+01
   5.9010683e-01   2.1840005e+02   2.8461200e+01
   5.9010683e-01   2.2319972e+02   3.2231100e+01
   5.9010683e-01   2.2799996e+02   3.6051800e+01
   5.9010683e-01   2.3280020e+02   3.9825000e+01
   5.9010683e-01   2.3759987e+02   4.3455200e+01
   5.9010683e-01   2.4240011e+02   4.6851800e+01
   5.9010683e-01   2.4719978e+02   4.9931400e+01
   5.9182763e-01   1.0800025e+02   5.7348900e+01
   5.9182763e-01   1.1279992e+02   5.4346800e+01
   5.9182763e-01   1.1760016e+02   5.0957400e+01
   5.9182763e-01   1.2239983e+02   4.7263400e+01
   5.9182763e-01   1.2720007e+02   4.3356100e+01
   5.9182763e-01   1.3199974e+02   3.9333100e+01
   5.9182763e-01   1.3679998e+02   3.5296100e+01
   5.9182763e-01   1.4160022e+02   3.1347900e+01
   5.9182763e-01   1.4639988e+02   2.7589800e+01
   5.9182763e-01   1.5120012e+02   2.4118500e+01
   5.9182763e-01   1.5599979e+02   2.1023400e+01
   5.9182763e-01   1.6080003e+02   1.8384200e+01
   5.9182763e-01   1.6560027e+02   1.6268400e+01
   5.9182763e-01   1.7039994e+02   1.4728900e+01
   5.9182763e-01   1.7520018e+02   1.3803500e+01
   5.9182763e-01   1.7999985e+02   1.3512700e+01
   5.9182763e-01   1.8480009e+02   1.3860200e+01
   5.9182763e-01   1.8959976e+02   1.4832000e+01
   5.9182763e-01   1.9440000e+02   1.6397900e+01
   5.9182763e-01   1.9920024e+02   1.8511800e+01
   5.9182763e-01   2.0399990e+02   2.1113400e+01
   5.9182763e-01   2.0880014e+02   2.4130400e+01
   5.9182763e-01   2.1359981e+02   2.7480000e+01
   5.9182763e-01   2.1840005e+02   3.1072000e+01
   5.9182763e-01   2.2319972e+02   3.4811200e+01
   5.9182763e-01   2.2799996e+02   3.8599700e+01
   5.9182763e-01   2.3280020e+02   4.2339800e+01
   5.9182763e-01   2.3759987e+02   4.5936700e+01
   5.9182763e-01   2.4240011e+02   4.9300400e+01
   5.9182763e-01   2.4719978e+02   5.2347900e+01
   5.9354730e-01   1.0800025e+02   5.9988500e+01
   5.9354730e-01   1.1279992e+02   5.7021500e+01
   5.9354730e-01   1.1760016e+02   5.3669100e+01
   5.9354730e-01   1.2239983e+02   5.0013400e+01
   5.9354730e-01   1.2720007e+02   4.6145000e+01
   5.9354730e-01   1.3199974e+02   4.2161000e+01
   5.9354730e-01   1.3679998e+02   3.8162400e+01
   5.9354730e-01   1.4160022e+02   3.4251100e+01
   5.9354730e-01   1.4639988e+02   3.0527900e+01
   5.9354730e-01   1.5120012e+02   2.7088700e+01
   5.9354730e-01   1.5599979e+02   2.4022500e+01
   5.9354730e-01   1.6080003e+02   2.1408300e+01
   5.9354730e-01   1.6560027e+02   1.9313000e+01
   5.9354730e-01   1.7039994e+02   1.7789500e+01
   5.9354730e-01   1.7520018e+02   1.6874900e+01
   5.9354730e-01   1.7999985e+02   1.6589800e+01
   5.9354730e-01   1.8480009e+02   1.6937600e+01
   5.9354730e-01   1.8959976e+02   1.7904800e+01
   5.9354730e-01   1.9440000e+02   1.9461000e+01
   5.9354730e-01   1.9920024e+02   2.1560500e+01
   5.9354730e-01   2.0399990e+02   2.4143500e+01
   5.9354730e-01   2.0880014e+02   2.7138000e+01
   5.9354730e-01   2.1359981e+02   3.0461800e+01
   5.9354730e-01   2.1840005e+02   3.4025400e+01
   5.9354730e-01   2.2319972e+02   3.7733900e+01
   5.9354730e-01   2.2799996e+02   4.1490300e+01
   5.9354730e-01   2.3280020e+02   4.5197600e+01
   5.9354730e-01   2.3759987e+02   4.8761300e+01
   5.9354730e-01   2.4240011e+02   5.2092000e+01
   5.9354730e-01   2.4719978e+02   5.5107500e+01
   5.9526582e-01   1.0800025e+02   6.2979300e+01
   5.9526582e-01   1.1279992e+02   6.0047300e+01
   5.9526582e-01   1.1760016e+02   5.6731700e+01
   5.9526582e-01   1.2239983e+02   5.3114100e+01
   5.9526582e-01   1.2720007e+02   4.9284600e+01
   5.9526582e-01   1.3199974e+02   4.5339500e+01
   5.9526582e-01   1.3679998e+02   4.1379000e+01
   5.9526582e-01   1.4160022e+02   3.7504700e+01
   5.9526582e-01   1.4639988e+02   3.3816300e+01
   5.9526582e-01   1.5120012e+02   3.0409200e+01
   5.9526582e-01   1.5599979e+02   2.7371800e+01
   5.9526582e-01   1.6080003e+02   2.4782500e+01
   5.9526582e-01   1.6560027e+02   2.2707700e+01
   5.9526582e-01   1.7039994e+02   2.1200000e+01
   5.9526582e-01   1.7520018e+02   2.0296200e+01
   5.9526582e-01   1.7999985e+02   2.0016800e+01
   5.9526582e-01   1.8480009e+02   2.0365100e+01
   5.9526582e-01   1.8959976e+02   2.1327600e+01
   5.9526582e-01   1.9440000e+02   2.2874200e+01
   5.9526582e-01   1.9920024e+02   2.4959500e+01
   5.9526582e-01   2.0399990e+02   2.7523900e+01
   5.9526582e-01   2.0880014e+02   3.0496000e+01
   5.9526582e-01   2.1359981e+02   3.3794100e+01
   5.9526582e-01   2.1840005e+02   3.7329300e+01
   5.9526582e-01   2.2319972e+02   4.1007400e+01
   5.9526582e-01   2.2799996e+02   4.4731800e+01
   5.9526582e-01   2.3280020e+02   4.8406200e+01
   5.9526582e-01   2.3759987e+02   5.1936800e+01
   5.9526582e-01   2.4240011e+02   5.5234800e+01
   5.9526582e-01   2.4719978e+02   5.8218500e+01
   5.9698317e-01   1.0800025e+02   6.6328700e+01
   5.9698317e-01   1.1279992e+02   6.3431500e+01
   5.9698317e-01   1.1760016e+02   6.0152700e+01
   5.9698317e-01   1.2239983e+02   5.6573200e+01
   5.9698317e-01   1.2720007e+02   5.2782400e+01
   5.9698317e-01   1.3199974e+02   4.8876000e+01
   5.9698317e-01   1.3679998e+02   4.4953700e+01
   5.9698317e-01   1.4160022e+02   4.1116100e+01
   5.9698317e-01   1.4639988e+02   3.7462400e+01
   5.9698317e-01   1.5120012e+02   3.4087400e+01
   5.9698317e-01   1.5599979e+02   3.1078700e+01
   5.9698317e-01   1.6080003e+02   2.8514200e+01
   5.9698317e-01   1.6560027e+02   2.6460000e+01
   5.9698317e-01   1.7039994e+02   2.4968100e+01
   5.9698317e-01   1.7520018e+02   2.4075100e+01
   5.9698317e-01   1.7999985e+02   2.3801400e+01
   5.9698317e-01   1.8480009e+02   2.4150200e+01
   5.9698317e-01   1.8959976e+02   2.5108000e+01
   5.9698317e-01   1.9440000e+02   2.6645100e+01
   5.9698317e-01   1.9920024e+02   2.8716100e+01
   5.9698317e-01   2.0399990e+02   3.1262000e+01
   5.9698317e-01   2.0880014e+02   3.4211800e+01
   5.9698317e-01   2.1359981e+02   3.7484400e+01
   5.9698317e-01   2.1840005e+02   4.0991300e+01
   5.9698317e-01   2.2319972e+02   4.4639000e+01
   5.9698317e-01   2.2799996e+02   4.8331600e+01
   5.9698317e-01   2.3280020e+02   5.1973300e+01
   5.9698317e-01   2.3759987e+02   5.5470900e+01
   5.9698317e-01   2.4240011e+02   5.8736300e+01
   5.9698317e-01   2.4719978e+02   6.1688200e+01
   5.9869934e-01   1.0800025e+02   7.0043800e+01
   5.9869934e-01   1.1279992e+02   6.7181400e+01
   5.9869934e-01   1.1760016e+02   6.3939200e+01
   5.9869934e-01   1.2239983e+02   6.0397600e+01
   5.9869934e-01   1.2720007e+02   5.6645400e+01
   5.9869934e-01   1.3199974e+02   5.2777600e+01
   5.9869934e-01   1.3679998e+02   4.8893300e+01
   5.9869934e-01   1.4160022e+02   4.5092300e+01
   5.9869934e-01   1.4639988e+02   4.1473300e+01
   5.9869934e-01   1.5120012e+02   3.8130200e+01
   5.9869934e-01   1.5599979e+02   3.5150100e+01
   5.9869934e-01   1.6080003e+02   3.2610500e+01
   5.9869934e-01   1.6560027e+02   3.0576800e+01
   5.9869934e-01   1.7039994e+02   2.9100600e+01
   5.9869934e-01   1.7520018e+02   2.8218500e+01
   5.9869934e-01   1.7999985e+02   2.7950400e+01
   5.9869934e-01   1.8480009e+02   2.8299700e+01
   5.9869934e-01   1.8959976e+02   2.9253000e+01
   5.9869934e-01   1.9440000e+02   3.0780500e+01
   5.9869934e-01   1.9920024e+02   3.2837400e+01
   5.9869934e-01   2.0399990e+02   3.5364900e+01
   5.9869934e-01   2.0880014e+02   3.8292500e+01
   5.9869934e-01   2.1359981e+02   4.1539600e+01
   5.9869934e-01   2.1840005e+02   4.5018300e+01
   5.9869934e-01   2.2319972e+02   4.8635800e+01
   5.9869934e-01   2.2799996e+02   5.2296600e+01
   5.9869934e-01   2.3280020e+02   5.5905700e+01
   5.9869934e-01   2.3759987e+02   5.9370600e+01
   5.9869934e-01   2.4240011e+02   6.2603400e+01
   5.9869934e-01   2.4719978e+02   6.5523700e+01
   6.0041430e-01   1.0800025e+02   7.4131100e+01
   6.0041430e-01   1.1279992e+02   7.1303300e+01
   6.0041430e-01   1.1760016e+02   6.8097600e+01
   6.0041430e-01   1.2239983e+02   6.4593700e+01
   6.0041430e-01   1.2720007e+02   6.0880000e+01
   6.0041430e-01   1.3199974e+02   5.7050800e+01
   6.0041430e-01   1.3679998e+02   5.3204300e+01
   6.0041430e-01   1.4160022e+02   4.9439900e+01
   6.0041430e-01   1.4639988e+02   4.5855400e+01
   6.0041430e-01   1.5120012e+02   4.2544200e+01
   6.0041430e-01   1.5599979e+02   3.9592700e+01
   6.0041430e-01   1.6080003e+02   3.7077800e+01
   6.0041430e-01   1.6560027e+02   3.5064500e+01
   6.0041430e-01   1.7039994e+02   3.3604100e+01
   6.0041430e-01   1.7520018e+02   3.2732700e+01
   6.0041430e-01   1.7999985e+02   3.2470300e+01
   6.0041430e-01   1.8480009e+02   3.2820200e+01
   6.0041430e-01   1.8959976e+02   3.3768900e+01
   6.0041430e-01   1.9440000e+02   3.5287000e+01
   6.0041430e-01   1.9920024e+02   3.7329800e+01
   6.0041430e-01   2.0399990e+02   3.9839000e+01
   6.0041430e-01   2.0880014e+02   4.2744400e+01
   6.0041430e-01   2.1359981e+02   4.5966200e+01
   6.0041430e-01   2.1840005e+02   4.9416800e+01
   6.0041430e-01   2.2319972e+02   5.3004100e+01
   6.0041430e-01   2.2799996e+02   5.6633400e+01
   6.0041430e-01   2.3280020e+02   6.0210100e+01
   6.0041430e-01   2.3759987e+02   6.3642200e+01
   6.0041430e-01   2.4240011e+02   6.6842700e+01
   6.0041430e-01   2.4719978e+02   6.9731500e+01
   6.0212802e-01   1.0800025e+02   7.8596600e+01
   6.0212802e-01   1.1279992e+02   7.5803300e+01
   6.0212802e-01   1.1760016e+02   7.2633900e+01
   6.0212802e-01   1.2239983e+02   6.9167700e+01
   6.0212802e-01   1.2720007e+02   6.5492300e+01
   6.0212802e-01   1.3199974e+02   6.1701500e+01
   6.0212802e-01   1.3679998e+02   5.7892700e+01
   6.0212802e-01   1.4160022e+02   5.4164800e+01
   6.0212802e-01   1.4639988e+02   5.0614700e+01
   6.0212802e-01   1.5120012e+02   4.7335200e+01
   6.0212802e-01   1.5599979e+02   4.4412200e+01
   6.0212802e-01   1.6080003e+02   4.1922000e+01
   6.0212802e-01   1.6560027e+02   3.9929100e+01
   6.0212802e-01   1.7039994e+02   3.8484400e+01
   6.0212802e-01   1.7520018e+02   3.7623800e+01
   6.0212802e-01   1.7999985e+02   3.7367100e+01
   6.0212802e-01   1.8480009e+02   3.7717500e+01
   6.0212802e-01   1.8959976e+02   3.8661700e+01
   6.0212802e-01   1.9440000e+02   4.0170400e+01
   6.0212802e-01   1.9920024e+02   4.2199200e+01
   6.0212802e-01   2.0399990e+02   4.4690200e+01
   6.0212802e-01   2.0880014e+02   4.7573600e+01
   6.0212802e-01   2.1359981e+02   5.0770100e+01
   6.0212802e-01   2.1840005e+02   5.4192800e+01
   6.0212802e-01   2.2319972e+02   5.7750100e+01
   6.0212802e-01   2.2799996e+02   6.1347900e+01
   6.0212802e-01   2.3280020e+02   6.4892200e+01
   6.0212802e-01   2.3759987e+02   6.8291800e+01
   6.0212802e-01   2.4240011e+02   7.1460100e+01
   6.0212802e-01   2.4719978e+02   7.4317500e+01
