#sin^2(theta23) Delta_CP/deg Delta_chi^2
   4.5466419e-01   1.2599972e+02   8.9813300e+01
   4.5466419e-01   1.3139985e+02   8.1752700e+01
   4.5466419e-01   1.3679998e+02   7.3757700e+01
   4.5466419e-01   1.4220010e+02   6.5975600e+01
   4.5466419e-01   1.4760023e+02   5.8538600e+01
   4.5466419e-01   1.5299978e+02   5.1561900e+01
   4.5466419e-01   1.5839991e+02   4.5140800e+01
   4.5466419e-01   1.6380004e+02   3.9350200e+01
   4.5466419e-01   1.6920017e+02   3.4243600e+01
   4.5466419e-01   1.7459972e+02   2.9853500e+01
   4.5466419e-01   1.7999985e+02   2.6191600e+01
   4.5466419e-01   1.8539998e+02   2.3250400e+01
   4.5466419e-01   1.9080010e+02   2.1004800e+01
   4.5466419e-01   1.9620023e+02   1.9413700e+01
   4.5466419e-01   2.0159978e+02   1.8423000e+01
   4.5466419e-01   2.0699991e+02   1.7967700e+01
   4.5466419e-01   2.1240004e+02   1.7974900e+01
   4.5466419e-01   2.1780017e+02   1.8366600e+01
   4.5466419e-01   2.2319972e+02   1.9062700e+01
   4.5466419e-01   2.2859985e+02   1.9983500e+01
   4.5466419e-01   2.3399997e+02   2.1053100e+01
   4.5466419e-01   2.3940010e+02   2.2201700e+01
   4.5466419e-01   2.4480023e+02   2.3367600e+01
   4.5466419e-01   2.5019978e+02   2.4500100e+01
   4.5466419e-01   2.5559991e+02   2.5560300e+01
   4.5466419e-01   2.6100004e+02   2.6523100e+01
   4.5466419e-01   2.6640016e+02   2.7377700e+01
   4.5466419e-01   2.7179972e+02   2.8127700e+01
   4.5466419e-01   2.7719985e+02   2.8791700e+01
   4.5466419e-01   2.8259997e+02   2.9401700e+01
   4.5765263e-01   1.2599972e+02   8.4688600e+01
   4.5765263e-01   1.3139985e+02   7.6763400e+01
   4.5765263e-01   1.3679998e+02   6.8909200e+01
   4.5765263e-01   1.4220010e+02   6.1271000e+01
   4.5765263e-01   1.4760023e+02   5.3979400e+01
   4.5765263e-01   1.5299978e+02   4.7147200e+01
   4.5765263e-01   1.5839991e+02   4.0868400e+01
   4.5765263e-01   1.6380004e+02   3.5216300e+01
   4.5765263e-01   1.6920017e+02   3.0243100e+01
   4.5765263e-01   1.7459972e+02   2.5980100e+01
   4.5765263e-01   1.7999985e+02   2.2438400e+01
   4.5765263e-01   1.8539998e+02   1.9609700e+01
   4.5765263e-01   1.9080010e+02   1.7468400e+01
   4.5765263e-01   1.9620023e+02   1.5973300e+01
   4.5765263e-01   2.0159978e+02   1.5070000e+01
   4.5765263e-01   2.0699991e+02   1.4693700e+01
   4.5765263e-01   2.1240004e+02   1.4771400e+01
   4.5765263e-01   2.1780017e+02   1.5225500e+01
   4.5765263e-01   2.2319972e+02   1.5976000e+01
   4.5765263e-01   2.2859985e+02   1.6943700e+01
   4.5765263e-01   2.3399997e+02   1.8053100e+01
   4.5765263e-01   2.3940010e+02   1.9234400e+01
   4.5765263e-01   2.4480023e+02   2.0426500e+01
   4.5765263e-01   2.5019978e+02   2.1578800e+01
   4.5765263e-01   2.5559991e+02   2.2652600e+01
   4.5765263e-01   2.6100004e+02   2.3623000e+01
   4.5765263e-01   2.6640016e+02   2.4479100e+01
   4.5765263e-01   2.7179972e+02   2.5224700e+01
   4.5765263e-01   2.7719985e+02   2.5877900e+01
   4.5765263e-01   2.8259997e+02   2.6470700e+01
   4.6064259e-01   1.2599972e+02   8.0046200e+01
   4.6064259e-01   1.3139985e+02   7.2253800e+01
   4.6064259e-01   1.3679998e+02   6.4537800e+01
   4.6064259e-01   1.4220010e+02   5.7041000e+01
   4.6064259e-01   1.4760023e+02   4.9891900e+01
   4.6064259e-01   1.5299978e+02   4.3201700e+01
   4.6064259e-01   1.5839991e+02   3.7062600e+01
   4.6064259e-01   1.6380004e+02   3.1546300e+01
   4.6064259e-01   1.6920017e+02   2.6704000e+01
   4.6064259e-01   1.7459972e+02   2.2565800e+01
   4.6064259e-01   1.7999985e+02   1.9142000e+01
   4.6064259e-01   1.8539998e+02   1.6423600e+01
   4.6064259e-01   1.9080010e+02   1.4384600e+01
   4.6064259e-01   1.9620023e+02   1.2983600e+01
   4.6064259e-01   2.0159978e+02   1.2166100e+01
   4.6064259e-01   2.0699991e+02   1.1867100e+01
   4.6064259e-01   2.1240004e+02   1.2014000e+01
   4.6064259e-01   2.1780017e+02   1.2529300e+01
   4.6064259e-01   2.2319972e+02   1.3333200e+01
   4.6064259e-01   2.2859985e+02   1.4347000e+01
   4.6064259e-01   2.3399997e+02   1.5495200e+01
   4.6064259e-01   2.3940010e+02   1.6708700e+01
   4.6064259e-01   2.4480023e+02   1.7926600e+01
   4.6064259e-01   2.5019978e+02   1.9098500e+01
   4.6064259e-01   2.5559991e+02   2.0185900e+01
   4.6064259e-01   2.6100004e+02   2.1164000e+01
   4.6064259e-01   2.6640016e+02   2.2021900e+01
   4.6064259e-01   2.7179972e+02   2.2763300e+01
   4.6064259e-01   2.7719985e+02   2.3406300e+01
   4.6064259e-01   2.8259997e+02   2.3982600e+01
   4.6363398e-01   1.2599972e+02   7.5850400e+01
   4.6363398e-01   1.3139985e+02   6.8188400e+01
   4.6363398e-01   1.3679998e+02   6.0608000e+01
   4.6363398e-01   1.4220010e+02   5.3250100e+01
   4.6363398e-01   1.4760023e+02   4.6240900e+01
   4.6363398e-01   1.5299978e+02   3.9690000e+01
   4.6363398e-01   1.5839991e+02   3.3687900e+01
   4.6363398e-01   1.6380004e+02   2.8305000e+01
   4.6363398e-01   1.6920017e+02   2.3591000e+01
   4.6363398e-01   1.7459972e+02   1.9575200e+01
   4.6363398e-01   1.7999985e+02   1.6267000e+01
   4.6363398e-01   1.8539998e+02   1.3656800e+01
   4.6363398e-01   1.9080010e+02   1.1718200e+01
   4.6363398e-01   1.9620023e+02   1.0409400e+01
   4.6363398e-01   2.0159978e+02   9.6758900e+00
   4.6363398e-01   2.0699991e+02   9.4527500e+00
   4.6363398e-01   2.1240004e+02   9.6674500e+00
   4.6363398e-01   2.1780017e+02   1.0242600e+01
   4.6363398e-01   2.2319972e+02   1.1099000e+01
   4.6363398e-01   2.2859985e+02   1.2157900e+01
   4.6363398e-01   2.3399997e+02   1.3344400e+01
   4.6363398e-01   2.3940010e+02   1.4589600e+01
   4.6363398e-01   2.4480023e+02   1.5832900e+01
   4.6363398e-01   2.5019978e+02   1.7024100e+01
   4.6363398e-01   2.5559991e+02   1.8125000e+01
   4.6363398e-01   2.6100004e+02   1.9110900e+01
   4.6363398e-01   2.6640016e+02   1.9970800e+01
   4.6363398e-01   2.7179972e+02   2.0708600e+01
   4.6363398e-01   2.7719985e+02   2.1341900e+01
   4.6363398e-01   2.8259997e+02   2.1902400e+01
   4.6662667e-01   1.2599972e+02   7.2065900e+01
   4.6662667e-01   1.3139985e+02   6.4531900e+01
   4.6662667e-01   1.3679998e+02   5.7084600e+01
   4.6662667e-01   1.4220010e+02   4.9862800e+01
   4.6662667e-01   1.4760023e+02   4.2990900e+01
   4.6662667e-01   1.5299978e+02   3.6576700e+01
   4.6662667e-01   1.5839991e+02   3.0709000e+01
   4.6662667e-01   1.6380004e+02   2.5456900e+01
   4.6662667e-01   1.6920017e+02   2.0868800e+01
   4.6662667e-01   1.7459972e+02   1.6973100e+01
   4.6662667e-01   1.7999985e+02   1.3778200e+01
   4.6662667e-01   1.8539998e+02   1.1274100e+01
   4.6662667e-01   1.9080010e+02   9.4338700e+00
   4.6662667e-01   1.9620023e+02   8.2155100e+00
   4.6662667e-01   2.0159978e+02   7.5643500e+00
   4.6662667e-01   2.0699991e+02   7.4155400e+00
   4.6662667e-01   2.1240004e+02   7.6966700e+00
   4.6662667e-01   2.1780017e+02   8.3306100e+00
   4.6662667e-01   2.2319972e+02   9.2383000e+00
   4.6662667e-01   2.2859985e+02   1.0341500e+01
   4.6662667e-01   2.3399997e+02   1.1565600e+01
   4.6662667e-01   2.3940010e+02   1.2841900e+01
   4.6662667e-01   2.4480023e+02   1.4110300e+01
   4.6662667e-01   2.5019978e+02   1.5320600e+01
   4.6662667e-01   2.5559991e+02   1.6435000e+01
   4.6662667e-01   2.6100004e+02   1.7428800e+01
   4.6662667e-01   2.6640016e+02   1.8291000e+01
   4.6662667e-01   2.7179972e+02   1.9025500e+01
   4.6662667e-01   2.7719985e+02   1.9649800e+01
   4.6662667e-01   2.8259997e+02   2.0195100e+01
   4.6962056e-01   1.2599972e+02   6.8657800e+01
   4.6962056e-01   1.3139985e+02   6.1249300e+01
   4.6962056e-01   1.3679998e+02   5.3932500e+01
   4.6962056e-01   1.4220010e+02   4.6844300e+01
   4.6962056e-01   1.4760023e+02   4.0107100e+01
   4.6962056e-01   1.5299978e+02   3.3827000e+01
   4.6962056e-01   1.5839991e+02   2.8091100e+01
   4.6962056e-01   1.6380004e+02   2.2967300e+01
   4.6962056e-01   1.6920017e+02   1.8502700e+01
   4.6962056e-01   1.7459972e+02   1.4724700e+01
   4.6962056e-01   1.7999985e+02   1.1640900e+01
   4.6962056e-01   1.8539998e+02   9.2408200e+00
   4.6962056e-01   1.9080010e+02   7.4969900e+00
   4.6962056e-01   1.9620023e+02   6.3672200e+00
   4.6962056e-01   2.0159978e+02   5.7967700e+00
   4.6962056e-01   2.0699991e+02   5.7207900e+00
   4.6962056e-01   2.1240004e+02   6.0670200e+00
   4.6962056e-01   2.1780017e+02   6.7585500e+00
   4.6962056e-01   2.2319972e+02   7.7166000e+00
   4.6962056e-01   2.2859985e+02   8.8632800e+00
   4.6962056e-01   2.3399997e+02   1.0124300e+01
   4.6962056e-01   2.3940010e+02   1.1431200e+01
   4.6962056e-01   2.4480023e+02   1.2724200e+01
   4.6962056e-01   2.5019978e+02   1.3953500e+01
   4.6962056e-01   2.5559991e+02   1.5081400e+01
   4.6962056e-01   2.6100004e+02   1.6083100e+01
   4.6962056e-01   2.6640016e+02   1.6948000e+01
   4.6962056e-01   2.7179972e+02   1.7679500e+01
   4.6962056e-01   2.7719985e+02   1.8295300e+01
   4.6962056e-01   2.8259997e+02   1.8826300e+01
   4.7261555e-01   1.2599972e+02   6.5591500e+01
   4.7261555e-01   1.3139985e+02   5.8306100e+01
   4.7261555e-01   1.3679998e+02   5.1117300e+01
   4.7261555e-01   1.4220010e+02   4.4160100e+01
   4.7261555e-01   1.4760023e+02   3.7555000e+01
   4.7261555e-01   1.5299978e+02   3.1406400e+01
   4.7261555e-01   1.5839991e+02   2.5799900e+01
   4.7261555e-01   1.6380004e+02   2.0801800e+01
   4.7261555e-01   1.6920017e+02   1.6458300e+01
   4.7261555e-01   1.7459972e+02   1.2795700e+01
   4.7261555e-01   1.7999985e+02   9.8209100e+00
   4.7261555e-01   1.8539998e+02   7.5227300e+00
   4.7261555e-01   1.9080010e+02   5.8734000e+00
   4.7261555e-01   1.9620023e+02   4.8304600e+00
   4.7261555e-01   2.0159978e+02   4.3390800e+00
   4.7261555e-01   2.0699991e+02   4.3344600e+00
   4.7261555e-01   2.1240004e+02   4.7444800e+00
   4.7261555e-01   2.1780017e+02   5.4924600e+00
   4.7261555e-01   2.2319972e+02   6.4998900e+00
   4.7261555e-01   2.2859985e+02   7.6892100e+00
   4.7261555e-01   2.3399997e+02   8.9864100e+00
   4.7261555e-01   2.3940010e+02   1.0323500e+01
   4.7261555e-01   2.4480023e+02   1.1640800e+01
   4.7261555e-01   2.5019978e+02   1.2888900e+01
   4.7261555e-01   2.5559991e+02   1.4030200e+01
   4.7261555e-01   2.6100004e+02   1.5040000e+01
   4.7261555e-01   2.6640016e+02   1.5907700e+01
   4.7261555e-01   2.7179972e+02   1.6636800e+01
   4.7261555e-01   2.7719985e+02   1.7244700e+01
   4.7261555e-01   2.8259997e+02   1.7762000e+01
   4.7561152e-01   1.2599972e+02   6.2833300e+01
   4.7561152e-01   1.3139985e+02   5.5668600e+01
   4.7561152e-01   1.3679998e+02   4.8605400e+01
   4.7561152e-01   1.4220010e+02   4.1776600e+01
   4.7561152e-01   1.4760023e+02   3.5301200e+01
   4.7561152e-01   1.5299978e+02   2.9281500e+01
   4.7561152e-01   1.5839991e+02   2.3801800e+01
   4.7561152e-01   1.6380004e+02   1.8927100e+01
   4.7561152e-01   1.6920017e+02   1.4702300e+01
   4.7561152e-01   1.7459972e+02   1.1152900e+01
   4.7561152e-01   1.7999985e+02   8.2848600e+00
   4.7561152e-01   1.8539998e+02   6.0865900e+00
   4.7561152e-01   1.9080010e+02   4.5298500e+00
   4.7561152e-01   1.9620023e+02   3.5720000e+00
   4.7561152e-01   2.0159978e+02   3.1581000e+00
   4.7561152e-01   2.0699991e+02   3.2234000e+00
   4.7561152e-01   2.1240004e+02   3.6959300e+00
   4.7561152e-01   2.1780017e+02   4.4992200e+00
   4.7561152e-01   2.2319972e+02   5.5550800e+00
   4.7561152e-01   2.2859985e+02   6.7862400e+00
   4.7561152e-01   2.3399997e+02   8.1190200e+00
   4.7561152e-01   2.3940010e+02   9.4857700e+00
   4.7561152e-01   2.4480023e+02   1.0827100e+01
   4.7561152e-01   2.5019978e+02   1.2093800e+01
   4.7561152e-01   2.5559991e+02   1.3248400e+01
   4.7561152e-01   2.6100004e+02   1.4266500e+01
   4.7561152e-01   2.6640016e+02   1.5137400e+01
   4.7561152e-01   2.7179972e+02   1.5864400e+01
   4.7561152e-01   2.7719985e+02   1.6464900e+01
   4.7561152e-01   2.8259997e+02   1.6969200e+01
   4.7860837e-01   1.2599972e+02   6.0350700e+01
   4.7860837e-01   1.3139985e+02   5.3304300e+01
   4.7860837e-01   1.3679998e+02   4.6364200e+01
   4.7860837e-01   1.4220010e+02   3.9661400e+01
   4.7860837e-01   1.4760023e+02   3.3313000e+01
   4.7860837e-01   1.5299978e+02   2.7419800e+01
   4.7860837e-01   1.5839991e+02   2.2064500e+01
   4.7860837e-01   1.6380004e+02   1.7310700e+01
   4.7860837e-01   1.6920017e+02   1.3202400e+01
   4.7860837e-01   1.7459972e+02   9.7638400e+00
   4.7860837e-01   1.7999985e+02   7.0005500e+00
   4.7860837e-01   1.8539998e+02   4.9001900e+00
   4.7860837e-01   1.9080010e+02   3.4342100e+00
   4.7860837e-01   1.9620023e+02   2.5597300e+00
   4.7860837e-01   2.0159978e+02   2.2217500e+00
   4.7860837e-01   2.0699991e+02   2.3555600e+00
   4.7860837e-01   2.1240004e+02   2.8893400e+00
   4.7860837e-01   2.1780017e+02   3.7468600e+00
   4.7860837e-01   2.2319972e+02   4.8501900e+00
   4.7860837e-01   2.2859985e+02   6.1224000e+00
   4.7860837e-01   2.3399997e+02   7.4901400e+00
   4.7860837e-01   2.3940010e+02   8.8860700e+00
   4.7860837e-01   2.4480023e+02   1.0251100e+01
   4.7860837e-01   2.5019978e+02   1.1536200e+01
   4.7860837e-01   2.5559991e+02   1.2704100e+01
   4.7860837e-01   2.6100004e+02   1.3730600e+01
   4.7860837e-01   2.6640016e+02   1.4604900e+01
   4.7860837e-01   2.7179972e+02   1.5330300e+01
   4.7860837e-01   2.7719985e+02   1.5923900e+01
   4.7860837e-01   2.8259997e+02   1.6416100e+01
   4.8160599e-01   1.2599972e+02   5.8112100e+01
   4.8160599e-01   1.3139985e+02   5.1181700e+01
   4.8160599e-01   1.3679998e+02   4.4362300e+01
   4.8160599e-01   1.4220010e+02   3.7783100e+01
   4.8160599e-01   1.4760023e+02   3.1559300e+01
   4.8160599e-01   1.5299978e+02   2.5790200e+01
   4.8160599e-01   1.5839991e+02   2.0556900e+01
   4.8160599e-01   1.6380004e+02   1.5921700e+01
   4.8160599e-01   1.6920017e+02   1.1927500e+01
   4.8160599e-01   1.7459972e+02   8.5977100e+00
   4.8160599e-01   1.7999985e+02   5.9370500e+00
   4.8160599e-01   1.8539998e+02   3.9326700e+00
   4.8160599e-01   1.9080010e+02   2.5556400e+00
   4.8160599e-01   1.9620023e+02   1.7628700e+00
   4.8160599e-01   2.0159978e+02   1.4992800e+00
   4.8160599e-01   2.0699991e+02   1.7002200e+00
   4.8160599e-01   2.1240004e+02   2.2940300e+00
   4.8160599e-01   2.1780017e+02   3.2047100e+00
   4.8160599e-01   2.2319972e+02   4.3546000e+00
   4.8160599e-01   2.2859985e+02   5.6671100e+00
   4.8160599e-01   2.3399997e+02   7.0691900e+00
   4.8160599e-01   2.3940010e+02   8.4938400e+00
   4.8160599e-01   2.4480023e+02   9.8822200e+00
   4.8160599e-01   2.5019978e+02   1.1185600e+01
   4.8160599e-01   2.5559991e+02   1.2366900e+01
   4.8160599e-01   2.6100004e+02   1.3401900e+01
   4.8160599e-01   2.6640016e+02   1.4279800e+01
   4.8160599e-01   2.7179972e+02   1.5004000e+01
   4.8160599e-01   2.7719985e+02   1.5591400e+01
   4.8160599e-01   2.8259997e+02   1.6071900e+01
   4.8460427e-01   1.2599972e+02   5.6087700e+01
   4.8460427e-01   1.3139985e+02   4.9271000e+01
   4.8460427e-01   1.3679998e+02   4.2570100e+01
   4.8460427e-01   1.4220010e+02   3.6112000e+01
   4.8460427e-01   1.4760023e+02   3.0010500e+01
   4.8460427e-01   1.5299978e+02   2.4363000e+01
   4.8460427e-01   1.5839991e+02   1.9249300e+01
   4.8460427e-01   1.6380004e+02   1.4730500e+01
   4.8460427e-01   1.6920017e+02   1.0848200e+01
   4.8460427e-01   1.7459972e+02   7.6250600e+00
   4.8460427e-01   1.7999985e+02   5.0650300e+00
   4.8460427e-01   1.8539998e+02   3.1547300e+00
   4.8460427e-01   1.9080010e+02   1.8648900e+00
   4.8460427e-01   1.9620023e+02   1.1522000e+00
   4.8460427e-01   2.0159978e+02   9.6152400e-01
   4.8460427e-01   2.0699991e+02   1.2282600e+00
   4.8460427e-01   2.1240004e+02   1.8809100e+00
   4.8460427e-01   2.1780017e+02   2.8437000e+00
   4.8460427e-01   2.2319972e+02   4.0392700e+00
   4.8460427e-01   2.2859985e+02   5.3913200e+00
   4.8460427e-01   2.3399997e+02   6.8271600e+00
   4.8460427e-01   2.3940010e+02   8.2800800e+00
   4.8460427e-01   2.4480023e+02   9.6915400e+00
   4.8460427e-01   2.5019978e+02   1.1013000e+01
   4.8460427e-01   2.5559991e+02   1.2207600e+01
   4.8460427e-01   2.6100004e+02   1.3251200e+01
   4.8460427e-01   2.6640016e+02   1.4133100e+01
   4.8460427e-01   2.7179972e+02   1.4856500e+01
   4.8460427e-01   2.7719985e+02   1.5438100e+01
   4.8460427e-01   2.8259997e+02   1.5907700e+01
   4.8760311e-01   1.2599972e+02   5.4249200e+01
   4.8760311e-01   1.3139985e+02   4.7544100e+01
   4.8760311e-01   1.3679998e+02   4.0959300e+01
   4.8760311e-01   1.4220010e+02   3.4620100e+01
   4.8760311e-01   1.4760023e+02   2.8638500e+01
   4.8760311e-01   1.5299978e+02   2.3110300e+01
   4.8760311e-01   1.5839991e+02   1.8114000e+01
   4.8760311e-01   1.6380004e+02   1.3709300e+01
   4.8760311e-01   1.6920017e+02   9.9368300e+00
   4.8760311e-01   1.7459972e+02   6.8182600e+00
   4.8760311e-01   1.7999985e+02   4.3569100e+00
   4.8760311e-01   1.8539998e+02   2.5388700e+00
   4.8760311e-01   1.9080010e+02   1.3345000e+00
   4.8760311e-01   1.9620023e+02   7.0031900e-01
   4.8760311e-01   2.0159978e+02   5.8111600e-01
   4.8760311e-01   2.0699991e+02   9.1235700e-01
   4.8760311e-01   2.1240004e+02   1.6226900e+00
   4.8760311e-01   2.1780017e+02   2.6365800e+00
   4.8760311e-01   2.2319972e+02   3.8769600e+00
   4.8760311e-01   2.2859985e+02   5.2678400e+00
   4.8760311e-01   2.3399997e+02   6.7368600e+00
   4.8760311e-01   2.3940010e+02   8.2176200e+00
   4.8760311e-01   2.4480023e+02   9.6518500e+00
   4.8760311e-01   2.5019978e+02   1.0991300e+01
   4.8760311e-01   2.5559991e+02   1.2199200e+01
   4.8760311e-01   2.6100004e+02   1.3251500e+01
   4.8760311e-01   2.6640016e+02   1.4137600e+01
   4.8760311e-01   2.7179972e+02   1.4860500e+01
   4.8760311e-01   2.7719985e+02   1.5436900e+01
   4.8760311e-01   2.8259997e+02   1.5896300e+01
   4.9060239e-01   1.2599972e+02   5.2570500e+01
   4.9060239e-01   1.3139985e+02   4.5974900e+01
   4.9060239e-01   1.3679998e+02   3.9504000e+01
   4.9060239e-01   1.4220010e+02   3.3281400e+01
   4.9060239e-01   1.4760023e+02   2.7417400e+01
   4.9060239e-01   1.5299978e+02   2.2006400e+01
   4.9060239e-01   1.5839991e+02   1.7125200e+01
   4.9060239e-01   1.6380004e+02   1.2832400e+01
   4.9060239e-01   1.6920017e+02   9.1676700e+00
   4.9060239e-01   1.7459972e+02   6.1517000e+00
   4.9060239e-01   1.7999985e+02   3.7871400e+00
   4.9060239e-01   1.8539998e+02   2.0595800e+00
   4.9060239e-01   1.9080010e+02   9.3903500e-01
   4.9060239e-01   1.9620023e+02   3.8182800e-01
   4.9060239e-01   2.0159978e+02   3.3270400e-01
   4.9060239e-01   2.0699991e+02   7.2718800e-01
   4.9060239e-01   2.1240004e+02   1.4940900e+00
   4.9060239e-01   2.1780017e+02   2.5581100e+00
   4.9060239e-01   2.2319972e+02   3.8424600e+00
   4.9060239e-01   2.2859985e+02   5.2714700e+00
   4.9060239e-01   2.3399997e+02   6.7731000e+00
   4.9060239e-01   2.3940010e+02   8.2812800e+00
   4.9060239e-01   2.4480023e+02   9.7380100e+00
   4.9060239e-01   2.5019978e+02   1.1095300e+01
   4.9060239e-01   2.5559991e+02   1.2316500e+01
   4.9060239e-01   2.6100004e+02   1.3377600e+01
   4.9060239e-01   2.6640016e+02   1.4268100e+01
   4.9060239e-01   2.7179972e+02   1.4991000e+01
   4.9060239e-01   2.7719985e+02   1.5562600e+01
   4.9060239e-01   2.8259997e+02   1.6012300e+01
   4.9360201e-01   1.2599972e+02   5.1027500e+01
   4.9360201e-01   1.3139985e+02   4.4539200e+01
   4.9360201e-01   1.3679998e+02   3.8180100e+01
   4.9360201e-01   1.4220010e+02   3.2072000e+01
   4.9360201e-01   1.4760023e+02   2.6323500e+01
   4.9360201e-01   1.5299978e+02   2.1027300e+01
   4.9360201e-01   1.5839991e+02   1.6259200e+01
   4.9360201e-01   1.6380004e+02   1.2076300e+01
   4.9360201e-01   1.6920017e+02   8.5172400e+00
   4.9360201e-01   1.7459972e+02   5.6019400e+00
   4.9360201e-01   1.7999985e+02   3.3323600e+00
   4.9360201e-01   1.8539998e+02   1.6935600e+00
   4.9360201e-01   1.9080010e+02   6.5524700e-01
   4.9360201e-01   1.9620023e+02   1.7354600e-01
   4.9360201e-01   2.0159978e+02   1.9315700e-01
   4.9360201e-01   2.0699991e+02   6.4967000e-01
   4.9360201e-01   2.1240004e+02   1.4720600e+00
   4.9360201e-01   2.1780017e+02   2.5852600e+00
   4.9360201e-01   2.2319972e+02   3.9127700e+00
   4.9360201e-01   2.2859985e+02   5.3792400e+00
   4.9360201e-01   2.3399997e+02   6.9129500e+00
   4.9360201e-01   2.3940010e+02   8.4481300e+00
   4.9360201e-01   2.4480023e+02   9.9270800e+00
   4.9360201e-01   2.5019978e+02   1.1302000e+01
   4.9360201e-01   2.5559991e+02   1.2536400e+01
   4.9360201e-01   2.6100004e+02   1.3606600e+01
   4.9360201e-01   2.6640016e+02   1.4501700e+01
   4.9360201e-01   2.7179972e+02   1.5224800e+01
   4.9360201e-01   2.7719985e+02   1.5792200e+01
   4.9360201e-01   2.8259997e+02   1.6232800e+01
   4.9660186e-01   1.2599972e+02   4.9598400e+01
   4.9660186e-01   1.3139985e+02   4.3215500e+01
   4.9660186e-01   1.3679998e+02   3.6966100e+01
   4.9660186e-01   1.4220010e+02   3.0970400e+01
   4.9660186e-01   1.4760023e+02   2.5335200e+01
   4.9660186e-01   1.5299978e+02   2.0151900e+01
   4.9660186e-01   1.5839991e+02   1.5494700e+01
   4.9660186e-01   1.6380004e+02   1.1419700e+01
   4.9660186e-01   1.6920017e+02   7.9644400e+00
   4.9660186e-01   1.7459972e+02   5.1479700e+00
   4.9660186e-01   1.7999985e+02   2.9716000e+00
   4.9660186e-01   1.8539998e+02   1.4199300e+00
   4.9660186e-01   1.9080010e+02   4.6231200e-01
   4.9660186e-01   1.9620023e+02   5.4701800e-02
   4.9660186e-01   2.0159978e+02   1.4175500e-01
   4.9660186e-01   2.0699991e+02   6.5913200e-01
   4.9660186e-01   2.1240004e+02   1.5359700e+00
   4.9660186e-01   2.1780017e+02   2.6974400e+00
   4.9660186e-01   2.2319972e+02   4.0673300e+00
   4.9660186e-01   2.2859985e+02   5.5706000e+00
   4.9660186e-01   2.3399997e+02   7.1358700e+00
   4.9660186e-01   2.3940010e+02   8.6976600e+00
   4.9660186e-01   2.4480023e+02   1.0198500e+01
   4.9660186e-01   2.5019978e+02   1.1591000e+01
   4.9660186e-01   2.5559991e+02   1.2838600e+01
   4.9660186e-01   2.6100004e+02   1.3917800e+01
   4.9660186e-01   2.6640016e+02   1.4817800e+01
   4.9660186e-01   2.7179972e+02   1.5541500e+01
   4.9660186e-01   2.7719985e+02   1.6105100e+01
   4.9660186e-01   2.8259997e+02   1.6537200e+01
   4.9960184e-01   1.2599972e+02   4.8264000e+01
   4.9960184e-01   1.3139985e+02   4.1984500e+01
   4.9960184e-01   1.3679998e+02   3.5842900e+01
   4.9960184e-01   1.4220010e+02   2.9957600e+01
   4.9960184e-01   1.4760023e+02   2.4433700e+01
   4.9960184e-01   1.5299978e+02   1.9361300e+01
   4.9960184e-01   1.5839991e+02   1.4813100e+01
   4.9960184e-01   1.6380004e+02   1.0844100e+01
   4.9960184e-01   1.6920017e+02   7.4907300e+00
   4.9960184e-01   1.7459972e+02   4.7713200e+00
   4.9960184e-01   1.7999985e+02   2.6865000e+00
   4.9960184e-01   1.8539998e+02   1.2203800e+00
   4.9960184e-01   1.9080010e+02   3.4198400e-01
   4.9960184e-01   1.9620023e+02   7.1089900e-03
   4.9960184e-01   2.0159978e+02   1.6036500e-01
   4.9960184e-01   2.0699991e+02   7.3748700e-01
   4.9960184e-01   2.1240004e+02   1.6677800e+00
   4.9960184e-01   2.1780017e+02   2.8766400e+00
   4.9960184e-01   2.2319972e+02   4.2881600e+00
   4.9960184e-01   2.2859985e+02   5.8276100e+00
   4.9960184e-01   2.3399997e+02   7.4239100e+00
   4.9960184e-01   2.3940010e+02   9.0119200e+00
   4.9960184e-01   2.4480023e+02   1.0534500e+01
   4.9960184e-01   2.5019978e+02   1.1944200e+01
   4.9960184e-01   2.5559991e+02   1.3205100e+01
   4.9960184e-01   2.6100004e+02   1.4293400e+01
   4.9960184e-01   2.6640016e+02   1.5198400e+01
   4.9960184e-01   2.7179972e+02   1.5923100e+01
   4.9960184e-01   2.7719985e+02   1.6483200e+01
   4.9960184e-01   2.8259997e+02   1.6907400e+01
   5.0260182e-01   1.2599972e+02   4.7007800e+01
   5.0260182e-01   1.3139985e+02   4.0829900e+01
   5.0260182e-01   1.3679998e+02   3.4794200e+01
   5.0260182e-01   1.4220010e+02   2.9017300e+01
   5.0260182e-01   1.4760023e+02   2.3602900e+01
   5.0260182e-01   1.5299978e+02   1.8639400e+01
   5.0260182e-01   1.5839991e+02   1.4198400e+01
   5.0260182e-01   1.6380004e+02   1.0333500e+01
   5.0260182e-01   1.6920017e+02   7.0803000e+00
   5.0260182e-01   1.7459972e+02   4.4562700e+00
   5.0260182e-01   1.7999985e+02   2.4614000e+00
   5.0260182e-01   1.8539998e+02   1.0793200e+00
   5.0260182e-01   1.9080010e+02   2.7875100e-01
   5.0260182e-01   1.9620023e+02   1.5316900e-02
   5.0260182e-01   2.0159978e+02   2.3359200e-01
   5.0260182e-01   2.0699991e+02   8.6938800e-01
   5.0260182e-01   2.1240004e+02   1.8521700e+00
   5.0260182e-01   2.1780017e+02   3.1075900e+00
   5.0260182e-01   2.2319972e+02   4.5600100e+00
   5.0260182e-01   2.2859985e+02   6.1350300e+00
   5.0260182e-01   2.3399997e+02   7.7618800e+00
   5.0260182e-01   2.3940010e+02   9.3757300e+00
   5.0260182e-01   2.4480023e+02   1.0919700e+01
   5.0260182e-01   2.5019978e+02   1.2346600e+01
   5.0260182e-01   2.5559991e+02   1.3620600e+01
   5.0260182e-01   2.6100004e+02   1.4718100e+01
   5.0260182e-01   2.6640016e+02   1.5628400e+01
   5.0260182e-01   2.7179972e+02   1.6354200e+01
   5.0260182e-01   2.7719985e+02   1.6911300e+01
   5.0260182e-01   2.8259997e+02   1.7328000e+01
   5.0560172e-01   1.2599972e+02   4.5816000e+01
   5.0560172e-01   1.3139985e+02   3.9738100e+01
   5.0560172e-01   1.3679998e+02   3.3806400e+01
   5.0560172e-01   1.4220010e+02   2.8136200e+01
   5.0560172e-01   1.4760023e+02   2.2829400e+01
   5.0560172e-01   1.5299978e+02   1.7973100e+01
   5.0560172e-01   1.5839991e+02   1.3637300e+01
   5.0560172e-01   1.6380004e+02   9.8748800e+00
   5.0560172e-01   1.6920017e+02   6.7202000e+00
   5.0560172e-01   1.7459972e+02   4.1899500e+00
   5.0560172e-01   1.7999985e+02   2.2835100e+00
   5.0560172e-01   1.8539998e+02   9.8404400e-01
   5.0560172e-01   1.9080010e+02   2.5996800e-01
   5.0560172e-01   1.9620023e+02   6.6741700e-02
   5.0560172e-01   2.0159978e+02   3.4890900e-01
   5.0560172e-01   2.0699991e+02   1.0423600e+00
   5.0560172e-01   2.1240004e+02   2.0767200e+00
   5.0560172e-01   2.1780017e+02   3.3779000e+00
   5.0560172e-01   2.2319972e+02   4.8705200e+00
   5.0560172e-01   2.2859985e+02   6.4805200e+00
   5.0560172e-01   2.3399997e+02   8.1374400e+00
   5.0560172e-01   2.3940010e+02   9.7767500e+00
   5.0560172e-01   2.4480023e+02   1.1341900e+01
   5.0560172e-01   2.5019978e+02   1.2785800e+01
   5.0560172e-01   2.5559991e+02   1.4072900e+01
   5.0560172e-01   2.6100004e+02   1.5179600e+01
   5.0560172e-01   2.6640016e+02   1.6095200e+01
   5.0560172e-01   2.7179972e+02   1.6822500e+01
   5.0560172e-01   2.7719985e+02   1.7376900e+01
   5.0560172e-01   2.8259997e+02   1.7786500e+01
   5.0860141e-01   1.2599972e+02   4.4677900e+01
   5.0860141e-01   1.3139985e+02   3.8698200e+01
   5.0860141e-01   1.3679998e+02   3.2869000e+01
   5.0860141e-01   1.4220010e+02   2.7303700e+01
   5.0860141e-01   1.4760023e+02   2.2102900e+01
   5.0860141e-01   1.5299978e+02   1.7351900e+01
   5.0860141e-01   1.5839991e+02   1.3119900e+01
   5.0860141e-01   1.6380004e+02   9.4582000e+00
   5.0860141e-01   1.6920017e+02   6.4004400e+00
   5.0860141e-01   1.7459972e+02   3.9624600e+00
   5.0860141e-01   1.7999985e+02   2.1430100e+00
   5.0860141e-01   1.8539998e+02   9.2480500e-01
   5.0860141e-01   1.9080010e+02   2.7595900e-01
   5.0860141e-01   1.9620023e+02   1.5177300e-01
   5.0860141e-01   2.0159978e+02   4.9676100e-01
   5.0860141e-01   2.0699991e+02   1.2468900e+00
   5.0860141e-01   2.1240004e+02   2.3319700e+00
   5.0860141e-01   2.1780017e+02   3.6781300e+00
   5.0860141e-01   2.2319972e+02   5.2103000e+00
   5.0860141e-01   2.2859985e+02   6.8547000e+00
   5.0860141e-01   2.3399997e+02   8.5412300e+00
   5.0860141e-01   2.3940010e+02   1.0205600e+01
   5.0860141e-01   2.4480023e+02   1.1791600e+01
   5.0860141e-01   2.5019978e+02   1.3252400e+01
   5.0860141e-01   2.5559991e+02   1.4552500e+01
   5.0860141e-01   2.6100004e+02   1.5668400e+01
   5.0860141e-01   2.6640016e+02   1.6589600e+01
   5.0860141e-01   2.7179972e+02   1.7318400e+01
   5.0860141e-01   2.7719985e+02   1.7870500e+01
   5.0860141e-01   2.8259997e+02   1.8273500e+01
   5.1160080e-01   1.2599972e+02   4.3585800e+01
   5.1160080e-01   1.3139985e+02   3.7702900e+01
   5.1160080e-01   1.3679998e+02   3.1974500e+01
   5.1160080e-01   1.4220010e+02   2.6512500e+01
   5.1160080e-01   1.4760023e+02   2.1415900e+01
   5.1160080e-01   1.5299978e+02   1.6768800e+01
   5.1160080e-01   1.5839991e+02   1.2638900e+01
   5.1160080e-01   1.6380004e+02   9.0764000e+00
   5.1160080e-01   1.6920017e+02   6.1140700e+00
   5.1160080e-01   1.7459972e+02   3.7669400e+00
   5.1160080e-01   1.7999985e+02   2.0331300e+00
   5.1160080e-01   1.8539998e+02   8.9491000e-01
   5.1160080e-01   1.9080010e+02   3.2010300e-01
   5.1160080e-01   1.9620023e+02   2.6385400e-01
   5.1160080e-01   2.0159978e+02   6.7065000e-01
   5.1160080e-01   2.0699991e+02   1.4765400e+00
   5.1160080e-01   2.1240004e+02   2.6115100e+00
   5.1160080e-01   2.1780017e+02   4.0019100e+00
   5.1160080e-01   2.2319972e+02   5.5729900e+00
   5.1160080e-01   2.2859985e+02   7.2512600e+00
   5.1160080e-01   2.3399997e+02   8.9669400e+00
   5.1160080e-01   2.3940010e+02   1.0656100e+01
   5.1160080e-01   2.4480023e+02   1.2262700e+01
   5.1160080e-01   2.5019978e+02   1.3740200e+01
   5.1160080e-01   2.5559991e+02   1.5053200e+01
   5.1160080e-01   2.6100004e+02   1.6178300e+01
   5.1160080e-01   2.6640016e+02   1.7105000e+01
   5.1160080e-01   2.7179972e+02   1.7835700e+01
   5.1160080e-01   2.7719985e+02   1.8385600e+01
   5.1160080e-01   2.8259997e+02   1.8782300e+01
   5.1459976e-01   1.2599972e+02   4.2535000e+01
   5.1459976e-01   1.3139985e+02   3.6747300e+01
   5.1459976e-01   1.3679998e+02   3.1118300e+01
   5.1459976e-01   1.4220010e+02   2.5758200e+01
   5.1459976e-01   1.4760023e+02   2.0764400e+01
   5.1459976e-01   1.5299978e+02   1.6219600e+01
   5.1459976e-01   1.5839991e+02   1.2190200e+01
   5.1459976e-01   1.6380004e+02   8.7255500e+00
   5.1459976e-01   1.6920017e+02   5.8572700e+00
   5.1459976e-01   1.7459972e+02   3.5996400e+00
   5.1459976e-01   1.7999985e+02   1.9502000e+00
   5.1459976e-01   1.8539998e+02   8.9077200e-01
   5.1459976e-01   1.9080010e+02   3.8888300e-01
   5.1459976e-01   1.9620023e+02   3.9953200e-01
   5.1459976e-01   2.0159978e+02   8.6718100e-01
   5.1459976e-01   2.0699991e+02   1.7279600e+00
   5.1459976e-01   2.1240004e+02   2.9120300e+00
   5.1459976e-01   2.1780017e+02   4.3459900e+00
   5.1459976e-01   2.2319972e+02   5.9553500e+00
   5.1459976e-01   2.2859985e+02   7.6669700e+00
   5.1459976e-01   2.3399997e+02   9.4113600e+00
   5.1459976e-01   2.3940010e+02   1.1124900e+01
   5.1459976e-01   2.4480023e+02   1.2751800e+01
   5.1459976e-01   2.5019978e+02   1.4245800e+01
   5.1459976e-01   2.5559991e+02   1.5571600e+01
   5.1459976e-01   2.6100004e+02   1.6706000e+01
   5.1459976e-01   2.6640016e+02   1.7638300e+01
   5.1459976e-01   2.7179972e+02   1.8370900e+01
   5.1459976e-01   2.7719985e+02   1.8918900e+01
   5.1459976e-01   2.8259997e+02   1.9309700e+01
   5.1759820e-01   1.2599972e+02   4.1523900e+01
   5.1759820e-01   1.3139985e+02   3.5830300e+01
   5.1759820e-01   1.3679998e+02   3.0299300e+01
   5.1759820e-01   1.4220010e+02   2.5039500e+01
   5.1759820e-01   1.4760023e+02   2.0147100e+01
   5.1759820e-01   1.5299978e+02   1.5703200e+01
   5.1759820e-01   1.5839991e+02   1.1773100e+01
   5.1759820e-01   1.6380004e+02   8.4048600e+00
   5.1759820e-01   1.6920017e+02   5.6293100e+00
   5.1759820e-01   1.7459972e+02   3.4599400e+00
   5.1759820e-01   1.7999985e+02   1.8936900e+00
   5.1759820e-01   1.8539998e+02   9.1193300e-01
   5.1759820e-01   1.9080010e+02   4.8191400e-01
   5.1759820e-01   1.9620023e+02   5.5848500e-01
   5.1759820e-01   2.0159978e+02   1.0860900e+00
   5.1759820e-01   2.0699991e+02   2.0009400e+00
   5.1759820e-01   2.1240004e+02   3.2333700e+00
   5.1759820e-01   2.1780017e+02   4.7102100e+00
   5.1759820e-01   2.2319972e+02   6.3572800e+00
   5.1759820e-01   2.2859985e+02   8.1017300e+00
   5.1759820e-01   2.3399997e+02   9.8744100e+00
   5.1759820e-01   2.3940010e+02   1.1612000e+01
   5.1759820e-01   2.4480023e+02   1.3258900e+01
   5.1759820e-01   2.5019978e+02   1.4769200e+01
   5.1759820e-01   2.5559991e+02   1.6107700e+01
   5.1759820e-01   2.6100004e+02   1.7251200e+01
   5.1759820e-01   2.6640016e+02   1.8189200e+01
   5.1759820e-01   2.7179972e+02   1.8923900e+01
   5.1759820e-01   2.7719985e+02   1.9470200e+01
   5.1759820e-01   2.8259997e+02   1.9855200e+01
   5.2059601e-01   1.2599972e+02   4.0554200e+01
   5.2059601e-01   1.3139985e+02   3.4953300e+01
   5.2059601e-01   1.3679998e+02   2.9519100e+01
   5.2059601e-01   1.4220010e+02   2.4358500e+01
   5.2059601e-01   1.4760023e+02   1.9566100e+01
   5.2059601e-01   1.5299978e+02   1.5221800e+01
   5.2059601e-01   1.5839991e+02   1.1389600e+01
   5.2059601e-01   1.6380004e+02   8.1166300e+00
   5.2059601e-01   1.6920017e+02   5.4326200e+00
   5.2059601e-01   1.7459972e+02   3.3503600e+00
   5.2059601e-01   1.7999985e+02   1.8661900e+00
   5.2059601e-01   1.8539998e+02   9.6106200e-01
   5.2059601e-01   1.9080010e+02   6.0193500e-01
   5.2059601e-01   1.9620023e+02   7.4351700e-01
   5.2059601e-01   2.0159978e+02   1.3302300e+00
   5.2059601e-01   2.0699991e+02   2.2983800e+00
   5.2059601e-01   2.1240004e+02   3.5784600e+00
   5.2059601e-01   2.1780017e+02   5.0975600e+00
   5.2059601e-01   2.2319972e+02   6.7817800e+00
   5.2059601e-01   2.2859985e+02   8.5585700e+00
   5.2059601e-01   2.3399997e+02   1.0359100e+01
   5.2059601e-01   2.3940010e+02   1.2120400e+01
   5.2059601e-01   2.4480023e+02   1.3787100e+01
   5.2059601e-01   2.5019978e+02   1.5313400e+01
   5.2059601e-01   2.5559991e+02   1.6664500e+01
   5.2059601e-01   2.6100004e+02   1.7817100e+01
   5.2059601e-01   2.6640016e+02   1.8760700e+01
   5.2059601e-01   2.7179972e+02   1.9497500e+01
   5.2059601e-01   2.7719985e+02   2.0042300e+01
   5.2059601e-01   2.8259997e+02   2.0421800e+01
   5.2359307e-01   1.2599972e+02   3.9630600e+01
   5.2359307e-01   1.3139985e+02   3.4121300e+01
   5.2359307e-01   1.3679998e+02   2.8782600e+01
   5.2359307e-01   1.4220010e+02   2.3720000e+01
   5.2359307e-01   1.4760023e+02   1.9026400e+01
   5.2359307e-01   1.5299978e+02   1.4780600e+01
   5.2359307e-01   1.5839991e+02   1.1045300e+01
   5.2359307e-01   1.6380004e+02   7.8663100e+00
   5.2359307e-01   1.6920017e+02   5.2727100e+00
   5.2359307e-01   1.7459972e+02   3.2764900e+00
   5.2359307e-01   1.7999985e+02   1.8733900e+00
   5.2359307e-01   1.8539998e+02   1.0439200e+00
   5.2359307e-01   1.9080010e+02   7.5477700e-01
   5.2359307e-01   1.9620023e+02   9.6052000e-01
   5.2359307e-01   2.0159978e+02   1.6055500e+00
   5.2359307e-01   2.0699991e+02   2.6262700e+00
   5.2359307e-01   2.1240004e+02   3.9533500e+00
   5.2359307e-01   2.1780017e+02   5.5141100e+00
   5.2359307e-01   2.2319972e+02   7.2349300e+00
   5.2359307e-01   2.2859985e+02   9.0435900e+00
   5.2359307e-01   2.3399997e+02   1.0871600e+01
   5.2359307e-01   2.3940010e+02   1.2656200e+01
   5.2359307e-01   2.4480023e+02   1.4342400e+01
   5.2359307e-01   2.5019978e+02   1.5884600e+01
   5.2359307e-01   2.5559991e+02   1.7248000e+01
   5.2359307e-01   2.6100004e+02   1.8409600e+01
   5.2359307e-01   2.6640016e+02   1.9358800e+01
   5.2359307e-01   2.7179972e+02   2.0097700e+01
   5.2359307e-01   2.7719985e+02   2.0641000e+01
   5.2359307e-01   2.8259997e+02   2.1015200e+01
   5.2658929e-01   1.2599972e+02   3.8760800e+01
   5.2658929e-01   1.3139985e+02   3.3342200e+01
   5.2658929e-01   1.3679998e+02   2.8098000e+01
   5.2658929e-01   1.4220010e+02   2.3132200e+01
   5.2658929e-01   1.4760023e+02   1.8536400e+01
   5.2658929e-01   1.5299978e+02   1.4388000e+01
   5.2658929e-01   1.5839991e+02   1.0748300e+01
   5.2658929e-01   1.6380004e+02   7.6623500e+00
   5.2658929e-01   1.6920017e+02   5.1581600e+00
   5.2658929e-01   1.7459972e+02   3.2469900e+00
   5.2658929e-01   1.7999985e+02   1.9240100e+00
   5.2658929e-01   1.8539998e+02   1.1693100e+00
   5.2658929e-01   1.9080010e+02   9.4930500e-01
   5.2658929e-01   1.9620023e+02   1.2184200e+00
   5.2658929e-01   2.0159978e+02   1.9210400e+00
   5.2658929e-01   2.0699991e+02   2.9936400e+00
   5.2658929e-01   2.1240004e+02   4.3670800e+00
   5.2658929e-01   2.1780017e+02   5.9689300e+00
   5.2658929e-01   2.2319972e+02   7.7258400e+00
   5.2658929e-01   2.2859985e+02   9.5659200e+00
   5.2658929e-01   2.3399997e+02   1.1420900e+01
   5.2658929e-01   2.3940010e+02   1.3228500e+01
   5.2658929e-01   2.4480023e+02   1.4933900e+01
   5.2658929e-01   2.5019978e+02   1.6491700e+01
   5.2658929e-01   2.5559991e+02   1.7867300e+01
   5.2658929e-01   2.6100004e+02   1.9037800e+01
   5.2658929e-01   2.6640016e+02   1.9992500e+01
   5.2658929e-01   2.7179972e+02   2.0733600e+01
   5.2658929e-01   2.7719985e+02   2.1275400e+01
   5.2658929e-01   2.8259997e+02   2.1644400e+01
   5.2958455e-01   1.2599972e+02   3.7955500e+01
   5.2958455e-01   1.3139985e+02   3.2626600e+01
   5.2958455e-01   1.3679998e+02   2.7476000e+01
   5.2958455e-01   1.4220010e+02   2.2606100e+01
   5.2958455e-01   1.4760023e+02   1.8107100e+01
   5.2958455e-01   1.5299978e+02   1.4055000e+01
   5.2958455e-01   1.5839991e+02   1.0510100e+01
   5.2958455e-01   1.6380004e+02   7.5161700e+00
   5.2958455e-01   1.6920017e+02   5.1004500e+00
   5.2958455e-01   1.7459972e+02   3.2734400e+00
   5.2958455e-01   1.7999985e+02   2.0297200e+00
   5.2958455e-01   1.8539998e+02   1.3489700e+00
   5.2958455e-01   1.9080010e+02   1.1973200e+00
   5.2958455e-01   1.9620023e+02   1.5290700e+00
   5.2958455e-01   2.0159978e+02   2.2885900e+00
   5.2958455e-01   2.0699991e+02   3.4124400e+00
   5.2958455e-01   2.1240004e+02   4.8316600e+00
   5.2958455e-01   2.1780017e+02   6.4740500e+00
   5.2958455e-01   2.2319972e+02   8.2665500e+00
   5.2958455e-01   2.2859985e+02   1.0137600e+01
   5.2958455e-01   2.3399997e+02   1.2019300e+01
   5.2958455e-01   2.3940010e+02   1.3849500e+01
   5.2958455e-01   2.4480023e+02   1.5573700e+01
   5.2958455e-01   2.5019978e+02   1.7146900e+01
   5.2958455e-01   2.5559991e+02   1.8534500e+01
   5.2958455e-01   2.6100004e+02   1.9713600e+01
   5.2958455e-01   2.6640016e+02   2.0673800e+01
   5.2958455e-01   2.7179972e+02   2.1416900e+01
   5.2958455e-01   2.7719985e+02   2.1957300e+01
   5.2958455e-01   2.8259997e+02   2.2321100e+01
   5.3257874e-01   1.2599972e+02   3.7228400e+01
   5.3257874e-01   1.3139985e+02   3.1988400e+01
   5.3257874e-01   1.3679998e+02   2.6930400e+01
   5.3257874e-01   1.4220010e+02   2.2155600e+01
   5.3257874e-01   1.4760023e+02   1.7752500e+01
   5.3257874e-01   1.5299978e+02   1.3795900e+01
   5.3257874e-01   1.5839991e+02   1.0344800e+01
   5.3257874e-01   1.6380004e+02   7.4420500e+00
   5.3257874e-01   1.6920017e+02   5.1139600e+00
   5.3257874e-01   1.7459972e+02   3.3702800e+00
   5.3257874e-01   1.7999985e+02   2.2050300e+00
   5.3257874e-01   1.8539998e+02   1.5974700e+00
   5.3257874e-01   1.9080010e+02   1.5134700e+00
   5.3257874e-01   1.9620023e+02   1.9071700e+00
   5.3257874e-01   2.0159978e+02   2.7229500e+00
   5.3257874e-01   2.0699991e+02   3.8974500e+00
   5.3257874e-01   2.1240004e+02   5.3618800e+00
   5.3257874e-01   2.1780017e+02   7.0442900e+00
   5.3257874e-01   2.2319972e+02   8.8719200e+00
   5.3257874e-01   2.2859985e+02   1.0773500e+01
   5.3257874e-01   2.3399997e+02   1.2681400e+01
   5.3257874e-01   2.3940010e+02   1.4533900e+01
   5.3257874e-01   2.4480023e+02   1.6276700e+01
   5.3257874e-01   2.5019978e+02   1.7864900e+01
   5.3257874e-01   2.5559991e+02   1.9264300e+01
   5.3257874e-01   2.6100004e+02   2.0452000e+01
   5.3257874e-01   2.6640016e+02   2.1417400e+01
   5.3257874e-01   2.7179972e+02   2.2162500e+01
   5.3257874e-01   2.7719985e+02   2.2701400e+01
   5.3257874e-01   2.8259997e+02   2.3059900e+01
   5.3557176e-01   1.2599972e+02   3.6595700e+01
   5.3557176e-01   1.3139985e+02   3.1443900e+01
   5.3557176e-01   1.3679998e+02   2.6477900e+01
   5.3557176e-01   1.4220010e+02   2.1797300e+01
   5.3557176e-01   1.4760023e+02   1.7489300e+01
   5.3557176e-01   1.5299978e+02   1.3627300e+01
   5.3557176e-01   1.5839991e+02   1.0269300e+01
   5.3557176e-01   1.6380004e+02   7.4569600e+00
   5.3557176e-01   1.6920017e+02   5.2157200e+00
   5.3557176e-01   1.7459972e+02   3.5546300e+00
   5.3557176e-01   1.7999985e+02   2.4671400e+00
   5.3557176e-01   1.8539998e+02   1.9320800e+00
   5.3557176e-01   1.9080010e+02   1.9150600e+00
   5.3557176e-01   1.9620023e+02   2.3700900e+00
   5.3557176e-01   2.0159978e+02   3.2415300e+00
   5.3557176e-01   2.0699991e+02   4.4661200e+00
   5.3557176e-01   2.1240004e+02   5.9752400e+00
   5.3557176e-01   2.1780017e+02   7.6971800e+00
   5.3557176e-01   2.2319972e+02   9.5594700e+00
   5.3557176e-01   2.2859985e+02   1.1491100e+01
   5.3557176e-01   2.3399997e+02   1.3424900e+01
   5.3557176e-01   2.3940010e+02   1.5299300e+01
   5.3557176e-01   2.4480023e+02   1.7060300e+01
   5.3557176e-01   2.5019978e+02   1.8663400e+01
   5.3557176e-01   2.5559991e+02   2.0074200e+01
   5.3557176e-01   2.6100004e+02   2.1270200e+01
   5.3557176e-01   2.6640016e+02   2.2240700e+01
   5.3557176e-01   2.7179972e+02   2.2987600e+01
   5.3557176e-01   2.7719985e+02   2.3524900e+01
   5.3557176e-01   2.8259997e+02   2.3878300e+01
   5.3856350e-01   1.2599972e+02   3.6076400e+01
   5.3856350e-01   1.3139985e+02   3.1012100e+01
   5.3856350e-01   1.3679998e+02   2.6137400e+01
   5.3856350e-01   1.4220010e+02   2.1550300e+01
   5.3856350e-01   1.4760023e+02   1.7336800e+01
   5.3856350e-01   1.5299978e+02   1.3568700e+01
   5.3856350e-01   1.5839991e+02   1.0303000e+01
   5.3856350e-01   1.6380004e+02   7.5804300e+00
   5.3856350e-01   1.6920017e+02   5.4253500e+00
   5.3856350e-01   1.7459972e+02   3.8461800e+00
   5.3856350e-01   1.7999985e+02   2.8357800e+00
   5.3856350e-01   1.8539998e+02   2.3725900e+00
   5.3856350e-01   1.9080010e+02   2.4219500e+00
   5.3856350e-01   1.9620023e+02   2.9377300e+00
   5.3856350e-01   2.0159978e+02   3.8642800e+00
   5.3856350e-01   2.0699991e+02   5.1384300e+00
   5.3856350e-01   2.1240004e+02   6.6917400e+00
   5.3856350e-01   2.1780017e+02   8.4527400e+00
   5.3856350e-01   2.2319972e+02   1.0349200e+01
   5.3856350e-01   2.2859985e+02   1.2310600e+01
   5.3856350e-01   2.3399997e+02   1.4269800e+01
   5.3856350e-01   2.3940010e+02   1.6165700e+01
   5.3856350e-01   2.4480023e+02   1.7944700e+01
   5.3856350e-01   2.5019978e+02   1.9562200e+01
   5.3856350e-01   2.5559991e+02   2.0984300e+01
   5.3856350e-01   2.6100004e+02   2.2188300e+01
   5.3856350e-01   2.6640016e+02   2.3163700e+01
   5.3856350e-01   2.7179972e+02   2.3912300e+01
   5.3856350e-01   2.7719985e+02   2.4447800e+01
   5.3856350e-01   2.8259997e+02   2.4795800e+01
   5.4155385e-01   1.2599972e+02   3.5691700e+01
   5.4155385e-01   1.3139985e+02   3.0714500e+01
   5.4155385e-01   1.3679998e+02   2.5930500e+01
   5.4155385e-01   1.4220010e+02   2.1436300e+01
   5.4155385e-01   1.4760023e+02   1.7316600e+01
   5.4155385e-01   1.5299978e+02   1.3641900e+01
   5.4155385e-01   1.5839991e+02   1.0467900e+01
   5.4155385e-01   1.6380004e+02   7.8343400e+00
   5.4155385e-01   1.6920017e+02   5.7648200e+00
   5.4155385e-01   1.7459972e+02   4.2669500e+00
   5.4155385e-01   1.7999985e+02   3.3330600e+00
   5.4155385e-01   1.8539998e+02   2.9411700e+00
   5.4155385e-01   1.9080010e+02   3.0563500e+00
   5.4155385e-01   1.9620023e+02   3.6323500e+00
   5.4155385e-01   2.0159978e+02   4.6134800e+00
   5.4155385e-01   2.0699991e+02   5.9367000e+00
   5.4155385e-01   2.1240004e+02   7.5337200e+00
   5.4155385e-01   2.1780017e+02   9.3333200e+00
   5.4155385e-01   2.2319972e+02   1.1263600e+01
   5.4155385e-01   2.2859985e+02   1.3254200e+01
   5.4155385e-01   2.3399997e+02   1.5238500e+01
   5.4155385e-01   2.3940010e+02   1.7155600e+01
   5.4155385e-01   2.4480023e+02   1.8952100e+01
   5.4155385e-01   2.5019978e+02   2.0583800e+01
   5.4155385e-01   2.5559991e+02   2.2016700e+01
   5.4155385e-01   2.6100004e+02   2.3228500e+01
   5.4155385e-01   2.6640016e+02   2.4208600e+01
   5.4155385e-01   2.7179972e+02   2.4958600e+01
   5.4155385e-01   2.7719985e+02   2.5492200e+01
   5.4155385e-01   2.8259997e+02   2.5834700e+01
   5.4454271e-01   1.2599972e+02   3.5465200e+01
   5.4454271e-01   1.3139985e+02   3.0574500e+01
   5.4454271e-01   1.3679998e+02   2.5880800e+01
   5.4454271e-01   1.4220010e+02   2.1479100e+01
   5.4454271e-01   1.4760023e+02   1.7452600e+01
   5.4454271e-01   1.5299978e+02   1.3870700e+01
   5.4454271e-01   1.5839991e+02   1.0787800e+01
   5.4454271e-01   1.6380004e+02   8.2427900e+00
   5.4454271e-01   1.6920017e+02   6.2582600e+00
   5.4454271e-01   1.7459972e+02   4.8411600e+00
   5.4454271e-01   1.7999985e+02   3.9832500e+00
   5.4454271e-01   1.8539998e+02   3.6621300e+00
   5.4454271e-01   1.9080010e+02   3.8426100e+00
   5.4454271e-01   1.9620023e+02   4.4783200e+00
   5.4454271e-01   2.0159978e+02   5.5135700e+00
   5.4454271e-01   2.0699991e+02   6.8853800e+00
   5.4454271e-01   2.1240004e+02   8.5256600e+00
   5.4454271e-01   2.1780017e+02   1.0363400e+01
   5.4454271e-01   2.2319972e+02   1.2327000e+01
   5.4454271e-01   2.2859985e+02   1.4346500e+01
   5.4454271e-01   2.3399997e+02   1.6355500e+01
   5.4454271e-01   2.3940010e+02   1.8293400e+01
   5.4454271e-01   2.4480023e+02   2.0107100e+01
   5.4454271e-01   2.5019978e+02   2.1752500e+01
   5.4454271e-01   2.5559991e+02   2.3196100e+01
   5.4454271e-01   2.6100004e+02   2.4415300e+01
   5.4454271e-01   2.6640016e+02   2.5399700e+01
   5.4454271e-01   2.7179972e+02   2.6150900e+01
   5.4454271e-01   2.7719985e+02   2.6682400e+01
   5.4454271e-01   2.8259997e+02   2.7019200e+01
   5.4752996e-01   1.2599972e+02   3.5422500e+01
   5.4752996e-01   1.3139985e+02   3.0618000e+01
   5.4752996e-01   1.3679998e+02   2.6014100e+01
   5.4752996e-01   1.4220010e+02   2.1704300e+01
   5.4752996e-01   1.4760023e+02   1.7770600e+01
   5.4752996e-01   1.5299978e+02   1.4281000e+01
   5.4752996e-01   1.5839991e+02   1.1288800e+01
   5.4752996e-01   1.6380004e+02   8.8318300e+00
   5.4752996e-01   1.6920017e+02   6.9318000e+00
   5.4752996e-01   1.7459972e+02   5.5949700e+00
   5.4752996e-01   1.7999985e+02   4.8125400e+00
   5.4752996e-01   1.8539998e+02   4.5617200e+00
   5.4752996e-01   1.9080010e+02   4.8070400e+00
   5.4752996e-01   1.9620023e+02   5.5020100e+00
   5.4752996e-01   2.0159978e+02   6.5909100e+00
   5.4752996e-01   2.0699991e+02   8.0108700e+00
   5.4752996e-01   2.1240004e+02   9.6939700e+00
   5.4752996e-01   2.1780017e+02   1.1569500e+01
   5.4752996e-01   2.2319972e+02   1.3566000e+01
   5.4752996e-01   2.2859985e+02   1.5613900e+01
   5.4752996e-01   2.3399997e+02   1.7647200e+01
   5.4752996e-01   2.3940010e+02   1.9605500e+01
   5.4752996e-01   2.4480023e+02   2.1436000e+01
   5.4752996e-01   2.5019978e+02   2.3094900e+01
   5.4752996e-01   2.5559991e+02   2.4548700e+01
   5.4752996e-01   2.6100004e+02   2.5775100e+01
   5.4752996e-01   2.6640016e+02   2.6763500e+01
   5.4752996e-01   2.7179972e+02   2.7515600e+01
   5.4752996e-01   2.7719985e+02   2.8044700e+01
   5.4752996e-01   2.8259997e+02   2.8375600e+01
   5.5051550e-01   1.2599972e+02   3.5590900e+01
   5.5051550e-01   1.3139985e+02   3.0872200e+01
   5.5051550e-01   1.3679998e+02   2.6357800e+01
   5.5051550e-01   1.4220010e+02   2.2139700e+01
   5.5051550e-01   1.4760023e+02   1.8298300e+01
   5.5051550e-01   1.5299978e+02   1.4900600e+01
   5.5051550e-01   1.5839991e+02   1.1998700e+01
   5.5051550e-01   1.6380004e+02   9.6292400e+00
   5.5051550e-01   1.6920017e+02   7.8132800e+00
   5.5051550e-01   1.7459972e+02   6.5562800e+00
   5.5051550e-01   1.7999985e+02   5.8489000e+00
   5.5051550e-01   1.8539998e+02   5.6679400e+00
   5.5051550e-01   1.9080010e+02   5.9776600e+00
   5.5051550e-01   1.9620023e+02   6.7314500e+00
   5.5051550e-01   2.0159978e+02   7.8735900e+00
   5.5051550e-01   2.0699991e+02   9.3412800e+00
   5.5051550e-01   2.1240004e+02   1.1066800e+01
   5.5051550e-01   2.1780017e+02   1.2979600e+01
   5.5051550e-01   2.2319972e+02   1.5008700e+01
   5.5051550e-01   2.2859985e+02   1.7084600e+01
   5.5051550e-01   2.3399997e+02   1.9141700e+01
   5.5051550e-01   2.3940010e+02   2.1120100e+01
   5.5051550e-01   2.4480023e+02   2.2967000e+01
   5.5051550e-01   2.5019978e+02   2.4639000e+01
   5.5051550e-01   2.5559991e+02   2.6102600e+01
   5.5051550e-01   2.6100004e+02   2.7335800e+01
   5.5051550e-01   2.6640016e+02   2.8327900e+01
   5.5051550e-01   2.7179972e+02   2.9080600e+01
   5.5051550e-01   2.7719985e+02   2.9607000e+01
   5.5051550e-01   2.8259997e+02   2.9931700e+01
   5.5349922e-01   1.2599972e+02   3.5999200e+01
   5.5349922e-01   1.3139985e+02   3.1366200e+01
   5.5349922e-01   1.3679998e+02   2.6940900e+01
   5.5349922e-01   1.4220010e+02   2.2814100e+01
   5.5349922e-01   1.4760023e+02   1.9064800e+01
   5.5349922e-01   1.5299978e+02   1.5758600e+01
   5.5349922e-01   1.5839991e+02   1.2946600e+01
   5.5349922e-01   1.6380004e+02   1.0664400e+01
   5.5349922e-01   1.6920017e+02   8.9320700e+00
   5.5349922e-01   1.7459972e+02   7.7545200e+00
   5.5349922e-01   1.7999985e+02   7.1217900e+00
   5.5349922e-01   1.8539998e+02   7.0102800e+00
   5.5349922e-01   1.9080010e+02   7.3840000e+00
   5.5349922e-01   1.9620023e+02   8.1962100e+00
   5.5349922e-01   2.0159978e+02   9.3911700e+00
   5.5349922e-01   2.0699991e+02   1.0906200e+01
   5.5349922e-01   2.1240004e+02   1.2673700e+01
   5.5349922e-01   2.1780017e+02   1.4623400e+01
   5.5349922e-01   2.2319972e+02   1.6684600e+01
   5.5349922e-01   2.2859985e+02   1.8788200e+01
   5.5349922e-01   2.3399997e+02   2.0868800e+01
   5.5349922e-01   2.3940010e+02   2.2866700e+01
   5.5349922e-01   2.4480023e+02   2.4729700e+01
   5.5349922e-01   2.5019978e+02   2.6414300e+01
   5.5349922e-01   2.5559991e+02   2.7887500e+01
   5.5349922e-01   2.6100004e+02   2.9127000e+01
   5.5349922e-01   2.6640016e+02   3.0122500e+01
   5.5349922e-01   2.7179972e+02   3.0875300e+01
   5.5349922e-01   2.7719985e+02   3.1398700e+01
   5.5349922e-01   2.8259997e+02   3.1716900e+01
   5.5648102e-01   1.2599972e+02   3.6677700e+01
   5.5648102e-01   1.3139985e+02   3.2130200e+01
   5.5648102e-01   1.3679998e+02   2.7793900e+01
   5.5648102e-01   1.4220010e+02   2.3758100e+01
   5.5648102e-01   1.4760023e+02   2.0100600e+01
   5.5648102e-01   1.5299978e+02   1.6885600e+01
   5.5648102e-01   1.5839991e+02   1.4163200e+01
   5.5648102e-01   1.6380004e+02   1.1967800e+01
   5.5648102e-01   1.6920017e+02   1.0318800e+01
   5.5648102e-01   1.7459972e+02   9.2203600e+00
   5.5648102e-01   1.7999985e+02   8.6619200e+00
   5.5648102e-01   1.8539998e+02   8.6194900e+00
   5.5648102e-01   1.9080010e+02   9.0568400e+00
   5.5648102e-01   1.9620023e+02   9.9270800e+00
   5.5648102e-01   2.0159978e+02   1.1174500e+01
   5.5648102e-01   2.0699991e+02   1.2736400e+01
   5.5648102e-01   2.1240004e+02   1.4545500e+01
   5.5648102e-01   2.1780017e+02   1.6531800e+01
   5.5648102e-01   2.2319972e+02   1.8624700e+01
   5.5648102e-01   2.2859985e+02   2.0755500e+01
   5.5648102e-01   2.3399997e+02   2.2859100e+01
   5.5648102e-01   2.3940010e+02   2.4876200e+01
   5.5648102e-01   2.4480023e+02   2.6754800e+01
   5.5648102e-01   2.5019978e+02   2.8451700e+01
   5.5648102e-01   2.5559991e+02   2.9933900e+01
   5.5648102e-01   2.6100004e+02   3.1179500e+01
   5.5648102e-01   2.6640016e+02   3.2177900e+01
   5.5648102e-01   2.7179972e+02   3.2930500e+01
   5.5648102e-01   2.7719985e+02   3.3450500e+01
   5.5648102e-01   2.8259997e+02   3.3761800e+01
   5.5946078e-01   1.2599972e+02   3.7657800e+01
   5.5946078e-01   1.3139985e+02   3.3195600e+01
   5.5946078e-01   1.3679998e+02   2.8948100e+01
   5.5946078e-01   1.4220010e+02   2.5003200e+01
   5.5946078e-01   1.4760023e+02   2.1437200e+01
   5.5946078e-01   1.5299978e+02   1.8313200e+01
   5.5946078e-01   1.5839991e+02   1.5680000e+01
   5.5946078e-01   1.6380004e+02   1.3571200e+01
   5.5946078e-01   1.6920017e+02   1.2005300e+01
   5.5946078e-01   1.7459972e+02   1.0985600e+01
   5.5946078e-01   1.7999985e+02   1.0501100e+01
   5.5946078e-01   1.8539998e+02   1.0527400e+01
   5.5946078e-01   1.9080010e+02   1.1028000e+01
   5.5946078e-01   1.9620023e+02   1.1955900e+01
   5.5946078e-01   2.0159978e+02   1.3255400e+01
   5.5946078e-01   2.0699991e+02   1.4863800e+01
   5.5946078e-01   2.1240004e+02   1.6714200e+01
   5.5946078e-01   2.1780017e+02   1.8736500e+01
   5.5946078e-01   2.2319972e+02   2.0860700e+01
   5.5946078e-01   2.2859985e+02   2.3018300e+01
   5.5946078e-01   2.3399997e+02   2.5144600e+01
   5.5946078e-01   2.3940010e+02   2.7180500e+01
   5.5946078e-01   2.4480023e+02   2.9074300e+01
   5.5946078e-01   2.5019978e+02   3.0783000e+01
   5.5946078e-01   2.5559991e+02   3.2273900e+01
   5.5946078e-01   2.6100004e+02   3.3524900e+01
   5.5946078e-01   2.6640016e+02   3.4525900e+01
   5.5946078e-01   2.7179972e+02   3.5278000e+01
   5.5946078e-01   2.7719985e+02   3.5794100e+01
   5.5946078e-01   2.8259997e+02   3.6098200e+01
   5.6243841e-01   1.2599972e+02   3.8971700e+01
   5.6243841e-01   1.3139985e+02   3.4594800e+01
   5.6243841e-01   1.3679998e+02   3.0435900e+01
   5.6243841e-01   1.4220010e+02   2.6581700e+01
   5.6243841e-01   1.4760023e+02   2.3107000e+01
   5.6243841e-01   1.5299978e+02   2.0073800e+01
   5.6243841e-01   1.5839991e+02   1.7529600e+01
   5.6243841e-01   1.6380004e+02   1.5507100e+01
   5.6243841e-01   1.6920017e+02   1.4023900e+01
   5.6243841e-01   1.7459972e+02   1.3082600e+01
   5.6243841e-01   1.7999985e+02   1.2671800e+01
   5.6243841e-01   1.8539998e+02   1.2766500e+01
   5.6243841e-01   1.9080010e+02   1.3330000e+01
   5.6243841e-01   1.9620023e+02   1.4315300e+01
   5.6243841e-01   2.0159978e+02   1.5666400e+01
   5.6243841e-01   2.0699991e+02   1.7321100e+01
   5.6243841e-01   2.1240004e+02   1.9212200e+01
   5.6243841e-01   2.1780017e+02   2.1270300e+01
   5.6243841e-01   2.2319972e+02   2.3425400e+01
   5.6243841e-01   2.2859985e+02   2.5609400e+01
   5.6243841e-01   2.3399997e+02   2.7757900e+01
   5.6243841e-01   2.3940010e+02   2.9812100e+01
   5.6243841e-01   2.4480023e+02   3.1720600e+01
   5.6243841e-01   2.5019978e+02   3.3440700e+01
   5.6243841e-01   2.5559991e+02   3.4939800e+01
   5.6243841e-01   2.6100004e+02   3.6196000e+01
   5.6243841e-01   2.6640016e+02   3.7199000e+01
   5.6243841e-01   2.7179972e+02   3.7950100e+01
   5.6243841e-01   2.7719985e+02   3.8462000e+01
   5.6243841e-01   2.8259997e+02   3.8758400e+01
   5.6541378e-01   1.2599972e+02   4.0652300e+01
   5.6541378e-01   1.3139985e+02   3.6360500e+01
   5.6541378e-01   1.3679998e+02   3.2290200e+01
   5.6541378e-01   1.4220010e+02   2.8526500e+01
   5.6541378e-01   1.4760023e+02   2.5143000e+01
   5.6541378e-01   1.5299978e+02   2.2200400e+01
   5.6541378e-01   1.5839991e+02   1.9745000e+01
   5.6541378e-01   1.6380004e+02   1.7808600e+01
   5.6541378e-01   1.6920017e+02   1.6407800e+01
   5.6541378e-01   1.7459972e+02   1.5544700e+01
   5.6541378e-01   1.7999985e+02   1.5207200e+01
   5.6541378e-01   1.8539998e+02   1.5370000e+01
   5.6541378e-01   1.9080010e+02   1.5996200e+01
   5.6541378e-01   1.9620023e+02   1.7038400e+01
   5.6541378e-01   2.0159978e+02   1.8440900e+01
   5.6541378e-01   2.0699991e+02   2.0141300e+01
   5.6541378e-01   2.1240004e+02   2.2072900e+01
   5.6541378e-01   2.1780017e+02   2.4166300e+01
   5.6541378e-01   2.2319972e+02   2.6351900e+01
   5.6541378e-01   2.2859985e+02   2.8561900e+01
   5.6541378e-01   2.3399997e+02   3.0732200e+01
   5.6541378e-01   2.3940010e+02   3.2804300e+01
   5.6541378e-01   2.4480023e+02   3.4727100e+01
   5.6541378e-01   2.5019978e+02   3.6458100e+01
   5.6541378e-01   2.5559991e+02   3.7964900e+01
   5.6541378e-01   2.6100004e+02   3.9225700e+01
   5.6541378e-01   2.6640016e+02   4.0230400e+01
   5.6541378e-01   2.7179972e+02   4.0980000e+01
   5.6541378e-01   2.7719985e+02   4.1487200e+01
   5.6541378e-01   2.8259997e+02   4.1775600e+01
   5.6838680e-01   1.2599972e+02   4.2732700e+01
   5.6838680e-01   1.3139985e+02   3.8526100e+01
   5.6838680e-01   1.3679998e+02   3.4544300e+01
   5.6838680e-01   1.4220010e+02   3.0871100e+01
   5.6838680e-01   1.4760023e+02   2.7578600e+01
   5.6838680e-01   1.5299978e+02   2.4726300e+01
   5.6838680e-01   1.5839991e+02   2.2359600e+01
   5.6838680e-01   1.6380004e+02   2.0509000e+01
   5.6838680e-01   1.6920017e+02   1.9190500e+01
   5.6838680e-01   1.7459972e+02   1.8405300e+01
   5.6838680e-01   1.7999985e+02   1.8140800e+01
   5.6838680e-01   1.8539998e+02   1.8371400e+01
   5.6838680e-01   1.9080010e+02   1.9059800e+01
   5.6838680e-01   1.9620023e+02   2.0158700e+01
   5.6838680e-01   2.0159978e+02   2.1612200e+01
   5.6838680e-01   2.0699991e+02   2.3358100e+01
   5.6838680e-01   2.1240004e+02   2.5329700e+01
   5.6838680e-01   2.1780017e+02   2.7458000e+01
   5.6838680e-01   2.2319972e+02   2.9673700e+01
   5.6838680e-01   2.2859985e+02   3.1909200e+01
   5.6838680e-01   2.3399997e+02   3.4100800e+01
   5.6838680e-01   2.3940010e+02   3.6190400e+01
   5.6838680e-01   2.4480023e+02   3.8127000e+01
   5.6838680e-01   2.5019978e+02   3.9868500e+01
   5.6838680e-01   2.5559991e+02   4.1382500e+01
   5.6838680e-01   2.6100004e+02   4.2647500e+01
   5.6838680e-01   2.6640016e+02   4.3653300e+01
   5.6838680e-01   2.7179972e+02   4.4401000e+01
   5.6838680e-01   2.7719985e+02   4.4903100e+01
   5.6838680e-01   2.8259997e+02   4.5182900e+01
   5.7135736e-01   1.2599972e+02   4.5246400e+01
   5.7135736e-01   1.3139985e+02   4.1125000e+01
   5.7135736e-01   1.3679998e+02   3.7231700e+01
   5.7135736e-01   1.4220010e+02   3.3648800e+01
   5.7135736e-01   1.4760023e+02   3.0447300e+01
   5.7135736e-01   1.5299978e+02   2.7685200e+01
   5.7135736e-01   1.5839991e+02   2.5406900e+01
   5.7135736e-01   1.6380004e+02   2.3641900e+01
   5.7135736e-01   1.6920017e+02   2.2405400e+01
   5.7135736e-01   1.7459972e+02   2.1697900e+01
   5.7135736e-01   1.7999985e+02   2.1506100e+01
   5.7135736e-01   1.8539998e+02   2.1804200e+01
   5.7135736e-01   1.9080010e+02   2.2554600e+01
   5.7135736e-01   1.9620023e+02   2.3709800e+01
   5.7135736e-01   2.0159978e+02   2.5213900e+01
   5.7135736e-01   2.0699991e+02   2.7004900e+01
   5.7135736e-01   2.1240004e+02   2.9016200e+01
   5.7135736e-01   2.1780017e+02   3.1179000e+01
   5.7135736e-01   2.2319972e+02   3.3424300e+01
   5.7135736e-01   2.2859985e+02   3.5684900e+01
   5.7135736e-01   2.3399997e+02   3.7897400e+01
   5.7135736e-01   2.3940010e+02   4.0004000e+01
   5.7135736e-01   2.4480023e+02   4.1953900e+01
   5.7135736e-01   2.5019978e+02   4.3705400e+01
   5.7135736e-01   2.5559991e+02   4.5226200e+01
   5.7135736e-01   2.6100004e+02   4.6494900e+01
   5.7135736e-01   2.6640016e+02   4.7501300e+01
   5.7135736e-01   2.7179972e+02   4.8246500e+01
   5.7135736e-01   2.7719985e+02   4.8743000e+01
   5.7135736e-01   2.8259997e+02   4.9013900e+01
