#sin^2(theta23) Delta_CP/deg Delta_chi^2
   4.1501643e-01   1.7999985e+02   8.9979500e+01
   4.1501643e-01   1.8599986e+02   8.2277100e+01
   4.1501643e-01   1.9199988e+02   7.5659000e+01
   4.1501643e-01   1.9799989e+02   7.0089000e+01
   4.1501643e-01   2.0399990e+02   6.5499900e+01
   4.1501643e-01   2.0999992e+02   6.1800000e+01
   4.1501643e-01   2.1599993e+02   5.8880500e+01
   4.1501643e-01   2.2199995e+02   5.6622500e+01
   4.1501643e-01   2.2799996e+02   5.4904600e+01
   4.1501643e-01   2.3399997e+02   5.3609600e+01
   4.1501643e-01   2.3999999e+02   5.2630400e+01
   4.1501643e-01   2.4600000e+02   5.1875000e+01
   4.1501643e-01   2.5200002e+02   5.1271400e+01
   4.1501643e-01   2.5800003e+02   5.0770200e+01
   4.1501643e-01   2.6400004e+02   5.0346400e+01
   4.1501643e-01   2.7000006e+02   5.0000500e+01
   4.1501643e-01   2.7600007e+02   4.9757900e+01
   4.1501643e-01   2.8200009e+02   4.9667700e+01
   4.1501643e-01   2.8800010e+02   4.9799800e+01
   4.1501643e-01   2.9400011e+02   5.0242100e+01
   4.1501643e-01   3.0000013e+02   5.1096200e+01
   4.1501643e-01   3.0600014e+02   5.2473200e+01
   4.1501643e-01   3.1200016e+02   5.4488000e+01
   4.1501643e-01   3.1800017e+02   5.7254300e+01
   4.1501643e-01   3.2400018e+02   6.0878800e+01
   4.1501643e-01   3.3000020e+02   6.5455500e+01
   4.1501643e-01   3.3600021e+02   7.1059800e+01
   4.1501643e-01   3.4200023e+02   7.7743200e+01
   4.1501643e-01   3.4800024e+02   8.5527900e+01
   4.1501643e-01   3.5400025e+02   9.4401700e+01
   4.1501643e-01   3.6000027e+02   1.0431500e+02
   4.1748110e-01   1.7999985e+02   8.2921600e+01
   4.1748110e-01   1.8599986e+02   7.5269000e+01
   4.1748110e-01   1.9199988e+02   6.8693300e+01
   4.1748110e-01   1.9799989e+02   6.3158500e+01
   4.1748110e-01   2.0399990e+02   5.8597900e+01
   4.1748110e-01   2.0999992e+02   5.4920500e+01
   4.1748110e-01   2.1599993e+02   5.2018100e+01
   4.1748110e-01   2.2199995e+02   4.9772800e+01
   4.1748110e-01   2.2799996e+02   4.8064100e+01
   4.1748110e-01   2.3399997e+02   4.6775600e+01
   4.1748110e-01   2.3999999e+02   4.5800800e+01
   4.1748110e-01   2.4600000e+02   4.5048700e+01
   4.1748110e-01   2.5200002e+02   4.4447600e+01
   4.1748110e-01   2.5800003e+02   4.3948400e+01
   4.1748110e-01   2.6400004e+02   4.3526400e+01
   4.1748110e-01   2.7000006e+02   4.3182200e+01
   4.1748110e-01   2.7600007e+02   4.2941000e+01
   4.1748110e-01   2.8200009e+02   4.2851400e+01
   4.1748110e-01   2.8800010e+02   4.2983100e+01
   4.1748110e-01   2.9400011e+02   4.3423200e+01
   4.1748110e-01   3.0000013e+02   4.4272800e+01
   4.1748110e-01   3.0600014e+02   4.5642100e+01
   4.1748110e-01   3.1200016e+02   4.7645200e+01
   4.1748110e-01   3.1800017e+02   5.0395300e+01
   4.1748110e-01   3.2400018e+02   5.3998300e+01
   4.1748110e-01   3.3000020e+02   5.8547500e+01
   4.1748110e-01   3.3600021e+02   6.4117900e+01
   4.1748110e-01   3.4200023e+02   7.0760600e+01
   4.1748110e-01   3.4800024e+02   7.8497500e+01
   4.1748110e-01   3.5400025e+02   8.7316700e+01
   4.1748110e-01   3.6000027e+02   9.7168500e+01
   4.1994784e-01   1.7999985e+02   7.6451800e+01
   4.1994784e-01   1.8599986e+02   6.8848900e+01
   4.1994784e-01   1.9199988e+02   6.2315500e+01
   4.1994784e-01   1.9799989e+02   5.6815800e+01
   4.1994784e-01   2.0399990e+02   5.2283600e+01
   4.1994784e-01   2.0999992e+02   4.8628600e+01
   4.1994784e-01   2.1599993e+02   4.5743200e+01
   4.1994784e-01   2.2199995e+02   4.3510600e+01
   4.1994784e-01   2.2799996e+02   4.1811000e+01
   4.1994784e-01   2.3399997e+02   4.0528900e+01
   4.1994784e-01   2.3999999e+02   3.9558500e+01
   4.1994784e-01   2.4600000e+02   3.8809500e+01
   4.1994784e-01   2.5200002e+02   3.8210800e+01
   4.1994784e-01   2.5800003e+02   3.7713600e+01
   4.1994784e-01   2.6400004e+02   3.7293400e+01
   4.1994784e-01   2.7000006e+02   3.6950800e+01
   4.1994784e-01   2.7600007e+02   3.6710800e+01
   4.1994784e-01   2.8200009e+02   3.6621800e+01
   4.1994784e-01   2.8800010e+02   3.6752900e+01
   4.1994784e-01   2.9400011e+02   3.7190700e+01
   4.1994784e-01   3.0000013e+02   3.8035600e+01
   4.1994784e-01   3.0600014e+02   3.9397100e+01
   4.1994784e-01   3.1200016e+02   4.1388600e+01
   4.1994784e-01   3.1800017e+02   4.4122400e+01
   4.1994784e-01   3.2400018e+02   4.7703800e+01
   4.1994784e-01   3.3000020e+02   5.2225500e+01
   4.1994784e-01   3.3600021e+02   5.7762000e+01
   4.1994784e-01   3.4200023e+02   6.4364000e+01
   4.1994784e-01   3.4800024e+02   7.2053300e+01
   4.1994784e-01   3.5400025e+02   8.0818000e+01
   4.1994784e-01   3.6000027e+02   9.0608600e+01
   4.2241658e-01   1.7999985e+02   7.0553600e+01
   4.2241658e-01   1.8599986e+02   6.3000200e+01
   4.2241658e-01   1.9199988e+02   5.6508800e+01
   4.2241658e-01   1.9799989e+02   5.1044100e+01
   4.2241658e-01   2.0399990e+02   4.6540200e+01
   4.2241658e-01   2.0999992e+02   4.2907400e+01
   4.2241658e-01   2.1599993e+02   4.0039100e+01
   4.2241658e-01   2.2199995e+02   3.7819100e+01
   4.2241658e-01   2.2799996e+02   3.6128500e+01
   4.2241658e-01   2.3399997e+02   3.4852700e+01
   4.2241658e-01   2.3999999e+02   3.3886700e+01
   4.2241658e-01   2.4600000e+02   3.3140700e+01
   4.2241658e-01   2.5200002e+02   3.2544300e+01
   4.2241658e-01   2.5800003e+02   3.2049000e+01
   4.2241658e-01   2.6400004e+02   3.1630600e+01
   4.2241658e-01   2.7000006e+02   3.1289400e+01
   4.2241658e-01   2.7600007e+02   3.1050600e+01
   4.2241658e-01   2.8200009e+02   3.0962000e+01
   4.2241658e-01   2.8800010e+02   3.1092400e+01
   4.2241658e-01   2.9400011e+02   3.1527800e+01
   4.2241658e-01   3.0000013e+02   3.2367900e+01
   4.2241658e-01   3.0600014e+02   3.3721500e+01
   4.2241658e-01   3.1200016e+02   3.5701300e+01
   4.2241658e-01   3.1800017e+02   3.8418800e+01
   4.2241658e-01   3.2400018e+02   4.1978600e+01
   4.2241658e-01   3.3000020e+02   4.6472900e+01
   4.2241658e-01   3.3600021e+02   5.1975500e+01
   4.2241658e-01   3.4200023e+02   5.8537000e+01
   4.2241658e-01   3.4800024e+02   6.6178700e+01
   4.2241658e-01   3.5400025e+02   7.4889000e+01
   4.2241658e-01   3.6000027e+02   8.4618500e+01
   4.2488727e-01   1.7999985e+02   6.5209200e+01
   4.2488727e-01   1.8599986e+02   5.7705100e+01
   4.2488727e-01   1.9199988e+02   5.1255600e+01
   4.2488727e-01   1.9799989e+02   4.5825800e+01
   4.2488727e-01   2.0399990e+02   4.1350100e+01
   4.2488727e-01   2.0999992e+02   3.7739400e+01
   4.2488727e-01   2.1599993e+02   3.4888000e+01
   4.2488727e-01   2.2199995e+02   3.2680400e+01
   4.2488727e-01   2.2799996e+02   3.0998800e+01
   4.2488727e-01   2.3399997e+02   2.9729200e+01
   4.2488727e-01   2.3999999e+02   2.8767500e+01
   4.2488727e-01   2.4600000e+02   2.8024600e+01
   4.2488727e-01   2.5200002e+02   2.7430400e+01
   4.2488727e-01   2.5800003e+02   2.6936900e+01
   4.2488727e-01   2.6400004e+02   2.6520000e+01
   4.2488727e-01   2.7000006e+02   2.6180200e+01
   4.2488727e-01   2.7600007e+02   2.5942400e+01
   4.2488727e-01   2.8200009e+02   2.5854200e+01
   4.2488727e-01   2.8800010e+02   2.5983800e+01
   4.2488727e-01   2.9400011e+02   2.6416700e+01
   4.2488727e-01   3.0000013e+02   2.7252000e+01
   4.2488727e-01   3.0600014e+02   2.8597700e+01
   4.2488727e-01   3.1200016e+02   3.0565700e+01
   4.2488727e-01   3.1800017e+02   3.3266800e+01
   4.2488727e-01   3.2400018e+02   3.6805100e+01
   4.2488727e-01   3.3000020e+02   4.1271900e+01
   4.2488727e-01   3.3600021e+02   4.6740700e+01
   4.2488727e-01   3.4200023e+02   5.3261700e+01
   4.2488727e-01   3.4800024e+02   6.0856100e+01
   4.2488727e-01   3.5400025e+02   6.9512100e+01
   4.2488727e-01   3.6000027e+02   7.9180700e+01
   4.2735982e-01   1.7999985e+02   6.0400100e+01
   4.2735982e-01   1.8599986e+02   5.2945100e+01
   4.2735982e-01   1.9199988e+02   4.6537400e+01
   4.2735982e-01   1.9799989e+02   4.1142200e+01
   4.2735982e-01   2.0399990e+02   3.6694500e+01
   4.2735982e-01   2.0999992e+02   3.3105800e+01
   4.2735982e-01   2.1599993e+02   3.0271200e+01
   4.2735982e-01   2.2199995e+02   2.8076000e+01
   4.2735982e-01   2.2799996e+02   2.6403300e+01
   4.2735982e-01   2.3399997e+02   2.5139800e+01
   4.2735982e-01   2.3999999e+02   2.4182300e+01
   4.2735982e-01   2.4600000e+02   2.3442300e+01
   4.2735982e-01   2.5200002e+02   2.2850200e+01
   4.2735982e-01   2.5800003e+02   2.2358500e+01
   4.2735982e-01   2.6400004e+02   2.1943100e+01
   4.2735982e-01   2.7000006e+02   2.1604600e+01
   4.2735982e-01   2.7600007e+02   2.1367700e+01
   4.2735982e-01   2.8200009e+02   2.1279700e+01
   4.2735982e-01   2.8800010e+02   2.1408400e+01
   4.2735982e-01   2.9400011e+02   2.1838800e+01
   4.2735982e-01   3.0000013e+02   2.2669200e+01
   4.2735982e-01   3.0600014e+02   2.4006800e+01
   4.2735982e-01   3.1200016e+02   2.5963000e+01
   4.2735982e-01   3.1800017e+02   2.8647800e+01
   4.2735982e-01   3.2400018e+02   3.2164500e+01
   4.2735982e-01   3.3000020e+02   3.6603900e+01
   4.2735982e-01   3.3600021e+02   4.2039100e+01
   4.2735982e-01   3.4200023e+02   4.8519600e+01
   4.2735982e-01   3.4800024e+02   5.6066800e+01
   4.2735982e-01   3.5400025e+02   6.4668700e+01
   4.2735982e-01   3.6000027e+02   7.4276700e+01
   4.2983420e-01   1.7999985e+02   5.6106800e+01
   4.2983420e-01   1.8599986e+02   4.8700700e+01
   4.2983420e-01   1.9199988e+02   4.2334500e+01
   4.2983420e-01   1.9799989e+02   3.6973800e+01
   4.2983420e-01   2.0399990e+02   3.2553900e+01
   4.2983420e-01   2.0999992e+02   2.8987100e+01
   4.2983420e-01   2.1599993e+02   2.6169200e+01
   4.2983420e-01   2.2199995e+02   2.3986300e+01
   4.2983420e-01   2.2799996e+02   2.2322300e+01
   4.2983420e-01   2.3399997e+02   2.1064900e+01
   4.2983420e-01   2.3999999e+02   2.0111500e+01
   4.2983420e-01   2.4600000e+02   1.9374300e+01
   4.2983420e-01   2.5200002e+02   1.8784300e+01
   4.2983420e-01   2.5800003e+02   1.8294200e+01
   4.2983420e-01   2.6400004e+02   1.7880200e+01
   4.2983420e-01   2.7000006e+02   1.7542900e+01
   4.2983420e-01   2.7600007e+02   1.7306800e+01
   4.2983420e-01   2.8200009e+02   1.7219000e+01
   4.2983420e-01   2.8800010e+02   1.7346700e+01
   4.2983420e-01   2.9400011e+02   1.7774400e+01
   4.2983420e-01   3.0000013e+02   1.8599800e+01
   4.2983420e-01   3.0600014e+02   1.9929400e+01
   4.2983420e-01   3.1200016e+02   2.1873800e+01
   4.2983420e-01   3.1800017e+02   2.4542300e+01
   4.2983420e-01   3.2400018e+02   2.8037400e+01
   4.2983420e-01   3.3000020e+02   3.2449500e+01
   4.2983420e-01   3.3600021e+02   3.7851000e+01
   4.2983420e-01   3.4200023e+02   4.4291300e+01
   4.2983420e-01   3.4800024e+02   5.1791400e+01
   4.2983420e-01   3.5400025e+02   6.0339400e+01
   4.2983420e-01   3.6000027e+02   6.9887000e+01
   4.3231033e-01   1.7999985e+02   5.2309000e+01
   4.3231033e-01   1.8599986e+02   4.4951500e+01
   4.3231033e-01   1.9199988e+02   3.8626700e+01
   4.3231033e-01   1.9799989e+02   3.3300200e+01
   4.3231033e-01   2.0399990e+02   2.8908000e+01
   4.3231033e-01   2.0999992e+02   2.5362900e+01
   4.3231033e-01   2.1599993e+02   2.2561500e+01
   4.3231033e-01   2.2199995e+02   2.0390800e+01
   4.3231033e-01   2.2799996e+02   1.8735500e+01
   4.3231033e-01   2.3399997e+02   1.7484000e+01
   4.3231033e-01   2.3999999e+02   1.6534600e+01
   4.3231033e-01   2.4600000e+02   1.5800200e+01
   4.3231033e-01   2.5200002e+02   1.5212100e+01
   4.3231033e-01   2.5800003e+02   1.4723500e+01
   4.3231033e-01   2.6400004e+02   1.4310800e+01
   4.3231033e-01   2.7000006e+02   1.3974600e+01
   4.3231033e-01   2.7600007e+02   1.3739200e+01
   4.3231033e-01   2.8200009e+02   1.3651500e+01
   4.3231033e-01   2.8800010e+02   1.3778200e+01
   4.3231033e-01   2.9400011e+02   1.4203100e+01
   4.3231033e-01   3.0000013e+02   1.5023500e+01
   4.3231033e-01   3.0600014e+02   1.6345000e+01
   4.3231033e-01   3.1200016e+02   1.8277600e+01
   4.3231033e-01   3.1800017e+02   2.0929700e+01
   4.3231033e-01   3.2400018e+02   2.4403400e+01
   4.3231033e-01   3.3000020e+02   2.8788200e+01
   4.3231033e-01   3.3600021e+02   3.4156300e+01
   4.3231033e-01   3.4200023e+02   4.0556500e+01
   4.3231033e-01   3.4800024e+02   4.8009600e+01
   4.3231033e-01   3.5400025e+02   5.6504000e+01
   4.3231033e-01   3.6000027e+02   6.5991400e+01
   4.3478815e-01   1.7999985e+02   4.8985600e+01
   4.3478815e-01   1.8599986e+02   4.1676400e+01
   4.3478815e-01   1.9199988e+02   3.5392600e+01
   4.3478815e-01   1.9799989e+02   3.0100200e+01
   4.3478815e-01   2.0399990e+02   2.5735400e+01
   4.3478815e-01   2.0999992e+02   2.2211900e+01
   4.3478815e-01   2.1599993e+02   1.9426900e+01
   4.3478815e-01   2.2199995e+02   1.7268200e+01
   4.3478815e-01   2.2799996e+02   1.5621400e+01
   4.3478815e-01   2.3399997e+02   1.4375800e+01
   4.3478815e-01   2.3999999e+02   1.3430400e+01
   4.3478815e-01   2.4600000e+02   1.2698500e+01
   4.3478815e-01   2.5200002e+02   1.2112300e+01
   4.3478815e-01   2.5800003e+02   1.1625100e+01
   4.3478815e-01   2.6400004e+02   1.1213600e+01
   4.3478815e-01   2.7000006e+02   1.0878400e+01
   4.3478815e-01   2.7600007e+02   1.0643700e+01
   4.3478815e-01   2.8200009e+02   1.0555900e+01
   4.3478815e-01   2.8800010e+02   1.0681500e+01
   4.3478815e-01   2.9400011e+02   1.1103700e+01
   4.3478815e-01   3.0000013e+02   1.1918900e+01
   4.3478815e-01   3.0600014e+02   1.3232300e+01
   4.3478815e-01   3.1200016e+02   1.5153100e+01
   4.3478815e-01   3.1800017e+02   1.7788900e+01
   4.3478815e-01   3.2400018e+02   2.1241200e+01
   4.3478815e-01   3.3000020e+02   2.5598900e+01
   4.3478815e-01   3.3600021e+02   3.0933600e+01
   4.3478815e-01   3.4200023e+02   3.7293900e+01
   4.3478815e-01   3.4800024e+02   4.4700400e+01
   4.3478815e-01   3.5400025e+02   5.3141300e+01
   4.3478815e-01   3.6000027e+02   6.2568800e+01
   4.3726760e-01   1.7999985e+02   4.6114600e+01
   4.3726760e-01   1.8599986e+02   3.8853500e+01
   4.3726760e-01   1.9199988e+02   3.2610500e+01
   4.3726760e-01   1.9799989e+02   2.7351800e+01
   4.3726760e-01   2.0399990e+02   2.3014300e+01
   4.3726760e-01   2.0999992e+02   1.9512200e+01
   4.3726760e-01   2.1599993e+02   1.6743400e+01
   4.3726760e-01   2.2199995e+02   1.4596600e+01
   4.3726760e-01   2.2799996e+02   1.2958200e+01
   4.3726760e-01   2.3399997e+02   1.1718300e+01
   4.3726760e-01   2.3999999e+02   1.0776700e+01
   4.3726760e-01   2.4600000e+02   1.0047300e+01
   4.3726760e-01   2.5200002e+02   9.4628600e+00
   4.3726760e-01   2.5800003e+02   8.9770100e+00
   4.3726760e-01   2.6400004e+02   8.5666200e+00
   4.3726760e-01   2.7000006e+02   8.2323300e+00
   4.3726760e-01   2.7600007e+02   7.9981800e+00
   4.3726760e-01   2.8200009e+02   7.9102900e+00
   4.3726760e-01   2.8800010e+02   8.0346500e+00
   4.3726760e-01   2.9400011e+02   8.4540000e+00
   4.3726760e-01   3.0000013e+02   9.2641000e+00
   4.3726760e-01   3.0600014e+02   1.0569400e+01
   4.3726760e-01   3.1200016e+02   1.2478300e+01
   4.3726760e-01   3.1800017e+02   1.5098000e+01
   4.3726760e-01   3.2400018e+02   1.8528900e+01
   4.3726760e-01   3.3000020e+02   2.2859600e+01
   4.3726760e-01   3.3600021e+02   2.8161100e+01
   4.3726760e-01   3.4200023e+02   3.4481600e+01
   4.3726760e-01   3.4800024e+02   4.1841600e+01
   4.3726760e-01   3.5400025e+02   5.0229500e+01
   4.3726760e-01   3.6000027e+02   5.9597400e+01
   4.3974862e-01   1.7999985e+02   4.3673400e+01
   4.3974862e-01   1.8599986e+02   3.6460000e+01
   4.3974862e-01   1.9199988e+02   3.0257500e+01
   4.3974862e-01   1.9799989e+02   2.5032300e+01
   4.3974862e-01   2.0399990e+02   2.0721900e+01
   4.3974862e-01   2.0999992e+02   1.7240900e+01
   4.3974862e-01   2.1599993e+02   1.4488100e+01
   4.3974862e-01   2.2199995e+02   1.2353100e+01
   4.3974862e-01   2.2799996e+02   1.0723000e+01
   4.3974862e-01   2.3399997e+02   9.4886900e+00
   4.3974862e-01   2.3999999e+02   8.5507200e+00
   4.3974862e-01   2.4600000e+02   7.8238100e+00
   4.3974862e-01   2.5200002e+02   7.2409800e+00
   4.3974862e-01   2.5800003e+02   6.7563700e+00
   4.3974862e-01   2.6400004e+02   6.3470000e+00
   4.3974862e-01   2.7000006e+02   6.0135200e+00
   4.3974862e-01   2.7600007e+02   5.7798300e+00
   4.3974862e-01   2.8200009e+02   5.6917700e+00
   4.3974862e-01   2.8800010e+02   5.8148700e+00
   4.3974862e-01   2.9400011e+02   6.2313300e+00
   4.3974862e-01   3.0000013e+02   7.0362800e+00
   4.3974862e-01   3.0600014e+02   8.3334900e+00
   4.3974862e-01   3.1200016e+02   1.0230600e+01
   4.3974862e-01   3.1800017e+02   1.2834100e+01
   4.3974862e-01   3.2400018e+02   1.6243700e+01
   4.3974862e-01   3.3000020e+02   2.0547500e+01
   4.3974862e-01   3.3600021e+02   2.5816000e+01
   4.3974862e-01   3.4200023e+02   3.2097000e+01
   4.3974862e-01   3.4800024e+02   3.9410900e+01
   4.3974862e-01   3.5400025e+02   4.7745900e+01
   4.3974862e-01   3.6000027e+02   5.7054500e+01
   4.4223114e-01   1.7999985e+02   4.1638800e+01
   4.4223114e-01   1.8599986e+02   3.4472700e+01
   4.4223114e-01   1.9199988e+02   2.8310400e+01
   4.4223114e-01   1.9799989e+02   2.3118400e+01
   4.4223114e-01   2.0399990e+02   1.8834800e+01
   4.4223114e-01   2.0999992e+02   1.5374800e+01
   4.4223114e-01   2.1599993e+02   1.2637800e+01
   4.4223114e-01   2.2199995e+02   1.0514300e+01
   4.4223114e-01   2.2799996e+02   8.8923400e+00
   4.4223114e-01   2.3399997e+02   7.6635400e+00
   4.4223114e-01   2.3999999e+02   6.7291300e+00
   4.4223114e-01   2.4600000e+02   6.0045300e+00
   4.4223114e-01   2.5200002e+02   5.4232500e+00
   4.4223114e-01   2.5800003e+02   4.9397700e+00
   4.4223114e-01   2.6400004e+02   4.5313200e+00
   4.4223114e-01   2.7000006e+02   4.1985600e+00
   4.4223114e-01   2.7600007e+02   3.9652500e+00
   4.4223114e-01   2.8200009e+02   3.8769400e+00
   4.4223114e-01   2.8800010e+02   3.9987300e+00
   4.4223114e-01   2.9400011e+02   4.4122600e+00
   4.4223114e-01   3.0000013e+02   5.2120400e+00
   4.4223114e-01   3.0600014e+02   6.5011500e+00
   4.4223114e-01   3.1200016e+02   8.3865200e+00
   4.4223114e-01   3.1800017e+02   1.0973900e+01
   4.4223114e-01   3.2400018e+02   1.4362400e+01
   4.4223114e-01   3.3000020e+02   1.8639500e+01
   4.4223114e-01   3.3600021e+02   2.3875100e+01
   4.4223114e-01   3.4200023e+02   3.0116800e+01
   4.4223114e-01   3.4800024e+02   3.7384800e+01
   4.4223114e-01   3.5400025e+02   4.5667200e+01
   4.4223114e-01   3.6000027e+02   5.4916900e+01
   4.4471511e-01   1.7999985e+02   3.9986700e+01
   4.4471511e-01   1.8599986e+02   3.2867700e+01
   4.4471511e-01   1.9199988e+02   2.6745200e+01
   4.4471511e-01   1.9799989e+02   2.1586200e+01
   4.4471511e-01   2.0399990e+02   1.7329100e+01
   4.4471511e-01   2.0999992e+02   1.3889800e+01
   4.4471511e-01   2.1599993e+02   1.1168500e+01
   4.4471511e-01   2.2199995e+02   9.0563900e+00
   4.4471511e-01   2.2799996e+02   7.4423300e+00
   4.4471511e-01   2.3399997e+02   6.2188700e+00
   4.4471511e-01   2.3999999e+02   5.2879000e+00
   4.4471511e-01   2.4600000e+02   4.5654900e+00
   4.4471511e-01   2.5200002e+02   3.9856400e+00
   4.4471511e-01   2.5800003e+02   3.5031900e+00
   4.4471511e-01   2.6400004e+02   3.0955600e+00
   4.4471511e-01   2.7000006e+02   2.7634300e+00
   4.4471511e-01   2.7600007e+02   2.5304300e+00
   4.4471511e-01   2.8200009e+02   2.4418100e+00
   4.4471511e-01   2.8800010e+02   2.5622300e+00
   4.4471511e-01   2.9400011e+02   2.9728100e+00
   4.4471511e-01   3.0000013e+02   3.7674100e+00
   4.4471511e-01   3.0600014e+02   5.0484400e+00
   4.4471511e-01   3.1200016e+02   6.9221200e+00
   4.4471511e-01   3.1800017e+02   9.4934600e+00
   4.4471511e-01   3.2400018e+02   1.2861000e+01
   4.4471511e-01   3.3000020e+02   1.7111500e+01
   4.4471511e-01   3.3600021e+02   2.2314500e+01
   4.4471511e-01   3.4200023e+02   2.8517200e+01
   4.4471511e-01   3.4800024e+02   3.5739500e+01
   4.4471511e-01   3.5400025e+02   4.3969800e+01
   4.4471511e-01   3.6000027e+02   5.3160900e+01
   4.4720046e-01   1.7999985e+02   3.8693000e+01
   4.4720046e-01   1.8599986e+02   3.1620600e+01
   4.4720046e-01   1.9199988e+02   2.5537600e+01
   4.4720046e-01   1.9799989e+02   2.0411200e+01
   4.4720046e-01   2.0399990e+02   1.6180400e+01
   4.4720046e-01   2.0999992e+02   1.2761500e+01
   4.4720046e-01   2.1599993e+02   1.0055600e+01
   4.4720046e-01   2.2199995e+02   7.9547200e+00
   4.4720046e-01   2.2799996e+02   6.3484600e+00
   4.4720046e-01   2.3399997e+02   5.1301700e+00
   4.4720046e-01   2.3999999e+02   4.2025200e+00
   4.4720046e-01   2.4600000e+02   3.4821600e+00
   4.4720046e-01   2.5200002e+02   2.9036300e+00
   4.4720046e-01   2.5800003e+02   2.4221200e+00
   4.4720046e-01   2.6400004e+02   2.0152100e+00
   4.4720046e-01   2.7000006e+02   1.6836300e+00
   4.4720046e-01   2.7600007e+02   1.4508600e+00
   4.4720046e-01   2.8200009e+02   1.3618600e+00
   4.4720046e-01   2.8800010e+02   1.4808700e+00
   4.4720046e-01   2.9400011e+02   1.8884700e+00
   4.4720046e-01   3.0000013e+02   2.6779100e+00
   4.4720046e-01   3.0600014e+02   3.9508900e+00
   4.4720046e-01   3.1200016e+02   5.8129500e+00
   4.4720046e-01   3.1800017e+02   8.3683800e+00
   4.4720046e-01   3.2400018e+02   1.1715100e+01
   4.4720046e-01   3.3000020e+02   1.5939200e+01
   4.4720046e-01   3.3600021e+02   2.1109800e+01
   4.4720046e-01   3.4200023e+02   2.7273700e+01
   4.4720046e-01   3.4800024e+02   3.4450700e+01
   4.4720046e-01   3.5400025e+02   4.2629100e+01
   4.4720046e-01   3.6000027e+02   5.1762000e+01
   4.4968713e-01   1.7999985e+02   3.7732700e+01
   4.4968713e-01   1.8599986e+02   3.0706500e+01
   4.4968713e-01   1.9199988e+02   2.4662700e+01
   4.4968713e-01   1.9799989e+02   1.9568600e+01
   4.4968713e-01   2.0399990e+02   1.5363700e+01
   4.4968713e-01   2.0999992e+02   1.1965000e+01
   4.4968713e-01   2.1599993e+02   9.2743400e+00
   4.4968713e-01   2.2199995e+02   7.1844500e+00
   4.4968713e-01   2.2799996e+02   5.5858000e+00
   4.4968713e-01   2.3399997e+02   4.3725400e+00
   4.4968713e-01   2.3999999e+02   3.4480500e+00
   4.4968713e-01   2.4600000e+02   2.7296300e+00
   4.4968713e-01   2.5200002e+02   2.1523000e+00
   4.4968713e-01   2.5800003e+02   1.6716100e+00
   4.4968713e-01   2.6400004e+02   1.2653400e+00
   4.4968713e-01   2.7000006e+02   9.3422100e-01
   4.4968713e-01   2.7600007e+02   7.0160900e-01
   4.4968713e-01   2.8200009e+02   6.1217300e-01
   4.4968713e-01   2.8800010e+02   7.2974000e-01
   4.4968713e-01   2.9400011e+02   1.1343500e+00
   4.4968713e-01   3.0000013e+02   1.9186200e+00
   4.4968713e-01   3.0600014e+02   3.1836100e+00
   4.4968713e-01   3.1200016e+02   5.0341100e+00
   4.4968713e-01   3.1800017e+02   7.5737600e+00
   4.4968713e-01   3.2400018e+02   1.0899800e+01
   4.4968713e-01   3.3000020e+02   1.5097700e+01
   4.4968713e-01   3.3600021e+02   2.0236100e+01
   4.4968713e-01   3.4200023e+02   2.6361600e+01
   4.4968713e-01   3.4800024e+02   3.3493600e+01
   4.4968713e-01   3.5400025e+02   4.1620500e+01
   4.4968713e-01   3.6000027e+02   5.0695700e+01
   4.5217506e-01   1.7999985e+02   3.7080800e+01
   4.5217506e-01   1.8599986e+02   3.0100400e+01
   4.5217506e-01   1.9199988e+02   2.4095300e+01
   4.5217506e-01   1.9799989e+02   1.9033200e+01
   4.5217506e-01   2.0399990e+02   1.4853900e+01
   4.5217506e-01   2.0999992e+02   1.1475200e+01
   4.5217506e-01   2.1599993e+02   8.7994400e+00
   4.5217506e-01   2.2199995e+02   6.7203300e+00
   4.5217506e-01   2.2799996e+02   5.1291100e+00
   4.5217506e-01   2.3399997e+02   3.9207100e+00
   4.5217506e-01   2.3999999e+02   2.9992400e+00
   4.5217506e-01   2.4600000e+02   2.2826200e+00
   4.5217506e-01   2.5200002e+02   1.7063800e+00
   4.5217506e-01   2.5800003e+02   1.2264000e+00
   4.5217506e-01   2.6400004e+02   8.2066100e-01
   4.5217506e-01   2.7000006e+02   4.8992400e-01
   4.5217506e-01   2.7600007e+02   2.5740200e-01
   4.5217506e-01   2.8200009e+02   1.6748100e-01
   4.5217506e-01   2.8800010e+02   2.8357100e-01
   4.5217506e-01   2.9400011e+02   6.8517900e-01
   4.5217506e-01   3.0000013e+02   1.4643200e+00
   4.5217506e-01   3.0600014e+02   2.7213600e+00
   4.5217506e-01   3.1200016e+02   4.5604100e+00
   4.5217506e-01   3.1800017e+02   7.0843900e+00
   4.5217506e-01   3.2400018e+02   1.0389900e+01
   4.5217506e-01   3.3000020e+02   1.4561800e+01
   4.5217506e-01   3.3600021e+02   1.9668400e+01
   4.5217506e-01   3.4200023e+02   2.5755700e+01
   4.5217506e-01   3.4800024e+02   3.2843100e+01
   4.5217506e-01   3.5400025e+02   4.0918900e+01
   4.5217506e-01   3.6000027e+02   4.9936700e+01
   4.5466419e-01   1.7999985e+02   3.6711900e+01
   4.5466419e-01   1.8599986e+02   2.9776800e+01
   4.5466419e-01   1.9199988e+02   2.3810000e+01
   4.5466419e-01   1.9799989e+02   1.8779600e+01
   4.5466419e-01   2.0399990e+02   1.4625600e+01
   4.5466419e-01   2.0999992e+02   1.1266500e+01
   4.5466419e-01   2.1599993e+02   8.6054500e+00
   4.5466419e-01   2.2199995e+02   6.5369000e+00
   4.5466419e-01   2.2799996e+02   4.9529000e+00
   4.5466419e-01   2.3399997e+02   3.7491900e+00
   4.5466419e-01   2.3999999e+02   2.8305800e+00
   4.5466419e-01   2.4600000e+02   2.1156400e+00
   4.5466419e-01   2.5200002e+02   1.5403600e+00
   4.5466419e-01   2.5800003e+02   1.0609800e+00
   4.5466419e-01   2.6400004e+02   6.5568000e-01
   4.5466419e-01   2.7000006e+02   3.2523900e-01
   4.5466419e-01   2.7600007e+02   9.2739500e-02
   4.5466419e-01   2.8200009e+02   2.2854900e-03
   4.5466419e-01   2.8800010e+02   1.1687200e-01
   4.5466419e-01   2.9400011e+02   5.1548300e-01
   4.5466419e-01   3.0000013e+02   1.2895200e+00
   4.5466419e-01   3.0600014e+02   2.5386800e+00
   4.5466419e-01   3.1200016e+02   4.3663700e+00
   4.5466419e-01   3.1800017e+02   6.8748300e+00
   4.5466419e-01   3.2400018e+02   1.0160000e+01
   4.5466419e-01   3.3000020e+02   1.4306200e+01
   4.5466419e-01   3.3600021e+02   1.9381200e+01
   4.5466419e-01   3.4200023e+02   2.5430600e+01
   4.5466419e-01   3.4800024e+02   3.2473700e+01
   4.5466419e-01   3.5400025e+02   4.0498900e+01
   4.5466419e-01   3.6000027e+02   4.9459800e+01
   4.5715445e-01   1.7999985e+02   3.6600400e+01
   4.5715445e-01   1.8599986e+02   2.9710200e+01
   4.5715445e-01   1.9199988e+02   2.3781400e+01
   4.5715445e-01   1.9799989e+02   1.8782100e+01
   4.5715445e-01   2.0399990e+02   1.4653100e+01
   4.5715445e-01   2.0999992e+02   1.1313300e+01
   4.5715445e-01   2.1599993e+02   8.6667500e+00
   4.5715445e-01   2.2199995e+02   6.6085300e+00
   4.5715445e-01   2.2799996e+02   5.0315600e+00
   4.5715445e-01   2.3399997e+02   3.8323500e+00
   4.5715445e-01   2.3999999e+02   2.9164500e+00
   4.5715445e-01   2.4600000e+02   2.2030300e+00
   4.5715445e-01   2.5200002e+02   1.6285900e+00
   4.5715445e-01   2.5800003e+02   1.1497100e+00
   4.5715445e-01   2.6400004e+02   7.4474500e-01
   4.5715445e-01   2.7000006e+02   4.1452000e-01
   4.5715445e-01   2.7600007e+02   1.8197900e-01
   4.5715445e-01   2.8200009e+02   9.0948100e-02
   4.5715445e-01   2.8800010e+02   2.0401200e-01
   4.5715445e-01   2.9400011e+02   5.9963100e-01
   4.5715445e-01   3.0000013e+02   1.3686000e+00
   4.5715445e-01   3.0600014e+02   2.6099500e+00
   4.5715445e-01   3.1200016e+02   4.4264000e+00
   4.5715445e-01   3.1800017e+02   6.9195100e+00
   4.5715445e-01   3.2400018e+02   1.0184500e+01
   4.5715445e-01   3.3000020e+02   1.4305300e+01
   4.5715445e-01   3.3600021e+02   1.9348900e+01
   4.5715445e-01   3.4200023e+02   2.5360800e+01
   4.5715445e-01   3.4800024e+02   3.2360100e+01
   4.5715445e-01   3.5400025e+02   4.0334900e+01
   4.5715445e-01   3.6000027e+02   4.9239500e+01
   4.5964578e-01   1.7999985e+02   3.6720800e+01
   4.5964578e-01   1.8599986e+02   2.9875100e+01
   4.5964578e-01   1.9199988e+02   2.3983700e+01
   4.5964578e-01   1.9799989e+02   1.9015300e+01
   4.5964578e-01   2.0399990e+02   1.4910900e+01
   4.5964578e-01   2.0999992e+02   1.1590200e+01
   4.5964578e-01   2.1599993e+02   8.9577200e+00
   4.5964578e-01   2.2199995e+02   6.9095900e+00
   4.5964578e-01   2.2799996e+02   5.3394200e+00
   4.5964578e-01   2.3399997e+02   4.1445400e+00
   4.5964578e-01   2.3999999e+02   3.2311800e+00
   4.5964578e-01   2.4600000e+02   2.5191300e+00
   4.5964578e-01   2.5200002e+02   1.9454000e+00
   4.5964578e-01   2.5800003e+02   1.4669000e+00
   4.5964578e-01   2.6400004e+02   1.0621800e+00
   4.5964578e-01   2.7000006e+02   7.3208900e-01
   4.5964578e-01   2.7600007e+02   4.9944500e-01
   4.5964578e-01   2.8200009e+02   4.0779800e-01
   4.5964578e-01   2.8800010e+02   5.1932400e-01
   4.5964578e-01   2.9400011e+02   9.1196600e-01
   4.5964578e-01   3.0000013e+02   1.6759200e+00
   4.5964578e-01   3.0600014e+02   2.9095400e+00
   4.5964578e-01   3.1200016e+02   4.7148800e+00
   4.5964578e-01   3.1800017e+02   7.1927800e+00
   4.5964578e-01   3.2400018e+02   1.0437900e+01
   4.5964578e-01   3.3000020e+02   1.4533400e+01
   4.5964578e-01   3.3600021e+02   1.9546000e+01
   4.5964578e-01   3.4200023e+02   2.5520800e+01
   4.5964578e-01   3.4800024e+02   3.2476500e+01
   4.5964578e-01   3.5400025e+02   4.0401600e+01
   4.5964578e-01   3.6000027e+02   4.9250200e+01
   4.6213811e-01   1.7999985e+02   3.7047700e+01
   4.6213811e-01   1.8599986e+02   3.0245900e+01
   4.6213811e-01   1.9199988e+02   2.4391600e+01
   4.6213811e-01   1.9799989e+02   1.9453500e+01
   4.6213811e-01   2.0399990e+02   1.5373400e+01
   4.6213811e-01   2.0999992e+02   1.2071400e+01
   4.6213811e-01   2.1599993e+02   9.4528000e+00
   4.6213811e-01   2.2199995e+02   7.4144900e+00
   4.6213811e-01   2.2799996e+02   5.8509200e+00
   4.6213811e-01   2.3399997e+02   4.6601600e+00
   4.6213811e-01   2.3999999e+02   3.7491700e+00
   4.6213811e-01   2.4600000e+02   3.0383500e+00
   4.6213811e-01   2.5200002e+02   2.4651900e+00
   4.6213811e-01   2.5800003e+02   1.9869600e+00
   4.6213811e-01   2.6400004e+02   1.5823800e+00
   4.6213811e-01   2.7000006e+02   1.2523500e+00
   4.6213811e-01   2.7600007e+02   1.0195400e+00
   4.6213811e-01   2.8200009e+02   9.2723900e-01
   4.6213811e-01   2.8800010e+02   1.0372200e+00
   4.6213811e-01   2.9400011e+02   1.4269000e+00
   4.6213811e-01   3.0000013e+02   2.1858800e+00
   4.6213811e-01   3.0600014e+02   3.4118800e+00
   4.6213811e-01   3.1200016e+02   5.2062300e+00
   4.6213811e-01   3.1800017e+02   7.6691200e+00
   4.6213811e-01   3.2400018e+02   1.0894500e+01
   4.6213811e-01   3.3000020e+02   1.4965100e+01
   4.6213811e-01   3.3600021e+02   1.9947000e+01
   4.6213811e-01   3.4200023e+02   2.5885000e+01
   4.6213811e-01   3.4800024e+02   3.2797700e+01
   4.6213811e-01   3.5400025e+02   4.0673400e+01
   4.6213811e-01   3.6000027e+02   4.9466600e+01
   4.6463140e-01   1.7999985e+02   3.7555700e+01
   4.6463140e-01   1.8599986e+02   3.0797300e+01
   4.6463140e-01   1.9199988e+02   2.4979600e+01
   4.6463140e-01   1.9799989e+02   2.0071500e+01
   4.6463140e-01   2.0399990e+02   1.6015300e+01
   4.6463140e-01   2.0999992e+02   1.2731600e+01
   4.6463140e-01   2.1599993e+02   1.0126600e+01
   4.6463140e-01   2.2199995e+02   8.0978800e+00
   4.6463140e-01   2.2799996e+02   6.5406700e+00
   4.6463140e-01   2.3399997e+02   5.3538300e+00
   4.6463140e-01   2.3999999e+02   4.4450300e+00
   4.6463140e-01   2.4600000e+02   3.7352800e+00
   4.6463140e-01   2.5200002e+02   3.1625600e+00
   4.6463140e-01   2.5800003e+02   2.6844700e+00
   4.6463140e-01   2.6400004e+02   2.2799400e+00
   4.6463140e-01   2.7000006e+02   1.9498800e+00
   4.6463140e-01   2.7600007e+02   1.7168600e+00
   4.6463140e-01   2.8200009e+02   1.6238700e+00
   4.6463140e-01   2.8800010e+02   1.7322900e+00
   4.6463140e-01   2.9400011e+02   2.1190500e+00
   4.6463140e-01   3.0000013e+02   2.8731200e+00
   4.6463140e-01   3.0600014e+02   4.0915800e+00
   4.6463140e-01   3.1200016e+02   5.8750900e+00
   4.6463140e-01   3.1800017e+02   8.3231500e+00
   4.6463140e-01   3.2400018e+02   1.1529100e+01
   4.6463140e-01   3.3000020e+02   1.5575000e+01
   4.6463140e-01   3.3600021e+02   2.0526500e+01
   4.6463140e-01   3.4200023e+02   2.6428100e+01
   4.6463140e-01   3.4800024e+02   3.3298200e+01
   4.6463140e-01   3.5400025e+02   4.1125100e+01
   4.6463140e-01   3.6000027e+02   4.9863300e+01
   4.6712557e-01   1.7999985e+02   3.8219900e+01
   4.6712557e-01   1.8599986e+02   3.1504400e+01
   4.6712557e-01   1.9199988e+02   2.5722700e+01
   4.6712557e-01   1.9799989e+02   2.0844300e+01
   4.6712557e-01   2.0399990e+02   1.6811500e+01
   4.6712557e-01   2.0999992e+02   1.3545800e+01
   4.6712557e-01   2.1599993e+02   1.0954100e+01
   4.6712557e-01   2.2199995e+02   8.9346700e+00
   4.6712557e-01   2.2799996e+02   7.3835800e+00
   4.6712557e-01   2.3399997e+02   6.2004500e+00
   4.6712557e-01   2.3999999e+02   5.2936700e+00
   4.6712557e-01   2.4600000e+02   4.5848300e+00
   4.6712557e-01   2.5200002e+02   4.0124100e+00
   4.6712557e-01   2.5800003e+02   3.5343400e+00
   4.6712557e-01   2.6400004e+02   3.1297600e+00
   4.6712557e-01   2.7000006e+02   2.7996000e+00
   4.6712557e-01   2.7600007e+02   2.5663000e+00
   4.6712557e-01   2.8200009e+02   2.4725900e+00
   4.6712557e-01   2.8800010e+02   2.5794600e+00
   4.6712557e-01   2.9400011e+02   2.9633100e+00
   4.6712557e-01   3.0000013e+02   3.7125500e+00
   4.6712557e-01   3.0600014e+02   4.9235800e+00
   4.6712557e-01   3.1200016e+02   6.6963900e+00
   4.6712557e-01   3.1800017e+02   9.1298200e+00
   4.6712557e-01   3.2400018e+02   1.2316500e+01
   4.6712557e-01   3.3000020e+02   1.6338100e+01
   4.6712557e-01   3.3600021e+02   2.1259600e+01
   4.6712557e-01   3.4200023e+02   2.7125200e+01
   4.6712557e-01   3.4800024e+02   3.3953000e+01
   4.6712557e-01   3.5400025e+02   4.1731500e+01
   4.6712557e-01   3.6000027e+02   5.0415400e+01
   4.6962056e-01   1.7999985e+02   3.9015600e+01
   4.6962056e-01   1.8599986e+02   3.2342500e+01
   4.6962056e-01   1.9199988e+02   2.6596400e+01
   4.6962056e-01   1.9799989e+02   2.1747100e+01
   4.6962056e-01   2.0399990e+02   1.7737400e+01
   4.6962056e-01   2.0999992e+02   1.4489400e+01
   4.6962056e-01   2.1599993e+02   1.1910600e+01
   4.6962056e-01   2.2199995e+02   9.9002200e+00
   4.6962056e-01   2.2799996e+02   8.3550100e+00
   4.6962056e-01   2.3399997e+02   7.1753800e+00
   4.6962056e-01   2.3999999e+02   6.2704200e+00
   4.6962056e-01   2.4600000e+02   5.5623300e+00
   4.6962056e-01   2.5200002e+02   4.9900600e+00
   4.6962056e-01   2.5800003e+02   4.5119100e+00
   4.6962056e-01   2.6400004e+02   4.1071700e+00
   4.6962056e-01   2.7000006e+02   3.7768300e+00
   4.6962056e-01   2.7600007e+02   3.5431900e+00
   4.6962056e-01   2.8200009e+02   3.4487400e+00
   4.6962056e-01   2.8800010e+02   3.5540500e+00
   4.6962056e-01   2.9400011e+02   3.9350300e+00
   4.6962056e-01   3.0000013e+02   4.6795000e+00
   4.6962056e-01   3.0600014e+02   5.8832200e+00
   4.6962056e-01   3.1200016e+02   7.6455000e+00
   4.6962056e-01   3.1800017e+02   1.0064500e+01
   4.6962056e-01   3.2400018e+02   1.3232300e+01
   4.6962056e-01   3.3000020e+02   1.7229700e+01
   4.6962056e-01   3.3600021e+02   2.2121600e+01
   4.6962056e-01   3.4200023e+02   2.7951500e+01
   4.6962056e-01   3.4800024e+02   3.4737700e+01
   4.6962056e-01   3.5400025e+02   4.2468300e+01
   4.6962056e-01   3.6000027e+02   5.1098400e+01
   4.7211631e-01   1.7999985e+02   3.9918900e+01
   4.7211631e-01   1.8599986e+02   3.3287600e+01
   4.7211631e-01   1.9199988e+02   2.7576600e+01
   4.7211631e-01   1.9799989e+02   2.2756000e+01
   4.7211631e-01   2.0399990e+02   1.8768900e+01
   4.7211631e-01   2.0999992e+02   1.5538300e+01
   4.7211631e-01   2.1599993e+02   1.2972100e+01
   4.7211631e-01   2.2199995e+02   1.0970500e+01
   4.7211631e-01   2.2799996e+02   9.4308700e+00
   4.7211631e-01   2.3399997e+02   8.2545200e+00
   4.7211631e-01   2.3999999e+02   7.3511800e+00
   4.7211631e-01   2.4600000e+02   6.6436800e+00
   4.7211631e-01   2.5200002e+02   6.0714200e+00
   4.7211631e-01   2.5800003e+02   5.5930500e+00
   4.7211631e-01   2.6400004e+02   5.1880500e+00
   4.7211631e-01   2.7000006e+02   4.8574500e+00
   4.7211631e-01   2.7600007e+02   4.6234200e+00
   4.7211631e-01   2.8200009e+02   4.5282000e+00
   4.7211631e-01   2.8800010e+02   4.6319600e+00
   4.7211631e-01   2.9400011e+02   5.0101100e+00
   4.7211631e-01   3.0000013e+02   5.7498900e+00
   4.7211631e-01   3.0600014e+02   6.9464100e+00
   4.7211631e-01   3.1200016e+02   8.6983100e+00
   4.7211631e-01   3.1800017e+02   1.1103100e+01
   4.7211631e-01   3.2400018e+02   1.4252100e+01
   4.7211631e-01   3.3000020e+02   1.8225800e+01
   4.7211631e-01   3.3600021e+02   2.3088400e+01
   4.7211631e-01   3.4200023e+02   2.8883200e+01
   4.7211631e-01   3.4800024e+02   3.5628000e+01
   4.7211631e-01   3.5400025e+02   4.3311300e+01
   4.7211631e-01   3.6000027e+02   5.1888100e+01
   4.7461276e-01   1.7999985e+02   4.0906300e+01
   4.7461276e-01   1.8599986e+02   3.4316300e+01
   4.7461276e-01   1.9199988e+02   2.8640000e+01
   4.7461276e-01   1.9799989e+02   2.3847500e+01
   4.7461276e-01   2.0399990e+02   1.9882700e+01
   4.7461276e-01   2.0999992e+02   1.6669000e+01
   4.7461276e-01   2.1599993e+02   1.4115200e+01
   4.7461276e-01   2.2199995e+02   1.2121900e+01
   4.7461276e-01   2.2799996e+02   1.0587700e+01
   4.7461276e-01   2.3399997e+02   9.4144300e+00
   4.7461276e-01   2.3999999e+02   8.5125300e+00
   4.7461276e-01   2.4600000e+02   7.8054200e+00
   4.7461276e-01   2.5200002e+02   7.2330300e+00
   4.7461276e-01   2.5800003e+02   6.7543100e+00
   4.7461276e-01   2.6400004e+02   6.3489600e+00
   4.7461276e-01   2.7000006e+02   6.0180100e+00
   4.7461276e-01   2.7600007e+02   5.7835500e+00
   4.7461276e-01   2.8200009e+02   5.6875300e+00
   4.7461276e-01   2.8800010e+02   5.7897400e+00
   4.7461276e-01   2.9400011e+02   6.1651100e+00
   4.7461276e-01   3.0000013e+02   6.9002700e+00
   4.7461276e-01   3.0600014e+02   8.0897200e+00
   4.7461276e-01   3.1200016e+02   9.8314200e+00
   4.7461276e-01   3.1800017e+02   1.2222200e+01
   4.7461276e-01   3.2400018e+02   1.5352800e+01
   4.7461276e-01   3.3000020e+02   1.9303000e+01
   4.7461276e-01   3.3600021e+02   2.4136700e+01
   4.7461276e-01   3.4200023e+02   2.9896700e+01
   4.7461276e-01   3.4800024e+02   3.6600800e+01
   4.7461276e-01   3.5400025e+02   4.4237100e+01
   4.7461276e-01   3.6000027e+02   5.2761200e+01
   4.7710984e-01   1.7999985e+02   4.1955400e+01
   4.7710984e-01   1.8599986e+02   3.5406100e+01
   4.7710984e-01   1.9199988e+02   2.9763900e+01
   4.7710984e-01   1.9799989e+02   2.4999100e+01
   4.7710984e-01   2.0399990e+02   2.1056200e+01
   4.7710984e-01   2.0999992e+02   1.7859000e+01
   4.7710984e-01   2.1599993e+02   1.5317200e+01
   4.7710984e-01   2.2199995e+02   1.3332100e+01
   4.7710984e-01   2.2799996e+02   1.1803000e+01
   4.7710984e-01   2.3399997e+02   1.0632500e+01
   4.7710984e-01   2.3999999e+02   9.7318100e+00
   4.7710984e-01   2.4600000e+02   9.0249400e+00
   4.7710984e-01   2.5200002e+02   8.4522600e+00
   4.7710984e-01   2.5800003e+02   7.9730700e+00
   4.7710984e-01   2.6400004e+02   7.5672500e+00
   4.7710984e-01   2.7000006e+02   7.2358800e+00
   4.7710984e-01   2.7600007e+02   7.0009300e+00
   4.7710984e-01   2.8200009e+02   6.9040800e+00
   4.7710984e-01   2.8800010e+02   7.0047600e+00
   4.7710984e-01   2.9400011e+02   7.3773800e+00
   4.7710984e-01   3.0000013e+02   8.1080200e+00
   4.7710984e-01   3.0600014e+02   9.2905100e+00
   4.7710984e-01   3.1200016e+02   1.1022200e+01
   4.7710984e-01   3.1800017e+02   1.3399200e+01
   4.7710984e-01   3.2400018e+02   1.6511600e+01
   4.7710984e-01   3.3000020e+02   2.0438700e+01
   4.7710984e-01   3.3600021e+02   2.5243800e+01
   4.7710984e-01   3.4200023e+02   3.0969500e+01
   4.7710984e-01   3.4800024e+02   3.7633200e+01
   4.7710984e-01   3.5400025e+02   4.5223200e+01
   4.7710984e-01   3.6000027e+02   5.3695100e+01
   4.7960749e-01   1.7999985e+02   4.3044400e+01
   4.7960749e-01   1.8599986e+02   3.6535300e+01
   4.7960749e-01   1.9199988e+02   3.0926600e+01
   4.7960749e-01   1.9799989e+02   2.6189100e+01
   4.7960749e-01   2.0399990e+02   2.2267600e+01
   4.7960749e-01   2.0999992e+02   1.9086600e+01
   4.7960749e-01   2.1599993e+02   1.6556400e+01
   4.7960749e-01   2.2199995e+02   1.4579100e+01
   4.7960749e-01   2.2799996e+02   1.3054900e+01
   4.7960749e-01   2.3399997e+02   1.1887000e+01
   4.7960749e-01   2.3999999e+02   1.0987300e+01
   4.7960749e-01   2.4600000e+02   1.0280500e+01
   4.7960749e-01   2.5200002e+02   9.7073800e+00
   4.7960749e-01   2.5800003e+02   9.2275900e+00
   4.7960749e-01   2.6400004e+02   8.8212100e+00
   4.7960749e-01   2.7000006e+02   8.4893300e+00
   4.7960749e-01   2.7600007e+02   8.2538300e+00
   4.7960749e-01   2.8200009e+02   8.1561400e+00
   4.7960749e-01   2.8800010e+02   8.2552900e+00
   4.7960749e-01   2.9400011e+02   8.6252100e+00
   4.7960749e-01   3.0000013e+02   9.3514000e+00
   4.7960749e-01   3.0600014e+02   1.0527100e+01
   4.7960749e-01   3.1200016e+02   1.2248900e+01
   4.7960749e-01   3.1800017e+02   1.4612300e+01
   4.7960749e-01   3.2400018e+02   1.7706900e+01
   4.7960749e-01   3.3000020e+02   2.1611200e+01
   4.7960749e-01   3.3600021e+02   2.6388100e+01
   4.7960749e-01   3.4200023e+02   3.2079800e+01
   4.7960749e-01   3.4800024e+02   3.8703700e+01
   4.7960749e-01   3.5400025e+02   4.6248000e+01
   4.7960749e-01   3.6000027e+02   5.4668300e+01
   4.8210566e-01   1.7999985e+02   4.4152700e+01
   4.8210566e-01   1.8599986e+02   3.7683200e+01
   4.8210566e-01   1.9199988e+02   3.2107600e+01
   4.8210566e-01   1.9799989e+02   2.7396900e+01
   4.8210566e-01   2.0399990e+02   2.3496400e+01
   4.8210566e-01   2.0999992e+02   2.0331100e+01
   4.8210566e-01   2.1599993e+02   1.7812200e+01
   4.8210566e-01   2.2199995e+02   1.5842500e+01
   4.8210566e-01   2.2799996e+02   1.4322800e+01
   4.8210566e-01   2.3399997e+02   1.3157200e+01
   4.8210566e-01   2.3999999e+02   1.2258400e+01
   4.8210566e-01   2.4600000e+02   1.1551500e+01
   4.8210566e-01   2.5200002e+02   1.0977700e+01
   4.8210566e-01   2.5800003e+02   1.0497200e+01
   4.8210566e-01   2.6400004e+02   1.0090100e+01
   4.8210566e-01   2.7000006e+02   9.7576900e+00
   4.8210566e-01   2.7600007e+02   9.5215800e+00
   4.8210566e-01   2.8200009e+02   9.4230200e+00
   4.8210566e-01   2.8800010e+02   9.5206500e+00
   4.8210566e-01   2.9400011e+02   9.8879200e+00
   4.8210566e-01   3.0000013e+02   1.0609800e+01
   4.8210566e-01   3.0600014e+02   1.1778700e+01
   4.8210566e-01   3.1200016e+02   1.3490900e+01
   4.8210566e-01   3.1800017e+02   1.5841000e+01
   4.8210566e-01   3.2400018e+02   1.8917900e+01
   4.8210566e-01   3.3000020e+02   2.2799700e+01
   4.8210566e-01   3.3600021e+02   2.7548800e+01
   4.8210566e-01   3.4200023e+02   3.3207100e+01
   4.8210566e-01   3.4800024e+02   3.9791700e+01
   4.8210566e-01   3.5400025e+02   4.7290600e+01
   4.8210566e-01   3.6000027e+02   5.5659900e+01
   4.8460427e-01   1.7999985e+02   4.5260800e+01
   4.8460427e-01   1.8599986e+02   3.8830300e+01
   4.8460427e-01   1.9199988e+02   3.3287300e+01
   4.8460427e-01   1.9799989e+02   2.8602900e+01
   4.8460427e-01   2.0399990e+02   2.4722900e+01
   4.8460427e-01   2.0999992e+02   2.1573100e+01
   4.8460427e-01   2.1599993e+02   1.9065000e+01
   4.8460427e-01   2.2199995e+02   1.7102600e+01
   4.8460427e-01   2.2799996e+02   1.5587200e+01
   4.8460427e-01   2.3399997e+02   1.4423800e+01
   4.8460427e-01   2.3999999e+02   1.3525500e+01
   4.8460427e-01   2.4600000e+02   1.2818300e+01
   4.8460427e-01   2.5200002e+02   1.2243800e+01
   4.8460427e-01   2.5800003e+02   1.1762400e+01
   4.8460427e-01   2.6400004e+02   1.1354500e+01
   4.8460427e-01   2.7000006e+02   1.1021400e+01
   4.8460427e-01   2.7600007e+02   1.0784700e+01
   4.8460427e-01   2.8200009e+02   1.0685200e+01
   4.8460427e-01   2.8800010e+02   1.0781300e+01
   4.8460427e-01   2.9400011e+02   1.1146000e+01
   4.8460427e-01   3.0000013e+02   1.1863600e+01
   4.8460427e-01   3.0600014e+02   1.3026000e+01
   4.8460427e-01   3.1200016e+02   1.4728600e+01
   4.8460427e-01   3.1800017e+02   1.7065600e+01
   4.8460427e-01   3.2400018e+02   2.0125200e+01
   4.8460427e-01   3.3000020e+02   2.3984900e+01
   4.8460427e-01   3.3600021e+02   2.8706600e+01
   4.8460427e-01   3.4200023e+02   3.4331800e+01
   4.8460427e-01   3.4800024e+02   4.0877500e+01
   4.8460427e-01   3.5400025e+02   4.8331700e+01
   4.8460427e-01   3.6000027e+02   5.6650500e+01
   4.8710327e-01   1.7999985e+02   4.6350600e+01
   4.8710327e-01   1.8599986e+02   3.9958500e+01
   4.8710327e-01   1.9199988e+02   3.4447500e+01
   4.8710327e-01   1.9799989e+02   2.9788900e+01
   4.8710327e-01   2.0399990e+02   2.5929000e+01
   4.8710327e-01   2.0999992e+02   2.2794200e+01
   4.8710327e-01   2.1599993e+02   2.0296800e+01
   4.8710327e-01   2.2199995e+02   1.8341200e+01
   4.8710327e-01   2.2799996e+02   1.6829800e+01
   4.8710327e-01   2.3399997e+02   1.5668300e+01
   4.8710327e-01   2.3999999e+02   1.4770500e+01
   4.8710327e-01   2.4600000e+02   1.4062700e+01
   4.8710327e-01   2.5200002e+02   1.3487300e+01
   4.8710327e-01   2.5800003e+02   1.3004900e+01
   4.8710327e-01   2.6400004e+02   1.2596100e+01
   4.8710327e-01   2.7000006e+02   1.2262300e+01
   4.8710327e-01   2.7600007e+02   1.2024800e+01
   4.8710327e-01   2.8200009e+02   1.1924400e+01
   4.8710327e-01   2.8800010e+02   1.2019000e+01
   4.8710327e-01   2.9400011e+02   1.2381100e+01
   4.8710327e-01   3.0000013e+02   1.3094500e+01
   4.8710327e-01   3.0600014e+02   1.4250500e+01
   4.8710327e-01   3.1200016e+02   1.5943800e+01
   4.8710327e-01   3.1800017e+02   1.8267900e+01
   4.8710327e-01   3.2400018e+02   2.1310500e+01
   4.8710327e-01   3.3000020e+02   2.5148400e+01
   4.8710327e-01   3.3600021e+02   2.9843100e+01
   4.8710327e-01   3.4200023e+02   3.5435700e+01
   4.8710327e-01   3.4800024e+02   4.1942900e+01
   4.8710327e-01   3.5400025e+02   4.9352900e+01
   4.8710327e-01   3.6000027e+02   5.7621900e+01
   4.8960259e-01   1.7999985e+02   4.7405000e+01
   4.8960259e-01   1.8599986e+02   4.1050800e+01
   4.8960259e-01   1.9199988e+02   3.5571300e+01
   4.8960259e-01   1.9799989e+02   3.0938100e+01
   4.8960259e-01   2.0399990e+02   2.7097900e+01
   4.8960259e-01   2.0999992e+02   2.3977700e+01
   4.8960259e-01   2.1599993e+02   2.1490500e+01
   4.8960259e-01   2.2199995e+02   1.9541500e+01
   4.8960259e-01   2.2799996e+02   1.8033900e+01
   4.8960259e-01   2.3399997e+02   1.6874000e+01
   4.8960259e-01   2.3999999e+02   1.5976300e+01
   4.8960259e-01   2.4600000e+02   1.5267900e+01
   4.8960259e-01   2.5200002e+02   1.4691400e+01
   4.8960259e-01   2.5800003e+02   1.4207900e+01
   4.8960259e-01   2.6400004e+02   1.3798100e+01
   4.8960259e-01   2.7000006e+02   1.3463400e+01
   4.8960259e-01   2.7600007e+02   1.3225200e+01
   4.8960259e-01   2.8200009e+02   1.3123800e+01
   4.8960259e-01   2.8800010e+02   1.3217000e+01
   4.8960259e-01   2.9400011e+02   1.3576600e+01
   4.8960259e-01   3.0000013e+02   1.4285800e+01
   4.8960259e-01   3.0600014e+02   1.5435600e+01
   4.8960259e-01   3.1200016e+02   1.7119700e+01
   4.8960259e-01   3.1800017e+02   1.9431200e+01
   4.8960259e-01   3.2400018e+02   2.2456900e+01
   4.8960259e-01   3.3000020e+02   2.6273300e+01
   4.8960259e-01   3.3600021e+02   3.0941300e+01
   4.8960259e-01   3.4200023e+02   3.6501800e+01
   4.8960259e-01   3.4800024e+02   4.2971100e+01
   4.8960259e-01   3.5400025e+02   5.0337400e+01
   4.8960259e-01   3.6000027e+02   5.8557100e+01
   4.9210217e-01   1.7999985e+02   4.8408800e+01
   4.9210217e-01   1.8599986e+02   4.2092000e+01
   4.9210217e-01   1.9199988e+02   3.6643400e+01
   4.9210217e-01   1.9799989e+02   3.2035100e+01
   4.9210217e-01   2.0399990e+02   2.8214100e+01
   4.9210217e-01   2.0999992e+02   2.5108100e+01
   4.9210217e-01   2.1599993e+02   2.2630800e+01
   4.9210217e-01   2.2199995e+02   2.0688200e+01
   4.9210217e-01   2.2799996e+02   1.9184000e+01
   4.9210217e-01   2.3399997e+02   1.8025500e+01
   4.9210217e-01   2.3999999e+02   1.7127800e+01
   4.9210217e-01   2.4600000e+02   1.6418400e+01
   4.9210217e-01   2.5200002e+02   1.5840700e+01
   4.9210217e-01   2.5800003e+02   1.5355900e+01
   4.9210217e-01   2.6400004e+02   1.4945000e+01
   4.9210217e-01   2.7000006e+02   1.4609400e+01
   4.9210217e-01   2.7600007e+02   1.4370300e+01
   4.9210217e-01   2.8200009e+02   1.4268000e+01
   4.9210217e-01   2.8800010e+02   1.4359700e+01
   4.9210217e-01   2.9400011e+02   1.4716800e+01
   4.9210217e-01   3.0000013e+02   1.5422100e+01
   4.9210217e-01   3.0600014e+02   1.6565600e+01
   4.9210217e-01   3.1200016e+02   1.8240800e+01
   4.9210217e-01   3.1800017e+02   2.0539800e+01
   4.9210217e-01   3.2400018e+02   2.3549100e+01
   4.9210217e-01   3.3000020e+02   2.7344300e+01
   4.9210217e-01   3.3600021e+02   3.1986000e+01
   4.9210217e-01   3.4200023e+02   3.7514700e+01
   4.9210217e-01   3.4800024e+02   4.3946600e+01
   4.9210217e-01   3.5400025e+02   5.1269700e+01
   4.9210217e-01   3.6000027e+02   5.9440600e+01
   4.9460194e-01   1.7999985e+02   4.9348000e+01
   4.9460194e-01   1.8599986e+02   4.3068000e+01
   4.9460194e-01   1.9199988e+02   3.7649900e+01
   4.9460194e-01   1.9799989e+02   3.3066000e+01
   4.9460194e-01   2.0399990e+02   2.9263900e+01
   4.9460194e-01   2.0999992e+02   2.6171700e+01
   4.9460194e-01   2.1599993e+02   2.3703900e+01
   4.9460194e-01   2.2199995e+02   2.1767300e+01
   4.9460194e-01   2.2799996e+02   2.0266300e+01
   4.9460194e-01   2.3399997e+02   1.9108900e+01
   4.9460194e-01   2.3999999e+02   1.8211000e+01
   4.9460194e-01   2.4600000e+02   1.7500600e+01
   4.9460194e-01   2.5200002e+02   1.6921400e+01
   4.9460194e-01   2.5800003e+02   1.6435200e+01
   4.9460194e-01   2.6400004e+02   1.6023100e+01
   4.9460194e-01   2.7000006e+02   1.5686500e+01
   4.9460194e-01   2.7600007e+02   1.5446500e+01
   4.9460194e-01   2.8200009e+02   1.5343200e+01
   4.9460194e-01   2.8800010e+02   1.5433400e+01
   4.9460194e-01   2.9400011e+02   1.5788100e+01
   4.9460194e-01   3.0000013e+02   1.6489400e+01
   4.9460194e-01   3.0600014e+02   1.7626900e+01
   4.9460194e-01   3.1200016e+02   1.9293300e+01
   4.9460194e-01   3.1800017e+02   2.1580100e+01
   4.9460194e-01   3.2400018e+02   2.4573100e+01
   4.9460194e-01   3.3000020e+02   2.8347500e+01
   4.9460194e-01   3.3600021e+02   3.2963300e+01
   4.9460194e-01   3.4200023e+02   3.8460700e+01
   4.9460194e-01   3.4800024e+02   4.4855600e+01
   4.9460194e-01   3.5400025e+02   5.2136000e+01
   4.9460194e-01   3.6000027e+02   6.0258700e+01
   4.9710185e-01   1.7999985e+02   5.0210600e+01
   4.9710185e-01   1.8599986e+02   4.3966800e+01
   4.9710185e-01   1.9199988e+02   3.8578700e+01
   4.9710185e-01   1.9799989e+02   3.4018700e+01
   4.9710185e-01   2.0399990e+02   3.0235000e+01
   4.9710185e-01   2.0999992e+02   2.7156300e+01
   4.9710185e-01   2.1599993e+02   2.4697700e+01
   4.9710185e-01   2.2199995e+02   2.2766800e+01
   4.9710185e-01   2.2799996e+02   2.1268700e+01
   4.9710185e-01   2.3399997e+02   2.0112200e+01
   4.9710185e-01   2.3999999e+02   1.9213800e+01
   4.9710185e-01   2.4600000e+02   1.8502100e+01
   4.9710185e-01   2.5200002e+02   1.7921400e+01
   4.9710185e-01   2.5800003e+02   1.7433600e+01
   4.9710185e-01   2.6400004e+02   1.7020200e+01
   4.9710185e-01   2.7000006e+02   1.6682400e+01
   4.9710185e-01   2.7600007e+02   1.6441500e+01
   4.9710185e-01   2.8200009e+02   1.6337200e+01
   4.9710185e-01   2.8800010e+02   1.6425900e+01
   4.9710185e-01   2.9400011e+02   1.6778200e+01
   4.9710185e-01   3.0000013e+02   1.7475700e+01
   4.9710185e-01   3.0600014e+02   1.8607300e+01
   4.9710185e-01   3.1200016e+02   2.0265000e+01
   4.9710185e-01   3.1800017e+02   2.2539800e+01
   4.9710185e-01   3.2400018e+02   2.5516800e+01
   4.9710185e-01   3.3000020e+02   2.9270700e+01
   4.9710185e-01   3.3600021e+02   3.3861000e+01
   4.9710185e-01   3.4200023e+02   3.9327400e+01
   4.9710185e-01   3.4800024e+02   4.5685800e+01
   4.9710185e-01   3.5400025e+02   5.2924000e+01
   4.9710185e-01   3.6000027e+02   6.0999100e+01
   4.9960184e-01   1.7999985e+02   5.0986000e+01
   4.9960184e-01   1.8599986e+02   4.4778000e+01
   4.9960184e-01   1.9199988e+02   3.9419300e+01
   4.9960184e-01   1.9799989e+02   3.4882800e+01
   4.9960184e-01   2.0399990e+02   3.1117100e+01
   4.9960184e-01   2.0999992e+02   2.8051500e+01
   4.9960184e-01   2.1599993e+02   2.5601800e+01
   4.9960184e-01   2.2199995e+02   2.3676200e+01
   4.9960184e-01   2.2799996e+02   2.2180800e+01
   4.9960184e-01   2.3399997e+02   2.1024900e+01
   4.9960184e-01   2.3999999e+02   2.0125800e+01
   4.9960184e-01   2.4600000e+02   1.9412700e+01
   4.9960184e-01   2.5200002e+02   1.8830300e+01
   4.9960184e-01   2.5800003e+02   1.8340800e+01
   4.9960184e-01   2.6400004e+02   1.7925900e+01
   4.9960184e-01   2.7000006e+02   1.7586900e+01
   4.9960184e-01   2.7600007e+02   1.7345000e+01
   4.9960184e-01   2.8200009e+02   1.7239600e+01
   4.9960184e-01   2.8800010e+02   1.7326800e+01
   4.9960184e-01   2.9400011e+02   1.7676800e+01
   4.9960184e-01   3.0000013e+02   1.8370500e+01
   4.9960184e-01   3.0600014e+02   1.9496200e+01
   4.9960184e-01   3.1200016e+02   2.1145500e+01
   4.9960184e-01   3.1800017e+02   2.3408500e+01
   4.9960184e-01   3.2400018e+02   2.6369800e+01
   4.9960184e-01   3.3000020e+02   3.0103500e+01
   4.9960184e-01   3.3600021e+02   3.4668500e+01
   4.9960184e-01   3.4200023e+02   4.0104400e+01
   4.9960184e-01   3.4800024e+02   4.6426700e+01
   4.9960184e-01   3.5400025e+02   5.3623300e+01
   4.9960184e-01   3.6000027e+02   6.1651300e+01
   5.0210183e-01   1.7999985e+02   5.1665600e+01
   5.0210183e-01   1.8599986e+02   4.5492800e+01
   5.0210183e-01   1.9199988e+02   4.0163000e+01
   5.0210183e-01   1.9799989e+02   3.5649600e+01
   5.0210183e-01   2.0399990e+02   3.1901500e+01
   5.0210183e-01   2.0999992e+02   2.8848600e+01
   5.0210183e-01   2.1599993e+02   2.6407400e+01
   5.0210183e-01   2.2199995e+02   2.4486900e+01
   5.0210183e-01   2.2799996e+02   2.2993900e+01
   5.0210183e-01   2.3399997e+02   2.1838400e+01
   5.0210183e-01   2.3999999e+02   2.0938400e+01
   5.0210183e-01   2.4600000e+02   2.0223700e+01
   5.0210183e-01   2.5200002e+02   1.9639400e+01
   5.0210183e-01   2.5800003e+02   1.9148000e+01
   5.0210183e-01   2.6400004e+02   1.8731500e+01
   5.0210183e-01   2.7000006e+02   1.8391300e+01
   5.0210183e-01   2.7600007e+02   1.8148300e+01
   5.0210183e-01   2.8200009e+02   1.8041800e+01
   5.0210183e-01   2.8800010e+02   1.8127500e+01
   5.0210183e-01   2.9400011e+02   1.8475200e+01
   5.0210183e-01   3.0000013e+02   1.9165200e+01
   5.0210183e-01   3.0600014e+02   2.0285200e+01
   5.0210183e-01   3.1200016e+02   2.1926200e+01
   5.0210183e-01   3.1800017e+02   2.4177600e+01
   5.0210183e-01   3.2400018e+02   2.7123400e+01
   5.0210183e-01   3.3000020e+02   3.0837100e+01
   5.0210183e-01   3.3600021e+02   3.5377300e+01
   5.0210183e-01   3.4200023e+02   4.0783100e+01
   5.0210183e-01   3.4800024e+02   4.7069700e+01
   5.0210183e-01   3.5400025e+02   5.4225100e+01
   5.0210183e-01   3.6000027e+02   6.2206500e+01
   5.0460177e-01   1.7999985e+02   5.2242500e+01
   5.0460177e-01   1.8599986e+02   4.6104300e+01
   5.0460177e-01   1.9199988e+02   4.0803100e+01
   5.0460177e-01   1.9799989e+02   3.6312400e+01
   5.0460177e-01   2.0399990e+02   3.2581400e+01
   5.0460177e-01   2.0999992e+02   2.9540800e+01
   5.0460177e-01   2.1599993e+02   2.7107900e+01
   5.0460177e-01   2.2199995e+02   2.5192100e+01
   5.0460177e-01   2.2799996e+02   2.3701300e+01
   5.0460177e-01   2.3399997e+02   2.2546000e+01
   5.0460177e-01   2.3999999e+02   2.1644900e+01
   5.0460177e-01   2.4600000e+02   2.0928300e+01
   5.0460177e-01   2.5200002e+02   2.0341900e+01
   5.0460177e-01   2.5800003e+02   1.9848600e+01
   5.0460177e-01   2.6400004e+02   1.9430400e+01
   5.0460177e-01   2.7000006e+02   1.9088800e+01
   5.0460177e-01   2.7600007e+02   1.8844700e+01
   5.0460177e-01   2.8200009e+02   1.8737100e+01
   5.0460177e-01   2.8800010e+02   1.8821300e+01
   5.0460177e-01   2.9400011e+02   1.9166600e+01
   5.0460177e-01   3.0000013e+02   1.9853000e+01
   5.0460177e-01   3.0600014e+02   2.0967500e+01
   5.0460177e-01   3.1200016e+02   2.2600200e+01
   5.0460177e-01   3.1800017e+02   2.4840200e+01
   5.0460177e-01   3.2400018e+02   2.7770800e+01
   5.0460177e-01   3.3000020e+02   3.1464800e+01
   5.0460177e-01   3.3600021e+02   3.5980500e+01
   5.0460177e-01   3.4200023e+02   4.1356500e+01
   5.0460177e-01   3.4800024e+02   4.7607900e+01
   5.0460177e-01   3.5400025e+02   5.4722600e+01
   5.0460177e-01   3.6000027e+02   6.2657900e+01
   5.0710160e-01   1.7999985e+02   5.2711700e+01
   5.0710160e-01   1.8599986e+02   4.6607800e+01
   5.0710160e-01   1.9199988e+02   4.1334700e+01
   5.0710160e-01   1.9799989e+02   3.6866100e+01
   5.0710160e-01   2.0399990e+02   3.3152000e+01
   5.0710160e-01   2.0999992e+02   3.0123400e+01
   5.0710160e-01   2.1599993e+02   2.7698300e+01
   5.0710160e-01   2.2199995e+02   2.5787100e+01
   5.0710160e-01   2.2799996e+02   2.4298100e+01
   5.0710160e-01   2.3399997e+02   2.3142700e+01
   5.0710160e-01   2.3999999e+02   2.2240300e+01
   5.0710160e-01   2.4600000e+02   2.1521800e+01
   5.0710160e-01   2.5200002e+02   2.0933200e+01
   5.0710160e-01   2.5800003e+02   2.0437700e+01
   5.0710160e-01   2.6400004e+02   2.0017700e+01
   5.0710160e-01   2.7000006e+02   1.9674700e+01
   5.0710160e-01   2.7600007e+02   1.9429300e+01
   5.0710160e-01   2.8200009e+02   1.9320500e+01
   5.0710160e-01   2.8800010e+02   1.9403200e+01
   5.0710160e-01   2.9400011e+02   1.9746300e+01
   5.0710160e-01   3.0000013e+02   2.0429100e+01
   5.0710160e-01   3.0600014e+02   2.1538000e+01
   5.0710160e-01   3.1200016e+02   2.3162700e+01
   5.0710160e-01   3.1800017e+02   2.5391500e+01
   5.0710160e-01   3.2400018e+02   2.8307000e+01
   5.0710160e-01   3.3000020e+02   3.1981700e+01
   5.0710160e-01   3.3600021e+02   3.6473200e+01
   5.0710160e-01   3.4200023e+02   4.1819800e+01
   5.0710160e-01   3.4800024e+02   4.8036400e+01
   5.0710160e-01   3.5400025e+02   5.5110700e+01
   5.0710160e-01   3.6000027e+02   6.3000400e+01
   5.0960125e-01   1.7999985e+02   5.3070300e+01
   5.0960125e-01   1.8599986e+02   4.7000200e+01
   5.0960125e-01   1.9199988e+02   4.1754600e+01
   5.0960125e-01   1.9799989e+02   3.7307800e+01
   5.0960125e-01   2.0399990e+02   3.3610100e+01
   5.0960125e-01   2.0999992e+02   3.0593200e+01
   5.0960125e-01   2.1599993e+02   2.8175700e+01
   5.0960125e-01   2.2199995e+02   2.6268700e+01
   5.0960125e-01   2.2799996e+02   2.4781300e+01
   5.0960125e-01   2.3399997e+02   2.3625700e+01
   5.0960125e-01   2.3999999e+02   2.2721800e+01
   5.0960125e-01   2.4600000e+02   2.2001100e+01
   5.0960125e-01   2.5200002e+02   2.1410100e+01
   5.0960125e-01   2.5800003e+02   2.0912400e+01
   5.0960125e-01   2.6400004e+02   2.0490500e+01
   5.0960125e-01   2.7000006e+02   2.0145800e+01
   5.0960125e-01   2.7600007e+02   1.9899200e+01
   5.0960125e-01   2.8200009e+02   1.9789200e+01
   5.0960125e-01   2.8800010e+02   1.9870400e+01
   5.0960125e-01   2.9400011e+02   2.0211200e+01
   5.0960125e-01   3.0000013e+02   2.0890400e+01
   5.0960125e-01   3.0600014e+02   2.1994000e+01
   5.0960125e-01   3.1200016e+02   2.3610800e+01
   5.0960125e-01   3.1800017e+02   2.5828500e+01
   5.0960125e-01   3.2400018e+02   2.8729200e+01
   5.0960125e-01   3.3000020e+02   3.2384800e+01
   5.0960125e-01   3.3600021e+02   3.6852300e+01
   5.0960125e-01   3.4200023e+02   4.2169800e+01
   5.0960125e-01   3.4800024e+02   4.8352000e+01
   5.0960125e-01   3.5400025e+02   5.5386500e+01
   5.0960125e-01   3.6000027e+02   6.3231100e+01
   5.1210066e-01   1.7999985e+02   5.3317100e+01
   5.1210066e-01   1.8599986e+02   4.7280300e+01
   5.1210066e-01   1.9199988e+02   4.2061900e+01
   5.1210066e-01   1.9799989e+02   3.7636600e+01
   5.1210066e-01   2.0399990e+02   3.3954900e+01
   5.1210066e-01   2.0999992e+02   3.0949300e+01
   5.1210066e-01   2.1599993e+02   2.8539100e+01
   5.1210066e-01   2.2199995e+02   2.6636100e+01
   5.1210066e-01   2.2799996e+02   2.5150100e+01
   5.1210066e-01   2.3399997e+02   2.3994000e+01
   5.1210066e-01   2.3999999e+02   2.3088400e+01
   5.1210066e-01   2.4600000e+02   2.2365300e+01
   5.1210066e-01   2.5200002e+02   2.1771800e+01
   5.1210066e-01   2.5800003e+02   2.1271700e+01
   5.1210066e-01   2.6400004e+02   2.0847700e+01
   5.1210066e-01   2.7000006e+02   2.0501400e+01
   5.1210066e-01   2.7600007e+02   2.0253400e+01
   5.1210066e-01   2.8200009e+02   2.0142100e+01
   5.1210066e-01   2.8800010e+02   2.0221800e+01
   5.1210066e-01   2.9400011e+02   2.0560400e+01
   5.1210066e-01   3.0000013e+02   2.1236100e+01
   5.1210066e-01   3.0600014e+02   2.2334300e+01
   5.1210066e-01   3.1200016e+02   2.3943300e+01
   5.1210066e-01   3.1800017e+02   2.6150100e+01
   5.1210066e-01   3.2400018e+02   2.9036200e+01
   5.1210066e-01   3.3000020e+02   3.2672900e+01
   5.1210066e-01   3.3600021e+02   3.7116900e+01
   5.1210066e-01   3.4200023e+02   4.2405600e+01
   5.1210066e-01   3.4800024e+02   4.8553700e+01
   5.1210066e-01   3.5400025e+02   5.5548800e+01
   5.1210066e-01   3.6000027e+02   6.3348600e+01
   5.1459976e-01   1.7999985e+02   5.3453000e+01
   5.1459976e-01   1.8599986e+02   4.7449000e+01
   5.1459976e-01   1.9199988e+02   4.2257500e+01
   5.1459976e-01   1.9799989e+02   3.7853100e+01
   5.1459976e-01   2.0399990e+02   3.4187200e+01
   5.1459976e-01   2.0999992e+02   3.1192700e+01
   5.1459976e-01   2.1599993e+02   2.8789400e+01
   5.1459976e-01   2.2199995e+02   2.6890100e+01
   5.1459976e-01   2.2799996e+02   2.5405300e+01
   5.1459976e-01   2.3399997e+02   2.4248500e+01
   5.1459976e-01   2.3999999e+02   2.3340900e+01
   5.1459976e-01   2.4600000e+02   2.2615400e+01
   5.1459976e-01   2.5200002e+02   2.2019100e+01
   5.1459976e-01   2.5800003e+02   2.1516500e+01
   5.1459976e-01   2.6400004e+02   2.1090400e+01
   5.1459976e-01   2.7000006e+02   2.0742300e+01
   5.1459976e-01   2.7600007e+02   2.0493000e+01
   5.1459976e-01   2.8200009e+02   2.0380300e+01
   5.1459976e-01   2.8800010e+02   2.0458500e+01
   5.1459976e-01   2.9400011e+02   2.0794800e+01
   5.1459976e-01   3.0000013e+02   2.1467100e+01
   5.1459976e-01   3.0600014e+02   2.2560000e+01
   5.1459976e-01   3.1200016e+02   2.4161300e+01
   5.1459976e-01   3.1800017e+02   2.6357400e+01
   5.1459976e-01   3.2400018e+02   2.9229000e+01
   5.1459976e-01   3.3000020e+02   3.2847100e+01
   5.1459976e-01   3.3600021e+02   3.7267600e+01
   5.1459976e-01   3.4200023e+02   4.2528000e+01
   5.1459976e-01   3.4800024e+02   4.8642300e+01
   5.1459976e-01   3.5400025e+02   5.5598300e+01
   5.1459976e-01   3.6000027e+02   6.3353900e+01
