#sin^2(theta23) Delta_CP/deg Delta_chi^2
   5.3457422e-01   1.7999985e+01   2.4267000e+01
   5.3457422e-01   2.2799996e+01   2.2497600e+01
   5.3457422e-01   2.7600007e+01   2.1082400e+01
   5.3457422e-01   3.2400018e+01   1.9986000e+01
   5.3457422e-01   3.7199972e+01   1.9167400e+01
   5.3457422e-01   4.1999984e+01   1.8582300e+01
   5.3457422e-01   4.6799995e+01   1.8185200e+01
   5.3457422e-01   5.1600006e+01   1.7931800e+01
   5.3457422e-01   5.6400017e+01   1.7780700e+01
   5.3457422e-01   6.1199914e+01   1.7695400e+01
   5.3457422e-01   6.6000154e+01   1.7645800e+01
   5.3457422e-01   7.0799822e+01   1.7609000e+01
   5.3457422e-01   7.5600062e+01   1.7570500e+01
   5.3457422e-01   8.0399730e+01   1.7524600e+01
   5.3457422e-01   8.5199970e+01   1.7473900e+01
   5.3457422e-01   9.0000210e+01   1.7429900e+01
   5.3457422e-01   9.4799878e+01   1.7411200e+01
   5.3457422e-01   9.9600118e+01   1.7443900e+01
   5.3457422e-01   1.0439979e+02   1.7559400e+01
   5.3457422e-01   1.0920003e+02   1.7793500e+01
   5.3457422e-01   1.1400027e+02   1.8184900e+01
   5.3457422e-01   1.1879993e+02   1.8773600e+01
   5.3457422e-01   1.2360017e+02   1.9599300e+01
   5.3457422e-01   1.2839984e+02   2.0699400e+01
   5.3457422e-01   1.3320008e+02   2.2108300e+01
   5.3457422e-01   1.3799975e+02   2.3854800e+01
   5.3457422e-01   1.4279999e+02   2.5962000e+01
   5.3457422e-01   1.4760023e+02   2.8445000e+01
   5.3457422e-01   1.5239990e+02   3.1311200e+01
   5.3457422e-01   1.5720014e+02   3.4558700e+01
   5.3457422e-01   1.6199981e+02   3.8176700e+01
   5.3631982e-01   1.7999985e+01   2.3628800e+01
   5.3631982e-01   2.2799996e+01   2.1823300e+01
   5.3631982e-01   2.7600007e+01   2.0371400e+01
   5.3631982e-01   3.2400018e+01   1.9238100e+01
   5.3631982e-01   3.7199972e+01   1.8383000e+01
   5.3631982e-01   4.1999984e+01   1.7762300e+01
   5.3631982e-01   4.6799995e+01   1.7331400e+01
   5.3631982e-01   5.1600006e+01   1.7046400e+01
   5.3631982e-01   5.6400017e+01   1.6866300e+01
   5.3631982e-01   6.1199914e+01   1.6755300e+01
   5.3631982e-01   6.6000154e+01   1.6683300e+01
   5.3631982e-01   7.0799822e+01   1.6628200e+01
   5.3631982e-01   7.5600062e+01   1.6575400e+01
   5.3631982e-01   8.0399730e+01   1.6519500e+01
   5.3631982e-01   8.5199970e+01   1.6463200e+01
   5.3631982e-01   9.0000210e+01   1.6417900e+01
   5.3631982e-01   9.4799878e+01   1.6402300e+01
   5.3631982e-01   9.9600118e+01   1.6442200e+01
   5.3631982e-01   1.0439979e+02   1.6568800e+01
   5.3631982e-01   1.0920003e+02   1.6817700e+01
   5.3631982e-01   1.1400027e+02   1.7227200e+01
   5.3631982e-01   1.1879993e+02   1.7837000e+01
   5.3631982e-01   1.2360017e+02   1.8686200e+01
   5.3631982e-01   1.2839984e+02   1.9812000e+01
   5.3631982e-01   1.3320008e+02   2.1248000e+01
   5.3631982e-01   1.3799975e+02   2.3023000e+01
   5.3631982e-01   1.4279999e+02   2.5159100e+01
   5.3631982e-01   1.4760023e+02   2.7671400e+01
   5.3631982e-01   1.5239990e+02   3.0566600e+01
   5.3631982e-01   1.5720014e+02   3.3842600e+01
   5.3631982e-01   1.6199981e+02   3.7488100e+01
   5.3806497e-01   1.7999985e+01   2.2967900e+01
   5.3806497e-01   2.2799996e+01   2.1126500e+01
   5.3806497e-01   2.7600007e+01   1.9638100e+01
   5.3806497e-01   3.2400018e+01   1.8468100e+01
   5.3806497e-01   3.7199972e+01   1.7576700e+01
   5.3806497e-01   4.1999984e+01   1.6920900e+01
   5.3806497e-01   4.6799995e+01   1.6456300e+01
   5.3806497e-01   5.1600006e+01   1.6139800e+01
   5.3806497e-01   5.6400017e+01   1.5931000e+01
   5.3806497e-01   6.1199914e+01   1.5794200e+01
   5.3806497e-01   6.6000154e+01   1.5700200e+01
   5.3806497e-01   7.0799822e+01   1.5626700e+01
   5.3806497e-01   7.5600062e+01   1.5559800e+01
   5.3806497e-01   8.0399730e+01   1.5493900e+01
   5.3806497e-01   8.5199970e+01   1.5432100e+01
   5.3806497e-01   9.0000210e+01   1.5385500e+01
   5.3806497e-01   9.4799878e+01   1.5373000e+01
   5.3806497e-01   9.9600118e+01   1.5420000e+01
   5.3806497e-01   1.0439979e+02   1.5557700e+01
   5.3806497e-01   1.0920003e+02   1.5821300e+01
   5.3806497e-01   1.1400027e+02   1.6248900e+01
   5.3806497e-01   1.1879993e+02   1.6879600e+01
   5.3806497e-01   1.2360017e+02   1.7752200e+01
   5.3806497e-01   1.2839984e+02   1.8903500e+01
   5.3806497e-01   1.3320008e+02   2.0366700e+01
   5.3806497e-01   1.3799975e+02   2.2169800e+01
   5.3806497e-01   1.4279999e+02   2.4334800e+01
   5.3806497e-01   1.4760023e+02   2.6876100e+01
   5.3806497e-01   1.5239990e+02   2.9800200e+01
   5.3806497e-01   1.5720014e+02   3.3104500e+01
   5.3806497e-01   1.6199981e+02   3.6777400e+01
   5.3980966e-01   1.7999985e+01   2.2289200e+01
   5.3980966e-01   2.2799996e+01   2.0412300e+01
   5.3980966e-01   2.7600007e+01   1.8887500e+01
   5.3980966e-01   3.2400018e+01   1.7681100e+01
   5.3980966e-01   3.7199972e+01   1.6753600e+01
   5.3980966e-01   4.1999984e+01   1.6062800e+01
   5.3980966e-01   4.6799995e+01   1.5564800e+01
   5.3980966e-01   5.1600006e+01   1.5217000e+01
   5.3980966e-01   5.6400017e+01   1.4979600e+01
   5.3980966e-01   6.1199914e+01   1.4817300e+01
   5.3980966e-01   6.6000154e+01   1.4701300e+01
   5.3980966e-01   7.0799822e+01   1.4609700e+01
   5.3980966e-01   7.5600062e+01   1.4528600e+01
   5.3980966e-01   8.0399730e+01   1.4452900e+01
   5.3980966e-01   8.5199970e+01   1.4385500e+01
   5.3980966e-01   9.0000210e+01   1.4337700e+01
   5.3980966e-01   9.4799878e+01   1.4328200e+01
   5.3980966e-01   9.9600118e+01   1.4382400e+01
   5.3980966e-01   1.0439979e+02   1.4531200e+01
   5.3980966e-01   1.0920003e+02   1.4809400e+01
   5.3980966e-01   1.1400027e+02   1.5254900e+01
   5.3980966e-01   1.1879993e+02   1.5906500e+01
   5.3980966e-01   1.2360017e+02   1.6802500e+01
   5.3980966e-01   1.2839984e+02   1.7979200e+01
   5.3980966e-01   1.3320008e+02   1.9469300e+01
   5.3980966e-01   1.3799975e+02   2.1300500e+01
   5.3980966e-01   1.4279999e+02   2.3494100e+01
   5.3980966e-01   1.4760023e+02   2.6064400e+01
   5.3980966e-01   1.5239990e+02   2.9017200e+01
   5.3980966e-01   1.5720014e+02   3.2349600e+01
   5.3980966e-01   1.6199981e+02   3.6049700e+01
   5.4155385e-01   1.7999985e+01   2.1598100e+01
   5.4155385e-01   2.2799996e+01   1.9685900e+01
   5.4155385e-01   2.7600007e+01   1.8125000e+01
   5.4155385e-01   3.2400018e+01   1.6882300e+01
   5.4155385e-01   3.7199972e+01   1.5919100e+01
   5.4155385e-01   4.1999984e+01   1.5193400e+01
   5.4155385e-01   4.6799995e+01   1.4662200e+01
   5.4155385e-01   5.1600006e+01   1.4283400e+01
   5.4155385e-01   5.6400017e+01   1.4017500e+01
   5.4155385e-01   6.1199914e+01   1.3829900e+01
   5.4155385e-01   6.6000154e+01   1.3692000e+01
   5.4155385e-01   7.0799822e+01   1.3582300e+01
   5.4155385e-01   7.5600062e+01   1.3487300e+01
   5.4155385e-01   8.0399730e+01   1.3401700e+01
   5.4155385e-01   8.5199970e+01   1.3328900e+01
   5.4155385e-01   9.0000210e+01   1.3279900e+01
   5.4155385e-01   9.4799878e+01   1.3273400e+01
   5.4155385e-01   9.9600118e+01   1.3334800e+01
   5.4155385e-01   1.0439979e+02   1.3494600e+01
   5.4155385e-01   1.0920003e+02   1.3787500e+01
   5.4155385e-01   1.1400027e+02   1.4250900e+01
   5.4155385e-01   1.1879993e+02   1.4923200e+01
   5.4155385e-01   1.2360017e+02   1.5842400e+01
   5.4155385e-01   1.2839984e+02   1.7044400e+01
   5.4155385e-01   1.3320008e+02   1.8561300e+01
   5.4155385e-01   1.3799975e+02   2.0420400e+01
   5.4155385e-01   1.4279999e+02   2.2642700e+01
   5.4155385e-01   1.4760023e+02   2.5241800e+01
   5.4155385e-01   1.5239990e+02   2.8223100e+01
   5.4155385e-01   1.5720014e+02   3.1583400e+01
   5.4155385e-01   1.6199981e+02   3.5310600e+01
   5.4329754e-01   1.7999985e+01   2.0900300e+01
   5.4329754e-01   2.2799996e+01   1.8952900e+01
   5.4329754e-01   2.7600007e+01   1.7356200e+01
   5.4329754e-01   3.2400018e+01   1.6077500e+01
   5.4329754e-01   3.7199972e+01   1.5078700e+01
   5.4329754e-01   4.1999984e+01   1.4318400e+01
   5.4329754e-01   4.6799995e+01   1.3754200e+01
   5.4329754e-01   5.1600006e+01   1.3344400e+01
   5.4329754e-01   5.6400017e+01   1.3050200e+01
   5.4329754e-01   6.1199914e+01   1.2837400e+01
   5.4329754e-01   6.6000154e+01   1.2677800e+01
   5.4329754e-01   7.0799822e+01   1.2550200e+01
   5.4329754e-01   7.5600062e+01   1.2441200e+01
   5.4329754e-01   8.0399730e+01   1.2346000e+01
   5.4329754e-01   8.5199970e+01   1.2267700e+01
   5.4329754e-01   9.0000210e+01   1.2217600e+01
   5.4329754e-01   9.4799878e+01   1.2214300e+01
   5.4329754e-01   9.9600118e+01   1.2282800e+01
   5.4329754e-01   1.0439979e+02   1.2453600e+01
   5.4329754e-01   1.0920003e+02   1.2761100e+01
   5.4329754e-01   1.1400027e+02   1.3242300e+01
   5.4329754e-01   1.1879993e+02   1.3935400e+01
   5.4329754e-01   1.2360017e+02   1.4877800e+01
   5.4329754e-01   1.2839984e+02   1.6104900e+01
   5.4329754e-01   1.3320008e+02   1.7648600e+01
   5.4329754e-01   1.3799975e+02   1.9535500e+01
   5.4329754e-01   1.4279999e+02   2.1786200e+01
   5.4329754e-01   1.4760023e+02   2.4413900e+01
   5.4329754e-01   1.5239990e+02   2.7423700e+01
   5.4329754e-01   1.5720014e+02   3.0811800e+01
   5.4329754e-01   1.6199981e+02   3.4565900e+01
   5.4504070e-01   1.7999985e+01   2.0201600e+01
   5.4504070e-01   2.2799996e+01   1.8219300e+01
   5.4504070e-01   2.7600007e+01   1.6587000e+01
   5.4504070e-01   3.2400018e+01   1.5272400e+01
   5.4504070e-01   3.7199972e+01   1.4238200e+01
   5.4504070e-01   4.1999984e+01   1.3443500e+01
   5.4504070e-01   4.6799995e+01   1.2846500e+01
   5.4504070e-01   5.1600006e+01   1.2406000e+01
   5.4504070e-01   5.6400017e+01   1.2083700e+01
   5.4504070e-01   6.1199914e+01   1.1845900e+01
   5.4504070e-01   6.6000154e+01   1.1664700e+01
   5.4504070e-01   7.0799822e+01   1.1519200e+01
   5.4504070e-01   7.5600062e+01   1.1396500e+01
   5.4504070e-01   8.0399730e+01   1.1291700e+01
   5.4504070e-01   8.5199970e+01   1.1208000e+01
   5.4504070e-01   9.0000210e+01   1.1156800e+01
   5.4504070e-01   9.4799878e+01   1.1156600e+01
   5.4504070e-01   9.9600118e+01   1.1232300e+01
   5.4504070e-01   1.0439979e+02   1.1414100e+01
   5.4504070e-01   1.0920003e+02   1.1736100e+01
   5.4504070e-01   1.1400027e+02   1.2235200e+01
   5.4504070e-01   1.1879993e+02   1.2948900e+01
   5.4504070e-01   1.2360017e+02   1.3914500e+01
   5.4504070e-01   1.2839984e+02   1.5166700e+01
   5.4504070e-01   1.3320008e+02   1.6737000e+01
   5.4504070e-01   1.3799975e+02   1.8651700e+01
   5.4504070e-01   1.4279999e+02   2.0930700e+01
   5.4504070e-01   1.4760023e+02   2.3587000e+01
   5.4504070e-01   1.5239990e+02   2.6625000e+01
   5.4504070e-01   1.5720014e+02   3.0040900e+01
   5.4504070e-01   1.6199981e+02   3.3821700e+01
   5.4678330e-01   1.7999985e+01   1.9508300e+01
   5.4678330e-01   2.2799996e+01   1.7491200e+01
   5.4678330e-01   2.7600007e+01   1.5823400e+01
   5.4678330e-01   3.2400018e+01   1.4473300e+01
   5.4678330e-01   3.7199972e+01   1.3403800e+01
   5.4678330e-01   4.1999984e+01   1.2575000e+01
   5.4678330e-01   4.6799995e+01   1.1945300e+01
   5.4678330e-01   5.1600006e+01   1.1474200e+01
   5.4678330e-01   5.6400017e+01   1.1124000e+01
   5.4678330e-01   6.1199914e+01   1.0861300e+01
   5.4678330e-01   6.6000154e+01   1.0658700e+01
   5.4678330e-01   7.0799822e+01   1.0495500e+01
   5.4678330e-01   7.5600062e+01   1.0359100e+01
   5.4678330e-01   8.0399730e+01   1.0244800e+01
   5.4678330e-01   8.5199970e+01   1.0155900e+01
   5.4678330e-01   9.0000210e+01   1.0103700e+01
   5.4678330e-01   9.4799878e+01   1.0106600e+01
   5.4678330e-01   9.9600118e+01   1.0189500e+01
   5.4678330e-01   1.0439979e+02   1.0382300e+01
   5.4678330e-01   1.0920003e+02   1.0718900e+01
   5.4678330e-01   1.1400027e+02   1.1235800e+01
   5.4678330e-01   1.1879993e+02   1.1970200e+01
   5.4678330e-01   1.2360017e+02   1.2958700e+01
   5.4678330e-01   1.2839984e+02   1.4236000e+01
   5.4678330e-01   1.3320008e+02   1.5832900e+01
   5.4678330e-01   1.3799975e+02   1.7775200e+01
   5.4678330e-01   1.4279999e+02   2.0082500e+01
   5.4678330e-01   1.4760023e+02   2.2767200e+01
   5.4678330e-01   1.5239990e+02   2.5833400e+01
   5.4678330e-01   1.5720014e+02   2.9276900e+01
   5.4678330e-01   1.6199981e+02   3.3084400e+01
   5.4852534e-01   1.7999985e+01   1.8826600e+01
   5.4852534e-01   2.2799996e+01   1.6775000e+01
   5.4852534e-01   2.7600007e+01   1.5072000e+01
   5.4852534e-01   3.2400018e+01   1.3686400e+01
   5.4852534e-01   3.7199972e+01   1.2582000e+01
   5.4852534e-01   4.1999984e+01   1.1719100e+01
   5.4852534e-01   4.6799995e+01   1.1056900e+01
   5.4852534e-01   5.1600006e+01   1.0555500e+01
   5.4852534e-01   5.6400017e+01   1.0177600e+01
   5.4852534e-01   6.1199914e+01   9.8901500e+00
   5.4852534e-01   6.6000154e+01   9.6662000e+00
   5.4852534e-01   7.0799822e+01   9.4855300e+00
   5.4852534e-01   7.5600062e+01   9.3355700e+00
   5.4852534e-01   8.0399730e+01   9.2117900e+00
   5.4852534e-01   8.5199970e+01   9.1176900e+00
   5.4852534e-01   9.0000210e+01   9.0645200e+00
   5.4852534e-01   9.4799878e+01   9.0706800e+00
   5.4852534e-01   9.9600118e+01   9.1608100e+00
   5.4852534e-01   1.0439979e+02   9.3646700e+00
   5.4852534e-01   1.0920003e+02   9.7159000e+00
   5.4852534e-01   1.1400027e+02   1.0250500e+01
   5.4852534e-01   1.1879993e+02   1.1005500e+01
   5.4852534e-01   1.2360017e+02   1.2017100e+01
   5.4852534e-01   1.2839984e+02   1.3319400e+01
   5.4852534e-01   1.3320008e+02   1.4942800e+01
   5.4852534e-01   1.3799975e+02   1.6912700e+01
   5.4852534e-01   1.4279999e+02   1.9248100e+01
   5.4852534e-01   1.4760023e+02   2.1961100e+01
   5.4852534e-01   1.5239990e+02   2.5055400e+01
   5.4852534e-01   1.5720014e+02   2.8526400e+01
   5.4852534e-01   1.6199981e+02   3.2360500e+01
   5.5026677e-01   1.7999985e+01   1.8163300e+01
   5.5026677e-01   2.2799996e+01   1.6077300e+01
   5.5026677e-01   2.7600007e+01   1.4339200e+01
   5.5026677e-01   3.2400018e+01   1.2918400e+01
   5.5026677e-01   3.7199972e+01   1.1779200e+01
   5.5026677e-01   4.1999984e+01   1.0882500e+01
   5.5026677e-01   4.6799995e+01   1.0188100e+01
   5.5026677e-01   5.1600006e+01   9.6564800e+00
   5.5026677e-01   5.6400017e+01   9.2509200e+00
   5.5026677e-01   6.1199914e+01   8.9389500e+00
   5.5026677e-01   6.6000154e+01   8.6938600e+00
   5.5026677e-01   7.0799822e+01   8.4957800e+00
   5.5026677e-01   7.5600062e+01   8.3323800e+00
   5.5026677e-01   8.0399730e+01   8.1992800e+00
   5.5026677e-01   8.5199970e+01   8.1000900e+00
   5.5026677e-01   9.0000210e+01   8.0460600e+00
   5.5026677e-01   9.4799878e+01   8.0555000e+00
   5.5026677e-01   9.9600118e+01   8.1529000e+00
   5.5026677e-01   1.0439979e+02   8.3678400e+00
   5.5026677e-01   1.0920003e+02   8.7336700e+00
   5.5026677e-01   1.1400027e+02   9.2860900e+00
   5.5026677e-01   1.1879993e+02   1.0061700e+01
   5.5026677e-01   1.2360017e+02   1.1096300e+01
   5.5026677e-01   1.2839984e+02   1.2423500e+01
   5.5026677e-01   1.3320008e+02   1.4073400e+01
   5.5026677e-01   1.3799975e+02   1.6070700e+01
   5.5026677e-01   1.4279999e+02   1.8434300e+01
   5.5026677e-01   1.4760023e+02   2.1175500e+01
   5.5026677e-01   1.5239990e+02   2.4297800e+01
   5.5026677e-01   1.5720014e+02   2.7796200e+01
   5.5026677e-01   1.6199981e+02   3.1656700e+01
   5.5200760e-01   1.7999985e+01   1.7525100e+01
   5.5200760e-01   2.2799996e+01   1.5404900e+01
   5.5200760e-01   2.7600007e+01   1.3631900e+01
   5.5200760e-01   3.2400018e+01   1.2176100e+01
   5.5200760e-01   3.7199972e+01   1.1002300e+01
   5.5200760e-01   4.1999984e+01   1.0072000e+01
   5.5200760e-01   4.6799995e+01   9.3454600e+00
   5.5200760e-01   5.1600006e+01   8.7838800e+00
   5.5200760e-01   5.6400017e+01   8.3509000e+00
   5.5200760e-01   6.1199914e+01   8.0145300e+00
   5.5200760e-01   6.6000154e+01   7.7484500e+00
   5.5200760e-01   7.0799822e+01   7.5330900e+00
   5.5200760e-01   7.5600062e+01   7.3563800e+00
   5.5200760e-01   8.0399730e+01   7.2140900e+00
   5.5200760e-01   8.5199970e+01   7.1099100e+00
   5.5200760e-01   9.0000210e+01   7.0550900e+00
   5.5200760e-01   9.4799878e+01   7.0678800e+00
   5.5200760e-01   9.9600118e+01   7.1726200e+00
   5.5200760e-01   1.0439979e+02   7.3986800e+00
   5.5200760e-01   1.0920003e+02   7.7791300e+00
   5.5200760e-01   1.1400027e+02   8.3493500e+00
   5.5200760e-01   1.1879993e+02   9.1455200e+00
   5.5200760e-01   1.2360017e+02   1.0203100e+01
   5.5200760e-01   1.2839984e+02   1.1555300e+01
   5.5200760e-01   1.3320008e+02   1.3231500e+01
   5.5200760e-01   1.3799975e+02   1.5256400e+01
   5.5200760e-01   1.4279999e+02   1.7648000e+01
   5.5200760e-01   1.4760023e+02   2.0417400e+01
   5.5200760e-01   1.5239990e+02   2.3567600e+01
   5.5200760e-01   1.5720014e+02   2.7093300e+01
   5.5200760e-01   1.6199981e+02   3.0980100e+01
   5.5374778e-01   1.7999985e+01   1.6919100e+01
   5.5374778e-01   2.2799996e+01   1.4764900e+01
   5.5374778e-01   2.7600007e+01   1.2957200e+01
   5.5374778e-01   3.2400018e+01   1.1466500e+01
   5.5374778e-01   3.7199972e+01   1.0258300e+01
   5.5374778e-01   4.1999984e+01   9.2945000e+00
   5.5374778e-01   4.6799995e+01   8.5361100e+00
   5.5374778e-01   5.1600006e+01   7.9447000e+00
   5.5374778e-01   5.6400017e+01   7.4844800e+00
   5.5374778e-01   6.1199914e+01   7.1238800e+00
   5.5374778e-01   6.6000154e+01   6.8369700e+00
   5.5374778e-01   7.0799822e+01   6.6044800e+00
   5.5374778e-01   7.5600062e+01   6.4145900e+00
   5.5374778e-01   8.0399730e+01   6.2632300e+00
   5.5374778e-01   8.5199970e+01   6.1541600e+00
   5.5374778e-01   9.0000210e+01   6.0986500e+00
   5.5374778e-01   9.4799878e+01   6.1148600e+00
   5.5374778e-01   9.9600118e+01   6.2270100e+00
   5.5374778e-01   1.0439979e+02   6.4642400e+00
   5.5374778e-01   1.0920003e+02   6.8593500e+00
   5.5374778e-01   1.1400027e+02   7.4473800e+00
   5.5374778e-01   1.1879993e+02   8.2641600e+00
   5.5374778e-01   1.2360017e+02   9.3447100e+00
   5.5374778e-01   1.2839984e+02   1.0721800e+01
   5.5374778e-01   1.3320008e+02   1.2424500e+01
   5.5374778e-01   1.3799975e+02   1.4476700e+01
   5.5374778e-01   1.4279999e+02   1.6896300e+01
   5.5374778e-01   1.4760023e+02   1.9693800e+01
   5.5374778e-01   1.5239990e+02   2.2871900e+01
   5.5374778e-01   1.5720014e+02   2.6424800e+01
   5.5374778e-01   1.6199981e+02   3.0337900e+01
   5.5548731e-01   1.7999985e+01   1.6352400e+01
   5.5548731e-01   2.2799996e+01   1.4164300e+01
   5.5548731e-01   2.7600007e+01   1.2322100e+01
   5.5548731e-01   3.2400018e+01   1.0796800e+01
   5.5548731e-01   3.7199972e+01   9.5543000e+00
   5.5548731e-01   4.1999984e+01   8.5572700e+00
   5.5548731e-01   4.6799995e+01   7.7671700e+00
   5.5548731e-01   5.1600006e+01   7.1461200e+00
   5.5548731e-01   5.6400017e+01   6.6588300e+00
   5.5548731e-01   6.1199914e+01   6.2741700e+00
   5.5548731e-01   6.6000154e+01   5.9665800e+00
   5.5548731e-01   7.0799822e+01   5.7171100e+00
   5.5548731e-01   7.5600062e+01   5.5141800e+00
   5.5548731e-01   8.0399730e+01   5.3538700e+00
   5.5548731e-01   8.5199970e+01   5.2400300e+00
   5.5548731e-01   9.0000210e+01   5.1839200e+00
   5.5548731e-01   9.4799878e+01   5.2036600e+00
   5.5548731e-01   9.9600118e+01   5.3232800e+00
   5.5548731e-01   1.0439979e+02   5.5717400e+00
   5.5548731e-01   1.0920003e+02   5.9815500e+00
   5.5548731e-01   1.1400027e+02   6.5874400e+00
   5.5548731e-01   1.1879993e+02   7.4248300e+00
   5.5548731e-01   1.2360017e+02   8.5283700e+00
   5.5548731e-01   1.2839984e+02   9.9303600e+00
   5.5548731e-01   1.3320008e+02   1.1659400e+01
   5.5548731e-01   1.3799975e+02   1.3739000e+01
   5.5548731e-01   1.4279999e+02   1.6186500e+01
   5.5548731e-01   1.4760023e+02   1.9012100e+01
   5.5548731e-01   1.5239990e+02   2.2218000e+01
   5.5548731e-01   1.5720014e+02   2.5798000e+01
   5.5548731e-01   1.6199981e+02   2.9737400e+01
   5.5722616e-01   1.7999985e+01   1.5832300e+01
   5.5722616e-01   2.2799996e+01   1.3610600e+01
   5.5722616e-01   2.7600007e+01   1.1734000e+01
   5.5722616e-01   3.2400018e+01   1.0174300e+01
   5.5722616e-01   3.7199972e+01   8.8976800e+00
   5.5722616e-01   4.1999984e+01   7.8675900e+00
   5.5722616e-01   4.6799995e+01   7.0459500e+00
   5.5722616e-01   5.1600006e+01   6.3954500e+00
   5.5722616e-01   5.6400017e+01   5.8812600e+00
   5.5722616e-01   6.1199914e+01   5.4727100e+00
   5.5722616e-01   6.6000154e+01   5.1446000e+00
   5.5722616e-01   7.0799822e+01   4.8783100e+00
   5.5722616e-01   7.5600062e+01   4.6624700e+00
   5.5722616e-01   8.0399730e+01   4.4933500e+00
   5.5722616e-01   8.5199970e+01   4.3748600e+00
   5.5722616e-01   9.0000210e+01   4.3182700e+00
   5.5722616e-01   9.4799878e+01   4.3416100e+00
   5.5722616e-01   9.9600118e+01   4.4688000e+00
   5.5722616e-01   1.0439979e+02   4.7285500e+00
   5.5722616e-01   1.0920003e+02   5.1531200e+00
   5.5722616e-01   1.1400027e+02   5.7769000e+00
   5.5722616e-01   1.1879993e+02   6.6349500e+00
   5.5722616e-01   1.2360017e+02   7.7614700e+00
   5.5722616e-01   1.2839984e+02   9.1883600e+00
   5.5722616e-01   1.3320008e+02   1.0943800e+01
   5.5722616e-01   1.3799975e+02   1.3050700e+01
   5.5722616e-01   1.4279999e+02   1.5526100e+01
   5.5722616e-01   1.4760023e+02   1.8379800e+01
   5.5722616e-01   1.5239990e+02   2.1613400e+01
   5.5722616e-01   1.5720014e+02   2.5220500e+01
   5.5722616e-01   1.6199981e+02   2.9186000e+01
   5.5896430e-01   1.7999985e+01   1.5366400e+01
   5.5896430e-01   2.2799996e+01   1.3111200e+01
   5.5896430e-01   2.7600007e+01   1.1200400e+01
   5.5896430e-01   3.2400018e+01   9.6063300e+00
   5.5896430e-01   3.7199972e+01   8.2958800e+00
   5.5896430e-01   4.1999984e+01   7.2329000e+00
   5.5896430e-01   4.6799995e+01   6.3799200e+00
   5.5896430e-01   5.1600006e+01   5.7001400e+00
   5.5896430e-01   5.6400017e+01   5.1592300e+00
   5.5896430e-01   6.1199914e+01   4.7269500e+00
   5.5896430e-01   6.6000154e+01   4.3785000e+00
   5.5896430e-01   7.0799822e+01   4.0955400e+00
   5.5896430e-01   7.5600062e+01   3.8669500e+00
   5.5896430e-01   8.0399730e+01   3.6891500e+00
   5.5896430e-01   8.5199970e+01   3.5661300e+00
   5.5896430e-01   9.0000210e+01   3.5091700e+00
   5.5896430e-01   9.4799878e+01   3.5362300e+00
   5.5896430e-01   9.9600118e+01   3.6710700e+00
   5.5896430e-01   1.0439979e+02   3.9421900e+00
   5.5896430e-01   1.0920003e+02   4.3815800e+00
   5.5896430e-01   1.1400027e+02   5.0233000e+00
   5.5896430e-01   1.1879993e+02   5.9020300e+00
   5.5896430e-01   1.2360017e+02   7.0515700e+00
   5.5896430e-01   1.2839984e+02   8.5033700e+00
   5.5896430e-01   1.3320008e+02   1.0285100e+01
   5.5896430e-01   1.3799975e+02   1.2419400e+01
   5.5896430e-01   1.4279999e+02   1.4922700e+01
   5.5896430e-01   1.4760023e+02   1.7804300e+01
   5.5896430e-01   1.5239990e+02   2.1065700e+01
   5.5896430e-01   1.5720014e+02   2.4699800e+01
   5.5896430e-01   1.6199981e+02   2.8691400e+01
   5.6070173e-01   1.7999985e+01   1.4962300e+01
   5.6070173e-01   2.2799996e+01   1.2673600e+01
   5.6070173e-01   2.7600007e+01   1.0728900e+01
   5.6070173e-01   3.2400018e+01   9.1006100e+00
   5.6070173e-01   3.7199972e+01   7.7564600e+00
   5.6070173e-01   4.1999984e+01   6.6607700e+00
   5.6070173e-01   4.6799995e+01   5.7766300e+00
   5.6070173e-01   5.1600006e+01   5.0677500e+00
   5.6070173e-01   5.6400017e+01   4.5003100e+00
   5.6070173e-01   6.1199914e+01   4.0444800e+00
   5.6070173e-01   6.6000154e+01   3.6758500e+00
   5.6070173e-01   7.0799822e+01   3.3763800e+00
   5.6070173e-01   7.5600062e+01   3.1351900e+00
   5.6070173e-01   8.0399730e+01   2.9488500e+00
   5.6070173e-01   8.5199970e+01   2.8214400e+00
   5.6070173e-01   9.0000210e+01   2.7642300e+00
   5.6070173e-01   9.4799878e+01   2.7951100e+00
   5.6070173e-01   9.9600118e+01   2.9376900e+00
   5.6070173e-01   1.0439979e+02   3.2202700e+00
   5.6070173e-01   1.0920003e+02   3.6745500e+00
   5.6070173e-01   1.1400027e+02   4.3342700e+00
   5.6070173e-01   1.1879993e+02   5.2337200e+00
   5.6070173e-01   1.2360017e+02   6.4063100e+00
   5.6070173e-01   1.2839984e+02   7.8830400e+00
   5.6070173e-01   1.3320008e+02   9.6911400e+00
   5.6070173e-01   1.3799975e+02   1.1852800e+01
   5.6070173e-01   1.4279999e+02   1.4383900e+01
   5.6070173e-01   1.4760023e+02   1.7293500e+01
   5.6070173e-01   1.5239990e+02   2.0582500e+01
   5.6070173e-01   1.5720014e+02   2.4243600e+01
   5.6070173e-01   1.6199981e+02   2.8261200e+01
   5.6243841e-01   1.7999985e+01   1.4627400e+01
   5.6243841e-01   2.2799996e+01   1.2305600e+01
   5.6243841e-01   2.7600007e+01   1.0327000e+01
   5.6243841e-01   3.2400018e+01   8.6647600e+00
   5.6243841e-01   3.7199972e+01   7.2870900e+00
   5.6243841e-01   4.1999984e+01   6.1588700e+00
   5.6243841e-01   4.6799995e+01   5.2437500e+00
   5.6243841e-01   5.1600006e+01   4.5059600e+00
   5.6243841e-01   5.6400017e+01   3.9121600e+00
   5.6243841e-01   6.1199914e+01   3.4329600e+00
   5.6243841e-01   6.6000154e+01   3.0443200e+00
   5.6243841e-01   7.0799822e+01   2.7285100e+00
   5.6243841e-01   7.5600062e+01   2.4748800e+00
   5.6243841e-01   8.0399730e+01   2.2801500e+00
   5.6243841e-01   8.5199970e+01   2.1484800e+00
   5.6243841e-01   9.0000210e+01   2.0911500e+00
   5.6243841e-01   9.4799878e+01   2.1259600e+00
   5.6243841e-01   9.9600118e+01   2.2764000e+00
   5.6243841e-01   1.0439979e+02   2.5705200e+00
   5.6243841e-01   1.0920003e+02   3.0397700e+00
   5.6243841e-01   1.1400027e+02   3.7175400e+00
   5.6243841e-01   1.1879993e+02   4.6377800e+00
   5.6243841e-01   1.2360017e+02   5.8334500e+00
   5.6243841e-01   1.2839984e+02   7.3351300e+00
   5.6243841e-01   1.3320008e+02   9.1696000e+00
   5.6243841e-01   1.3799975e+02   1.1358600e+01
   5.6243841e-01   1.4279999e+02   1.3917600e+01
   5.6243841e-01   1.4760023e+02   1.6855000e+01
   5.6243841e-01   1.5239990e+02   2.0171600e+01
   5.6243841e-01   1.5720014e+02   2.3859700e+01
   5.6243841e-01   1.6199981e+02   2.7903200e+01
   5.6417432e-01   1.7999985e+01   1.4369800e+01
   5.6417432e-01   2.2799996e+01   1.2014800e+01
   5.6417432e-01   2.7600007e+01   1.0002500e+01
   5.6417432e-01   3.2400018e+01   8.3065300e+00
   5.6417432e-01   3.7199972e+01   6.8955100e+00
   5.6417432e-01   4.1999984e+01   5.7349500e+00
   5.6417432e-01   4.6799995e+01   4.7890300e+00
   5.6417432e-01   5.1600006e+01   4.0225100e+00
   5.6417432e-01   5.6400017e+01   3.4025400e+00
   5.6417432e-01   6.1199914e+01   2.9001500e+00
   5.6417432e-01   6.6000154e+01   2.4916700e+00
   5.6417432e-01   7.0799822e+01   2.1596900e+00
   5.6417432e-01   7.5600062e+01   1.8937700e+00
   5.6417432e-01   8.0399730e+01   1.6908100e+00
   5.6417432e-01   8.5199970e+01   1.5550300e+00
   5.6417432e-01   9.0000210e+01   1.4977100e+00
   5.6417432e-01   9.4799878e+01   1.5365800e+00
   5.6417432e-01   9.9600118e+01   1.6949700e+00
   5.6417432e-01   1.0439979e+02   2.0007400e+00
   5.6417432e-01   1.0920003e+02   2.4850400e+00
   5.6417432e-01   1.1400027e+02   3.1809400e+00
   5.6417432e-01   1.1879993e+02   4.1220100e+00
   5.6417432e-01   1.2360017e+02   5.3408100e+00
   5.6417432e-01   1.2839984e+02   6.8674700e+00
   5.6417432e-01   1.3320008e+02   8.7283200e+00
   5.6417432e-01   1.3799975e+02   1.0944600e+01
   5.6417432e-01   1.4279999e+02   1.3531500e+01
   5.6417432e-01   1.4760023e+02   1.6496800e+01
   5.6417432e-01   1.5239990e+02   1.9841000e+01
   5.6417432e-01   1.5720014e+02   2.3556000e+01
   5.6417432e-01   1.6199981e+02   2.7625400e+01
   5.6590945e-01   1.7999985e+01   1.4197000e+01
   5.6590945e-01   2.2799996e+01   1.1809200e+01
   5.6590945e-01   2.7600007e+01   9.7633400e+00
   5.6590945e-01   3.2400018e+01   8.0337200e+00
   5.6590945e-01   3.7199972e+01   6.5895300e+00
   5.6590945e-01   4.1999984e+01   5.3968100e+00
   5.6590945e-01   4.6799995e+01   4.4202800e+00
   5.6590945e-01   5.1600006e+01   3.6252200e+00
   5.6590945e-01   5.6400017e+01   2.9792500e+00
   5.6590945e-01   6.1199914e+01   2.4538600e+00
   5.6590945e-01   6.6000154e+01   2.0257200e+00
   5.6590945e-01   7.0799822e+01   1.6777400e+00
   5.6590945e-01   7.5600062e+01   1.3997000e+00
   5.6590945e-01   8.0399730e+01   1.1886600e+00
   5.6590945e-01   8.5199970e+01   1.0489200e+00
   5.6590945e-01   9.0000210e+01   9.9174600e-01
   5.6590945e-01   9.4799878e+01   1.0348000e+00
   5.6590945e-01   9.9600118e+01   1.2012600e+00
   5.6590945e-01   1.0439979e+02   1.5187800e+00
   5.6590945e-01   1.0920003e+02   2.0182200e+00
   5.6590945e-01   1.1400027e+02   2.7323300e+00
   5.6590945e-01   1.1879993e+02   3.6942900e+00
   5.6590945e-01   1.2360017e+02   4.9362700e+00
   5.6590945e-01   1.2839984e+02   6.4879400e+00
   5.6590945e-01   1.3320008e+02   8.3752000e+00
   5.6590945e-01   1.3799975e+02   1.0618800e+01
   5.6590945e-01   1.4279999e+02   1.3233500e+01
   5.6590945e-01   1.4760023e+02   1.6226800e+01
   5.6590945e-01   1.5239990e+02   1.9598500e+01
   5.6590945e-01   1.5720014e+02   2.3340400e+01
   5.6590945e-01   1.6199981e+02   2.7435600e+01
   5.6764377e-01   1.7999985e+01   1.4117100e+01
   5.6764377e-01   2.2799996e+01   1.1696500e+01
   5.6764377e-01   2.7600007e+01   9.6172700e+00
   5.6764377e-01   3.2400018e+01   7.8541900e+00
   5.6764377e-01   3.7199972e+01   6.3770100e+00
   5.6764377e-01   4.1999984e+01   5.1523100e+00
   5.6764377e-01   4.6799995e+01   4.1453500e+00
   5.6764377e-01   5.1600006e+01   3.3219500e+00
   5.6764377e-01   5.6400017e+01   2.6501700e+00
   5.6764377e-01   6.1199914e+01   2.1019600e+00
   5.6764377e-01   6.6000154e+01   1.6543400e+00
   5.6764377e-01   7.0799822e+01   1.2905400e+00
   5.6764377e-01   7.5600062e+01   1.0005500e+00
   5.6764377e-01   8.0399730e+01   7.8159200e-01
   5.6764377e-01   8.5199970e+01   6.3803600e-01
   5.6764377e-01   9.0000210e+01   5.8115700e-01
   5.6764377e-01   9.4799878e+01   6.2853000e-01
   5.6764377e-01   9.9600118e+01   8.0318600e-01
   5.6764377e-01   1.0439979e+02   1.1325500e+00
   5.6764377e-01   1.0920003e+02   1.6472300e+00
   5.6764377e-01   1.1400027e+02   2.3796300e+00
   5.6764377e-01   1.1879993e+02   3.3625600e+00
   5.6764377e-01   1.2360017e+02   4.6277600e+00
   5.6764377e-01   1.2839984e+02   6.2044900e+00
   5.6764377e-01   1.3320008e+02   8.1181800e+00
   5.6764377e-01   1.3799975e+02   1.0389200e+01
   5.6764377e-01   1.4279999e+02   1.3031700e+01
   5.6764377e-01   1.4760023e+02   1.6052800e+01
   5.6764377e-01   1.5239990e+02   1.9452100e+01
   5.6764377e-01   1.5720014e+02   2.3220800e+01
   5.6764377e-01   1.6199981e+02   2.7341800e+01
   5.6937727e-01   1.7999985e+01   1.4137900e+01
   5.6937727e-01   2.2799996e+01   1.1684600e+01
   5.6937727e-01   2.7600007e+01   9.5722000e+00
   5.6937727e-01   3.2400018e+01   7.7758300e+00
   5.6937727e-01   3.7199972e+01   6.2658400e+00
   5.6937727e-01   4.1999984e+01   5.0093400e+00
   5.6937727e-01   4.6799995e+01   3.9721400e+00
   5.6937727e-01   5.1600006e+01   3.1205700e+00
   5.6937727e-01   5.6400017e+01   2.4231900e+00
   5.6937727e-01   6.1199914e+01   1.8523300e+00
   5.6937727e-01   6.6000154e+01   1.3854300e+00
   5.6937727e-01   7.0799822e+01   1.0059800e+00
   5.6937727e-01   7.5600062e+01   7.0422200e-01
   5.6937727e-01   8.0399730e+01   4.7750900e-01
   5.6937727e-01   8.5199970e+01   3.3029800e-01
   5.6937727e-01   9.0000210e+01   2.7385800e-01
   5.6937727e-01   9.4799878e+01   3.2568500e-01
   5.6937727e-01   9.9600118e+01   5.0866000e-01
   5.6937727e-01   1.0439979e+02   8.4999300e-01
   5.6937727e-01   1.0920003e+02   1.3800100e+00
   5.6937727e-01   1.1400027e+02   2.1307800e+00
   5.6937727e-01   1.1879993e+02   3.1347500e+00
   5.6937727e-01   1.2360017e+02   4.4232300e+00
   5.6937727e-01   1.2839984e+02   6.0250700e+00
   5.6937727e-01   1.3320008e+02   7.9652200e+00
   5.6937727e-01   1.3799975e+02   1.0263600e+01
   5.6937727e-01   1.4279999e+02   1.2933900e+01
   5.6937727e-01   1.4760023e+02   1.5982900e+01
   5.6937727e-01   1.5239990e+02   1.9409700e+01
   5.6937727e-01   1.5720014e+02   2.3205200e+01
   5.6937727e-01   1.6199981e+02   2.7352000e+01
   5.7110991e-01   1.7999985e+01   1.4267200e+01
   5.7110991e-01   2.2799996e+01   1.1781500e+01
   5.7110991e-01   2.7600007e+01   9.6360200e+00
   5.7110991e-01   3.2400018e+01   7.8065300e+00
   5.7110991e-01   3.7199972e+01   6.2639000e+00
   5.7110991e-01   4.1999984e+01   4.9757900e+00
   5.7110991e-01   4.6799995e+01   3.9085500e+00
   5.7110991e-01   5.1600006e+01   3.0290100e+00
   5.7110991e-01   5.6400017e+01   2.3062000e+00
   5.7110991e-01   6.1199914e+01   1.7129000e+00
   5.7110991e-01   6.6000154e+01   1.2269000e+00
   5.7110991e-01   7.0799822e+01   8.3198000e-01
   5.7110991e-01   7.5600062e+01   5.1862700e-01
   5.7110991e-01   8.0399730e+01   2.8433300e-01
   5.7110991e-01   8.5199970e+01   1.3362900e-01
   5.7110991e-01   9.0000210e+01   7.7780600e-02
   5.7110991e-01   9.4799878e+01   1.3420300e-01
   5.7110991e-01   9.9600118e+01   3.2562600e-01
   5.7110991e-01   1.0439979e+02   6.7904400e-01
   5.7110991e-01   1.0920003e+02   1.2245000e+00
   5.7110991e-01   1.1400027e+02   1.9937400e+00
   5.7110991e-01   1.1879993e+02   3.0188200e+00
   5.7110991e-01   1.2360017e+02   4.3306500e+00
   5.7110991e-01   1.2839984e+02   5.9576300e+00
   5.7110991e-01   1.3320008e+02   7.9242800e+00
   5.7110991e-01   1.3799975e+02   1.0250000e+01
   5.7110991e-01   1.4279999e+02   1.2948200e+01
   5.7110991e-01   1.4760023e+02   1.6025100e+01
   5.7110991e-01   1.5239990e+02   1.9479400e+01
   5.7110991e-01   1.5720014e+02   2.3301600e+01
   5.7110991e-01   1.6199981e+02   2.7474100e+01
   5.7284168e-01   1.7999985e+01   1.4513100e+01
   5.7284168e-01   2.2799996e+01   1.1995000e+01
   5.7284168e-01   2.7600007e+01   9.8166200e+00
   5.7284168e-01   3.2400018e+01   7.9541900e+00
   5.7284168e-01   3.7199972e+01   6.3791000e+00
   5.7284168e-01   4.1999984e+01   5.0595700e+00
   5.7284168e-01   4.6799995e+01   3.9624700e+00
   5.7284168e-01   5.1600006e+01   3.0551500e+00
   5.7284168e-01   5.6400017e+01   2.3071100e+00
   5.7284168e-01   6.1199914e+01   1.6915600e+00
   5.7284168e-01   6.6000154e+01   1.1866500e+00
   5.7284168e-01   7.0799822e+01   7.7645300e-01
   5.7284168e-01   7.5600062e+01   4.5168400e-01
   5.7284168e-01   8.0399730e+01   2.0998300e-01
   5.7284168e-01   8.5199970e+01   5.5952200e-02
   5.7284168e-01   9.0000210e+01   8.5047700e-04
   5.7284168e-01   9.4799878e+01   6.2013500e-02
   5.7284168e-01   9.9600118e+01   2.6201900e-01
   5.7284168e-01   1.0439979e+02   6.2764200e-01
   5.7284168e-01   1.0920003e+02   1.1886400e+00
   5.7284168e-01   1.1400027e+02   1.9764400e+00
   5.7284168e-01   1.1879993e+02   3.0227200e+00
   5.7284168e-01   1.2360017e+02   4.3579700e+00
   5.7284168e-01   1.2839984e+02   6.0101500e+00
   5.7284168e-01   1.3320008e+02   8.0033200e+00
   5.7284168e-01   1.3799975e+02   1.0356500e+01
   5.7284168e-01   1.4279999e+02   1.3082500e+01
   5.7284168e-01   1.4760023e+02   1.6187300e+01
   5.7284168e-01   1.5239990e+02   1.9669000e+01
   5.7284168e-01   1.5720014e+02   2.3518000e+01
   5.7284168e-01   1.6199981e+02   2.7716200e+01
   5.7457256e-01   1.7999985e+01   1.4883300e+01
   5.7457256e-01   2.2799996e+01   1.2333000e+01
   5.7457256e-01   2.7600007e+01   1.0121900e+01
   5.7457256e-01   3.2400018e+01   8.2266800e+00
   5.7457256e-01   3.7199972e+01   6.6193100e+00
   5.7457256e-01   4.1999984e+01   5.2685400e+00
   5.7457256e-01   4.6799995e+01   4.1417700e+00
   5.7457256e-01   5.1600006e+01   3.2068700e+00
   5.7457256e-01   5.6400017e+01   2.4338100e+00
   5.7457256e-01   6.1199914e+01   1.7962000e+00
   5.7457256e-01   6.6000154e+01   1.2725700e+00
   5.7457256e-01   7.0799822e+01   8.4728900e-01
   5.7457256e-01   7.5600062e+01   5.1128900e-01
   5.7457256e-01   8.0399730e+01   2.6235800e-01
   5.7457256e-01   8.5199970e+01   1.0516900e-01
   5.7457256e-01   9.0000210e+01   5.0974300e-02
   5.7457256e-01   9.4799878e+01   1.1702700e-01
   5.7457256e-01   9.9600118e+01   3.2575200e-01
   5.7457256e-01   1.0439979e+02   7.0370500e-01
   5.7457256e-01   1.0920003e+02   1.2803700e+00
   5.7457256e-01   1.1400027e+02   2.0868200e+00
   5.7457256e-01   1.1879993e+02   3.1543700e+00
   5.7457256e-01   1.2360017e+02   4.5131000e+00
   5.7457256e-01   1.2839984e+02   6.1905300e+00
   5.7457256e-01   1.3320008e+02   8.2102800e+00
   5.7457256e-01   1.3799975e+02   1.0590900e+01
   5.7457256e-01   1.4279999e+02   1.3344800e+01
   5.7457256e-01   1.4760023e+02   1.6477400e+01
   5.7457256e-01   1.5239990e+02   1.9986600e+01
   5.7457256e-01   1.5720014e+02   2.3862200e+01
   5.7457256e-01   1.6199981e+02   2.8086000e+01
   5.7630253e-01   1.7999985e+01   1.5385700e+01
   5.7630253e-01   2.2799996e+01   1.2803400e+01
   5.7630253e-01   2.7600007e+01   1.0559600e+01
   5.7630253e-01   3.2400018e+01   8.6318400e+00
   5.7630253e-01   3.7199972e+01   6.9923700e+00
   5.7630253e-01   4.1999984e+01   5.6105500e+00
   5.7630253e-01   4.6799995e+01   4.4543100e+00
   5.7630253e-01   5.1600006e+01   3.4920300e+00
   5.7630253e-01   5.6400017e+01   2.6941300e+00
   5.7630253e-01   6.1199914e+01   2.0346700e+00
   5.7630253e-01   6.6000154e+01   1.4925200e+00
   5.7630253e-01   7.0799822e+01   1.0523500e+00
   5.7630253e-01   7.5600062e+01   7.0530200e-01
   5.7630253e-01   8.0399730e+01   4.4932300e-01
   5.7630253e-01   8.5199970e+01   2.8914900e-01
   5.7630253e-01   9.0000210e+01   2.3602300e-01
   5.7630253e-01   9.4799878e+01   3.0711800e-01
   5.7630253e-01   9.9600118e+01   5.2470300e-01
   5.7630253e-01   1.0439979e+02   9.1511400e-01
   5.7630253e-01   1.0920003e+02   1.5075500e+00
   5.7630253e-01   1.1400027e+02   2.3327600e+00
   5.7630253e-01   1.1879993e+02   3.4216700e+00
   5.7630253e-01   1.2360017e+02   4.8039500e+00
   5.7630253e-01   1.2839984e+02   6.5066900e+00
   5.7630253e-01   1.3320008e+02   8.5530400e+00
   5.7630253e-01   1.3799975e+02   1.0961100e+01
   5.7630253e-01   1.4279999e+02   1.3742800e+01
   5.7630253e-01   1.4760023e+02   1.6903300e+01
   5.7630253e-01   1.5239990e+02   2.0439900e+01
   5.7630253e-01   1.5720014e+02   2.4342300e+01
   5.7630253e-01   1.6199981e+02   2.8591700e+01
   5.7803156e-01   1.7999985e+01   1.6028000e+01
   5.7803156e-01   2.2799996e+01   1.3413800e+01
   5.7803156e-01   2.7600007e+01   1.1137700e+01
   5.7803156e-01   3.2400018e+01   9.1774500e+00
   5.7803156e-01   3.7199972e+01   7.5060700e+00
   5.7803156e-01   4.1999984e+01   6.0933900e+00
   5.7803156e-01   4.6799995e+01   4.9078800e+00
   5.7803156e-01   5.1600006e+01   3.9184100e+00
   5.7803156e-01   5.6400017e+01   3.0958900e+00
   5.7803156e-01   6.1199914e+01   2.4147800e+00
   5.7803156e-01   6.6000154e+01   1.8543000e+00
   5.7803156e-01   7.0799822e+01   1.3994300e+00
   5.7803156e-01   7.5600062e+01   1.0415400e+00
   5.7803156e-01   8.0399730e+01   7.7869400e-01
   5.7803156e-01   8.5199970e+01   6.1571000e-01
   5.7803156e-01   9.0000210e+01   5.6382000e-01
   5.7803156e-01   9.4799878e+01   6.4011100e-01
   5.7803156e-01   9.9600118e+01   8.6670000e-01
   5.7803156e-01   1.0439979e+02   1.2697000e+00
   5.7803156e-01   1.0920003e+02   1.8780200e+00
   5.7803156e-01   1.1400027e+02   2.7220900e+00
   5.7803156e-01   1.1879993e+02   3.8324500e+00
   5.7803156e-01   1.2360017e+02   5.2383500e+00
   5.7803156e-01   1.2839984e+02   6.9664500e+00
   5.7803156e-01   1.3320008e+02   9.0394500e+00
   5.7803156e-01   1.3799975e+02   1.1475000e+01
   5.7803156e-01   1.4279999e+02   1.4284600e+01
   5.7803156e-01   1.4760023e+02   1.7472900e+01
   5.7803156e-01   1.5239990e+02   2.1037000e+01
   5.7803156e-01   1.5720014e+02   2.4965900e+01
   5.7803156e-01   1.6199981e+02   2.9240900e+01
   5.7975964e-01   1.7999985e+01   1.6818100e+01
   5.7975964e-01   2.2799996e+01   1.4172100e+01
   5.7975964e-01   2.7600007e+01   1.1863700e+01
   5.7975964e-01   3.2400018e+01   9.8712400e+00
   5.7975964e-01   3.7199972e+01   8.1681400e+00
   5.7975964e-01   4.1999984e+01   6.7248000e+00
   5.7975964e-01   4.6799995e+01   5.5102200e+00
   5.7975964e-01   5.1600006e+01   4.4937700e+00
   5.7975964e-01   5.6400017e+01   3.6468200e+00
   5.7975964e-01   6.1199914e+01   2.9442600e+00
   5.7975964e-01   6.6000154e+01   2.3656700e+00
   5.7975964e-01   7.0799822e+01   1.8963000e+00
   5.7975964e-01   7.5600062e+01   1.5277500e+00
   5.7975964e-01   8.0399730e+01   1.2582200e+00
   5.7975964e-01   8.5199970e+01   1.0926100e+00
   5.7975964e-01   9.0000210e+01   1.0421200e+00
   5.7975964e-01   9.4799878e+01   1.1237700e+00
   5.7975964e-01   9.9600118e+01   1.3595000e+00
   5.7975964e-01   1.0439979e+02   1.7752200e+00
   5.7975964e-01   1.0920003e+02   2.3995500e+00
   5.7975964e-01   1.1400027e+02   3.2625800e+00
   5.7975964e-01   1.1879993e+02   4.3944700e+00
   5.7975964e-01   1.2360017e+02   5.8240700e+00
   5.7975964e-01   1.2839984e+02   7.5775800e+00
   5.7975964e-01   1.3320008e+02   9.6772700e+00
   5.7975964e-01   1.3799975e+02   1.2140300e+01
   5.7975964e-01   1.4279999e+02   1.4977800e+01
   5.7975964e-01   1.4760023e+02   1.8194000e+01
   5.7975964e-01   1.5239990e+02   2.1785400e+01
   5.7975964e-01   1.5720014e+02   2.5741000e+01
   5.7975964e-01   1.6199981e+02   3.0041500e+01
   5.8148674e-01   1.7999985e+01   1.7763500e+01
   5.8148674e-01   2.2799996e+01   1.5085900e+01
   5.8148674e-01   2.7600007e+01   1.2745500e+01
   5.8148674e-01   3.2400018e+01   1.0720900e+01
   5.8148674e-01   3.7199972e+01   8.9862300e+00
   5.8148674e-01   4.1999984e+01   7.5124200e+00
   5.8148674e-01   4.6799995e+01   6.2689700e+00
   5.8148674e-01   5.1600006e+01   5.2257400e+00
   5.8148674e-01   5.6400017e+01   4.3545900e+00
   5.8148674e-01   6.1199914e+01   3.6307900e+00
   5.8148674e-01   6.6000154e+01   3.0342800e+00
   5.8148674e-01   7.0799822e+01   2.5506200e+00
   5.8148674e-01   7.5600062e+01   2.1716000e+00
   5.8148674e-01   8.0399730e+01   1.8955900e+00
   5.8148674e-01   8.5199970e+01   1.7275200e+00
   5.8148674e-01   9.0000210e+01   1.6786100e+00
   5.8148674e-01   9.4799878e+01   1.7657700e+00
   5.8148674e-01   9.9600118e+01   2.0108000e+00
   5.8148674e-01   1.0439979e+02   2.4393700e+00
   5.8148674e-01   1.0920003e+02   3.0798300e+00
   5.8148674e-01   1.1400027e+02   3.9619200e+00
   5.8148674e-01   1.1879993e+02   5.1154300e+00
   5.8148674e-01   1.2360017e+02   6.5688000e+00
   5.8148674e-01   1.2839984e+02   8.3477800e+00
   5.8148674e-01   1.3320008e+02   1.0474200e+01
   5.8148674e-01   1.3799975e+02   1.2964800e+01
   5.8148674e-01   1.4279999e+02   1.5830200e+01
   5.8148674e-01   1.4760023e+02   1.9074100e+01
   5.8148674e-01   1.5239990e+02   2.2693000e+01
   5.8148674e-01   1.5720014e+02   2.6675100e+01
   5.8148674e-01   1.6199981e+02   3.1001100e+01
   5.8321284e-01   1.7999985e+01   1.8871800e+01
   5.8321284e-01   2.2799996e+01   1.6162800e+01
   5.8321284e-01   2.7600007e+01   1.3790400e+01
   5.8321284e-01   3.2400018e+01   1.1733900e+01
   5.8321284e-01   3.7199972e+01   9.9679000e+00
   5.8321284e-01   4.1999984e+01   8.4638300e+00
   5.8321284e-01   4.6799995e+01   7.1917100e+00
   5.8321284e-01   5.1600006e+01   6.1219200e+00
   5.8321284e-01   5.6400017e+01   5.2267600e+00
   5.8321284e-01   6.1199914e+01   4.4819300e+00
   5.8321284e-01   6.6000154e+01   3.8677200e+00
   5.8321284e-01   7.0799822e+01   3.3699600e+00
   5.8321284e-01   7.5600062e+01   2.9806800e+00
   5.8321284e-01   8.0399730e+01   2.6983700e+00
   5.8321284e-01   8.5199970e+01   2.5280300e+00
   5.8321284e-01   9.0000210e+01   2.4808700e+00
   5.8321284e-01   9.4799878e+01   2.5737000e+00
   5.8321284e-01   9.9600118e+01   2.8281800e+00
   5.8321284e-01   1.0439979e+02   3.2697400e+00
   5.8321284e-01   1.0920003e+02   3.9264400e+00
   5.8321284e-01   1.1400027e+02   4.8277000e+00
   5.8321284e-01   1.1879993e+02   6.0029200e+00
   5.8321284e-01   1.2360017e+02   7.4801200e+00
   5.8321284e-01   1.2839984e+02   9.2846300e+00
   5.8321284e-01   1.3320008e+02   1.1437800e+01
   5.8321284e-01   1.3799975e+02   1.3955900e+01
   5.8321284e-01   1.4279999e+02   1.6849200e+01
   5.8321284e-01   1.4760023e+02   2.0121000e+01
   5.8321284e-01   1.5239990e+02   2.3767200e+01
   5.8321284e-01   1.5720014e+02   2.7775900e+01
   5.8321284e-01   1.6199981e+02   3.2127300e+01
   5.8493792e-01   1.7999985e+01   2.0150400e+01
   5.8493792e-01   2.2799996e+01   1.7410100e+01
   5.8493792e-01   2.7600007e+01   1.5006000e+01
   5.8493792e-01   3.2400018e+01   1.2917800e+01
   5.8493792e-01   3.7199972e+01   1.1120600e+01
   5.8493792e-01   4.1999984e+01   9.5864800e+00
   5.8493792e-01   4.6799995e+01   8.2859100e+00
   5.8493792e-01   5.1600006e+01   7.1897600e+00
   5.8493792e-01   5.6400017e+01   6.2708100e+00
   5.8493792e-01   6.1199914e+01   5.5051600e+00
   5.8493792e-01   6.6000154e+01   4.8734600e+00
   5.8493792e-01   7.0799822e+01   4.3618200e+00
   5.8493792e-01   7.5600062e+01   3.9624700e+00
   5.8493792e-01   8.0399730e+01   3.6740600e+00
   5.8493792e-01   8.5199970e+01   3.5016400e+00
   5.8493792e-01   9.0000210e+01   3.4564000e+00
   5.8493792e-01   9.4799878e+01   3.5550700e+00
   5.8493792e-01   9.9600118e+01   3.8191300e+00
   5.8493792e-01   1.0439979e+02   4.2738100e+00
   5.8493792e-01   1.0920003e+02   4.9468800e+00
   5.8493792e-01   1.1400027e+02   5.8674200e+00
   5.8493792e-01   1.1879993e+02   7.0644300e+00
   5.8493792e-01   1.2360017e+02   8.5655400e+00
   5.8493792e-01   1.2839984e+02   1.0395600e+01
   5.8493792e-01   1.3320008e+02   1.2575600e+01
   5.8493792e-01   1.3799975e+02   1.5121300e+01
   5.8493792e-01   1.4279999e+02   1.8042500e+01
   5.8493792e-01   1.4760023e+02   2.1342100e+01
   5.8493792e-01   1.5239990e+02   2.5015600e+01
   5.8493792e-01   1.5720014e+02   2.9050800e+01
   5.8493792e-01   1.6199981e+02   3.3427500e+01
   5.8666196e-01   1.7999985e+01   2.1606700e+01
   5.8666196e-01   2.2799996e+01   1.8835300e+01
   5.8666196e-01   2.7600007e+01   1.6399600e+01
   5.8666196e-01   3.2400018e+01   1.4279800e+01
   5.8666196e-01   3.7199972e+01   1.2451700e+01
   5.8666196e-01   4.1999984e+01   1.0887700e+01
   5.8666196e-01   4.6799995e+01   9.5589100e+00
   5.8666196e-01   5.1600006e+01   8.4366300e+00
   5.8666196e-01   5.6400017e+01   7.4941000e+00
   5.8666196e-01   6.1199914e+01   6.7078500e+00
   5.8666196e-01   6.6000154e+01   6.0588600e+00
   5.8666196e-01   7.0799822e+01   5.5335500e+00
   5.8666196e-01   7.5600062e+01   5.1243400e+00
   5.8666196e-01   8.0399730e+01   4.8300200e+00
   5.8666196e-01   8.5199970e+01   4.6557100e+00
   5.8666196e-01   9.0000210e+01   4.6125600e+00
   5.8666196e-01   9.4799878e+01   4.7172300e+00
   5.8666196e-01   9.9600118e+01   4.9910400e+00
   5.8666196e-01   1.0439979e+02   5.4589700e+00
   5.8666196e-01   1.0920003e+02   6.1485300e+00
   5.8666196e-01   1.1400027e+02   7.0884300e+00
   5.8666196e-01   1.1879993e+02   8.3073300e+00
   5.8666196e-01   1.2360017e+02   9.8324200e+00
   5.8666196e-01   1.2839984e+02   1.1688100e+01
   5.8666196e-01   1.3320008e+02   1.3895000e+01
   5.8666196e-01   1.3799975e+02   1.6468200e+01
   5.8666196e-01   1.4279999e+02   1.9417300e+01
   5.8666196e-01   1.4760023e+02   2.2744700e+01
   5.8666196e-01   1.5239990e+02   2.6445600e+01
   5.8666196e-01   1.5720014e+02   3.0507200e+01
   5.8666196e-01   1.6199981e+02   3.4909200e+01
   5.8838494e-01   1.7999985e+01   2.3247900e+01
   5.8838494e-01   2.2799996e+01   2.0445500e+01
   5.8838494e-01   2.7600007e+01   1.7978400e+01
   5.8838494e-01   3.2400018e+01   1.5827300e+01
   5.8838494e-01   3.7199972e+01   1.3968500e+01
   5.8838494e-01   4.1999984e+01   1.2374800e+01
   5.8838494e-01   4.6799995e+01   1.1017900e+01
   5.8838494e-01   5.1600006e+01   9.8697400e+00
   5.8838494e-01   5.6400017e+01   8.9038700e+00
   5.8838494e-01   6.1199914e+01   8.0972300e+00
   5.8838494e-01   6.6000154e+01   7.4311800e+00
   5.8838494e-01   7.0799822e+01   6.8924000e+00
   5.8838494e-01   7.5600062e+01   6.4735400e+00
   5.8838494e-01   8.0399730e+01   6.1735100e+00
   5.8838494e-01   8.5199970e+01   5.9974800e+00
   5.8838494e-01   9.0000210e+01   5.9566100e+00
   5.8838494e-01   9.4799878e+01   6.0674400e+00
   5.8838494e-01   9.9600118e+01   6.3511400e+00
   5.8838494e-01   1.0439979e+02   6.8324600e+00
   5.8838494e-01   1.0920003e+02   7.5386200e+00
   5.8838494e-01   1.1400027e+02   8.4980100e+00
   5.8838494e-01   1.1879993e+02   9.7388700e+00
   5.8838494e-01   1.2360017e+02   1.1288000e+01
   5.8838494e-01   1.2839984e+02   1.3169400e+01
   5.8838494e-01   1.3320008e+02   1.5403100e+01
   5.8838494e-01   1.3799975e+02   1.8004000e+01
   5.8838494e-01   1.4279999e+02   2.0981000e+01
   5.8838494e-01   1.4760023e+02   2.4336200e+01
   5.8838494e-01   1.5239990e+02   2.8064300e+01
   5.8838494e-01   1.5720014e+02   3.2152300e+01
   5.8838494e-01   1.6199981e+02   3.6579600e+01
   5.9010683e-01   1.7999985e+01   2.5081100e+01
   5.9010683e-01   2.2799996e+01   2.2247900e+01
   5.9010683e-01   2.7600007e+01   1.9749500e+01
   5.9010683e-01   3.2400018e+01   1.7567300e+01
   5.9010683e-01   3.7199972e+01   1.5677900e+01
   5.9010683e-01   4.1999984e+01   1.4054800e+01
   5.9010683e-01   4.6799995e+01   1.2670100e+01
   5.9010683e-01   5.1600006e+01   1.1496200e+01
   5.9010683e-01   5.6400017e+01   1.0507200e+01
   5.9010683e-01   6.1199914e+01   9.6804100e+00
   5.9010683e-01   6.6000154e+01   8.9975100e+00
   5.9010683e-01   7.0799822e+01   8.4454800e+00
   5.9010683e-01   7.5600062e+01   8.0171700e+00
   5.9010683e-01   8.0399730e+01   7.7116200e+00
   5.9010683e-01   8.5199970e+01   7.5340700e+00
   5.9010683e-01   9.0000210e+01   7.4956500e+00
   5.9010683e-01   9.4799878e+01   7.6128100e+00
   5.9010683e-01   9.9600118e+01   7.9065500e+00
   5.9010683e-01   1.0439979e+02   8.4014000e+00
   5.9010683e-01   1.0920003e+02   9.1242800e+00
   5.9010683e-01   1.1400027e+02   1.0103200e+01
   5.9010683e-01   1.1879993e+02   1.1366200e+01
   5.9010683e-01   1.2360017e+02   1.2939400e+01
   5.9010683e-01   1.2839984e+02   1.4846500e+01
   5.9010683e-01   1.3320008e+02   1.7107100e+01
   5.9010683e-01   1.3799975e+02   1.9735600e+01
   5.9010683e-01   1.4279999e+02   2.2740500e+01
   5.9010683e-01   1.4760023e+02   2.6123400e+01
   5.9010683e-01   1.5239990e+02   2.9878800e+01
   5.9010683e-01   1.5720014e+02   3.3993200e+01
   5.9010683e-01   1.6199981e+02   3.8445700e+01
   5.9182763e-01   1.7999985e+01   2.7113200e+01
   5.9182763e-01   2.2799996e+01   2.4249300e+01
   5.9182763e-01   2.7600007e+01   2.1719900e+01
   5.9182763e-01   3.2400018e+01   1.9506800e+01
   5.9182763e-01   3.7199972e+01   1.7587000e+01
   5.9182763e-01   4.1999984e+01   1.5934700e+01
   5.9182763e-01   4.6799995e+01   1.4522400e+01
   5.9182763e-01   5.1600006e+01   1.3323000e+01
   5.9182763e-01   5.6400017e+01   1.2311100e+01
   5.9182763e-01   6.1199914e+01   1.1464300e+01
   5.9182763e-01   6.6000154e+01   1.0764800e+01
   5.9182763e-01   7.0799822e+01   1.0199800e+01
   5.9182763e-01   7.5600062e+01   9.7622000e+00
   5.9182763e-01   8.0399730e+01   9.4513400e+00
   5.9182763e-01   8.5199970e+01   9.2724500e+00
   5.9182763e-01   9.0000210e+01   9.2366600e+00
   5.9182763e-01   9.4799878e+01   9.3603100e+00
   5.9182763e-01   9.9600118e+01   9.6642400e+00
   5.9182763e-01   1.0439979e+02   1.0172700e+01
   5.9182763e-01   1.0920003e+02   1.0912500e+01
   5.9182763e-01   1.1400027e+02   1.1911100e+01
   5.9182763e-01   1.1879993e+02   1.3196100e+01
   5.9182763e-01   1.2360017e+02   1.4793500e+01
   5.9182763e-01   1.2839984e+02   1.6726400e+01
   5.9182763e-01   1.3320008e+02   1.9013900e+01
   5.9182763e-01   1.3799975e+02   2.1670100e+01
   5.9182763e-01   1.4279999e+02   2.4702900e+01
   5.9182763e-01   1.4760023e+02   2.8113500e+01
   5.9182763e-01   1.5239990e+02   3.1896100e+01
   5.9182763e-01   1.5720014e+02   3.6036800e+01
   5.9182763e-01   1.6199981e+02   4.0514400e+01
   5.9354730e-01   1.7999985e+01   2.9350900e+01
   5.9354730e-01   2.2799996e+01   2.6456600e+01
   5.9354730e-01   2.7600007e+01   2.3896400e+01
   5.9354730e-01   3.2400018e+01   2.1652400e+01
   5.9354730e-01   3.7199972e+01   1.9702500e+01
   5.9354730e-01   4.1999984e+01   1.8021200e+01
   5.9354730e-01   4.6799995e+01   1.6581500e+01
   5.9354730e-01   5.1600006e+01   1.5356900e+01
   5.9354730e-01   5.6400017e+01   1.4322300e+01
   5.9354730e-01   6.1199914e+01   1.3455800e+01
   5.9354730e-01   6.6000154e+01   1.2739900e+01
   5.9354730e-01   7.0799822e+01   1.2162000e+01
   5.9354730e-01   7.5600062e+01   1.1715400e+01
   5.9354730e-01   8.0399730e+01   1.1399500e+01
   5.9354730e-01   8.5199970e+01   1.1219400e+01
   5.9354730e-01   9.0000210e+01   1.1186400e+01
   5.9354730e-01   9.4799878e+01   1.1316700e+01
   5.9354730e-01   9.9600118e+01   1.1631000e+01
   5.9354730e-01   1.0439979e+02   1.2153300e+01
   5.9354730e-01   1.0920003e+02   1.2910000e+01
   5.9354730e-01   1.1400027e+02   1.3928400e+01
   5.9354730e-01   1.1879993e+02   1.5235600e+01
   5.9354730e-01   1.2360017e+02   1.6857300e+01
   5.9354730e-01   1.2839984e+02   1.8816000e+01
   5.9354730e-01   1.3320008e+02   2.1130400e+01
   5.9354730e-01   1.3799975e+02   2.3814200e+01
   5.9354730e-01   1.4279999e+02   2.6874800e+01
   5.9354730e-01   1.4760023e+02   3.0313200e+01
   5.9354730e-01   1.5239990e+02   3.4122900e+01
   5.9354730e-01   1.5720014e+02   3.8289900e+01
   5.9354730e-01   1.6199981e+02   4.2792500e+01
   5.9526582e-01   1.7999985e+01   3.1801000e+01
   5.9526582e-01   2.2799996e+01   2.8876400e+01
   5.9526582e-01   2.7600007e+01   2.6285500e+01
   5.9526582e-01   3.2400018e+01   2.4011000e+01
   5.9526582e-01   3.7199972e+01   2.2031100e+01
   5.9526582e-01   4.1999984e+01   2.0321000e+01
   5.9526582e-01   4.6799995e+01   1.8854200e+01
   5.9526582e-01   5.1600006e+01   1.7604500e+01
   5.9526582e-01   5.6400017e+01   1.6547500e+01
   5.9526582e-01   6.1199914e+01   1.5661500e+01
   5.9526582e-01   6.6000154e+01   1.4929400e+01
   5.9526582e-01   7.0799822e+01   1.4338900e+01
   5.9526582e-01   7.5600062e+01   1.3883500e+01
   5.9526582e-01   8.0399730e+01   1.3562600e+01
   5.9526582e-01   8.5199970e+01   1.3381700e+01
   5.9526582e-01   9.0000210e+01   1.3351600e+01
   5.9526582e-01   9.4799878e+01   1.3488800e+01
   5.9526582e-01   9.9600118e+01   1.3813500e+01
   5.9526582e-01   1.0439979e+02   1.4349700e+01
   5.9526582e-01   1.0920003e+02   1.5123500e+01
   5.9526582e-01   1.1400027e+02   1.6161700e+01
   5.9526582e-01   1.1879993e+02   1.7491300e+01
   5.9526582e-01   1.2360017e+02   1.9137200e+01
   5.9526582e-01   1.2839984e+02   2.1121700e+01
   5.9526582e-01   1.3320008e+02   2.3463100e+01
   5.9526582e-01   1.3799975e+02   2.6174500e+01
   5.9526582e-01   1.4279999e+02   2.9263000e+01
   5.9526582e-01   1.4760023e+02   3.2729100e+01
   5.9526582e-01   1.5239990e+02   3.6565900e+01
   5.9526582e-01   1.5720014e+02   4.0759100e+01
   5.9526582e-01   1.6199981e+02   4.5286700e+01
   5.9698317e-01   1.7999985e+01   3.4469800e+01
   5.9698317e-01   2.2799996e+01   3.1515100e+01
   5.9698317e-01   2.7600007e+01   2.8893700e+01
   5.9698317e-01   3.2400018e+01   2.6588800e+01
   5.9698317e-01   3.7199972e+01   2.4579300e+01
   5.9698317e-01   4.1999984e+01   2.2840600e+01
   5.9698317e-01   4.6799995e+01   2.1346800e+01
   5.9698317e-01   5.1600006e+01   2.0072400e+01
   5.9698317e-01   5.6400017e+01   1.8993100e+01
   5.9698317e-01   6.1199914e+01   1.8087900e+01
   5.9698317e-01   6.6000154e+01   1.7339800e+01
   5.9698317e-01   7.0799822e+01   1.6737000e+01
   5.9698317e-01   7.5600062e+01   1.6273000e+01
   5.9698317e-01   8.0399730e+01   1.5947400e+01
   5.9698317e-01   8.5199970e+01   1.5765600e+01
   5.9698317e-01   9.0000210e+01   1.5738800e+01
   5.9698317e-01   9.4799878e+01   1.5882800e+01
   5.9698317e-01   9.9600118e+01   1.6218200e+01
   5.9698317e-01   1.0439979e+02   1.6768500e+01
   5.9698317e-01   1.0920003e+02   1.7559400e+01
   5.9698317e-01   1.1400027e+02   1.8617600e+01
   5.9698317e-01   1.1879993e+02   1.9969500e+01
   5.9698317e-01   1.2360017e+02   2.1639700e+01
   5.9698317e-01   1.2839984e+02   2.3650200e+01
   5.9698317e-01   1.3320008e+02   2.6018500e+01
   5.9698317e-01   1.3799975e+02   2.8757600e+01
   5.9698317e-01   1.4279999e+02   3.1873900e+01
   5.9698317e-01   1.4760023e+02   3.5367600e+01
   5.9698317e-01   1.5239990e+02   3.9231400e+01
   5.9698317e-01   1.5720014e+02   4.3450700e+01
   5.9698317e-01   1.6199981e+02   4.8003200e+01
   5.9869934e-01   1.7999985e+01   3.7363600e+01
   5.9869934e-01   2.2799996e+01   3.4378900e+01
   5.9869934e-01   2.7600007e+01   3.1727300e+01
   5.9869934e-01   3.2400018e+01   2.9392300e+01
   5.9869934e-01   3.7199972e+01   2.7353200e+01
   5.9869934e-01   4.1999984e+01   2.5586200e+01
   5.9869934e-01   4.6799995e+01   2.4065800e+01
   5.9869934e-01   5.1600006e+01   2.2766700e+01
   5.9869934e-01   5.6400017e+01   2.1665500e+01
   5.9869934e-01   6.1199914e+01   2.0741300e+01
   5.9869934e-01   6.6000154e+01   1.9977500e+01
   5.9869934e-01   7.0799822e+01   1.9362400e+01
   5.9869934e-01   7.5600062e+01   1.8890000e+01
   5.9869934e-01   8.0399730e+01   1.8559900e+01
   5.9869934e-01   8.5199970e+01   1.8377600e+01
   5.9869934e-01   9.0000210e+01   1.8354100e+01
   5.9869934e-01   9.4799878e+01   1.8505300e+01
   5.9869934e-01   9.9600118e+01   1.8851400e+01
   5.9869934e-01   1.0439979e+02   1.9415900e+01
   5.9869934e-01   1.0920003e+02   2.0224000e+01
   5.9869934e-01   1.1400027e+02   2.1302300e+01
   5.9869934e-01   1.1879993e+02   2.2676600e+01
   5.9869934e-01   1.2360017e+02   2.4371200e+01
   5.9869934e-01   1.2839984e+02   2.6407600e+01
   5.9869934e-01   1.3320008e+02   2.8802900e+01
   5.9869934e-01   1.3799975e+02   3.1569600e+01
   5.9869934e-01   1.4279999e+02   3.4713700e+01
   5.9869934e-01   1.4760023e+02   3.8235000e+01
   5.9869934e-01   1.5239990e+02   4.2125800e+01
   5.9869934e-01   1.5720014e+02   4.6371200e+01
   5.9869934e-01   1.6199981e+02   5.0948500e+01
   6.0041430e-01   1.7999985e+01   4.0488400e+01
   6.0041430e-01   2.2799996e+01   3.7474100e+01
   6.0041430e-01   2.7600007e+01   3.4792300e+01
   6.0041430e-01   3.2400018e+01   3.2427400e+01
   6.0041430e-01   3.7199972e+01   3.0359100e+01
   6.0041430e-01   4.1999984e+01   2.8563900e+01
   6.0041430e-01   4.6799995e+01   2.7017100e+01
   6.0041430e-01   5.1600006e+01   2.5693700e+01
   6.0041430e-01   5.6400017e+01   2.4570700e+01
   6.0041430e-01   6.1199914e+01   2.3627700e+01
   6.0041430e-01   6.6000154e+01   2.2848400e+01
   6.0041430e-01   7.0799822e+01   2.2221400e+01
   6.0041430e-01   7.5600062e+01   2.1740900e+01
   6.0041430e-01   8.0399730e+01   2.1406400e+01
   6.0041430e-01   8.5199970e+01   2.1223700e+01
   6.0041430e-01   9.0000210e+01   2.1203700e+01
   6.0041430e-01   9.4799878e+01   2.1362200e+01
   6.0041430e-01   9.9600118e+01   2.1719300e+01
   6.0041430e-01   1.0439979e+02   2.2298000e+01
   6.0041430e-01   1.0920003e+02   2.3123500e+01
   6.0041430e-01   1.1400027e+02   2.4221900e+01
   6.0041430e-01   1.1879993e+02   2.5618700e+01
   6.0041430e-01   1.2360017e+02   2.7337800e+01
   6.0041430e-01   1.2839984e+02   2.9400000e+01
   6.0041430e-01   1.3320008e+02   3.1822400e+01
   6.0041430e-01   1.3799975e+02   3.4616600e+01
   6.0041430e-01   1.4279999e+02   3.7788500e+01
   6.0041430e-01   1.4760023e+02   4.1337300e+01
   6.0041430e-01   1.5239990e+02   4.5255100e+01
   6.0041430e-01   1.5720014e+02   4.9526400e+01
   6.0041430e-01   1.6199981e+02   5.4128400e+01
   6.0212802e-01   1.7999985e+01   4.3850300e+01
   6.0212802e-01   2.2799996e+01   4.0806400e+01
   6.0212802e-01   2.7600007e+01   3.8094800e+01
   6.0212802e-01   3.2400018e+01   3.5700200e+01
   6.0212802e-01   3.7199972e+01   3.3602800e+01
   6.0212802e-01   4.1999984e+01   3.1779800e+01
   6.0212802e-01   4.6799995e+01   3.0206700e+01
   6.0212802e-01   5.1600006e+01   2.8859300e+01
   6.0212802e-01   5.6400017e+01   2.7714700e+01
   6.0212802e-01   6.1199914e+01   2.6753200e+01
   6.0212802e-01   6.6000154e+01   2.5958600e+01
   6.0212802e-01   7.0799822e+01   2.5319900e+01
   6.0212802e-01   7.5600062e+01   2.4831400e+01
   6.0212802e-01   8.0399730e+01   2.4492800e+01
   6.0212802e-01   8.5199970e+01   2.4309900e+01
   6.0212802e-01   9.0000210e+01   2.4293600e+01
   6.0212802e-01   9.4799878e+01   2.4459500e+01
   6.0212802e-01   9.9600118e+01   2.4827600e+01
   6.0212802e-01   1.0439979e+02   2.5420800e+01
   6.0212802e-01   1.0920003e+02   2.6263800e+01
   6.0212802e-01   1.1400027e+02   2.7382400e+01
   6.0212802e-01   1.1879993e+02   2.8801700e+01
   6.0212802e-01   1.2360017e+02   3.0545200e+01
   6.0212802e-01   1.2839984e+02   3.2633400e+01
   6.0212802e-01   1.3320008e+02   3.5082700e+01
   6.0212802e-01   1.3799975e+02   3.7904500e+01
   6.0212802e-01   1.4279999e+02   4.1104200e+01
   6.0212802e-01   1.4760023e+02   4.4680500e+01
   6.0212802e-01   1.5239990e+02   4.8625100e+01
   6.0212802e-01   1.5720014e+02   5.2922300e+01
   6.0212802e-01   1.6199981e+02   5.7548900e+01
