#sin^2(theta23) Delta_CP/deg Delta_chi^2
   5.3457422e-01   1.7999985e+02   5.4150300e+01
   5.3457422e-01   1.8599986e+02   4.8040700e+01
   5.3457422e-01   1.9199988e+02   4.2817400e+01
   5.3457422e-01   1.9799989e+02   3.8450700e+01
   5.3457422e-01   2.0399990e+02   3.4885000e+01
   5.3457422e-01   2.0999992e+02   3.2044600e+01
   5.3457422e-01   2.1599993e+02   2.9839400e+01
   5.3457422e-01   2.2199995e+02   2.8170700e+01
   5.3457422e-01   2.2799996e+02   2.6937700e+01
   5.3457422e-01   2.3399997e+02   2.6042300e+01
   5.3457422e-01   2.3999999e+02   2.5395000e+01
   5.3457422e-01   2.4600000e+02   2.4918800e+01
   5.3457422e-01   2.5200002e+02   2.4552600e+01
   5.3457422e-01   2.5800003e+02   2.4254400e+01
   5.3457422e-01   2.6400004e+02   2.4002700e+01
   5.3457422e-01   2.7000006e+02   2.3796900e+01
   5.3457422e-01   2.7600007e+02   2.3657700e+01
   5.3457422e-01   2.8200009e+02   2.3625400e+01
   5.3457422e-01   2.8800010e+02   2.3758200e+01
   5.3457422e-01   2.9400011e+02   2.4129300e+01
   5.3457422e-01   3.0000013e+02   2.4824000e+01
   5.3457422e-01   3.0600014e+02   2.5934900e+01
   5.3457422e-01   3.1200016e+02   2.7558500e+01
   5.3457422e-01   3.1800017e+02   2.9789700e+01
   5.3457422e-01   3.2400018e+02   3.2717700e+01
   5.3457422e-01   3.3000020e+02   3.6420200e+01
   5.3457422e-01   3.3600021e+02   4.0959400e+01
   5.3457422e-01   3.4200023e+02   4.6376400e+01
   5.3457422e-01   3.4800024e+02   5.2687700e+01
   5.3457422e-01   3.5400025e+02   5.9880400e+01
   5.3457422e-01   3.6000027e+02   6.7910200e+01
   5.3631982e-01   1.7999985e+02   5.2804300e+01
   5.3631982e-01   1.8599986e+02   4.6716600e+01
   5.3631982e-01   1.9199988e+02   4.1510500e+01
   5.3631982e-01   1.9799989e+02   3.7156600e+01
   5.3631982e-01   2.0399990e+02   3.3599700e+01
   5.3631982e-01   2.0999992e+02   3.0764600e+01
   5.3631982e-01   2.1599993e+02   2.8561700e+01
   5.3631982e-01   2.2199995e+02   2.6892900e+01
   5.3631982e-01   2.2799996e+02   2.5657900e+01
   5.3631982e-01   2.3399997e+02   2.4759500e+01
   5.3631982e-01   2.3999999e+02   2.4108400e+01
   5.3631982e-01   2.4600000e+02   2.3628200e+01
   5.3631982e-01   2.5200002e+02   2.3258200e+01
   5.3631982e-01   2.5800003e+02   2.2956600e+01
   5.3631982e-01   2.6400004e+02   2.2702100e+01
   5.3631982e-01   2.7000006e+02   2.2494200e+01
   5.3631982e-01   2.7600007e+02   2.2353500e+01
   5.3631982e-01   2.8200009e+02   2.2320100e+01
   5.3631982e-01   2.8800010e+02   2.2452000e+01
   5.3631982e-01   2.9400011e+02   2.2822100e+01
   5.3631982e-01   3.0000013e+02   2.3515000e+01
   5.3631982e-01   3.0600014e+02   2.4623200e+01
   5.3631982e-01   3.1200016e+02   2.6242400e+01
   5.3631982e-01   3.1800017e+02   2.8467200e+01
   5.3631982e-01   3.2400018e+02   3.1386000e+01
   5.3631982e-01   3.3000020e+02   3.5076500e+01
   5.3631982e-01   3.3600021e+02   3.9600100e+01
   5.3631982e-01   3.4200023e+02   4.4997800e+01
   5.3631982e-01   3.4800024e+02   5.1285800e+01
   5.3631982e-01   3.5400025e+02   5.8451300e+01
   5.3631982e-01   3.6000027e+02   6.6449900e+01
   5.3806497e-01   1.7999985e+02   5.1430600e+01
   5.3806497e-01   1.8599986e+02   4.5364700e+01
   5.3806497e-01   1.9199988e+02   4.0175800e+01
   5.3806497e-01   1.9799989e+02   3.5834500e+01
   5.3806497e-01   2.0399990e+02   3.2286300e+01
   5.3806497e-01   2.0999992e+02   2.9456400e+01
   5.3806497e-01   2.1599993e+02   2.7255700e+01
   5.3806497e-01   2.2199995e+02   2.5586700e+01
   5.3806497e-01   2.2799996e+02   2.4349800e+01
   5.3806497e-01   2.3399997e+02   2.3448200e+01
   5.3806497e-01   2.3999999e+02   2.2793200e+01
   5.3806497e-01   2.4600000e+02   2.2308900e+01
   5.3806497e-01   2.5200002e+02   2.1935000e+01
   5.3806497e-01   2.5800003e+02   2.1630000e+01
   5.3806497e-01   2.6400004e+02   2.1372600e+01
   5.3806497e-01   2.7000006e+02   2.1162500e+01
   5.3806497e-01   2.7600007e+02   2.1020200e+01
   5.3806497e-01   2.8200009e+02   2.0985700e+01
   5.3806497e-01   2.8800010e+02   2.1116600e+01
   5.3806497e-01   2.9400011e+02   2.1485500e+01
   5.3806497e-01   3.0000013e+02   2.2176700e+01
   5.3806497e-01   3.0600014e+02   2.3282100e+01
   5.3806497e-01   3.1200016e+02   2.4896800e+01
   5.3806497e-01   3.1800017e+02   2.7115100e+01
   5.3806497e-01   3.2400018e+02   3.0024900e+01
   5.3806497e-01   3.3000020e+02   3.3703300e+01
   5.3806497e-01   3.3600021e+02   3.8211300e+01
   5.3806497e-01   3.4200023e+02   4.3589800e+01
   5.3806497e-01   3.4800024e+02   4.9854600e+01
   5.3806497e-01   3.5400025e+02   5.6992900e+01
   5.3806497e-01   3.6000027e+02   6.4960500e+01
   5.3980966e-01   1.7999985e+02   5.0035800e+01
   5.3980966e-01   1.8599986e+02   4.3991600e+01
   5.3980966e-01   1.9199988e+02   3.8819600e+01
   5.3980966e-01   1.9799989e+02   3.4491000e+01
   5.3980966e-01   2.0399990e+02   3.0951500e+01
   5.3980966e-01   2.0999992e+02   2.8126600e+01
   5.3980966e-01   2.1599993e+02   2.5928000e+01
   5.3980966e-01   2.2199995e+02   2.4258800e+01
   5.3980966e-01   2.2799996e+02   2.3019800e+01
   5.3980966e-01   2.3399997e+02   2.2114900e+01
   5.3980966e-01   2.3999999e+02   2.1456000e+01
   5.3980966e-01   2.4600000e+02   2.0967600e+01
   5.3980966e-01   2.5200002e+02   2.0589700e+01
   5.3980966e-01   2.5800003e+02   2.0281100e+01
   5.3980966e-01   2.6400004e+02   2.0020800e+01
   5.3980966e-01   2.7000006e+02   1.9808500e+01
   5.3980966e-01   2.7600007e+02   1.9664500e+01
   5.3980966e-01   2.8200009e+02   1.9628700e+01
   5.3980966e-01   2.8800010e+02   1.9758600e+01
   5.3980966e-01   2.9400011e+02   2.0126300e+01
   5.3980966e-01   3.0000013e+02   2.0815700e+01
   5.3980966e-01   3.0600014e+02   2.1918200e+01
   5.3980966e-01   3.1200016e+02   2.3528500e+01
   5.3980966e-01   3.1800017e+02   2.5740300e+01
   5.3980966e-01   3.2400018e+02   2.8641000e+01
   5.3980966e-01   3.3000020e+02   3.2307300e+01
   5.3980966e-01   3.3600021e+02   3.6799800e+01
   5.3980966e-01   3.4200023e+02   4.2159100e+01
   5.3980966e-01   3.4800024e+02   4.8400700e+01
   5.3980966e-01   3.5400025e+02   5.5511900e+01
   5.3980966e-01   3.6000027e+02   6.3448500e+01
   5.4155385e-01   1.7999985e+02   4.8626700e+01
   5.4155385e-01   1.8599986e+02   4.2604100e+01
   5.4155385e-01   1.9199988e+02   3.7449100e+01
   5.4155385e-01   1.9799989e+02   3.3133000e+01
   5.4155385e-01   2.0399990e+02   2.9602000e+01
   5.4155385e-01   2.0999992e+02   2.6782200e+01
   5.4155385e-01   2.1599993e+02   2.4585600e+01
   5.4155385e-01   2.2199995e+02   2.2916000e+01
   5.4155385e-01   2.2799996e+02   2.1674900e+01
   5.4155385e-01   2.3399997e+02   2.0766700e+01
   5.4155385e-01   2.3999999e+02   2.0103800e+01
   5.4155385e-01   2.4600000e+02   1.9611100e+01
   5.4155385e-01   2.5200002e+02   1.9229200e+01
   5.4155385e-01   2.5800003e+02   1.8917000e+01
   5.4155385e-01   2.6400004e+02   1.8653700e+01
   5.4155385e-01   2.7000006e+02   1.8439000e+01
   5.4155385e-01   2.7600007e+02   1.8293300e+01
   5.4155385e-01   2.8200009e+02   1.8256200e+01
   5.4155385e-01   2.8800010e+02   1.8385000e+01
   5.4155385e-01   2.9400011e+02   1.8751400e+01
   5.4155385e-01   3.0000013e+02   1.9438900e+01
   5.4155385e-01   3.0600014e+02   2.0538500e+01
   5.4155385e-01   3.1200016e+02   2.2144300e+01
   5.4155385e-01   3.1800017e+02   2.4349600e+01
   5.4155385e-01   3.2400018e+02   2.7241200e+01
   5.4155385e-01   3.3000020e+02   3.0895300e+01
   5.4155385e-01   3.3600021e+02   3.5372400e+01
   5.4155385e-01   3.4200023e+02   4.0712400e+01
   5.4155385e-01   3.4800024e+02   4.6931000e+01
   5.4155385e-01   3.5400025e+02   5.4015200e+01
   5.4155385e-01   3.6000027e+02   6.1920800e+01
   5.4329754e-01   1.7999985e+02   4.7210500e+01
   5.4329754e-01   1.8599986e+02   4.1209400e+01
   5.4329754e-01   1.9199988e+02   3.6071300e+01
   5.4329754e-01   1.9799989e+02   3.1767700e+01
   5.4329754e-01   2.0399990e+02   2.8245100e+01
   5.4329754e-01   2.0999992e+02   2.5430300e+01
   5.4329754e-01   2.1599993e+02   2.3235600e+01
   5.4329754e-01   2.2199995e+02   2.1565700e+01
   5.4329754e-01   2.2799996e+02   2.0322400e+01
   5.4329754e-01   2.3399997e+02   1.9410800e+01
   5.4329754e-01   2.3999999e+02   1.8743800e+01
   5.4329754e-01   2.4600000e+02   1.8246800e+01
   5.4329754e-01   2.5200002e+02   1.7860700e+01
   5.4329754e-01   2.5800003e+02   1.7544800e+01
   5.4329754e-01   2.6400004e+02   1.7278400e+01
   5.4329754e-01   2.7000006e+02   1.7061300e+01
   5.4329754e-01   2.7600007e+02   1.6913800e+01
   5.4329754e-01   2.8200009e+02   1.6875400e+01
   5.4329754e-01   2.8800010e+02   1.7002900e+01
   5.4329754e-01   2.9400011e+02   1.7368000e+01
   5.4329754e-01   3.0000013e+02   1.8053600e+01
   5.4329754e-01   3.0600014e+02   1.9150200e+01
   5.4329754e-01   3.1200016e+02   2.0751600e+01
   5.4329754e-01   3.1800017e+02   2.2950200e+01
   5.4329754e-01   3.2400018e+02   2.5832700e+01
   5.4329754e-01   3.3000020e+02   2.9474700e+01
   5.4329754e-01   3.3600021e+02   3.3936300e+01
   5.4329754e-01   3.4200023e+02   3.9257200e+01
   5.4329754e-01   3.4800024e+02   4.5452700e+01
   5.4329754e-01   3.5400025e+02   5.2509900e+01
   5.4329754e-01   3.6000027e+02   6.0384700e+01
   5.4504070e-01   1.7999985e+02   4.5794700e+01
   5.4504070e-01   1.8599986e+02   3.9815000e+01
   5.4504070e-01   1.9199988e+02   3.4693700e+01
   5.4504070e-01   1.9799989e+02   3.0402500e+01
   5.4504070e-01   2.0399990e+02   2.6888300e+01
   5.4504070e-01   2.0999992e+02   2.4078300e+01
   5.4504070e-01   2.1599993e+02   2.1885600e+01
   5.4504070e-01   2.2199995e+02   2.0215200e+01
   5.4504070e-01   2.2799996e+02   1.8969600e+01
   5.4504070e-01   2.3399997e+02   1.8054600e+01
   5.4504070e-01   2.3999999e+02   1.7383500e+01
   5.4504070e-01   2.4600000e+02   1.6882100e+01
   5.4504070e-01   2.5200002e+02   1.6491800e+01
   5.4504070e-01   2.5800003e+02   1.6172100e+01
   5.4504070e-01   2.6400004e+02   1.5902600e+01
   5.4504070e-01   2.7000006e+02   1.5683000e+01
   5.4504070e-01   2.7600007e+02   1.5533500e+01
   5.4504070e-01   2.8200009e+02   1.5493700e+01
   5.4504070e-01   2.8800010e+02   1.5620000e+01
   5.4504070e-01   2.9400011e+02   1.5983700e+01
   5.4504070e-01   3.0000013e+02   1.6667300e+01
   5.4504070e-01   3.0600014e+02   1.7760800e+01
   5.4504070e-01   3.1200016e+02   1.9357600e+01
   5.4504070e-01   3.1800017e+02   2.1549700e+01
   5.4504070e-01   3.2400018e+02   2.4423100e+01
   5.4504070e-01   3.3000020e+02   2.8053000e+01
   5.4504070e-01   3.3600021e+02   3.2499000e+01
   5.4504070e-01   3.4200023e+02   3.7800700e+01
   5.4504070e-01   3.4800024e+02   4.3973200e+01
   5.4504070e-01   3.5400025e+02   5.1003500e+01
   5.4504070e-01   3.6000027e+02   5.8847600e+01
   5.4678330e-01   1.7999985e+02   4.4386800e+01
   5.4678330e-01   1.8599986e+02   3.8428500e+01
   5.4678330e-01   1.9199988e+02   3.3323900e+01
   5.4678330e-01   1.9799989e+02   2.9045000e+01
   5.4678330e-01   2.0399990e+02   2.5539200e+01
   5.4678330e-01   2.0999992e+02   2.2734100e+01
   5.4678330e-01   2.1599993e+02   2.0543200e+01
   5.4678330e-01   2.2199995e+02   1.8872300e+01
   5.4678330e-01   2.2799996e+02   1.7624400e+01
   5.4678330e-01   2.3399997e+02   1.6705800e+01
   5.4678330e-01   2.3999999e+02   1.6030500e+01
   5.4678330e-01   2.4600000e+02   1.5524700e+01
   5.4678330e-01   2.5200002e+02   1.5130100e+01
   5.4678330e-01   2.5800003e+02   1.4806700e+01
   5.4678330e-01   2.6400004e+02   1.4533800e+01
   5.4678330e-01   2.7000006e+02   1.4311700e+01
   5.4678330e-01   2.7600007e+02   1.4160300e+01
   5.4678330e-01   2.8200009e+02   1.4118900e+01
   5.4678330e-01   2.8800010e+02   1.4243900e+01
   5.4678330e-01   2.9400011e+02   1.4606100e+01
   5.4678330e-01   3.0000013e+02   1.5287700e+01
   5.4678330e-01   3.0600014e+02   1.6378200e+01
   5.4678330e-01   3.1200016e+02   1.7970300e+01
   5.4678330e-01   3.1800017e+02   2.0155700e+01
   5.4678330e-01   3.2400018e+02   2.3019900e+01
   5.4678330e-01   3.3000020e+02   2.6637700e+01
   5.4678330e-01   3.3600021e+02   3.1068300e+01
   5.4678330e-01   3.4200023e+02   3.6350800e+01
   5.4678330e-01   3.4800024e+02   4.2500300e+01
   5.4678330e-01   3.5400025e+02   4.9503700e+01
   5.4678330e-01   3.6000027e+02   5.7317100e+01
   5.4852534e-01   1.7999985e+02   4.2994700e+01
   5.4852534e-01   1.8599986e+02   3.7057800e+01
   5.4852534e-01   1.9199988e+02   3.1969900e+01
   5.4852534e-01   1.9799989e+02   2.7703300e+01
   5.4852534e-01   2.0399990e+02   2.4205800e+01
   5.4852534e-01   2.0999992e+02   2.1405400e+01
   5.4852534e-01   2.1599993e+02   1.9216400e+01
   5.4852534e-01   2.2199995e+02   1.7544900e+01
   5.4852534e-01   2.2799996e+02   1.6294700e+01
   5.4852534e-01   2.3399997e+02   1.5372500e+01
   5.4852534e-01   2.3999999e+02   1.4692900e+01
   5.4852534e-01   2.4600000e+02   1.4182600e+01
   5.4852534e-01   2.5200002e+02   1.3783700e+01
   5.4852534e-01   2.5800003e+02   1.3456400e+01
   5.4852534e-01   2.6400004e+02   1.3180200e+01
   5.4852534e-01   2.7000006e+02   1.2955400e+01
   5.4852534e-01   2.7600007e+02   1.2802000e+01
   5.4852534e-01   2.8200009e+02   1.2759100e+01
   5.4852534e-01   2.8800010e+02   1.2882700e+01
   5.4852534e-01   2.9400011e+02   1.3243300e+01
   5.4852534e-01   3.0000013e+02   1.3922800e+01
   5.4852534e-01   3.0600014e+02   1.5010100e+01
   5.4852534e-01   3.1200016e+02   1.6597600e+01
   5.4852534e-01   3.1800017e+02   1.8776300e+01
   5.4852534e-01   3.2400018e+02   2.1631300e+01
   5.4852534e-01   3.3000020e+02   2.5236900e+01
   5.4852534e-01   3.3600021e+02   2.9652000e+01
   5.4852534e-01   3.4200023e+02   3.4915400e+01
   5.4852534e-01   3.4800024e+02   4.1041900e+01
   5.4852534e-01   3.5400025e+02   4.8018500e+01
   5.4852534e-01   3.6000027e+02   5.5801100e+01
   5.5026677e-01   1.7999985e+02   4.1626600e+01
   5.5026677e-01   1.8599986e+02   3.5711000e+01
   5.5026677e-01   1.9199988e+02   3.0639700e+01
   5.5026677e-01   1.9799989e+02   2.6385400e+01
   5.5026677e-01   2.0399990e+02   2.2896100e+01
   5.5026677e-01   2.0999992e+02   2.0100500e+01
   5.5026677e-01   2.1599993e+02   1.7913200e+01
   5.5026677e-01   2.2199995e+02   1.6241100e+01
   5.5026677e-01   2.2799996e+02   1.4988500e+01
   5.5026677e-01   2.3399997e+02   1.4062700e+01
   5.5026677e-01   2.3999999e+02   1.3378800e+01
   5.5026677e-01   2.4600000e+02   1.2864000e+01
   5.5026677e-01   2.5200002e+02   1.2460700e+01
   5.5026677e-01   2.5800003e+02   1.2129400e+01
   5.5026677e-01   2.6400004e+02   1.1849900e+01
   5.5026677e-01   2.7000006e+02   1.1622400e+01
   5.5026677e-01   2.7600007e+02   1.1466900e+01
   5.5026677e-01   2.8200009e+02   1.1422300e+01
   5.5026677e-01   2.8800010e+02   1.1544400e+01
   5.5026677e-01   2.9400011e+02   1.1903500e+01
   5.5026677e-01   3.0000013e+02   1.2580700e+01
   5.5026677e-01   3.0600014e+02   1.3664900e+01
   5.5026677e-01   3.1200016e+02   1.5247600e+01
   5.5026677e-01   3.1800017e+02   1.7419600e+01
   5.5026677e-01   3.2400018e+02   2.0265400e+01
   5.5026677e-01   3.3000020e+02   2.3858800e+01
   5.5026677e-01   3.3600021e+02   2.8258300e+01
   5.5026677e-01   3.4200023e+02   3.3502600e+01
   5.5026677e-01   3.4800024e+02   3.9606100e+01
   5.5026677e-01   3.5400025e+02   4.6555800e+01
   5.5026677e-01   3.6000027e+02   5.4307900e+01
   5.5200760e-01   1.7999985e+02   4.0290800e+01
   5.5200760e-01   1.8599986e+02   3.4396300e+01
   5.5200760e-01   1.9199988e+02   2.9341600e+01
   5.5200760e-01   1.9799989e+02   2.5099600e+01
   5.5200760e-01   2.0399990e+02   2.1618500e+01
   5.5200760e-01   2.0999992e+02   1.8827600e+01
   5.5200760e-01   2.1599993e+02   1.6642100e+01
   5.5200760e-01   2.2199995e+02   1.4969300e+01
   5.5200760e-01   2.2799996e+02   1.3714300e+01
   5.5200760e-01   2.3399997e+02   1.2784800e+01
   5.5200760e-01   2.3999999e+02   1.2096600e+01
   5.5200760e-01   2.4600000e+02   1.1577200e+01
   5.5200760e-01   2.5200002e+02   1.1169500e+01
   5.5200760e-01   2.5800003e+02   1.0834100e+01
   5.5200760e-01   2.6400004e+02   1.0551200e+01
   5.5200760e-01   2.7000006e+02   1.0320900e+01
   5.5200760e-01   2.7600007e+02   1.0163200e+01
   5.5200760e-01   2.8200009e+02   1.0116900e+01
   5.5200760e-01   2.8800010e+02   1.0237500e+01
   5.5200760e-01   2.9400011e+02   1.0594900e+01
   5.5200760e-01   3.0000013e+02   1.1269900e+01
   5.5200760e-01   3.0600014e+02   1.2350800e+01
   5.5200760e-01   3.1200016e+02   1.3928800e+01
   5.5200760e-01   3.1800017e+02   1.6094000e+01
   5.5200760e-01   3.2400018e+02   1.8930400e+01
   5.5200760e-01   3.3000020e+02   2.2511600e+01
   5.5200760e-01   3.3600021e+02   2.6895600e+01
   5.5200760e-01   3.4200023e+02   3.2120700e+01
   5.5200760e-01   3.4800024e+02   3.8201300e+01
   5.5200760e-01   3.5400025e+02   4.5124100e+01
   5.5200760e-01   3.6000027e+02   5.2845600e+01
   5.5374778e-01   1.7999985e+02   3.8995500e+01
   5.5374778e-01   1.8599986e+02   3.3122300e+01
   5.5374778e-01   1.9199988e+02   2.8084200e+01
   5.5374778e-01   1.9799989e+02   2.3854300e+01
   5.5374778e-01   2.0399990e+02   2.0381500e+01
   5.5374778e-01   2.0999992e+02   1.7595200e+01
   5.5374778e-01   2.1599993e+02   1.5411400e+01
   5.5374778e-01   2.2199995e+02   1.3738000e+01
   5.5374778e-01   2.2799996e+02   1.2480400e+01
   5.5374778e-01   2.3399997e+02   1.1547300e+01
   5.5374778e-01   2.3999999e+02   1.0854700e+01
   5.5374778e-01   2.4600000e+02   1.0330600e+01
   5.5374778e-01   2.5200002e+02   9.9184300e+00
   5.5374778e-01   2.5800003e+02   9.5790000e+00
   5.5374778e-01   2.6400004e+02   9.2926100e+00
   5.5374778e-01   2.7000006e+02   9.0594900e+00
   5.5374778e-01   2.7600007e+02   8.8995800e+00
   5.5374778e-01   2.8200009e+02   8.8514600e+00
   5.5374778e-01   2.8800010e+02   8.9704500e+00
   5.5374778e-01   2.9400011e+02   9.3260800e+00
   5.5374778e-01   3.0000013e+02   9.9987900e+00
   5.5374778e-01   3.0600014e+02   1.1076300e+01
   5.5374778e-01   3.1200016e+02   1.2649500e+01
   5.5374778e-01   3.1800017e+02   1.4807800e+01
   5.5374778e-01   3.2400018e+02   1.7635000e+01
   5.5374778e-01   3.3000020e+02   2.1203900e+01
   5.5374778e-01   3.3600021e+02   2.5572300e+01
   5.5374778e-01   3.4200023e+02   3.0778200e+01
   5.5374778e-01   3.4800024e+02   3.6835800e+01
   5.5374778e-01   3.5400025e+02   4.3731900e+01
   5.5374778e-01   3.6000027e+02   5.1422800e+01
   5.5548731e-01   1.7999985e+02   3.7749500e+01
   5.5548731e-01   1.8599986e+02   3.1897400e+01
   5.5548731e-01   1.9199988e+02   2.6875800e+01
   5.5548731e-01   1.9799989e+02   2.2658100e+01
   5.5548731e-01   2.0399990e+02   1.9193500e+01
   5.5548731e-01   2.0999992e+02   1.6411900e+01
   5.5548731e-01   2.1599993e+02   1.4229800e+01
   5.5548731e-01   2.2199995e+02   1.2555700e+01
   5.5548731e-01   2.2799996e+02   1.1295600e+01
   5.5548731e-01   2.3399997e+02   1.0358800e+01
   5.5548731e-01   2.3999999e+02   9.6617200e+00
   5.5548731e-01   2.4600000e+02   9.1330200e+00
   5.5548731e-01   2.5200002e+02   8.7162700e+00
   5.5548731e-01   2.5800003e+02   8.3727200e+00
   5.5548731e-01   2.6400004e+02   8.0827900e+00
   5.5548731e-01   2.7000006e+02   7.8467800e+00
   5.5548731e-01   2.7600007e+02   7.6845700e+00
   5.5548731e-01   2.8200009e+02   7.6345900e+00
   5.5548731e-01   2.8800010e+02   7.7519200e+00
   5.5548731e-01   2.9400011e+02   8.1057200e+00
   5.5548731e-01   3.0000013e+02   8.7760500e+00
   5.5548731e-01   3.0600014e+02   9.8501700e+00
   5.5548731e-01   3.1200016e+02   1.1418400e+01
   5.5548731e-01   3.1800017e+02   1.3569900e+01
   5.5548731e-01   3.2400018e+02   1.6387700e+01
   5.5548731e-01   3.3000020e+02   1.9944300e+01
   5.5548731e-01   3.3600021e+02   2.4297100e+01
   5.5548731e-01   3.4200023e+02   2.9483800e+01
   5.5548731e-01   3.4800024e+02   3.5518400e+01
   5.5548731e-01   3.5400025e+02   4.2387700e+01
   5.5548731e-01   3.6000027e+02   5.0048000e+01
   5.5722616e-01   1.7999985e+02   3.6561300e+01
   5.5722616e-01   1.8599986e+02   3.0730400e+01
   5.5722616e-01   1.9199988e+02   2.5725400e+01
   5.5722616e-01   1.9799989e+02   2.1519800e+01
   5.5722616e-01   2.0399990e+02   1.8063300e+01
   5.5722616e-01   2.0999992e+02   1.5286400e+01
   5.5722616e-01   2.1599993e+02   1.3105900e+01
   5.5722616e-01   2.2199995e+02   1.1431100e+01
   5.5722616e-01   2.2799996e+02   1.0168600e+01
   5.5722616e-01   2.3399997e+02   9.2279600e+00
   5.5722616e-01   2.3999999e+02   8.5264600e+00
   5.5722616e-01   2.4600000e+02   7.9930500e+00
   5.5722616e-01   2.5200002e+02   7.5717300e+00
   5.5722616e-01   2.5800003e+02   7.2240100e+00
   5.5722616e-01   2.6400004e+02   6.9305000e+00
   5.5722616e-01   2.7000006e+02   6.6915300e+00
   5.5722616e-01   2.7600007e+02   6.5269600e+00
   5.5722616e-01   2.8200009e+02   6.4750600e+00
   5.5722616e-01   2.8800010e+02   6.5906500e+00
   5.5722616e-01   2.9400011e+02   6.9425600e+00
   5.5722616e-01   3.0000013e+02   7.6104400e+00
   5.5722616e-01   3.0600014e+02   8.6811000e+00
   5.5722616e-01   3.1200016e+02   1.0244400e+01
   5.5722616e-01   3.1800017e+02   1.2388900e+01
   5.5722616e-01   3.2400018e+02   1.5197200e+01
   5.5722616e-01   3.3000020e+02   1.8741500e+01
   5.5722616e-01   3.3600021e+02   2.3078600e+01
   5.5722616e-01   3.4200023e+02   2.8246100e+01
   5.5722616e-01   3.4800024e+02   3.4257800e+01
   5.5722616e-01   3.5400025e+02   4.1100200e+01
   5.5722616e-01   3.6000027e+02   4.8730000e+01
   5.5896430e-01   1.7999985e+02   3.5439700e+01
   5.5896430e-01   1.8599986e+02   2.9630000e+01
   5.5896430e-01   1.9199988e+02   2.4641500e+01
   5.5896430e-01   1.9799989e+02   2.0448100e+01
   5.5896430e-01   2.0399990e+02   1.6999800e+01
   5.5896430e-01   2.0999992e+02   1.4227500e+01
   5.5896430e-01   2.1599993e+02   1.2048700e+01
   5.5896430e-01   2.2199995e+02   1.0373200e+01
   5.5896430e-01   2.2799996e+02   9.1080900e+00
   5.5896430e-01   2.3399997e+02   8.1637000e+00
   5.5896430e-01   2.3999999e+02   7.4577300e+00
   5.5896430e-01   2.4600000e+02   6.9195800e+00
   5.5896430e-01   2.5200002e+02   6.4936500e+00
   5.5896430e-01   2.5800003e+02   6.1417200e+00
   5.5896430e-01   2.6400004e+02   5.8445700e+00
   5.5896430e-01   2.7000006e+02   5.6026000e+00
   5.5896430e-01   2.7600007e+02   5.4356100e+00
   5.5896430e-01   2.8200009e+02   5.3817200e+00
   5.5896430e-01   2.8800010e+02   5.4955000e+00
   5.5896430e-01   2.9400011e+02   5.8454500e+00
   5.5896430e-01   3.0000013e+02   6.5108100e+00
   5.5896430e-01   3.0600014e+02   7.5779400e+00
   5.5896430e-01   3.1200016e+02   9.1362200e+00
   5.5896430e-01   3.1800017e+02   1.1273700e+01
   5.5896430e-01   3.2400018e+02   1.4072500e+01
   5.5896430e-01   3.3000020e+02   1.7604400e+01
   5.5896430e-01   3.3600021e+02   2.1925900e+01
   5.5896430e-01   3.4200023e+02   2.7074100e+01
   5.5896430e-01   3.4800024e+02   3.3062700e+01
   5.5896430e-01   3.5400025e+02   3.9878300e+01
   5.5896430e-01   3.6000027e+02   4.7477500e+01
   5.6070173e-01   1.7999985e+02   3.4393600e+01
   5.6070173e-01   1.8599986e+02   2.8605100e+01
   5.6070173e-01   1.9199988e+02   2.3633100e+01
   5.6070173e-01   1.9799989e+02   1.9451800e+01
   5.6070173e-01   2.0399990e+02   1.6011700e+01
   5.6070173e-01   2.0999992e+02   1.3244000e+01
   5.6070173e-01   2.1599993e+02   1.1066900e+01
   5.6070173e-01   2.2199995e+02   9.3906600e+00
   5.6070173e-01   2.2799996e+02   8.1230600e+00
   5.6070173e-01   2.3399997e+02   7.1748900e+00
   5.6070173e-01   2.3999999e+02   6.4644200e+00
   5.6070173e-01   2.4600000e+02   5.9215200e+00
   5.6070173e-01   2.5200002e+02   5.4909400e+00
   5.6070173e-01   2.5800003e+02   5.1347600e+00
   5.6070173e-01   2.6400004e+02   4.8339200e+00
   5.6070173e-01   2.7000006e+02   4.5889000e+00
   5.6070173e-01   2.7600007e+02   4.4194300e+00
   5.6070173e-01   2.8200009e+02   4.3634900e+00
   5.6070173e-01   2.8800010e+02   4.4754000e+00
   5.6070173e-01   2.9400011e+02   4.8233200e+00
   5.6070173e-01   3.0000013e+02   5.4861000e+00
   5.6070173e-01   3.0600014e+02   6.5496300e+00
   5.6070173e-01   3.1200016e+02   8.1028100e+00
   5.6070173e-01   3.1800017e+02   1.0233200e+01
   5.6070173e-01   3.2400018e+02   1.3022500e+01
   5.6070173e-01   3.3000020e+02   1.6541900e+01
   5.6070173e-01   3.3600021e+02   2.0847600e+01
   5.6070173e-01   3.4200023e+02   2.5976600e+01
   5.6070173e-01   3.4800024e+02   3.1942100e+01
   5.6070173e-01   3.5400025e+02   3.8730900e+01
   5.6070173e-01   3.6000027e+02   4.6299600e+01
   5.6243841e-01   1.7999985e+02   3.3431900e+01
   5.6243841e-01   1.8599986e+02   2.7664500e+01
   5.6243841e-01   1.9199988e+02   2.2709100e+01
   5.6243841e-01   1.9799989e+02   1.8540000e+01
   5.6243841e-01   2.0399990e+02   1.5108000e+01
   5.6243841e-01   2.0999992e+02   1.2345000e+01
   5.6243841e-01   2.1599993e+02   1.0169600e+01
   5.6243841e-01   2.2199995e+02   8.4925700e+00
   5.6243841e-01   2.2799996e+02   7.2224400e+00
   5.6243841e-01   2.3399997e+02   6.2704800e+00
   5.6243841e-01   2.3999999e+02   5.5554900e+00
   5.6243841e-01   2.4600000e+02   5.0078100e+00
   5.6243841e-01   2.5200002e+02   4.5725600e+00
   5.6243841e-01   2.5800003e+02   4.2121000e+00
   5.6243841e-01   2.6400004e+02   3.9075400e+00
   5.6243841e-01   2.7000006e+02   3.6594100e+00
   5.6243841e-01   2.7600007e+02   3.4874100e+00
   5.6243841e-01   2.8200009e+02   3.4293600e+00
   5.6243841e-01   2.8800010e+02   3.5393400e+00
   5.6243841e-01   2.9400011e+02   3.8851600e+00
   5.6243841e-01   3.0000013e+02   4.5452800e+00
   5.6243841e-01   3.0600014e+02   5.6051400e+00
   5.6243841e-01   3.1200016e+02   7.1531500e+00
   5.6243841e-01   3.1800017e+02   9.2763800e+00
   5.6243841e-01   3.2400018e+02   1.2056000e+01
   5.6243841e-01   3.3000020e+02   1.5562900e+01
   5.6243841e-01   3.3600021e+02   1.9852900e+01
   5.6243841e-01   3.4200023e+02   2.4962500e+01
   5.6243841e-01   3.4800024e+02   3.0905000e+01
   5.6243841e-01   3.5400025e+02   3.7666900e+01
   5.6243841e-01   3.6000027e+02   4.5205000e+01
   5.6417432e-01   1.7999985e+02   3.2563500e+01
   5.6417432e-01   1.8599986e+02   2.6817300e+01
   5.6417432e-01   1.9199988e+02   2.1878400e+01
   5.6417432e-01   1.9799989e+02   1.7721500e+01
   5.6417432e-01   2.0399990e+02   1.4297700e+01
   5.6417432e-01   2.0999992e+02   1.1539300e+01
   5.6417432e-01   2.1599993e+02   9.3656000e+00
   5.6417432e-01   2.2199995e+02   7.6878700e+00
   5.6417432e-01   2.2799996e+02   6.4152000e+00
   5.6417432e-01   2.3399997e+02   5.4594500e+00
   5.6417432e-01   2.3999999e+02   4.7399400e+00
   5.6417432e-01   2.4600000e+02   4.1874600e+00
   5.6417432e-01   2.5200002e+02   3.7475200e+00
   5.6417432e-01   2.5800003e+02   3.3827400e+00
   5.6417432e-01   2.6400004e+02   3.0744100e+00
   5.6417432e-01   2.7000006e+02   2.8231300e+00
   5.6417432e-01   2.7600007e+02   2.6485500e+00
   5.6417432e-01   2.8200009e+02   2.5883300e+00
   5.6417432e-01   2.8800010e+02   2.6963100e+00
   5.6417432e-01   2.9400011e+02   3.0399700e+00
   5.6417432e-01   3.0000013e+02   3.6973600e+00
   5.6417432e-01   3.0600014e+02   4.7534700e+00
   5.6417432e-01   3.1200016e+02   6.2962400e+00
   5.6417432e-01   3.1800017e+02   8.4122500e+00
   5.6417432e-01   3.2400018e+02   1.1182200e+01
   5.6417432e-01   3.3000020e+02   1.4676600e+01
   5.6417432e-01   3.3600021e+02   1.8950700e+01
   5.6417432e-01   3.4200023e+02   2.4040900e+01
   5.6417432e-01   3.4800024e+02   2.9960300e+01
   5.6417432e-01   3.5400025e+02   3.6695300e+01
   5.6417432e-01   3.6000027e+02   4.4202800e+01
   5.6590945e-01   1.7999985e+02   3.1797300e+01
   5.6590945e-01   1.8599986e+02   2.6072300e+01
   5.6590945e-01   1.9199988e+02   2.1149900e+01
   5.6590945e-01   1.9799989e+02   1.7005300e+01
   5.6590945e-01   2.0399990e+02   1.3589600e+01
   5.6590945e-01   2.0999992e+02   1.0836000e+01
   5.6590945e-01   2.1599993e+02   8.6639600e+00
   5.6590945e-01   2.2199995e+02   6.9855300e+00
   5.6590945e-01   2.2799996e+02   5.7103200e+00
   5.6590945e-01   2.3399997e+02   4.7507800e+00
   5.6590945e-01   2.3999999e+02   4.0267500e+00
   5.6590945e-01   2.4600000e+02   3.4694700e+00
   5.6590945e-01   2.5200002e+02   3.0248100e+00
   5.6590945e-01   2.5800003e+02   2.6556900e+00
   5.6590945e-01   2.6400004e+02   2.3435600e+00
   5.6590945e-01   2.7000006e+02   2.0890800e+00
   5.6590945e-01   2.7600007e+02   1.9118700e+00
   5.6590945e-01   2.8200009e+02   1.8494300e+00
   5.6590945e-01   2.8800010e+02   1.9553400e+00
   5.6590945e-01   2.9400011e+02   2.2967700e+00
   5.6590945e-01   3.0000013e+02   2.9513600e+00
   5.6590945e-01   3.0600014e+02   4.0036600e+00
   5.6590945e-01   3.1200016e+02   5.5411200e+00
   5.6590945e-01   3.1800017e+02   7.6498400e+00
   5.6590945e-01   3.2400018e+02   1.0410100e+01
   5.6590945e-01   3.3000020e+02   1.3891800e+01
   5.6590945e-01   3.3600021e+02   1.8150000e+01
   5.6590945e-01   3.4200023e+02   2.3220800e+01
   5.6590945e-01   3.4800024e+02   2.9117000e+01
   5.6590945e-01   3.5400025e+02   3.5825100e+01
   5.6590945e-01   3.6000027e+02   4.3302000e+01
   5.6764377e-01   1.7999985e+02   3.1142300e+01
   5.6764377e-01   1.8599986e+02   2.5438500e+01
   5.6764377e-01   1.9199988e+02   2.0532800e+01
   5.6764377e-01   1.9799989e+02   1.6400300e+01
   5.6764377e-01   2.0399990e+02   1.2992900e+01
   5.6764377e-01   2.0999992e+02   1.0243900e+01
   5.6764377e-01   2.1599993e+02   8.0736500e+00
   5.6764377e-01   2.2199995e+02   6.3945200e+00
   5.6764377e-01   2.2799996e+02   5.1168000e+00
   5.6764377e-01   2.3399997e+02   4.1534800e+00
   5.6764377e-01   2.3999999e+02   3.4249300e+00
   5.6764377e-01   2.4600000e+02   2.8628300e+00
   5.6764377e-01   2.5200002e+02   2.4134400e+00
   5.6764377e-01   2.5800003e+02   2.0399500e+00
   5.6764377e-01   2.6400004e+02   1.7239900e+00
   5.6764377e-01   2.7000006e+02   1.4662800e+00
   5.6764377e-01   2.7600007e+02   1.2863900e+00
   5.6764377e-01   2.8200009e+02   1.2216600e+00
   5.6764377e-01   2.8800010e+02   1.3254500e+00
   5.6764377e-01   2.9400011e+02   1.6645800e+00
   5.6764377e-01   3.0000013e+02   2.3163100e+00
   5.6764377e-01   3.0600014e+02   3.3647200e+00
   5.6764377e-01   3.1200016e+02   4.8968000e+00
   5.6764377e-01   3.1800017e+02   6.9981500e+00
   5.6764377e-01   3.2400018e+02   9.7485700e+00
   5.6764377e-01   3.3000020e+02   1.3217600e+01
   5.6764377e-01   3.3600021e+02   1.7459800e+01
   5.6764377e-01   3.4200023e+02   2.2511100e+01
   5.6764377e-01   3.4800024e+02   2.8384100e+01
   5.6764377e-01   3.5400025e+02   3.5065200e+01
   5.6764377e-01   3.6000027e+02   4.2511600e+01
   5.6937727e-01   1.7999985e+02   3.0607400e+01
   5.6937727e-01   1.8599986e+02   2.4924800e+01
   5.6937727e-01   1.9199988e+02   2.0035700e+01
   5.6937727e-01   1.9799989e+02   1.5915500e+01
   5.6937727e-01   2.0399990e+02   1.2516400e+01
   5.6937727e-01   2.0999992e+02   9.7721500e+00
   5.6937727e-01   2.1599993e+02   7.6036000e+00
   5.6937727e-01   2.2199995e+02   5.9238100e+00
   5.6937727e-01   2.2799996e+02   4.6435900e+00
   5.6937727e-01   2.3399997e+02   3.6765000e+00
   5.6937727e-01   2.3999999e+02   2.9434200e+00
   5.6937727e-01   2.4600000e+02   2.3765100e+00
   5.6937727e-01   2.5200002e+02   1.9223800e+00
   5.6937727e-01   2.5800003e+02   1.5445000e+00
   5.6937727e-01   2.6400004e+02   1.2246800e+00
   5.6937727e-01   2.7000006e+02   9.6370000e-01
   5.6937727e-01   2.7600007e+02   7.8107800e-01
   5.6937727e-01   2.8200009e+02   7.1402300e-01
   5.6937727e-01   2.8800010e+02   8.1562800e-01
   5.6937727e-01   2.9400011e+02   1.1524000e+00
   5.6937727e-01   3.0000013e+02   1.8011900e+00
   5.6937727e-01   3.0600014e+02   2.8456400e+00
   5.6937727e-01   3.1200016e+02   4.3722600e+00
   5.6937727e-01   3.1800017e+02   6.4661700e+00
   5.6937727e-01   3.2400018e+02   9.2067000e+00
   5.6937727e-01   3.3000020e+02   1.2662900e+01
   5.6937727e-01   3.3600021e+02   1.6889200e+01
   5.6937727e-01   3.4200023e+02   2.1920900e+01
   5.6937727e-01   3.4800024e+02   2.7770700e+01
   5.6937727e-01   3.5400025e+02   3.4424800e+01
   5.6937727e-01   3.6000027e+02   4.1840400e+01
   5.7110991e-01   1.7999985e+02   3.0201500e+01
   5.7110991e-01   1.8599986e+02   2.4540200e+01
   5.7110991e-01   1.9199988e+02   1.9667700e+01
   5.7110991e-01   1.9799989e+02   1.5559800e+01
   5.7110991e-01   2.0399990e+02   1.2168900e+01
   5.7110991e-01   2.0999992e+02   9.4294900e+00
   5.7110991e-01   2.1599993e+02   7.2627200e+00
   5.7110991e-01   2.2199995e+02   5.5822900e+00
   5.7110991e-01   2.2799996e+02   4.2996000e+00
   5.7110991e-01   2.3399997e+02   3.3287500e+00
   5.7110991e-01   2.3999999e+02   2.5911600e+00
   5.7110991e-01   2.4600000e+02   2.0194400e+00
   5.7110991e-01   2.5200002e+02   1.5605600e+00
   5.7110991e-01   2.5800003e+02   1.1782800e+00
   5.7110991e-01   2.6400004e+02   8.5457300e-01
   5.7110991e-01   2.7000006e+02   5.9028500e-01
   5.7110991e-01   2.7600007e+02   4.0489300e-01
   5.7110991e-01   2.8200009e+02   3.3545500e-01
   5.7110991e-01   2.8800010e+02   4.3481900e-01
   5.7110991e-01   2.9400011e+02   7.6916300e-01
   5.7110991e-01   3.0000013e+02   1.4149400e+00
   5.7110991e-01   3.0600014e+02   2.4553700e+00
   5.7110991e-01   3.1200016e+02   3.9764500e+00
   5.7110991e-01   3.1800017e+02   6.0628500e+00
   5.7110991e-01   3.2400018e+02   8.7934200e+00
   5.7110991e-01   3.3000020e+02   1.2236800e+01
   5.7110991e-01   3.3600021e+02   1.6447000e+01
   5.7110991e-01   3.4200023e+02   2.1459100e+01
   5.7110991e-01   3.4800024e+02   2.7285600e+01
   5.7110991e-01   3.5400025e+02   3.3912600e+01
   5.7110991e-01   3.6000027e+02   4.1297600e+01
   5.7284168e-01   1.7999985e+02   2.9933300e+01
   5.7284168e-01   1.8599986e+02   2.4293300e+01
   5.7284168e-01   1.9199988e+02   1.9437500e+01
   5.7284168e-01   1.9799989e+02   1.5341900e+01
   5.7284168e-01   2.0399990e+02   1.1959400e+01
   5.7284168e-01   2.0999992e+02   9.2248000e+00
   5.7284168e-01   2.1599993e+02   7.0598500e+00
   5.7284168e-01   2.2199995e+02   5.3788100e+00
   5.7284168e-01   2.2799996e+02   4.0936700e+00
   5.7284168e-01   2.3399997e+02   3.1191000e+00
   5.7284168e-01   2.3999999e+02   2.3770100e+00
   5.7284168e-01   2.4600000e+02   1.8004700e+00
   5.7284168e-01   2.5200002e+02   1.3368500e+00
   5.7284168e-01   2.5800003e+02   9.5015300e-01
   5.7284168e-01   2.6400004e+02   6.2253800e-01
   5.7284168e-01   2.7000006e+02   3.5491500e-01
   5.7284168e-01   2.7600007e+02   1.6671200e-01
   5.7284168e-01   2.8200009e+02   9.4841100e-02
   5.7284168e-01   2.8800010e+02   1.9190800e-01
   5.7284168e-01   2.9400011e+02   5.2376300e-01
   5.7284168e-01   3.0000013e+02   1.1664700e+00
   5.7284168e-01   3.0600014e+02   2.2027900e+00
   5.7284168e-01   3.1200016e+02   3.7182700e+00
   5.7284168e-01   3.1800017e+02   5.7970800e+00
   5.7284168e-01   3.2400018e+02   8.5176100e+00
   5.7284168e-01   3.3000020e+02   1.1948100e+01
   5.7284168e-01   3.3600021e+02   1.6142100e+01
   5.7284168e-01   3.4200023e+02   2.1134500e+01
   5.7284168e-01   3.4800024e+02   2.6937700e+01
   5.7284168e-01   3.5400025e+02   3.3537600e+01
   5.7284168e-01   3.6000027e+02   4.0891900e+01
   5.7457256e-01   1.7999985e+02   2.9811600e+01
   5.7457256e-01   1.8599986e+02   2.4193000e+01
   5.7457256e-01   1.9199988e+02   1.9354000e+01
   5.7457256e-01   1.9799989e+02   1.5270700e+01
   5.7457256e-01   2.0399990e+02   1.1896600e+01
   5.7457256e-01   2.0999992e+02   9.1668400e+00
   5.7457256e-01   2.1599993e+02   7.0037500e+00
   5.7457256e-01   2.2199995e+02   5.3221500e+00
   5.7457256e-01   2.2799996e+02   4.0345900e+00
   5.7457256e-01   2.3399997e+02   3.0563100e+00
   5.7457256e-01   2.3999999e+02   2.3097500e+00
   5.7457256e-01   2.4600000e+02   1.7284100e+00
   5.7457256e-01   2.5200002e+02   1.2600400e+00
   5.7457256e-01   2.5800003e+02   8.6891900e-01
   5.7457256e-01   2.6400004e+02   5.3737800e-01
   5.7457256e-01   2.7000006e+02   2.6638900e-01
   5.7457256e-01   2.7600007e+02   7.5338800e-02
   5.7457256e-01   2.8200009e+02   9.8928700e-04
   5.7457256e-01   2.8800010e+02   9.5704300e-02
   5.7457256e-01   2.9400011e+02   4.2500900e-01
   5.7457256e-01   3.0000013e+02   1.0645700e+00
   5.7457256e-01   3.0600014e+02   2.0967200e+00
   5.7457256e-01   3.1200016e+02   3.6065200e+00
   5.7457256e-01   3.1800017e+02   5.6776600e+00
   5.7457256e-01   3.2400018e+02   8.3880700e+00
   5.7457256e-01   3.3000020e+02   1.1805500e+01
   5.7457256e-01   3.3600021e+02   1.5983300e+01
   5.7457256e-01   3.4200023e+02   2.0956100e+01
   5.7457256e-01   3.4800024e+02   2.6735800e+01
   5.7457256e-01   3.5400025e+02   3.3308600e+01
   5.7457256e-01   3.6000027e+02   4.0632000e+01
   5.7630253e-01   1.7999985e+02   2.9845100e+01
   5.7630253e-01   1.8599986e+02   2.4247900e+01
   5.7630253e-01   1.9199988e+02   1.9425700e+01
   5.7630253e-01   1.9799989e+02   1.5354800e+01
   5.7630253e-01   2.0399990e+02   1.1989200e+01
   5.7630253e-01   2.0999992e+02   9.2642900e+00
   5.7630253e-01   2.1599993e+02   7.1031000e+00
   5.7630253e-01   2.2199995e+02   5.4209800e+00
   5.7630253e-01   2.2799996e+02   4.1310400e+00
   5.7630253e-01   2.3399997e+02   3.1490900e+00
   5.7630253e-01   2.3999999e+02   2.3980700e+00
   5.7630253e-01   2.4600000e+02   1.8119500e+00
   5.7630253e-01   2.5200002e+02   1.3388300e+00
   5.7630253e-01   2.5800003e+02   9.4327900e-01
   5.7630253e-01   2.6400004e+02   6.0779700e-01
   5.7630253e-01   2.7000006e+02   3.3341900e-01
   5.7630253e-01   2.7600007e+02   1.3948500e-01
   5.7630253e-01   2.8200009e+02   6.2612700e-02
   5.7630253e-01   2.8800010e+02   1.5492300e-01
   5.7630253e-01   2.9400011e+02   4.8161700e-01
   5.7630253e-01   3.0000013e+02   1.1179700e+00
   5.7630253e-01   3.0600014e+02   2.1458700e+00
   5.7630253e-01   3.1200016e+02   3.6499100e+00
   5.7630253e-01   3.1800017e+02   5.7133100e+00
   5.7630253e-01   3.2400018e+02   8.4135400e+00
   5.7630253e-01   3.3000020e+02   1.1817900e+01
   5.7630253e-01   3.3600021e+02   1.5979500e+01
   5.7630253e-01   3.4200023e+02   2.0932400e+01
   5.7630253e-01   3.4800024e+02   2.6688600e+01
   5.7630253e-01   3.5400025e+02   3.3234200e+01
   5.7630253e-01   3.6000027e+02   4.0526800e+01
   5.7803156e-01   1.7999985e+02   3.0042300e+01
   5.7803156e-01   1.8599986e+02   2.4466500e+01
   5.7803156e-01   1.9199988e+02   1.9661100e+01
   5.7803156e-01   1.9799989e+02   1.5602800e+01
   5.7803156e-01   2.0399990e+02   1.2245600e+01
   5.7803156e-01   2.0999992e+02   9.5257000e+00
   5.7803156e-01   2.1599993e+02   7.3664600e+00
   5.7803156e-01   2.2199995e+02   5.6838600e+00
   5.7803156e-01   2.2799996e+02   4.3915900e+00
   5.7803156e-01   2.3399997e+02   3.4060000e+00
   5.7803156e-01   2.3999999e+02   2.6505500e+00
   5.7803156e-01   2.4600000e+02   2.0596600e+00
   5.7803156e-01   2.5200002e+02   1.5818100e+00
   5.7803156e-01   2.5800003e+02   1.1818300e+00
   5.7803156e-01   2.6400004e+02   8.4239400e-01
   5.7803156e-01   2.7000006e+02   5.6460300e-01
   5.7803156e-01   2.7600007e+02   3.6775400e-01
   5.7803156e-01   2.8200009e+02   2.8831700e-01
   5.7803156e-01   2.8800010e+02   3.7817100e-01
   5.7803156e-01   2.9400011e+02   7.0219500e-01
   5.7803156e-01   3.0000013e+02   1.3352800e+00
   5.7803156e-01   3.0600014e+02   2.3588500e+00
   5.7803156e-01   3.1200016e+02   3.8570700e+00
   5.7803156e-01   3.1800017e+02   5.9126500e+00
   5.7803156e-01   3.2400018e+02   8.6026000e+00
   5.7803156e-01   3.3000020e+02   1.1993900e+01
   5.7803156e-01   3.3600021e+02   1.6139000e+01
   5.7803156e-01   3.4200023e+02   2.1072000e+01
   5.7803156e-01   3.4800024e+02   2.6804700e+01
   5.7803156e-01   3.5400025e+02   3.3323000e+01
   5.7803156e-01   3.6000027e+02   4.0584800e+01
   5.7975964e-01   1.7999985e+02   3.0411600e+01
   5.7975964e-01   1.8599986e+02   2.4857400e+01
   5.7975964e-01   1.9199988e+02   2.0068900e+01
   5.7975964e-01   1.9799989e+02   1.6023100e+01
   5.7975964e-01   2.0399990e+02   1.2674400e+01
   5.7975964e-01   2.0999992e+02   9.9595100e+00
   5.7975964e-01   2.1599993e+02   7.8022800e+00
   5.7975964e-01   2.2199995e+02   6.1192600e+00
   5.7975964e-01   2.2799996e+02   4.8246900e+00
   5.7975964e-01   2.3399997e+02   3.8355000e+00
   5.7975964e-01   2.3999999e+02   3.0756500e+00
   5.7975964e-01   2.4600000e+02   2.4800200e+00
   5.7975964e-01   2.5200002e+02   1.9974400e+00
   5.7975964e-01   2.5800003e+02   1.5930400e+00
   5.7975964e-01   2.6400004e+02   1.2496400e+00
   5.7975964e-01   2.7000006e+02   9.6842000e-01
   5.7975964e-01   2.7600007e+02   7.6862700e-01
   5.7975964e-01   2.8200009e+02   6.8658500e-01
   5.7975964e-01   2.8800010e+02   7.7393400e-01
   5.7975964e-01   2.9400011e+02   1.0952300e+00
   5.7975964e-01   3.0000013e+02   1.7249700e+00
   5.7975964e-01   3.0600014e+02   2.7441600e+00
   5.7975964e-01   3.1200016e+02   4.2364700e+00
   5.7975964e-01   3.1800017e+02   6.2841500e+00
   5.7975964e-01   3.2400018e+02   8.9637600e+00
   5.7975964e-01   3.3000020e+02   1.2341800e+01
   5.7975964e-01   3.3600021e+02   1.6470500e+01
   5.7975964e-01   3.4200023e+02   2.1383600e+01
   5.7975964e-01   3.4800024e+02   2.7092600e+01
   5.7975964e-01   3.5400025e+02   3.3583700e+01
   5.7975964e-01   3.6000027e+02   4.0814500e+01
   5.8148674e-01   1.7999985e+02   3.0961300e+01
   5.8148674e-01   1.8599986e+02   2.5428600e+01
   5.8148674e-01   1.9199988e+02   2.0657100e+01
   5.8148674e-01   1.9799989e+02   1.6623900e+01
   5.8148674e-01   2.0399990e+02   1.3283900e+01
   5.8148674e-01   2.0999992e+02   1.0574000e+01
   5.8148674e-01   2.1599993e+02   8.4188700e+00
   5.8148674e-01   2.2199995e+02   6.7354700e+00
   5.8148674e-01   2.2799996e+02   5.4386600e+00
   5.8148674e-01   2.3399997e+02   4.4459100e+00
   5.8148674e-01   2.3999999e+02   3.6817000e+00
   5.8148674e-01   2.4600000e+02   3.0813500e+00
   5.8148674e-01   2.5200002e+02   2.5940700e+00
   5.8148674e-01   2.5800003e+02   2.1852400e+00
   5.8148674e-01   2.6400004e+02   1.8378800e+00
   5.8148674e-01   2.7000006e+02   1.5532100e+00
   5.8148674e-01   2.7600007e+02   1.3504500e+00
   5.8148674e-01   2.8200009e+02   1.2657600e+00
   5.8148674e-01   2.8800010e+02   1.3505600e+00
   5.8148674e-01   2.9400011e+02   1.6690700e+00
   5.8148674e-01   3.0000013e+02   2.2954200e+00
   5.8148674e-01   3.0600014e+02   3.3101500e+00
   5.8148674e-01   3.1200016e+02   4.7964700e+00
   5.8148674e-01   3.1800017e+02   6.8361800e+00
   5.8148674e-01   3.2400018e+02   9.5053600e+00
   5.8148674e-01   3.3000020e+02   1.2870100e+01
   5.8148674e-01   3.3600021e+02   1.6982300e+01
   5.8148674e-01   3.4200023e+02   2.1875400e+01
   5.8148674e-01   3.4800024e+02   2.7560700e+01
   5.8148674e-01   3.5400025e+02   3.4024400e+01
   5.8148674e-01   3.6000027e+02   4.1224300e+01
   5.8321284e-01   1.7999985e+02   3.1699600e+01
   5.8321284e-01   1.8599986e+02   2.6188500e+01
   5.8321284e-01   1.9199988e+02   2.1434000e+01
   5.8321284e-01   1.9799989e+02   1.7413500e+01
   5.8321284e-01   2.0399990e+02   1.4082100e+01
   5.8321284e-01   2.0999992e+02   1.1377400e+01
   5.8321284e-01   2.1599993e+02   9.2243800e+00
   5.8321284e-01   2.2199995e+02   7.5406700e+00
   5.8321284e-01   2.2799996e+02   6.2416700e+00
   5.8321284e-01   2.3399997e+02   5.2454100e+00
   5.8321284e-01   2.3999999e+02   4.4768800e+00
   5.8321284e-01   2.4600000e+02   3.8718400e+00
   5.8321284e-01   2.5200002e+02   3.3798700e+00
   5.8321284e-01   2.5800003e+02   2.9666300e+00
   5.8321284e-01   2.6400004e+02   2.6153000e+00
   5.8321284e-01   2.7000006e+02   2.3271700e+00
   5.8321284e-01   2.7600007e+02   2.1214100e+00
   5.8321284e-01   2.8200009e+02   2.0340500e+00
   5.8321284e-01   2.8800010e+02   2.1162500e+00
   5.8321284e-01   2.9400011e+02   2.4319300e+00
   5.8321284e-01   3.0000013e+02   3.0548100e+00
   5.8321284e-01   3.0600014e+02   4.0650100e+00
   5.8321284e-01   3.1200016e+02   5.5452800e+00
   5.8321284e-01   3.1800017e+02   7.5769400e+00
   5.8321284e-01   3.2400018e+02   1.0235600e+01
   5.8321284e-01   3.3000020e+02   1.3587000e+01
   5.8321284e-01   3.3600021e+02   1.7682600e+01
   5.8321284e-01   3.4200023e+02   2.2555500e+01
   5.8321284e-01   3.4800024e+02   2.8217200e+01
   5.8321284e-01   3.5400025e+02   3.4653400e+01
   5.8321284e-01   3.6000027e+02   4.1822200e+01
   5.8493792e-01   1.7999985e+02   3.2634400e+01
   5.8493792e-01   1.8599986e+02   2.7145000e+01
   5.8493792e-01   1.9199988e+02   2.2407600e+01
   5.8493792e-01   1.9799989e+02   1.8399800e+01
   5.8493792e-01   2.0399990e+02   1.5077100e+01
   5.8493792e-01   2.0999992e+02   1.2377600e+01
   5.8493792e-01   2.1599993e+02   1.0226800e+01
   5.8493792e-01   2.2199995e+02   8.5428600e+00
   5.8493792e-01   2.2799996e+02   7.2417300e+00
   5.8493792e-01   2.3399997e+02   6.2420100e+00
   5.8493792e-01   2.3999999e+02   5.4692000e+00
   5.8493792e-01   2.4600000e+02   4.8595100e+00
   5.8493792e-01   2.5200002e+02   4.3628800e+00
   5.8493792e-01   2.5800003e+02   3.9452400e+00
   5.8493792e-01   2.6400004e+02   3.5899400e+00
   5.8493792e-01   2.7000006e+02   3.2983400e+00
   5.8493792e-01   2.7600007e+02   3.0895600e+00
   5.8493792e-01   2.8200009e+02   2.9994900e+00
   5.8493792e-01   2.8800010e+02   3.0790500e+00
   5.8493792e-01   2.9400011e+02   3.3918400e+00
   5.8493792e-01   3.0000013e+02   4.0111900e+00
   5.8493792e-01   3.0600014e+02   5.0168000e+00
   5.8493792e-01   3.1200016e+02   6.4909400e+00
   5.8493792e-01   3.1800017e+02   8.5144700e+00
   5.8493792e-01   3.2400018e+02   1.1162600e+01
   5.8493792e-01   3.3000020e+02   1.4500500e+01
   5.8493792e-01   3.3600021e+02   1.8579400e+01
   5.8493792e-01   3.4200023e+02   2.3432200e+01
   5.8493792e-01   3.4800024e+02   2.9070000e+01
   5.8493792e-01   3.5400025e+02   3.5478700e+01
   5.8493792e-01   3.6000027e+02   4.2616500e+01
   5.8666196e-01   1.7999985e+02   3.3773500e+01
   5.8666196e-01   1.8599986e+02   2.8305900e+01
   5.8666196e-01   1.9199988e+02   2.3585600e+01
   5.8666196e-01   1.9799989e+02   1.9590600e+01
   5.8666196e-01   2.0399990e+02   1.6276800e+01
   5.8666196e-01   2.0999992e+02   1.3582600e+01
   5.8666196e-01   2.1599993e+02   1.1434000e+01
   5.8666196e-01   2.2199995e+02   9.7498700e+00
   5.8666196e-01   2.2799996e+02   8.4466800e+00
   5.8666196e-01   2.3399997e+02   7.4435500e+00
   5.8666196e-01   2.3999999e+02   6.6665000e+00
   5.8666196e-01   2.4600000e+02   6.0522000e+00
   5.8666196e-01   2.5200002e+02   5.5509300e+00
   5.8666196e-01   2.5800003e+02   5.1289000e+00
   5.8666196e-01   2.6400004e+02   4.7696400e+00
   5.8666196e-01   2.7000006e+02   4.4745600e+00
   5.8666196e-01   2.7600007e+02   4.2627500e+00
   5.8666196e-01   2.8200009e+02   4.1699400e+00
   5.8666196e-01   2.8800010e+02   4.2468200e+00
   5.8666196e-01   2.9400011e+02   4.5566700e+00
   5.8666196e-01   3.0000013e+02   5.1724300e+00
   5.8666196e-01   3.0600014e+02   6.1733800e+00
   5.8666196e-01   3.1200016e+02   7.6413300e+00
   5.8666196e-01   3.1800017e+02   9.6566500e+00
   5.8666196e-01   3.2400018e+02   1.2294100e+01
   5.8666196e-01   3.3000020e+02   1.5618500e+01
   5.8666196e-01   3.3600021e+02   1.9680600e+01
   5.8666196e-01   3.4200023e+02   2.4513200e+01
   5.8666196e-01   3.4800024e+02   3.0127100e+01
   5.8666196e-01   3.5400025e+02   3.6508200e+01
   5.8666196e-01   3.6000027e+02   4.3614900e+01
   5.8838494e-01   1.7999985e+02   3.5124700e+01
   5.8838494e-01   1.8599986e+02   2.9678800e+01
   5.8838494e-01   1.9199988e+02   2.4975700e+01
   5.8838494e-01   1.9799989e+02   2.0993600e+01
   5.8838494e-01   2.0399990e+02   1.7688700e+01
   5.8838494e-01   2.0999992e+02   1.4999800e+01
   5.8838494e-01   2.1599993e+02   1.2853600e+01
   5.8838494e-01   2.2199995e+02   1.1169400e+01
   5.8838494e-01   2.2799996e+02   9.8641600e+00
   5.8838494e-01   2.3399997e+02   8.8576900e+00
   5.8838494e-01   2.3999999e+02   8.0764600e+00
   5.8838494e-01   2.4600000e+02   7.4575700e+00
   5.8838494e-01   2.5200002e+02   6.9517000e+00
   5.8838494e-01   2.5800003e+02   6.5253100e+00
   5.8838494e-01   2.6400004e+02   6.1621000e+00
   5.8838494e-01   2.7000006e+02   5.8635400e+00
   5.8838494e-01   2.7600007e+02   5.6486700e+00
   5.8838494e-01   2.8200009e+02   5.5530900e+00
   5.8838494e-01   2.8800010e+02   5.6272500e+00
   5.8838494e-01   2.9400011e+02   5.9341100e+00
   5.8838494e-01   3.0000013e+02   6.5462300e+00
   5.8838494e-01   3.0600014e+02   7.5424500e+00
   5.8838494e-01   3.1200016e+02   9.0041300e+00
   5.8838494e-01   3.1800017e+02   1.1011200e+01
   5.8838494e-01   3.2400018e+02   1.3637900e+01
   5.8838494e-01   3.3000020e+02   1.6948700e+01
   5.8838494e-01   3.3600021e+02   2.0994000e+01
   5.8838494e-01   3.4200023e+02   2.5806200e+01
   5.8838494e-01   3.4800024e+02   3.1396200e+01
   5.8838494e-01   3.5400025e+02   3.7749700e+01
   5.8838494e-01   3.6000027e+02   4.4825100e+01
   5.9010683e-01   1.7999985e+02   3.6695200e+01
   5.9010683e-01   1.8599986e+02   3.1271200e+01
   5.9010683e-01   1.9199988e+02   2.6585500e+01
   5.9010683e-01   1.9799989e+02   2.2616300e+01
   5.9010683e-01   2.0399990e+02   1.9320300e+01
   5.9010683e-01   2.0999992e+02   1.6636900e+01
   5.9010683e-01   2.1599993e+02   1.4493100e+01
   5.9010683e-01   2.2199995e+02   1.2808800e+01
   5.9010683e-01   2.2799996e+02   1.1501700e+01
   5.9010683e-01   2.3399997e+02   1.0491900e+01
   5.9010683e-01   2.3999999e+02   9.7065400e+00
   5.9010683e-01   2.4600000e+02   9.0831200e+00
   5.9010683e-01   2.5200002e+02   8.5726700e+00
   5.9010683e-01   2.5800003e+02   8.1419400e+00
   5.9010683e-01   2.6400004e+02   7.7747800e+00
   5.9010683e-01   2.7000006e+02   7.4727400e+00
   5.9010683e-01   2.7600007e+02   7.2548000e+00
   5.9010683e-01   2.8200009e+02   7.1564300e+00
   5.9010683e-01   2.8800010e+02   7.2278400e+00
   5.9010683e-01   2.9400011e+02   7.5316600e+00
   5.9010683e-01   3.0000013e+02   8.1400900e+00
   5.9010683e-01   3.0600014e+02   9.1315200e+00
   5.9010683e-01   3.1200016e+02   1.0586900e+01
   5.9010683e-01   3.1800017e+02   1.2585500e+01
   5.9010683e-01   3.2400018e+02   1.5201400e+01
   5.9010683e-01   3.3000020e+02   1.8498500e+01
   5.9010683e-01   3.3600021e+02   2.2526900e+01
   5.9010683e-01   3.4200023e+02   2.7318800e+01
   5.9010683e-01   3.4800024e+02   3.2884700e+01
   5.9010683e-01   3.5400025e+02   3.9210500e+01
   5.9010683e-01   3.6000027e+02   4.6254700e+01
   5.9182763e-01   1.7999985e+02   3.8492400e+01
   5.9182763e-01   1.8599986e+02   3.3090400e+01
   5.9182763e-01   1.9199988e+02   2.8422000e+01
   5.9182763e-01   1.9799989e+02   2.4465900e+01
   5.9182763e-01   2.0399990e+02   2.1178900e+01
   5.9182763e-01   2.0999992e+02   1.8501000e+01
   5.9182763e-01   2.1599993e+02   1.6359700e+01
   5.9182763e-01   2.2199995e+02   1.4675400e+01
   5.9182763e-01   2.2799996e+02   1.3366400e+01
   5.9182763e-01   2.3399997e+02   1.2353400e+01
   5.9182763e-01   2.3999999e+02   1.1564000e+01
   5.9182763e-01   2.4600000e+02   1.0936100e+01
   5.9182763e-01   2.5200002e+02   1.0421100e+01
   5.9182763e-01   2.5800003e+02   9.9860800e+00
   5.9182763e-01   2.6400004e+02   9.6149900e+00
   5.9182763e-01   2.7000006e+02   9.3094600e+00
   5.9182763e-01   2.7600007e+02   9.0884500e+00
   5.9182763e-01   2.8200009e+02   8.9872600e+00
   5.9182763e-01   2.8800010e+02   9.0558800e+00
   5.9182763e-01   2.9400011e+02   9.3566200e+00
   5.9182763e-01   3.0000013e+02   9.9612900e+00
   5.9182763e-01   3.0600014e+02   1.0947900e+01
   5.9182763e-01   3.1200016e+02   1.2396800e+01
   5.9182763e-01   3.1800017e+02   1.4387100e+01
   5.9182763e-01   3.2400018e+02   1.6992000e+01
   5.9182763e-01   3.3000020e+02   2.0275400e+01
   5.9182763e-01   3.3600021e+02   2.4286800e+01
   5.9182763e-01   3.4200023e+02   2.9058200e+01
   5.9182763e-01   3.4800024e+02   3.4600000e+01
   5.9182763e-01   3.5400025e+02   4.0898000e+01
   5.9182763e-01   3.6000027e+02   4.7910900e+01
   5.9354730e-01   1.7999985e+02   4.0523300e+01
   5.9354730e-01   1.8599986e+02   3.5143400e+01
   5.9354730e-01   1.9199988e+02   3.0492400e+01
   5.9354730e-01   1.9799989e+02   2.6549400e+01
   5.9354730e-01   2.0399990e+02   2.3271500e+01
   5.9354730e-01   2.0999992e+02   2.0599200e+01
   5.9354730e-01   2.1599993e+02   1.8460500e+01
   5.9354730e-01   2.2199995e+02   1.6776300e+01
   5.9354730e-01   2.2799996e+02   1.5465500e+01
   5.9354730e-01   2.3399997e+02   1.4449400e+01
   5.9354730e-01   2.3999999e+02   1.3656000e+01
   5.9354730e-01   2.4600000e+02   1.3023600e+01
   5.9354730e-01   2.5200002e+02   1.2504100e+01
   5.9354730e-01   2.5800003e+02   1.2064800e+01
   5.9354730e-01   2.6400004e+02   1.1689800e+01
   5.9354730e-01   2.7000006e+02   1.1380800e+01
   5.9354730e-01   2.7600007e+02   1.1156700e+01
   5.9354730e-01   2.8200009e+02   1.1052700e+01
   5.9354730e-01   2.8800010e+02   1.1118500e+01
   5.9354730e-01   2.9400011e+02   1.1416100e+01
   5.9354730e-01   3.0000013e+02   1.2016900e+01
   5.9354730e-01   3.0600014e+02   1.2998600e+01
   5.9354730e-01   3.1200016e+02   1.4441100e+01
   5.9354730e-01   3.1800017e+02   1.6422800e+01
   5.9354730e-01   3.2400018e+02   1.9016800e+01
   5.9354730e-01   3.3000020e+02   2.2286300e+01
   5.9354730e-01   3.3600021e+02   2.6280700e+01
   5.9354730e-01   3.4200023e+02   3.1031500e+01
   5.9354730e-01   3.4800024e+02   3.6549100e+01
   5.9354730e-01   3.5400025e+02   4.2819300e+01
   5.9354730e-01   3.6000027e+02   4.9800800e+01
   5.9526582e-01   1.7999985e+02   4.2794800e+01
   5.9526582e-01   1.8599986e+02   3.7436900e+01
   5.9526582e-01   1.9199988e+02   3.2803500e+01
   5.9526582e-01   1.9799989e+02   2.8873600e+01
   5.9526582e-01   2.0399990e+02   2.5605000e+01
   5.9526582e-01   2.0999992e+02   2.2938400e+01
   5.9526582e-01   2.1599993e+02   2.0802300e+01
   5.9526582e-01   2.2199995e+02   1.9118400e+01
   5.9526582e-01   2.2799996e+02   1.7805800e+01
   5.9526582e-01   2.3399997e+02   1.6786600e+01
   5.9526582e-01   2.3999999e+02   1.5989200e+01
   5.9526582e-01   2.4600000e+02   1.5352500e+01
   5.9526582e-01   2.5200002e+02   1.4828500e+01
   5.9526582e-01   2.5800003e+02   1.4385000e+01
   5.9526582e-01   2.6400004e+02   1.4006100e+01
   5.9526582e-01   2.7000006e+02   1.3693600e+01
   5.9526582e-01   2.7600007e+02   1.3466400e+01
   5.9526582e-01   2.8200009e+02   1.3359500e+01
   5.9526582e-01   2.8800010e+02   1.3422400e+01
   5.9526582e-01   2.9400011e+02   1.3716900e+01
   5.9526582e-01   3.0000013e+02   1.4313900e+01
   5.9526582e-01   3.0600014e+02   1.5290600e+01
   5.9526582e-01   3.1200016e+02   1.6726500e+01
   5.9526582e-01   3.1800017e+02   1.8699700e+01
   5.9526582e-01   3.2400018e+02   2.1282700e+01
   5.9526582e-01   3.3000020e+02   2.4538200e+01
   5.9526582e-01   3.3600021e+02   2.8515400e+01
   5.9526582e-01   3.4200023e+02   3.3245700e+01
   5.9526582e-01   3.4800024e+02   3.8739000e+01
   5.9526582e-01   3.5400025e+02   4.4981300e+01
   5.9526582e-01   3.6000027e+02   5.1931400e+01
   5.9698317e-01   1.7999985e+02   4.5313400e+01
   5.9698317e-01   1.8599986e+02   3.9977700e+01
   5.9698317e-01   1.9199988e+02   3.5361900e+01
   5.9698317e-01   1.9799989e+02   3.1445300e+01
   5.9698317e-01   2.0399990e+02   2.8186000e+01
   5.9698317e-01   2.0999992e+02   2.5525100e+01
   5.9698317e-01   2.1599993e+02   2.3391800e+01
   5.9698317e-01   2.2199995e+02   2.1708100e+01
   5.9698317e-01   2.2799996e+02   2.0393900e+01
   5.9698317e-01   2.3399997e+02   1.9371700e+01
   5.9698317e-01   2.3999999e+02   1.8570400e+01
   5.9698317e-01   2.4600000e+02   1.7929300e+01
   5.9698317e-01   2.5200002e+02   1.7401000e+01
   5.9698317e-01   2.5800003e+02   1.6953200e+01
   5.9698317e-01   2.6400004e+02   1.6570400e+01
   5.9698317e-01   2.7000006e+02   1.6254500e+01
   5.9698317e-01   2.7600007e+02   1.6024200e+01
   5.9698317e-01   2.8200009e+02   1.5914400e+01
   5.9698317e-01   2.8800010e+02   1.5974500e+01
   5.9698317e-01   2.9400011e+02   1.6265800e+01
   5.9698317e-01   3.0000013e+02   1.6858900e+01
   5.9698317e-01   3.0600014e+02   1.7830500e+01
   5.9698317e-01   3.1200016e+02   1.9259800e+01
   5.9698317e-01   3.1800017e+02   2.1224400e+01
   5.9698317e-01   3.2400018e+02   2.3796200e+01
   5.9698317e-01   3.3000020e+02   2.7037800e+01
   5.9698317e-01   3.3600021e+02   3.0997800e+01
   5.9698317e-01   3.4200023e+02   3.5707300e+01
   5.9698317e-01   3.4800024e+02   4.1176400e+01
   5.9698317e-01   3.5400025e+02   4.7390700e+01
   5.9698317e-01   3.6000027e+02   5.4309300e+01
   5.9869934e-01   1.7999985e+02   4.8085600e+01
   5.9869934e-01   1.8599986e+02   4.2772100e+01
   5.9869934e-01   1.9199988e+02   3.8173900e+01
   5.9869934e-01   1.9799989e+02   3.4270700e+01
   5.9869934e-01   2.0399990e+02   3.1020800e+01
   5.9869934e-01   2.0999992e+02   2.8365800e+01
   5.9869934e-01   2.1599993e+02   2.6235300e+01
   5.9869934e-01   2.2199995e+02   2.4551900e+01
   5.9869934e-01   2.2799996e+02   2.3236200e+01
   5.9869934e-01   2.3399997e+02   2.2211000e+01
   5.9869934e-01   2.3999999e+02   2.1405900e+01
   5.9869934e-01   2.4600000e+02   2.0760600e+01
   5.9869934e-01   2.5200002e+02   2.0227900e+01
   5.9869934e-01   2.5800003e+02   1.9775900e+01
   5.9869934e-01   2.6400004e+02   1.9389300e+01
   5.9869934e-01   2.7000006e+02   1.9069900e+01
   5.9869934e-01   2.7600007e+02   1.8836500e+01
   5.9869934e-01   2.8200009e+02   1.8723900e+01
   5.9869934e-01   2.8800010e+02   1.8781000e+01
   5.9869934e-01   2.9400011e+02   1.9069000e+01
   5.9869934e-01   3.0000013e+02   1.9658200e+01
   5.9869934e-01   3.0600014e+02   2.0624800e+01
   5.9869934e-01   3.1200016e+02   2.2047400e+01
   5.9869934e-01   3.1800017e+02   2.4003300e+01
   5.9869934e-01   3.2400018e+02   2.6563900e+01
   5.9869934e-01   3.3000020e+02   2.9791400e+01
   5.9869934e-01   3.3600021e+02   3.3734100e+01
   5.9869934e-01   3.4200023e+02   3.8422900e+01
   5.9869934e-01   3.4800024e+02   4.3867500e+01
   5.9869934e-01   3.5400025e+02   5.0053800e+01
   5.9869934e-01   3.6000027e+02   5.6940900e+01
   6.0041430e-01   1.7999985e+02   5.1117500e+01
   6.0041430e-01   1.8599986e+02   4.5826300e+01
   6.0041430e-01   1.9199988e+02   4.1245900e+01
   6.0041430e-01   1.9799989e+02   3.7356100e+01
   6.0041430e-01   2.0399990e+02   3.4115600e+01
   6.0041430e-01   2.0999992e+02   3.1466500e+01
   6.0041430e-01   2.1599993e+02   2.9339000e+01
   6.0041430e-01   2.2199995e+02   2.7656100e+01
   6.0041430e-01   2.2799996e+02   2.6338900e+01
   6.0041430e-01   2.3399997e+02   2.5310800e+01
   6.0041430e-01   2.3999999e+02   2.4502000e+01
   6.0041430e-01   2.4600000e+02   2.3852500e+01
   6.0041430e-01   2.5200002e+02   2.3315500e+01
   6.0041430e-01   2.5800003e+02   2.2859300e+01
   6.0041430e-01   2.6400004e+02   2.2468900e+01
   6.0041430e-01   2.7000006e+02   2.2146000e+01
   6.0041430e-01   2.7600007e+02   2.1909600e+01
   6.0041430e-01   2.8200009e+02   2.1794000e+01
   6.0041430e-01   2.8800010e+02   2.1848300e+01
   6.0041430e-01   2.9400011e+02   2.2133000e+01
   6.0041430e-01   3.0000013e+02   2.2718200e+01
   6.0041430e-01   3.0600014e+02   2.3679600e+01
   6.0041430e-01   3.1200016e+02   2.5095500e+01
   6.0041430e-01   3.1800017e+02   2.7042600e+01
   6.0041430e-01   3.2400018e+02   2.9592000e+01
   6.0041430e-01   3.3000020e+02   3.2805300e+01
   6.0041430e-01   3.3600021e+02   3.6730600e+01
   6.0041430e-01   3.4200023e+02   4.1398600e+01
   6.0041430e-01   3.4800024e+02   4.6818800e+01
   6.0041430e-01   3.5400025e+02   5.2977000e+01
   6.0041430e-01   3.6000027e+02   5.9832400e+01
   6.0212802e-01   1.7999985e+02   5.4415000e+01
   6.0212802e-01   1.8599986e+02   4.9146100e+01
   6.0212802e-01   1.9199988e+02   4.4583500e+01
   6.0212802e-01   1.9799989e+02   4.0707300e+01
   6.0212802e-01   2.0399990e+02   3.7476400e+01
   6.0212802e-01   2.0999992e+02   3.4833300e+01
   6.0212802e-01   2.1599993e+02   3.2708800e+01
   6.0212802e-01   2.2199995e+02   3.1026400e+01
   6.0212802e-01   2.2799996e+02   2.9707800e+01
   6.0212802e-01   2.3399997e+02   2.8677000e+01
   6.0212802e-01   2.3999999e+02   2.7864500e+01
   6.0212802e-01   2.4600000e+02   2.7210800e+01
   6.0212802e-01   2.5200002e+02   2.6669600e+01
   6.0212802e-01   2.5800003e+02   2.6209300e+01
   6.0212802e-01   2.6400004e+02   2.5815100e+01
   6.0212802e-01   2.7000006e+02   2.5488800e+01
   6.0212802e-01   2.7600007e+02   2.5249300e+01
   6.0212802e-01   2.8200009e+02   2.5130800e+01
   6.0212802e-01   2.8800010e+02   2.5182100e+01
   6.0212802e-01   2.9400011e+02   2.5463500e+01
   6.0212802e-01   3.0000013e+02   2.6044700e+01
   6.0212802e-01   3.0600014e+02   2.7000900e+01
   6.0212802e-01   3.1200016e+02   2.8410000e+01
   6.0212802e-01   3.1800017e+02   3.0348200e+01
   6.0212802e-01   3.2400018e+02   3.2886300e+01
   6.0212802e-01   3.3000020e+02   3.6085400e+01
   6.0212802e-01   3.3600021e+02   3.9993300e+01
   6.0212802e-01   3.4200023e+02   4.4640300e+01
   6.0212802e-01   3.4800024e+02   5.0036100e+01
   6.0212802e-01   3.5400025e+02   5.6166100e+01
   6.0212802e-01   3.6000027e+02   6.2989800e+01
