#sin^2(theta23) Delta_CP/deg Delta_chi^2
   5.3457422e-01   1.0800025e+02   7.1405100e+01
   5.3457422e-01   1.1279992e+02   6.7620700e+01
   5.3457422e-01   1.1760016e+02   6.3534700e+01
   5.3457422e-01   1.2239983e+02   5.9237700e+01
   5.3457422e-01   1.2720007e+02   5.4826500e+01
   5.3457422e-01   1.3199974e+02   5.0400500e+01
   5.3457422e-01   1.3679998e+02   4.6060000e+01
   5.3457422e-01   1.4160022e+02   4.1901900e+01
   5.3457422e-01   1.4639988e+02   3.8017700e+01
   5.3457422e-01   1.5120012e+02   3.4489900e+01
   5.3457422e-01   1.5599979e+02   3.1389800e+01
   5.3457422e-01   1.6080003e+02   2.8775500e+01
   5.3457422e-01   1.6560027e+02   2.6690200e+01
   5.3457422e-01   1.7039994e+02   2.5161100e+01
   5.3457422e-01   1.7520018e+02   2.4199600e+01
   5.3457422e-01   1.7999985e+02   2.3800900e+01
   5.3457422e-01   1.8480009e+02   2.3945400e+01
   5.3457422e-01   1.8959976e+02   2.4599700e+01
   5.3457422e-01   1.9440000e+02   2.5718400e+01
   5.3457422e-01   1.9920024e+02   2.7246300e+01
   5.3457422e-01   2.0399990e+02   2.9120000e+01
   5.3457422e-01   2.0880014e+02   3.1270700e+01
   5.3457422e-01   2.1359981e+02   3.3626300e+01
   5.3457422e-01   2.1840005e+02   3.6113400e+01
   5.3457422e-01   2.2319972e+02   3.8659400e+01
   5.3457422e-01   2.2799996e+02   4.1194500e+01
   5.3457422e-01   2.3280020e+02   4.3653000e+01
   5.3457422e-01   2.3759987e+02   4.5975000e+01
   5.3457422e-01   2.4240011e+02   4.8107400e+01
   5.3457422e-01   2.4719978e+02   5.0004800e+01
   5.3631982e-01   1.0800025e+02   6.9783200e+01
   5.3631982e-01   1.1279992e+02   6.6019800e+01
   5.3631982e-01   1.1760016e+02   6.1956900e+01
   5.3631982e-01   1.2239983e+02   5.7684700e+01
   5.3631982e-01   1.2720007e+02   5.3299200e+01
   5.3631982e-01   1.3199974e+02   4.8899600e+01
   5.3631982e-01   1.3679998e+02   4.4585400e+01
   5.3631982e-01   1.4160022e+02   4.0453200e+01
   5.3631982e-01   1.4639988e+02   3.6593700e+01
   5.3631982e-01   1.5120012e+02   3.3089000e+01
   5.3631982e-01   1.5599979e+02   3.0010000e+01
   5.3631982e-01   1.6080003e+02   2.7414500e+01
   5.3631982e-01   1.6560027e+02   2.5345200e+01
   5.3631982e-01   1.7039994e+02   2.3829400e+01
   5.3631982e-01   1.7520018e+02   2.2878100e+01
   5.3631982e-01   1.7999985e+02   2.2486700e+01
   5.3631982e-01   1.8480009e+02   2.2635600e+01
   5.3631982e-01   1.8959976e+02   2.3291500e+01
   5.3631982e-01   1.9440000e+02   2.4409300e+01
   5.3631982e-01   1.9920024e+02   2.5933900e+01
   5.3631982e-01   2.0399990e+02   2.7802400e+01
   5.3631982e-01   2.0880014e+02   2.9946300e+01
   5.3631982e-01   2.1359981e+02   3.2293700e+01
   5.3631982e-01   2.1840005e+02   3.4771700e+01
   5.3631982e-01   2.2319972e+02   3.7308100e+01
   5.3631982e-01   2.2799996e+02   3.9833200e+01
   5.3631982e-01   2.3280020e+02   4.2281800e+01
   5.3631982e-01   2.3759987e+02   4.4594300e+01
   5.3631982e-01   2.4240011e+02   4.6717700e+01
   5.3631982e-01   2.4719978e+02   4.8606800e+01
   5.3806497e-01   1.0800025e+02   6.8132800e+01
   5.3806497e-01   1.1279992e+02   6.4390300e+01
   5.3806497e-01   1.1760016e+02   6.0350500e+01
   5.3806497e-01   1.2239983e+02   5.6102900e+01
   5.3806497e-01   1.2720007e+02   5.1743200e+01
   5.3806497e-01   1.3199974e+02   4.7370000e+01
   5.3806497e-01   1.3679998e+02   4.3082100e+01
   5.3806497e-01   1.4160022e+02   3.8975500e+01
   5.3806497e-01   1.4639988e+02   3.5140700e+01
   5.3806497e-01   1.5120012e+02   3.1659000e+01
   5.3806497e-01   1.5599979e+02   2.8601100e+01
   5.3806497e-01   1.6080003e+02   2.6024200e+01
   5.3806497e-01   1.6560027e+02   2.3971000e+01
   5.3806497e-01   1.7039994e+02   2.2468300e+01
   5.3806497e-01   1.7520018e+02   2.1527200e+01
   5.3806497e-01   1.7999985e+02   2.1143000e+01
   5.3806497e-01   1.8480009e+02   2.1296100e+01
   5.3806497e-01   1.8959976e+02   2.1953600e+01
   5.3806497e-01   1.9440000e+02   2.3070400e+01
   5.3806497e-01   1.9920024e+02   2.4591700e+01
   5.3806497e-01   2.0399990e+02   2.6454900e+01
   5.3806497e-01   2.0880014e+02   2.8591900e+01
   5.3806497e-01   2.1359981e+02   3.0931100e+01
   5.3806497e-01   2.1840005e+02   3.3399900e+01
   5.3806497e-01   2.2319972e+02   3.5926500e+01
   5.3806497e-01   2.2799996e+02   3.8441600e+01
   5.3806497e-01   2.3280020e+02   4.0880300e+01
   5.3806497e-01   2.3759987e+02   4.3183100e+01
   5.3806497e-01   2.4240011e+02   4.5297400e+01
   5.3806497e-01   2.4719978e+02   4.7178300e+01
   5.3980966e-01   1.0800025e+02   6.6460300e+01
   5.3980966e-01   1.1279992e+02   6.2738900e+01
   5.3980966e-01   1.1760016e+02   5.8722100e+01
   5.3980966e-01   1.2239983e+02   5.4499200e+01
   5.3980966e-01   1.2720007e+02   5.0165200e+01
   5.3980966e-01   1.3199974e+02   4.5818200e+01
   5.3980966e-01   1.3679998e+02   4.1556600e+01
   5.3980966e-01   1.4160022e+02   3.7475700e+01
   5.3980966e-01   1.4639988e+02   3.3665400e+01
   5.3980966e-01   1.5120012e+02   3.0206700e+01
   5.3980966e-01   1.5599979e+02   2.7169800e+01
   5.3980966e-01   1.6080003e+02   2.4611500e+01
   5.3980966e-01   1.6560027e+02   2.2574100e+01
   5.3980966e-01   1.7039994e+02   2.1084500e+01
   5.3980966e-01   1.7520018e+02   2.0153500e+01
   5.3980966e-01   1.7999985e+02   1.9776400e+01
   5.3980966e-01   1.8480009e+02   1.9933700e+01
   5.3980966e-01   1.8959976e+02   2.0592700e+01
   5.3980966e-01   1.9440000e+02   2.1708400e+01
   5.3980966e-01   1.9920024e+02   2.3226300e+01
   5.3980966e-01   2.0399990e+02   2.5084200e+01
   5.3980966e-01   2.0880014e+02   2.7214200e+01
   5.3980966e-01   2.1359981e+02   2.9545100e+01
   5.3980966e-01   2.1840005e+02   3.2004700e+01
   5.3980966e-01   2.2319972e+02   3.4521500e+01
   5.3980966e-01   2.2799996e+02   3.7026500e+01
   5.3980966e-01   2.3280020e+02   3.9455100e+01
   5.3980966e-01   2.3759987e+02   4.1748200e+01
   5.3980966e-01   2.4240011e+02   4.3853400e+01
   5.3980966e-01   2.4719978e+02   4.5726000e+01
   5.4155385e-01   1.0800025e+02   6.4772900e+01
   5.4155385e-01   1.1279992e+02   6.1072500e+01
   5.4155385e-01   1.1760016e+02   5.7078800e+01
   5.4155385e-01   1.2239983e+02   5.2880500e+01
   5.4155385e-01   1.2720007e+02   4.8572200e+01
   5.4155385e-01   1.3199974e+02   4.4251400e+01
   5.4155385e-01   1.3679998e+02   4.0015900e+01
   5.4155385e-01   1.4160022e+02   3.5960600e+01
   5.4155385e-01   1.4639988e+02   3.2174800e+01
   5.4155385e-01   1.5120012e+02   2.8739100e+01
   5.4155385e-01   1.5599979e+02   2.5723000e+01
   5.4155385e-01   1.6080003e+02   2.3183200e+01
   5.4155385e-01   1.6560027e+02   2.1161700e+01
   5.4155385e-01   1.7039994e+02   1.9685000e+01
   5.4155385e-01   1.7520018e+02   1.8764000e+01
   5.4155385e-01   1.7999985e+02   1.8393900e+01
   5.4155385e-01   1.8480009e+02   1.8555500e+01
   5.4155385e-01   1.8959976e+02   1.9215800e+01
   5.4155385e-01   1.9440000e+02   2.0330300e+01
   5.4155385e-01   1.9920024e+02   2.1844900e+01
   5.4155385e-01   2.0399990e+02   2.3697300e+01
   5.4155385e-01   2.0880014e+02   2.5820200e+01
   5.4155385e-01   2.1359981e+02   2.8142800e+01
   5.4155385e-01   2.1840005e+02   3.0593200e+01
   5.4155385e-01   2.2319972e+02   3.3100000e+01
   5.4155385e-01   2.2799996e+02   3.5594900e+01
   5.4155385e-01   2.3280020e+02   3.8013500e+01
   5.4155385e-01   2.3759987e+02   4.0296800e+01
   5.4155385e-01   2.4240011e+02   4.2392800e+01
   5.4155385e-01   2.4719978e+02   4.4257000e+01
   5.4329754e-01   1.0800025e+02   6.3077600e+01
   5.4329754e-01   1.1279992e+02   5.9398300e+01
   5.4329754e-01   1.1760016e+02   5.5427600e+01
   5.4329754e-01   1.2239983e+02   5.1254000e+01
   5.4329754e-01   1.2720007e+02   4.6971300e+01
   5.4329754e-01   1.3199974e+02   4.2676700e+01
   5.4329754e-01   1.3679998e+02   3.8467300e+01
   5.4329754e-01   1.4160022e+02   3.4437600e+01
   5.4329754e-01   1.4639988e+02   3.0676200e+01
   5.4329754e-01   1.5120012e+02   2.7263300e+01
   5.4329754e-01   1.5599979e+02   2.4268000e+01
   5.4329754e-01   1.6080003e+02   2.1746600e+01
   5.4329754e-01   1.6560027e+02   1.9740900e+01
   5.4329754e-01   1.7039994e+02   1.8277100e+01
   5.4329754e-01   1.7520018e+02   1.7366100e+01
   5.4329754e-01   1.7999985e+02   1.7003000e+01
   5.4329754e-01   1.8480009e+02   1.7168600e+01
   5.4329754e-01   1.8959976e+02   1.7830200e+01
   5.4329754e-01   1.9440000e+02   1.8943600e+01
   5.4329754e-01   1.9920024e+02   2.0454600e+01
   5.4329754e-01   2.0399990e+02   2.2301600e+01
   5.4329754e-01   2.0880014e+02   2.4417400e+01
   5.4329754e-01   2.1359981e+02   2.6731600e+01
   5.4329754e-01   2.1840005e+02   2.9172600e+01
   5.4329754e-01   2.2319972e+02   3.1669600e+01
   5.4329754e-01   2.2799996e+02   3.4154200e+01
   5.4329754e-01   2.3280020e+02   3.6562600e+01
   5.4329754e-01   2.3759987e+02   3.8836100e+01
   5.4329754e-01   2.4240011e+02   4.0922900e+01
   5.4329754e-01   2.4719978e+02   4.2778600e+01
   5.4504070e-01   1.0800025e+02   6.1382100e+01
   5.4504070e-01   1.1279992e+02   5.7723800e+01
   5.4504070e-01   1.1760016e+02   5.3776200e+01
   5.4504070e-01   1.2239983e+02   4.9627100e+01
   5.4504070e-01   1.2720007e+02   4.5370100e+01
   5.4504070e-01   1.3199974e+02   4.1101600e+01
   5.4504070e-01   1.3679998e+02   3.6918400e+01
   5.4504070e-01   1.4160022e+02   3.2914200e+01
   5.4504070e-01   1.4639988e+02   2.9177100e+01
   5.4504070e-01   1.5120012e+02   2.5787000e+01
   5.4504070e-01   1.5599979e+02   2.2812500e+01
   5.4504070e-01   1.6080003e+02   2.0309400e+01
   5.4504070e-01   1.6560027e+02   1.8319400e+01
   5.4504070e-01   1.7039994e+02   1.6868400e+01
   5.4504070e-01   1.7520018e+02   1.5967300e+01
   5.4504070e-01   1.7999985e+02   1.5611100e+01
   5.4504070e-01   1.8480009e+02   1.5780700e+01
   5.4504070e-01   1.8959976e+02   1.6443700e+01
   5.4504070e-01   1.9440000e+02   1.7555700e+01
   5.4504070e-01   1.9920024e+02   1.9063200e+01
   5.4504070e-01   2.0399990e+02   2.0904700e+01
   5.4504070e-01   2.0880014e+02   2.3013400e+01
   5.4504070e-01   2.1359981e+02   2.5319100e+01
   5.4504070e-01   2.1840005e+02   2.7750700e+01
   5.4504070e-01   2.2319972e+02   3.0237600e+01
   5.4504070e-01   2.2799996e+02   3.2712100e+01
   5.4504070e-01   2.3280020e+02   3.5110200e+01
   5.4504070e-01   2.3759987e+02   3.7373800e+01
   5.4504070e-01   2.4240011e+02   3.9451300e+01
   5.4504070e-01   2.4719978e+02   4.1298400e+01
   5.4678330e-01   1.0800025e+02   5.9694100e+01
   5.4678330e-01   1.1279992e+02   5.6056800e+01
   5.4678330e-01   1.1760016e+02   5.2132300e+01
   5.4678330e-01   1.2239983e+02   4.8007800e+01
   5.4678330e-01   1.2720007e+02   4.3776400e+01
   5.4678330e-01   1.3199974e+02   3.9534000e+01
   5.4678330e-01   1.3679998e+02   3.5376800e+01
   5.4678330e-01   1.4160022e+02   3.1398000e+01
   5.4678330e-01   1.4639988e+02   2.7685400e+01
   5.4678330e-01   1.5120012e+02   2.4317900e+01
   5.4678330e-01   1.5599979e+02   2.1364100e+01
   5.4678330e-01   1.6080003e+02   1.8879300e+01
   5.4678330e-01   1.6560027e+02   1.6904900e+01
   5.4678330e-01   1.7039994e+02   1.5466700e+01
   5.4678330e-01   1.7520018e+02   1.4575400e+01
   5.4678330e-01   1.7999985e+02   1.4226100e+01
   5.4678330e-01   1.8480009e+02   1.4399700e+01
   5.4678330e-01   1.8959976e+02   1.5063800e+01
   5.4678330e-01   1.9440000e+02   1.6174600e+01
   5.4678330e-01   1.9920024e+02   1.7678500e+01
   5.4678330e-01   2.0399990e+02   1.9514400e+01
   5.4678330e-01   2.0880014e+02   2.1615900e+01
   5.4678330e-01   2.1359981e+02   2.3913100e+01
   5.4678330e-01   2.1840005e+02   2.6335300e+01
   5.4678330e-01   2.2319972e+02   2.8812200e+01
   5.4678330e-01   2.2799996e+02   3.1276300e+01
   5.4678330e-01   2.3280020e+02   3.3664200e+01
   5.4678330e-01   2.3759987e+02   3.5917800e+01
   5.4678330e-01   2.4240011e+02   3.7985900e+01
   5.4678330e-01   2.4719978e+02   3.9824500e+01
   5.4852534e-01   1.0800025e+02   5.8021500e+01
   5.4852534e-01   1.1279992e+02   5.4405300e+01
   5.4852534e-01   1.1760016e+02   5.0503800e+01
   5.4852534e-01   1.2239983e+02   4.6403900e+01
   5.4852534e-01   1.2720007e+02   4.2198100e+01
   5.4852534e-01   1.3199974e+02   3.7981800e+01
   5.4852534e-01   1.3679998e+02   3.3850600e+01
   5.4852534e-01   1.4160022e+02   2.9897300e+01
   5.4852534e-01   1.4639988e+02   2.6208900e+01
   5.4852534e-01   1.5120012e+02   2.2864100e+01
   5.4852534e-01   1.5599979e+02   1.9930900e+01
   5.4852534e-01   1.6080003e+02   1.7464400e+01
   5.4852534e-01   1.6560027e+02   1.5505500e+01
   5.4852534e-01   1.7039994e+02   1.4080100e+01
   5.4852534e-01   1.7520018e+02   1.3198500e+01
   5.4852534e-01   1.7999985e+02   1.2856100e+01
   5.4852534e-01   1.8480009e+02   1.3033600e+01
   5.4852534e-01   1.8959976e+02   1.3698900e+01
   5.4852534e-01   1.9440000e+02   1.4808300e+01
   5.4852534e-01   1.9920024e+02   1.6308500e+01
   5.4852534e-01   2.0399990e+02   1.8138800e+01
   5.4852534e-01   2.0880014e+02   2.0233000e+01
   5.4852534e-01   2.1359981e+02   2.2521700e+01
   5.4852534e-01   2.1840005e+02   2.4934400e+01
   5.4852534e-01   2.2319972e+02   2.7401200e+01
   5.4852534e-01   2.2799996e+02   2.9855000e+01
   5.4852534e-01   2.3280020e+02   3.2232600e+01
   5.4852534e-01   2.3759987e+02   3.4476200e+01
   5.4852534e-01   2.4240011e+02   3.6534900e+01
   5.4852534e-01   2.4719978e+02   3.8364800e+01
   5.5026677e-01   1.0800025e+02   5.6372600e+01
   5.5026677e-01   1.1279992e+02   5.2777500e+01
   5.5026677e-01   1.1760016e+02   4.8899000e+01
   5.5026677e-01   1.2239983e+02   4.4823700e+01
   5.5026677e-01   1.2720007e+02   4.0643500e+01
   5.5026677e-01   1.3199974e+02   3.6453200e+01
   5.5026677e-01   1.3679998e+02   3.2348000e+01
   5.5026677e-01   1.4160022e+02   2.8420000e+01
   5.5026677e-01   1.4639988e+02   2.4755900e+01
   5.5026677e-01   1.5120012e+02   2.1433700e+01
   5.5026677e-01   1.5599979e+02   1.8521100e+01
   5.5026677e-01   1.6080003e+02   1.6072800e+01
   5.5026677e-01   1.6560027e+02   1.4129500e+01
   5.5026677e-01   1.7039994e+02   1.2716700e+01
   5.5026677e-01   1.7520018e+02   1.1844900e+01
   5.5026677e-01   1.7999985e+02   1.1509200e+01
   5.5026677e-01   1.8480009e+02   1.1690600e+01
   5.5026677e-01   1.8959976e+02   1.2357000e+01
   5.5026677e-01   1.9440000e+02   1.3465000e+01
   5.5026677e-01   1.9920024e+02   1.4961600e+01
   5.5026677e-01   2.0399990e+02   1.6786200e+01
   5.5026677e-01   2.0880014e+02   1.8873100e+01
   5.5026677e-01   2.1359981e+02   2.1153300e+01
   5.5026677e-01   2.1840005e+02   2.3556400e+01
   5.5026677e-01   2.2319972e+02   2.6013100e+01
   5.5026677e-01   2.2799996e+02   2.8456500e+01
   5.5026677e-01   2.3280020e+02   3.0823700e+01
   5.5026677e-01   2.3759987e+02   3.3057300e+01
   5.5026677e-01   2.4240011e+02   3.5106400e+01
   5.5026677e-01   2.4719978e+02   3.6927700e+01
   5.5200760e-01   1.0800025e+02   5.4755600e+01
   5.5200760e-01   1.1279992e+02   5.1181600e+01
   5.5200760e-01   1.1760016e+02   4.7326300e+01
   5.5200760e-01   1.2239983e+02   4.3275500e+01
   5.5200760e-01   1.2720007e+02   3.9120900e+01
   5.5200760e-01   1.3199974e+02   3.4956600e+01
   5.5200760e-01   1.3679998e+02   3.0877400e+01
   5.5200760e-01   1.4160022e+02   2.6974700e+01
   5.5200760e-01   1.4639988e+02   2.3334800e+01
   5.5200760e-01   1.5120012e+02   2.0035200e+01
   5.5200760e-01   1.5599979e+02   1.7143100e+01
   5.5200760e-01   1.6080003e+02   1.4713000e+01
   5.5200760e-01   1.6560027e+02   1.2785100e+01
   5.5200760e-01   1.7039994e+02   1.1385000e+01
   5.5200760e-01   1.7520018e+02   1.0522900e+01
   5.5200760e-01   1.7999985e+02   1.0193900e+01
   5.5200760e-01   1.8480009e+02   1.0379100e+01
   5.5200760e-01   1.8959976e+02   1.1046700e+01
   5.5200760e-01   1.9440000e+02   1.2153200e+01
   5.5200760e-01   1.9920024e+02   1.3646100e+01
   5.5200760e-01   2.0399990e+02   1.5465100e+01
   5.5200760e-01   2.0880014e+02   1.7544700e+01
   5.5200760e-01   2.1359981e+02   1.9816100e+01
   5.5200760e-01   2.1840005e+02   2.2209700e+01
   5.5200760e-01   2.2319972e+02   2.4656200e+01
   5.5200760e-01   2.2799996e+02   2.7089200e+01
   5.5200760e-01   2.3280020e+02   2.9446000e+01
   5.5200760e-01   2.3759987e+02   3.1669500e+01
   5.5200760e-01   2.4240011e+02   3.3709100e+01
   5.5200760e-01   2.4719978e+02   3.5521600e+01
   5.5374778e-01   1.0800025e+02   5.3179200e+01
   5.5374778e-01   1.1279992e+02   4.9626300e+01
   5.5374778e-01   1.1760016e+02   4.5794100e+01
   5.5374778e-01   1.2239983e+02   4.1767900e+01
   5.5374778e-01   1.2720007e+02   3.7638800e+01
   5.5374778e-01   1.3199974e+02   3.3500600e+01
   5.5374778e-01   1.3679998e+02   2.9447300e+01
   5.5374778e-01   1.4160022e+02   2.5569900e+01
   5.5374778e-01   1.4639988e+02   2.1954100e+01
   5.5374778e-01   1.5120012e+02   1.8677100e+01
   5.5374778e-01   1.5599979e+02   1.5805600e+01
   5.5374778e-01   1.6080003e+02   1.3393500e+01
   5.5374778e-01   1.6560027e+02   1.1481100e+01
   5.5374778e-01   1.7039994e+02   1.0093600e+01
   5.5374778e-01   1.7520018e+02   9.2411200e+00
   5.5374778e-01   1.7999985e+02   8.9188400e+00
   5.5374778e-01   1.8480009e+02   9.1078800e+00
   5.5374778e-01   1.8959976e+02   9.7764700e+00
   5.5374778e-01   1.9440000e+02   1.0881600e+01
   5.5374778e-01   1.9920024e+02   1.2370700e+01
   5.5374778e-01   2.0399990e+02   1.4183900e+01
   5.5374778e-01   2.0880014e+02   1.6256200e+01
   5.5374778e-01   2.1359981e+02   1.8519000e+01
   5.5374778e-01   2.1840005e+02   2.0903000e+01
   5.5374778e-01   2.2319972e+02   2.3339300e+01
   5.5374778e-01   2.2799996e+02   2.5761700e+01
   5.5374778e-01   2.3280020e+02   2.8108100e+01
   5.5374778e-01   2.3759987e+02   3.0321500e+01
   5.5374778e-01   2.4240011e+02   3.2351600e+01
   5.5374778e-01   2.4719978e+02   3.4155300e+01
   5.5548731e-01   1.0800025e+02   5.1652000e+01
   5.5548731e-01   1.1279992e+02   4.8120200e+01
   5.5548731e-01   1.1760016e+02   4.4311100e+01
   5.5548731e-01   1.2239983e+02   4.0309500e+01
   5.5548731e-01   1.2720007e+02   3.6205900e+01
   5.5548731e-01   1.3199974e+02   3.2093800e+01
   5.5548731e-01   1.3679998e+02   2.8066400e+01
   5.5548731e-01   1.4160022e+02   2.4214300e+01
   5.5548731e-01   1.4639988e+02   2.0622700e+01
   5.5548731e-01   1.5120012e+02   1.7368200e+01
   5.5548731e-01   1.5599979e+02   1.4517100e+01
   5.5548731e-01   1.6080003e+02   1.2123100e+01
   5.5548731e-01   1.6560027e+02   1.0226100e+01
   5.5548731e-01   1.7039994e+02   8.8511900e+00
   5.5548731e-01   1.7520018e+02   8.0083200e+00
   5.5548731e-01   1.7999985e+02   7.6927000e+00
   5.5548731e-01   1.8480009e+02   7.8855100e+00
   5.5548731e-01   1.8959976e+02   8.5551500e+00
   5.5548731e-01   1.9440000e+02   9.6587400e+00
   5.5548731e-01   1.9920024e+02   1.1144100e+01
   5.5548731e-01   2.0399990e+02   1.2951600e+01
   5.5548731e-01   2.0880014e+02   1.5016500e+01
   5.5548731e-01   2.1359981e+02   1.7270600e+01
   5.5548731e-01   2.1840005e+02   1.9644900e+01
   5.5548731e-01   2.2319972e+02   2.2071000e+01
   5.5548731e-01   2.2799996e+02   2.4483000e+01
   5.5548731e-01   2.3280020e+02   2.6818800e+01
   5.5548731e-01   2.3759987e+02   2.9022100e+01
   5.5548731e-01   2.4240011e+02   3.1042500e+01
   5.5548731e-01   2.4719978e+02   3.2837400e+01
   5.5722616e-01   1.0800025e+02   5.0182700e+01
   5.5722616e-01   1.1279992e+02   4.6672200e+01
   5.5722616e-01   1.1760016e+02   4.2886100e+01
   5.5722616e-01   1.2239983e+02   3.8909100e+01
   5.5722616e-01   1.2720007e+02   3.4831100e+01
   5.5722616e-01   1.3199974e+02   3.0744900e+01
   5.5722616e-01   1.3679998e+02   2.6743400e+01
   5.5722616e-01   1.4160022e+02   2.2916700e+01
   5.5722616e-01   1.4639988e+02   1.9349100e+01
   5.5722616e-01   1.5120012e+02   1.6117100e+01
   5.5722616e-01   1.5599979e+02   1.3286500e+01
   5.5722616e-01   1.6080003e+02   1.0910600e+01
   5.5722616e-01   1.6560027e+02   9.0289700e+00
   5.5722616e-01   1.7039994e+02   7.6665700e+00
   5.5722616e-01   1.7520018e+02   6.8332900e+00
   5.5722616e-01   1.7999985e+02   6.5243100e+00
   5.5722616e-01   1.8480009e+02   6.7208900e+00
   5.5722616e-01   1.8959976e+02   7.3915300e+00
   5.5722616e-01   1.9440000e+02   8.4936100e+00
   5.5722616e-01   1.9920024e+02   9.9751700e+00
   5.5722616e-01   2.0399990e+02   1.1776900e+01
   5.5722616e-01   2.0880014e+02   1.3834400e+01
   5.5722616e-01   2.1359981e+02   1.6079800e+01
   5.5722616e-01   2.1840005e+02   1.8444500e+01
   5.5722616e-01   2.2319972e+02   2.0860300e+01
   5.5722616e-01   2.2799996e+02   2.3261700e+01
   5.5722616e-01   2.3280020e+02   2.5587100e+01
   5.5722616e-01   2.3759987e+02   2.7780100e+01
   5.5722616e-01   2.4240011e+02   2.9790900e+01
   5.5722616e-01   2.4719978e+02   3.1576800e+01
   5.5896430e-01   1.0800025e+02   4.8780300e+01
   5.5896430e-01   1.1279992e+02   4.5291000e+01
   5.5896430e-01   1.1760016e+02   4.1528000e+01
   5.5896430e-01   1.2239983e+02   3.7575600e+01
   5.5896430e-01   1.2720007e+02   3.3523200e+01
   5.5896430e-01   1.3199974e+02   2.9463000e+01
   5.5896430e-01   1.3679998e+02   2.5487400e+01
   5.5896430e-01   1.4160022e+02   2.1685900e+01
   5.5896430e-01   1.4639988e+02   1.8142400e+01
   5.5896430e-01   1.5120012e+02   1.4932900e+01
   5.5896430e-01   1.5599979e+02   1.2122700e+01
   5.5896430e-01   1.6080003e+02   9.7647900e+00
   5.5896430e-01   1.6560027e+02   7.8985600e+00
   5.5896430e-01   1.7039994e+02   6.5486900e+00
   5.5896430e-01   1.7520018e+02   5.7249800e+00
   5.5896430e-01   1.7999985e+02   5.4226200e+00
   5.5896430e-01   1.8480009e+02   5.6229300e+00
   5.5896430e-01   1.8959976e+02   6.2945700e+00
   5.5896430e-01   1.9440000e+02   7.3951100e+00
   5.5896430e-01   1.9920024e+02   8.8728600e+00
   5.5896430e-01   2.0399990e+02   1.0668800e+01
   5.5896430e-01   2.0880014e+02   1.2718900e+01
   5.5896430e-01   2.1359981e+02   1.4955600e+01
   5.5896430e-01   2.1840005e+02   1.7310600e+01
   5.5896430e-01   2.2319972e+02   1.9716100e+01
   5.5896430e-01   2.2799996e+02   2.2106900e+01
   5.5896430e-01   2.3280020e+02   2.4421700e+01
   5.5896430e-01   2.3759987e+02   2.6604500e+01
   5.5896430e-01   2.4240011e+02   2.8605600e+01
   5.5896430e-01   2.4719978e+02   3.0382700e+01
   5.6070173e-01   1.0800025e+02   4.7453800e+01
   5.6070173e-01   1.1279992e+02   4.3985600e+01
   5.6070173e-01   1.1760016e+02   4.0245800e+01
   5.6070173e-01   1.2239983e+02   3.6318000e+01
   5.6070173e-01   1.2720007e+02   3.2291100e+01
   5.6070173e-01   1.3199974e+02   2.8256900e+01
   5.6070173e-01   1.3679998e+02   2.4307200e+01
   5.6070173e-01   1.4160022e+02   2.0530900e+01
   5.6070173e-01   1.4639988e+02   1.7011500e+01
   5.6070173e-01   1.5120012e+02   1.3824500e+01
   5.6070173e-01   1.5599979e+02   1.1034600e+01
   5.6070173e-01   1.6080003e+02   8.6947800e+00
   5.6070173e-01   1.6560027e+02   6.8439000e+00
   5.6070173e-01   1.7039994e+02   5.5065300e+00
   5.6070173e-01   1.7520018e+02   4.6923800e+00
   5.6070173e-01   1.7999985e+02   4.3966200e+00
   5.6070173e-01   1.8480009e+02   4.6006500e+00
   5.6070173e-01   1.8959976e+02   5.2732700e+00
   5.6070173e-01   1.9440000e+02   6.3722700e+00
   5.6070173e-01   1.9920024e+02   7.8461900e+00
   5.6070173e-01   2.0399990e+02   9.6363800e+00
   5.6070173e-01   2.0880014e+02   1.1679000e+01
   5.6070173e-01   2.1359981e+02   1.3906900e+01
   5.6070173e-01   2.1840005e+02   1.6252200e+01
   5.6070173e-01   2.2319972e+02   1.8647500e+01
   5.6070173e-01   2.2799996e+02   2.1027700e+01
   5.6070173e-01   2.3280020e+02   2.3331900e+01
   5.6070173e-01   2.3759987e+02   2.5504400e+01
   5.6070173e-01   2.4240011e+02   2.7495800e+01
   5.6070173e-01   2.4719978e+02   2.9263900e+01
   5.6243841e-01   1.0800025e+02   4.6212000e+01
   5.6243841e-01   1.1279992e+02   4.2765100e+01
   5.6243841e-01   1.1760016e+02   3.9048400e+01
   5.6243841e-01   1.2239983e+02   3.5145200e+01
   5.6243841e-01   1.2720007e+02   3.1143900e+01
   5.6243841e-01   1.3199974e+02   2.7135700e+01
   5.6243841e-01   1.3679998e+02   2.3211800e+01
   5.6243841e-01   1.4160022e+02   1.9460800e+01
   5.6243841e-01   1.4639988e+02   1.5965500e+01
   5.6243841e-01   1.5120012e+02   1.2800900e+01
   5.6243841e-01   1.5599979e+02   1.0031400e+01
   5.6243841e-01   1.6080003e+02   7.7095600e+00
   5.6243841e-01   1.6560027e+02   5.8740200e+00
   5.6243841e-01   1.7039994e+02   4.5491300e+00
   5.6243841e-01   1.7520018e+02   3.7445200e+00
   5.6243841e-01   1.7999985e+02   3.4553600e+00
   5.6243841e-01   1.8480009e+02   3.6631000e+00
   5.6243841e-01   1.8959976e+02   4.3366900e+00
   5.6243841e-01   1.9440000e+02   5.4341300e+00
   5.6243841e-01   1.9920024e+02   6.9042300e+00
   5.6243841e-01   2.0399990e+02   8.6886100e+00
   5.6243841e-01   2.0880014e+02   1.0723700e+01
   5.6243841e-01   2.1359981e+02   1.2943000e+01
   5.6243841e-01   2.1840005e+02   1.5278600e+01
   5.6243841e-01   2.2319972e+02   1.7663500e+01
   5.6243841e-01   2.2799996e+02   2.0033100e+01
   5.6243841e-01   2.3280020e+02   2.2326700e+01
   5.6243841e-01   2.3759987e+02   2.4488900e+01
   5.6243841e-01   2.4240011e+02   2.6470600e+01
   5.6243841e-01   2.4719978e+02   2.8229700e+01
   5.6417432e-01   1.0800025e+02   4.5064100e+01
   5.6417432e-01   1.1279992e+02   4.1638500e+01
   5.6417432e-01   1.1760016e+02   3.7944900e+01
   5.6417432e-01   1.2239983e+02   3.4066300e+01
   5.6417432e-01   1.2720007e+02   3.0090600e+01
   5.6417432e-01   1.3199974e+02   2.6108400e+01
   5.6417432e-01   1.3679998e+02   2.2210400e+01
   5.6417432e-01   1.4160022e+02   1.8484600e+01
   5.6417432e-01   1.4639988e+02   1.5013400e+01
   5.6417432e-01   1.5120012e+02   1.1871200e+01
   5.6417432e-01   1.5599979e+02   9.1221000e+00
   5.6417432e-01   1.6080003e+02   6.8182100e+00
   5.6417432e-01   1.6560027e+02   4.9979800e+00
   5.6417432e-01   1.7039994e+02   3.6855700e+00
   5.6417432e-01   1.7520018e+02   2.8905000e+00
   5.6417432e-01   1.7999985e+02   2.6079200e+00
   5.6417432e-01   1.8480009e+02   2.8193600e+00
   5.6417432e-01   1.8959976e+02   3.4939300e+00
   5.6417432e-01   1.9440000e+02   4.5898000e+00
   5.6417432e-01   1.9920024e+02   6.0560700e+00
   5.6417432e-01   2.0399990e+02   7.8346400e+00
   5.6417432e-01   2.0880014e+02   9.8623200e+00
   5.6417432e-01   2.1359981e+02   1.2072800e+01
   5.6417432e-01   2.1840005e+02   1.4398700e+01
   5.6417432e-01   2.2319972e+02   1.6773200e+01
   5.6417432e-01   2.2799996e+02   1.9132200e+01
   5.6417432e-01   2.3280020e+02   2.1415200e+01
   5.6417432e-01   2.3759987e+02   2.3567100e+01
   5.6417432e-01   2.4240011e+02   2.5539000e+01
   5.6417432e-01   2.4719978e+02   2.7289100e+01
   5.6590945e-01   1.0800025e+02   4.4019200e+01
   5.6590945e-01   1.1279992e+02   4.0614800e+01
   5.6590945e-01   1.1760016e+02   3.6944400e+01
   5.6590945e-01   1.2239983e+02   3.3090400e+01
   5.6590945e-01   1.2720007e+02   2.9140300e+01
   5.6590945e-01   1.3199974e+02   2.5184100e+01
   5.6590945e-01   1.3679998e+02   2.1312000e+01
   5.6590945e-01   1.4160022e+02   1.7611400e+01
   5.6590945e-01   1.4639988e+02   1.4164200e+01
   5.6590945e-01   1.5120012e+02   1.1044400e+01
   5.6590945e-01   1.5599979e+02   8.3157000e+00
   5.6590945e-01   1.6080003e+02   6.0297900e+00
   5.6590945e-01   1.6560027e+02   4.2248800e+00
   5.6590945e-01   1.7039994e+02   2.9249400e+00
   5.6590945e-01   1.7520018e+02   2.1394000e+00
   5.6590945e-01   1.7999985e+02   1.8634000e+00
   5.6590945e-01   1.8480009e+02   2.0785400e+00
   5.6590945e-01   1.8959976e+02   2.7540700e+00
   5.6590945e-01   1.9440000e+02   3.8483900e+00
   5.6590945e-01   1.9920024e+02   5.3108200e+00
   5.6590945e-01   2.0399990e+02   7.0835800e+00
   5.6590945e-01   2.0880014e+02   9.1038000e+00
   5.6590945e-01   2.1359981e+02   1.1305500e+01
   5.6590945e-01   2.1840005e+02   1.3621600e+01
   5.6590945e-01   2.2319972e+02   1.5985900e+01
   5.6590945e-01   2.2799996e+02   1.8334200e+01
   5.6590945e-01   2.3280020e+02   2.0606600e+01
   5.6590945e-01   2.3759987e+02   2.2748200e+01
   5.6590945e-01   2.4240011e+02   2.4710300e+01
   5.6590945e-01   2.4719978e+02   2.6451300e+01
   5.6764377e-01   1.0800025e+02   4.3086200e+01
   5.6764377e-01   1.1279992e+02   3.9703100e+01
   5.6764377e-01   1.1760016e+02   3.6055900e+01
   5.6764377e-01   1.2239983e+02   3.2226600e+01
   5.6764377e-01   1.2720007e+02   2.8302000e+01
   5.6764377e-01   1.3199974e+02   2.4371800e+01
   5.6764377e-01   1.3679998e+02   2.0525500e+01
   5.6764377e-01   1.4160022e+02   1.6850200e+01
   5.6764377e-01   1.4639988e+02   1.3427000e+01
   5.6764377e-01   1.5120012e+02   1.0329600e+01
   5.6764377e-01   1.5599979e+02   7.6213200e+00
   5.6764377e-01   1.6080003e+02   5.3533700e+00
   5.6764377e-01   1.6560027e+02   3.5637700e+00
   5.6764377e-01   1.7039994e+02   2.2763000e+00
   5.6764377e-01   1.7520018e+02   1.5002900e+00
   5.6764377e-01   1.7999985e+02   1.2308700e+00
   5.6764377e-01   1.8480009e+02   1.4497200e+00
   5.6764377e-01   1.8959976e+02   2.1262200e+00
   5.6764377e-01   1.9440000e+02   3.2189700e+00
   5.6764377e-01   1.9920024e+02   4.6775700e+00
   5.6764377e-01   2.0399990e+02   6.4445300e+00
   5.6764377e-01   2.0880014e+02   8.4572900e+00
   5.6764377e-01   2.1359981e+02   1.0650200e+01
   5.6764377e-01   2.1840005e+02   1.2956600e+01
   5.6764377e-01   2.2319972e+02   1.5310500e+01
   5.6764377e-01   2.2799996e+02   1.7648200e+01
   5.6764377e-01   2.3280020e+02   1.9910000e+01
   5.6764377e-01   2.3759987e+02   2.2041200e+01
   5.6764377e-01   2.4240011e+02   2.3993500e+01
   5.6764377e-01   2.4719978e+02   2.5725400e+01
   5.6937727e-01   1.0800025e+02   4.2274200e+01
   5.6937727e-01   1.1279992e+02   3.8912400e+01
   5.6937727e-01   1.1760016e+02   3.5288500e+01
   5.6937727e-01   1.2239983e+02   3.1483800e+01
   5.6937727e-01   1.2720007e+02   2.7584800e+01
   5.6937727e-01   1.3199974e+02   2.3680500e+01
   5.6937727e-01   1.3679998e+02   1.9860200e+01
   5.6937727e-01   1.4160022e+02   1.6210000e+01
   5.6937727e-01   1.4639988e+02   1.2810900e+01
   5.6937727e-01   1.5120012e+02   9.7359400e+00
   5.6937727e-01   1.5599979e+02   7.0479800e+00
   5.6937727e-01   1.6080003e+02   4.7980000e+00
   5.6937727e-01   1.6560027e+02   3.0237100e+00
   5.6937727e-01   1.7039994e+02   1.7487000e+00
   5.6937727e-01   1.7520018e+02   9.8222200e-01
   5.6937727e-01   1.7999985e+02   7.1939000e-01
   5.6937727e-01   1.8480009e+02   9.4195000e-01
   5.6937727e-01   1.8959976e+02   1.6194300e+00
   5.6937727e-01   1.9440000e+02   2.7106300e+00
   5.6937727e-01   1.9920024e+02   4.1654000e+00
   5.6937727e-01   2.0399990e+02   5.9265600e+00
   5.6937727e-01   2.0880014e+02   7.9318600e+00
   5.6937727e-01   2.1359981e+02   1.0116000e+01
   5.6937727e-01   2.1840005e+02   1.2412700e+01
   5.6937727e-01   2.2319972e+02   1.4756200e+01
   5.6937727e-01   2.2799996e+02   1.7083300e+01
   5.6937727e-01   2.3280020e+02   1.9334400e+01
   5.6937727e-01   2.3759987e+02   2.1455300e+01
   5.6937727e-01   2.4240011e+02   2.3397700e+01
   5.6937727e-01   2.4719978e+02   2.5120600e+01
   5.7110991e-01   1.0800025e+02   4.1592200e+01
   5.7110991e-01   1.1279992e+02   3.8251700e+01
   5.7110991e-01   1.1760016e+02   3.4651000e+01
   5.7110991e-01   1.2239983e+02   3.0871000e+01
   5.7110991e-01   1.2720007e+02   2.6997600e+01
   5.7110991e-01   1.3199974e+02   2.3119300e+01
   5.7110991e-01   1.3679998e+02   1.9324900e+01
   5.7110991e-01   1.4160022e+02   1.5699900e+01
   5.7110991e-01   1.4639988e+02   1.2324800e+01
   5.7110991e-01   1.5120012e+02   9.2722800e+00
   5.7110991e-01   1.5599979e+02   6.6046800e+00
   5.7110991e-01   1.6080003e+02   4.3726700e+00
   5.7110991e-01   1.6560027e+02   2.6136800e+00
   5.7110991e-01   1.7039994e+02   1.3511500e+00
   5.7110991e-01   1.7520018e+02   5.9420800e-01
   5.7110991e-01   1.7999985e+02   3.3796900e-01
   5.7110991e-01   1.8480009e+02   5.6424700e-01
   5.7110991e-01   1.8959976e+02   1.2427100e+00
   5.7110991e-01   1.9440000e+02   2.3323600e+00
   5.7110991e-01   1.9920024e+02   3.7833200e+00
   5.7110991e-01   2.0399990e+02   5.5386900e+00
   5.7110991e-01   2.0880014e+02   7.5365500e+00
   5.7110991e-01   2.1359981e+02   9.7119800e+00
   5.7110991e-01   2.1840005e+02   1.1998900e+01
   5.7110991e-01   2.2319972e+02   1.4332100e+01
   5.7110991e-01   2.2799996e+02   1.6648500e+01
   5.7110991e-01   2.3280020e+02   1.8888900e+01
   5.7110991e-01   2.3759987e+02   2.0999400e+01
   5.7110991e-01   2.4240011e+02   2.2932000e+01
   5.7110991e-01   2.4719978e+02   2.4645800e+01
   5.7284168e-01   1.0800025e+02   4.1049100e+01
   5.7284168e-01   1.1279992e+02   3.7730000e+01
   5.7284168e-01   1.1760016e+02   3.4152500e+01
   5.7284168e-01   1.2239983e+02   3.0397100e+01
   5.7284168e-01   1.2720007e+02   2.6549300e+01
   5.7284168e-01   1.3199974e+02   2.2697100e+01
   5.7284168e-01   1.3679998e+02   1.8928500e+01
   5.7284168e-01   1.4160022e+02   1.5328700e+01
   5.7284168e-01   1.4639988e+02   1.1977700e+01
   5.7284168e-01   1.5120012e+02   8.9475900e+00
   5.7284168e-01   1.5599979e+02   6.3003500e+00
   5.7284168e-01   1.6080003e+02   4.0863100e+00
   5.7284168e-01   1.6560027e+02   2.3426400e+00
   5.7284168e-01   1.7039994e+02   1.0925800e+00
   5.7284168e-01   1.7520018e+02   3.4518600e-01
   5.7284168e-01   1.7999985e+02   9.5550000e-02
   5.7284168e-01   1.8480009e+02   3.2555700e-01
   5.7284168e-01   1.8959976e+02   1.0050200e+00
   5.7284168e-01   1.9440000e+02   2.0931400e+00
   5.7284168e-01   1.9920024e+02   3.5403000e+00
   5.7284168e-01   2.0399990e+02   5.2898900e+00
   5.7284168e-01   2.0880014e+02   7.2803200e+00
   5.7284168e-01   2.1359981e+02   9.4470000e+00
   5.7284168e-01   2.1840005e+02   1.1724200e+01
   5.7284168e-01   2.2319972e+02   1.4047100e+01
   5.7284168e-01   2.2799996e+02   1.6352800e+01
   5.7284168e-01   2.3280020e+02   1.8582600e+01
   5.7284168e-01   2.3759987e+02   2.0682700e+01
   5.7284168e-01   2.4240011e+02   2.2605500e+01
   5.7284168e-01   2.4719978e+02   2.4310200e+01
   5.7457256e-01   1.0800025e+02   4.0653700e+01
   5.7457256e-01   1.1279992e+02   3.7356000e+01
   5.7457256e-01   1.1760016e+02   3.3801800e+01
   5.7457256e-01   1.2239983e+02   3.0071100e+01
   5.7457256e-01   1.2720007e+02   2.6248900e+01
   5.7457256e-01   1.3199974e+02   2.2422700e+01
   5.7457256e-01   1.3679998e+02   1.8680000e+01
   5.7457256e-01   1.4160022e+02   1.5105400e+01
   5.7457256e-01   1.4639988e+02   1.1778500e+01
   5.7457256e-01   1.5120012e+02   8.7707200e+00
   5.7457256e-01   1.5599979e+02   6.1438400e+00
   5.7457256e-01   1.6080003e+02   3.9477800e+00
   5.7457256e-01   1.6560027e+02   2.2194300e+00
   5.7457256e-01   1.7039994e+02   9.8185600e-01
   5.7457256e-01   1.7520018e+02   2.4401600e-01
   5.7457256e-01   1.7999985e+02   9.9666200e-04
   5.7457256e-01   1.8480009e+02   2.3474800e-01
   5.7457256e-01   1.8959976e+02   9.1522100e-01
   5.7457256e-01   1.9440000e+02   2.0018400e+00
   5.7457256e-01   1.9920024e+02   3.4452100e+00
   5.7457256e-01   2.0399990e+02   5.1890400e+00
   5.7457256e-01   2.0880014e+02   7.1720500e+00
   5.7457256e-01   2.1359981e+02   9.3300000e+00
   5.7457256e-01   2.1840005e+02   1.1597500e+01
   5.7457256e-01   2.2319972e+02   1.3910000e+01
   5.7457256e-01   2.2799996e+02   1.6205100e+01
   5.7457256e-01   2.3280020e+02   1.8424300e+01
   5.7457256e-01   2.3759987e+02   2.0514000e+01
   5.7457256e-01   2.4240011e+02   2.2426900e+01
   5.7457256e-01   2.4719978e+02   2.4122500e+01
   5.7630253e-01   1.0800025e+02   4.0414900e+01
   5.7630253e-01   1.1279992e+02   3.7138500e+01
   5.7630253e-01   1.1760016e+02   3.3607600e+01
   5.7630253e-01   1.2239983e+02   2.9901600e+01
   5.7630253e-01   1.2720007e+02   2.6105000e+01
   5.7630253e-01   1.3199974e+02   2.2304800e+01
   5.7630253e-01   1.3679998e+02   1.8588000e+01
   5.7630253e-01   1.4160022e+02   1.5038600e+01
   5.7630253e-01   1.4639988e+02   1.1735700e+01
   5.7630253e-01   1.5120012e+02   8.7504200e+00
   5.7630253e-01   1.5599979e+02   6.1439100e+00
   5.7630253e-01   1.6080003e+02   3.9658300e+00
   5.7630253e-01   1.6560027e+02   2.2528100e+00
   5.7630253e-01   1.7039994e+02   1.0277400e+00
   5.7630253e-01   1.7520018e+02   2.9946600e-01
   5.7630253e-01   1.7999985e+02   6.3077700e-02
   5.7630253e-01   1.8480009e+02   3.0059100e-01
   5.7630253e-01   1.8959976e+02   9.8209700e-01
   5.7630253e-01   1.9440000e+02   2.0672200e+00
   5.7630253e-01   1.9920024e+02   3.5068300e+00
   5.7630253e-01   2.0399990e+02   5.2449200e+00
   5.7630253e-01   2.0880014e+02   7.2205400e+00
   5.7630253e-01   2.1359981e+02   9.3697700e+00
   5.7630253e-01   2.1840005e+02   1.1627600e+01
   5.7630253e-01   2.2319972e+02   1.3929800e+01
   5.7630253e-01   2.2799996e+02   1.6214200e+01
   5.7630253e-01   2.3280020e+02   1.8422700e+01
   5.7630253e-01   2.3759987e+02   2.0502100e+01
   5.7630253e-01   2.4240011e+02   2.2405100e+01
   5.7630253e-01   2.4719978e+02   2.4091600e+01
   5.7803156e-01   1.0800025e+02   4.0341200e+01
   5.7803156e-01   1.1279992e+02   3.7086200e+01
   5.7803156e-01   1.1760016e+02   3.3578600e+01
   5.7803156e-01   1.2239983e+02   2.9897300e+01
   5.7803156e-01   1.2720007e+02   2.6126300e+01
   5.7803156e-01   1.3199974e+02   2.2352200e+01
   5.7803156e-01   1.3679998e+02   1.8661200e+01
   5.7803156e-01   1.4160022e+02   1.5137100e+01
   5.7803156e-01   1.4639988e+02   1.1858200e+01
   5.7803156e-01   1.5120012e+02   8.8953400e+00
   5.7803156e-01   1.5599979e+02   6.3092000e+00
   5.7803156e-01   1.6080003e+02   4.1491100e+00
   5.7803156e-01   1.6560027e+02   2.4514300e+00
   5.7803156e-01   1.7039994e+02   1.2388700e+00
   5.7803156e-01   1.7520018e+02   5.2018800e-01
   5.7803156e-01   1.7999985e+02   2.9045000e-01
   5.7803156e-01   1.8480009e+02   5.3174600e-01
   5.7803156e-01   1.8959976e+02   1.2143100e+00
   5.7803156e-01   1.9440000e+02   2.2979600e+00
   5.7803156e-01   1.9920024e+02   3.7338300e+00
   5.7803156e-01   2.0399990e+02   5.4662000e+00
   5.7803156e-01   2.0880014e+02   7.4344400e+00
   5.7803156e-01   2.1359981e+02   9.5749800e+00
   5.7803156e-01   2.1840005e+02   1.1823200e+01
   5.7803156e-01   2.2319972e+02   1.4115000e+01
   5.7803156e-01   2.2799996e+02   1.6388800e+01
   5.7803156e-01   2.3280020e+02   1.8586700e+01
   5.7803156e-01   2.3759987e+02   2.0655700e+01
   5.7803156e-01   2.4240011e+02   2.2548900e+01
   5.7803156e-01   2.4719978e+02   2.4226200e+01
   5.7975964e-01   1.0800025e+02   4.0441200e+01
   5.7975964e-01   1.1279992e+02   3.7207600e+01
   5.7975964e-01   1.1760016e+02   3.3723300e+01
   5.7975964e-01   1.2239983e+02   3.0066700e+01
   5.7975964e-01   1.2720007e+02   2.6321300e+01
   5.7975964e-01   1.3199974e+02   2.2573200e+01
   5.7975964e-01   1.3679998e+02   1.8908100e+01
   5.7975964e-01   1.4160022e+02   1.5409300e+01
   5.7975964e-01   1.4639988e+02   1.2154500e+01
   5.7975964e-01   1.5120012e+02   9.2140000e+00
   5.7975964e-01   1.5599979e+02   6.6482500e+00
   5.7975964e-01   1.6080003e+02   4.5061500e+00
   5.7975964e-01   1.6560027e+02   2.8238300e+00
   5.7975964e-01   1.7039994e+02   1.6237900e+00
   5.7975964e-01   1.7520018e+02   9.1471400e-01
   5.7975964e-01   1.7999985e+02   6.9164600e-01
   5.7975964e-01   1.8480009e+02   9.3674700e-01
   5.7975964e-01   1.8959976e+02   1.6203900e+00
   5.7975964e-01   1.9440000e+02   2.7026000e+00
   5.7975964e-01   1.9920024e+02   4.1347500e+00
   5.7975964e-01   2.0399990e+02   5.8614200e+00
   5.7975964e-01   2.0880014e+02   7.8223200e+00
   5.7975964e-01   2.1359981e+02   9.9541900e+00
   5.7975964e-01   2.1840005e+02   1.2192700e+01
   5.7975964e-01   2.2319972e+02   1.4474300e+01
   5.7975964e-01   2.2799996e+02   1.6737500e+01
   5.7975964e-01   2.3280020e+02   1.8924700e+01
   5.7975964e-01   2.3759987e+02   2.0983400e+01
   5.7975964e-01   2.4240011e+02   2.2866700e+01
   5.7975964e-01   2.4719978e+02   2.4534900e+01
   5.8148674e-01   1.0800025e+02   4.0723300e+01
   5.8148674e-01   1.1279992e+02   3.7511100e+01
   5.8148674e-01   1.1760016e+02   3.4050100e+01
   5.8148674e-01   1.2239983e+02   3.0418200e+01
   5.8148674e-01   1.2720007e+02   2.6698500e+01
   5.8148674e-01   1.3199974e+02   2.2976400e+01
   5.8148674e-01   1.3679998e+02   1.9337200e+01
   5.8148674e-01   1.4160022e+02   1.5863600e+01
   5.8148674e-01   1.4639988e+02   1.2632800e+01
   5.8148674e-01   1.5120012e+02   9.7147800e+00
   5.8148674e-01   1.5599979e+02   7.1694200e+00
   5.8148674e-01   1.6080003e+02   5.0453400e+00
   5.8148674e-01   1.6560027e+02   3.3783800e+00
   5.8148674e-01   1.7039994e+02   2.1908900e+00
   5.8148674e-01   1.7520018e+02   1.4914300e+00
   5.8148674e-01   1.7999985e+02   1.2750600e+00
   5.8148674e-01   1.8480009e+02   1.5239900e+00
   5.8148674e-01   1.8959976e+02   2.2087400e+00
   5.8148674e-01   1.9440000e+02   3.2895300e+00
   5.8148674e-01   1.9920024e+02   4.7180000e+00
   5.8148674e-01   2.0399990e+02   6.4390100e+00
   5.8148674e-01   2.0880014e+02   8.3925800e+00
   5.8148674e-01   2.1359981e+02   1.0515800e+01
   5.8148674e-01   2.1840005e+02   1.2744700e+01
   5.8148674e-01   2.2319972e+02   1.5016000e+01
   5.8148674e-01   2.2799996e+02   1.7268600e+01
   5.8148674e-01   2.3280020e+02   1.9445200e+01
   5.8148674e-01   2.3759987e+02   2.1493500e+01
   5.8148674e-01   2.4240011e+02   2.3367000e+01
   5.8148674e-01   2.4719978e+02   2.5026000e+01
   5.8321284e-01   1.0800025e+02   4.1195600e+01
   5.8321284e-01   1.1279992e+02   3.8004900e+01
   5.8321284e-01   1.1760016e+02   3.4567200e+01
   5.8321284e-01   1.2239983e+02   3.0960000e+01
   5.8321284e-01   1.2720007e+02   2.7266000e+01
   5.8321284e-01   1.3199974e+02   2.3569900e+01
   5.8321284e-01   1.3679998e+02   1.9956600e+01
   5.8321284e-01   1.4160022e+02   1.6508200e+01
   5.8321284e-01   1.4639988e+02   1.3301500e+01
   5.8321284e-01   1.5120012e+02   1.0405900e+01
   5.8321284e-01   1.5599979e+02   7.8809600e+00
   5.8321284e-01   1.6080003e+02   5.7749100e+00
   5.8321284e-01   1.6560027e+02   4.1233300e+00
   5.8321284e-01   1.7039994e+02   2.9484000e+00
   5.8321284e-01   1.7520018e+02   2.2585900e+00
   5.8321284e-01   1.7999985e+02   2.0489300e+00
   5.8321284e-01   1.8480009e+02   2.3017200e+00
   5.8321284e-01   1.8959976e+02   2.9876000e+00
   5.8321284e-01   1.9440000e+02   4.0670000e+00
   5.8321284e-01   1.9920024e+02   5.4918200e+00
   5.8321284e-01   2.0399990e+02   7.2072000e+00
   5.8321284e-01   2.0880014e+02   9.1534800e+00
   5.8321284e-01   2.1359981e+02   1.1268100e+01
   5.8321284e-01   2.1840005e+02   1.3487400e+01
   5.8321284e-01   2.2319972e+02   1.5748400e+01
   5.8321284e-01   2.2799996e+02   1.7990500e+01
   5.8321284e-01   2.3280020e+02   2.0156500e+01
   5.8321284e-01   2.3759987e+02   2.2194500e+01
   5.8321284e-01   2.4240011e+02   2.4058100e+01
   5.8321284e-01   2.4719978e+02   2.5708000e+01
   5.8493792e-01   1.0800025e+02   4.1866400e+01
   5.8493792e-01   1.1279992e+02   3.8697100e+01
   5.8493792e-01   1.1760016e+02   3.5282700e+01
   5.8493792e-01   1.2239983e+02   3.1700300e+01
   5.8493792e-01   1.2720007e+02   2.8031800e+01
   5.8493792e-01   1.3199974e+02   2.4361800e+01
   5.8493792e-01   1.3679998e+02   2.0774400e+01
   5.8493792e-01   1.4160022e+02   1.7351300e+01
   5.8493792e-01   1.4639988e+02   1.4168700e+01
   5.8493792e-01   1.5120012e+02   1.1295500e+01
   5.8493792e-01   1.5599979e+02   8.7909400e+00
   5.8493792e-01   1.6080003e+02   6.7029200e+00
   5.8493792e-01   1.6560027e+02   5.0667400e+00
   5.8493792e-01   1.7039994e+02   3.9043900e+00
   5.8493792e-01   1.7520018e+02   3.2242500e+00
   5.8493792e-01   1.7999985e+02   3.0213300e+00
   5.8493792e-01   1.8480009e+02   3.2780100e+00
   5.8493792e-01   1.8959976e+02   3.9650500e+00
   5.8493792e-01   1.9440000e+02   5.0431100e+00
   5.8493792e-01   1.9920024e+02   6.4643000e+00
   5.8493792e-01   2.0399990e+02   8.1740800e+00
   5.8493792e-01   2.0880014e+02   1.0113100e+01
   5.8493792e-01   2.1359981e+02   1.2219100e+01
   5.8493792e-01   2.1840005e+02   1.4428900e+01
   5.8493792e-01   2.2319972e+02   1.6679700e+01
   5.8493792e-01   2.2799996e+02   1.8911200e+01
   5.8493792e-01   2.3280020e+02   2.1066700e+01
   5.8493792e-01   2.3759987e+02   2.3094300e+01
   5.8493792e-01   2.4240011e+02   2.4948100e+01
   5.8493792e-01   2.4719978e+02   2.6588900e+01
   5.8666196e-01   1.0800025e+02   4.2743400e+01
   5.8666196e-01   1.1279992e+02   3.9595600e+01
   5.8666196e-01   1.1760016e+02   3.6204500e+01
   5.8666196e-01   1.2239983e+02   3.2646800e+01
   5.8666196e-01   1.2720007e+02   2.9004000e+01
   5.8666196e-01   1.3199974e+02   2.5360000e+01
   5.8666196e-01   1.3679998e+02   2.1798600e+01
   5.8666196e-01   1.4160022e+02   1.8400600e+01
   5.8666196e-01   1.4639988e+02   1.5242100e+01
   5.8666196e-01   1.5120012e+02   1.2391400e+01
   5.8666196e-01   1.5599979e+02   9.9072600e+00
   5.8666196e-01   1.6080003e+02   7.8372800e+00
   5.8666196e-01   1.6560027e+02   6.2165200e+00
   5.8666196e-01   1.7039994e+02   5.0667700e+00
   5.8666196e-01   1.7520018e+02   4.3963200e+00
   5.8666196e-01   1.7999985e+02   4.2001800e+00
   5.8666196e-01   1.8480009e+02   4.4607700e+00
   5.8666196e-01   1.8959976e+02   5.1490100e+00
   5.8666196e-01   1.9440000e+02   6.2257500e+00
   5.8666196e-01   1.9920024e+02   7.6433600e+00
   5.8666196e-01   2.0399990e+02   9.3475800e+00
   5.8666196e-01   2.0880014e+02   1.1279400e+01
   5.8666196e-01   2.1359981e+02   1.3376900e+01
   5.8666196e-01   2.1840005e+02   1.5577100e+01
   5.8666196e-01   2.2319972e+02   1.7817700e+01
   5.8666196e-01   2.2799996e+02   2.0038700e+01
   5.8666196e-01   2.3280020e+02   2.2183600e+01
   5.8666196e-01   2.3759987e+02   2.4200900e+01
   5.8666196e-01   2.4240011e+02   2.6045000e+01
   5.8666196e-01   2.4719978e+02   2.7676600e+01
   5.8838494e-01   1.0800025e+02   4.3834500e+01
   5.8838494e-01   1.1279992e+02   4.0708200e+01
   5.8838494e-01   1.1760016e+02   3.7340300e+01
   5.8838494e-01   1.2239983e+02   3.3807400e+01
   5.8838494e-01   1.2720007e+02   3.0190300e+01
   5.8838494e-01   1.3199974e+02   2.6572300e+01
   5.8838494e-01   1.3679998e+02   2.3036700e+01
   5.8838494e-01   1.4160022e+02   1.9664000e+01
   5.8838494e-01   1.4639988e+02   1.6529600e+01
   5.8838494e-01   1.5120012e+02   1.3701300e+01
   5.8838494e-01   1.5599979e+02   1.1237600e+01
   5.8838494e-01   1.6080003e+02   9.1857100e+00
   5.8838494e-01   1.6560027e+02   7.5803800e+00
   5.8838494e-01   1.7039994e+02   6.4432500e+00
   5.8838494e-01   1.7520018e+02   5.7825200e+00
   5.8838494e-01   1.7999985e+02   5.5931700e+00
   5.8838494e-01   1.8480009e+02   5.8577100e+00
   5.8838494e-01   1.8959976e+02   6.5471900e+00
   5.8838494e-01   1.9440000e+02   7.6226500e+00
   5.8838494e-01   1.9920024e+02   9.0367100e+00
   5.8838494e-01   2.0399990e+02   1.0735400e+01
   5.8838494e-01   2.0880014e+02   1.2660000e+01
   5.8838494e-01   2.1359981e+02   1.4749000e+01
   5.8838494e-01   2.1840005e+02   1.6939700e+01
   5.8838494e-01   2.2319972e+02   1.9170200e+01
   5.8838494e-01   2.2799996e+02   2.1380700e+01
   5.8838494e-01   2.3280020e+02   2.3515100e+01
   5.8838494e-01   2.3759987e+02   2.5522100e+01
   5.8838494e-01   2.4240011e+02   2.7356400e+01
   5.8838494e-01   2.4719978e+02   2.8979000e+01
   5.9010683e-01   1.0800025e+02   4.5147100e+01
   5.9010683e-01   1.1279992e+02   4.2042200e+01
   5.9010683e-01   1.1760016e+02   3.8697700e+01
   5.9010683e-01   1.2239983e+02   3.5189500e+01
   5.9010683e-01   1.2720007e+02   3.1598000e+01
   5.9010683e-01   1.3199974e+02   2.8006100e+01
   5.9010683e-01   1.3679998e+02   2.4496400e+01
   5.9010683e-01   1.4160022e+02   2.1149000e+01
   5.9010683e-01   1.4639988e+02   1.8038600e+01
   5.9010683e-01   1.5120012e+02   1.5232800e+01
   5.9010683e-01   1.5599979e+02   1.2789600e+01
   5.9010683e-01   1.6080003e+02   1.0755700e+01
   5.9010683e-01   1.6560027e+02   9.1658400e+00
   5.9010683e-01   1.7039994e+02   8.0413500e+00
   5.9010683e-01   1.7520018e+02   7.3903600e+00
   5.9010683e-01   1.7999985e+02   7.2078500e+00
   5.9010683e-01   1.8480009e+02   7.4763700e+00
   5.9010683e-01   1.8959976e+02   8.1671200e+00
   5.9010683e-01   1.9440000e+02   9.2413400e+00
   5.9010683e-01   1.9920024e+02   1.0651900e+01
   5.9010683e-01   2.0399990e+02   1.2345100e+01
   5.9010683e-01   2.0880014e+02   1.4262600e+01
   5.9010683e-01   2.1359981e+02   1.6343100e+01
   5.9010683e-01   2.1840005e+02   1.8524300e+01
   5.9010683e-01   2.2319972e+02   2.0744700e+01
   5.9010683e-01   2.2799996e+02   2.2944700e+01
   5.9010683e-01   2.3280020e+02   2.5068700e+01
   5.9010683e-01   2.3759987e+02   2.7065500e+01
   5.9010683e-01   2.4240011e+02   2.8889900e+01
   5.9010683e-01   2.4719978e+02   3.0503500e+01
   5.9182763e-01   1.0800025e+02   4.6688600e+01
   5.9182763e-01   1.1279992e+02   4.3605200e+01
   5.9182763e-01   1.1760016e+02   4.0284000e+01
   5.9182763e-01   1.2239983e+02   3.6800500e+01
   5.9182763e-01   1.2720007e+02   3.3234700e+01
   5.9182763e-01   1.3199974e+02   2.9668800e+01
   5.9182763e-01   1.3679998e+02   2.6185000e+01
   5.9182763e-01   1.4160022e+02   2.2862800e+01
   5.9182763e-01   1.4639988e+02   1.9776500e+01
   5.9182763e-01   1.5120012e+02   1.6993200e+01
   5.9182763e-01   1.5599979e+02   1.4570400e+01
   5.9182763e-01   1.6080003e+02   1.2554600e+01
   5.9182763e-01   1.6560027e+02   1.0980200e+01
   5.9182763e-01   1.7039994e+02   9.8684000e+00
   5.9182763e-01   1.7520018e+02   9.2271800e+00
   5.9182763e-01   1.7999985e+02   9.0515200e+00
   5.9182763e-01   1.8480009e+02   9.3240600e+00
   5.9182763e-01   1.8959976e+02   1.0016100e+01
   5.9182763e-01   1.9440000e+02   1.1089100e+01
   5.9182763e-01   1.9920024e+02   1.2496200e+01
   5.9182763e-01   2.0399990e+02   1.4184000e+01
   5.9182763e-01   2.0880014e+02   1.6094400e+01
   5.9182763e-01   2.1359981e+02   1.8166500e+01
   5.9182763e-01   2.1840005e+02   2.0338300e+01
   5.9182763e-01   2.2319972e+02   2.2548500e+01
   5.9182763e-01   2.2799996e+02   2.4738200e+01
   5.9182763e-01   2.3280020e+02   2.6851700e+01
   5.9182763e-01   2.3759987e+02   2.8838200e+01
   5.9182763e-01   2.4240011e+02   3.0653000e+01
   5.9182763e-01   2.4719978e+02   3.2257400e+01
   5.9354730e-01   1.0800025e+02   4.8466200e+01
   5.9354730e-01   1.1279992e+02   4.5404200e+01
   5.9354730e-01   1.1760016e+02   4.2106300e+01
   5.9354730e-01   1.2239983e+02   3.8647500e+01
   5.9354730e-01   1.2720007e+02   3.5107300e+01
   5.9354730e-01   1.3199974e+02   3.1567500e+01
   5.9354730e-01   1.3679998e+02   2.8109600e+01
   5.9354730e-01   1.4160022e+02   2.4812600e+01
   5.9354730e-01   1.4639988e+02   2.1750400e+01
   5.9354730e-01   1.5120012e+02   1.8989600e+01
   5.9354730e-01   1.5599979e+02   1.6587200e+01
   5.9354730e-01   1.6080003e+02   1.4589600e+01
   5.9354730e-01   1.6560027e+02   1.3030600e+01
   5.9354730e-01   1.7039994e+02   1.1931500e+01
   5.9354730e-01   1.7520018e+02   1.1300100e+01
   5.9354730e-01   1.7999985e+02   1.1131300e+01
   5.9354730e-01   1.8480009e+02   1.1407900e+01
   5.9354730e-01   1.8959976e+02   1.2101300e+01
   5.9354730e-01   1.9440000e+02   1.3173200e+01
   5.9354730e-01   1.9920024e+02   1.4576800e+01
   5.9354730e-01   2.0399990e+02   1.6259200e+01
   5.9354730e-01   2.0880014e+02   1.8162500e+01
   5.9354730e-01   2.1359981e+02   2.0226200e+01
   5.9354730e-01   2.1840005e+02   2.2388700e+01
   5.9354730e-01   2.2319972e+02   2.4588900e+01
   5.9354730e-01   2.2799996e+02   2.6768200e+01
   5.9354730e-01   2.3280020e+02   2.8871200e+01
   5.9354730e-01   2.3759987e+02   3.0847600e+01
   5.9354730e-01   2.4240011e+02   3.2652600e+01
   5.9354730e-01   2.4719978e+02   3.4248100e+01
   5.9526582e-01   1.0800025e+02   5.0486600e+01
   5.9526582e-01   1.1279992e+02   4.7446000e+01
   5.9526582e-01   1.1760016e+02   4.4171500e+01
   5.9526582e-01   1.2239983e+02   4.0737400e+01
   5.9526582e-01   1.2720007e+02   3.7222900e+01
   5.9526582e-01   1.3199974e+02   3.3709000e+01
   5.9526582e-01   1.3679998e+02   3.0277000e+01
   5.9526582e-01   1.4160022e+02   2.7005300e+01
   5.9526582e-01   1.4639988e+02   2.3967200e+01
   5.9526582e-01   1.5120012e+02   2.1228800e+01
   5.9526582e-01   1.5599979e+02   1.8846900e+01
   5.9526582e-01   1.6080003e+02   1.6867400e+01
   5.9526582e-01   1.6560027e+02   1.5323900e+01
   5.9526582e-01   1.7039994e+02   1.4237500e+01
   5.9526582e-01   1.7520018e+02   1.3615900e+01
   5.9526582e-01   1.7999985e+02   1.3454100e+01
   5.9526582e-01   1.8480009e+02   1.3734800e+01
   5.9526582e-01   1.8959976e+02   1.4429600e+01
   5.9526582e-01   1.9440000e+02   1.5500300e+01
   5.9526582e-01   1.9920024e+02   1.6900600e+01
   5.9526582e-01   2.0399990e+02   1.8577600e+01
   5.9526582e-01   2.0880014e+02   2.0473900e+01
   5.9526582e-01   2.1359981e+02   2.2529300e+01
   5.9526582e-01   2.1840005e+02   2.4682400e+01
   5.9526582e-01   2.2319972e+02   2.6872700e+01
   5.9526582e-01   2.2799996e+02   2.9041600e+01
   5.9526582e-01   2.3280020e+02   3.1134200e+01
   5.9526582e-01   2.3759987e+02   3.3100500e+01
   5.9526582e-01   2.4240011e+02   3.4895800e+01
   5.9526582e-01   2.4719978e+02   3.6482200e+01
   5.9698317e-01   1.0800025e+02   5.2756600e+01
   5.9698317e-01   1.1279992e+02   4.9737500e+01
   5.9698317e-01   1.1760016e+02   4.6486300e+01
   5.9698317e-01   1.2239983e+02   4.3076900e+01
   5.9698317e-01   1.2720007e+02   3.9587900e+01
   5.9698317e-01   1.3199974e+02   3.6100100e+01
   5.9698317e-01   1.3679998e+02   3.2694000e+01
   5.9698317e-01   1.4160022e+02   2.9447500e+01
   5.9698317e-01   1.4639988e+02   2.6433500e+01
   5.9698317e-01   1.5120012e+02   2.3717600e+01
   5.9698317e-01   1.5599979e+02   2.1356200e+01
   5.9698317e-01   1.6080003e+02   1.9394700e+01
   5.9698317e-01   1.6560027e+02   1.7866800e+01
   5.9698317e-01   1.7039994e+02   1.6793100e+01
   5.9698317e-01   1.7520018e+02   1.6181400e+01
   5.9698317e-01   1.7999985e+02   1.6026500e+01
   5.9698317e-01   1.8480009e+02   1.6311300e+01
   5.9698317e-01   1.8959976e+02   1.7007600e+01
   5.9698317e-01   1.9440000e+02   1.8077200e+01
   5.9698317e-01   1.9920024e+02   1.9474200e+01
   5.9698317e-01   2.0399990e+02   2.1145900e+01
   5.9698317e-01   2.0880014e+02   2.3035300e+01
   5.9698317e-01   2.1359981e+02   2.5082400e+01
   5.9698317e-01   2.1840005e+02   2.7226200e+01
   5.9698317e-01   2.2319972e+02   2.9406500e+01
   5.9698317e-01   2.2799996e+02   3.1565100e+01
   5.9698317e-01   2.3280020e+02   3.3647400e+01
   5.9698317e-01   2.3759987e+02   3.5603500e+01
   5.9698317e-01   2.4240011e+02   3.7389200e+01
   5.9698317e-01   2.4719978e+02   3.8966700e+01
   5.9869934e-01   1.0800025e+02   5.5282700e+01
   5.9869934e-01   1.1279992e+02   5.2285000e+01
   5.9869934e-01   1.1760016e+02   4.9057100e+01
   5.9869934e-01   1.2239983e+02   4.5672400e+01
   5.9869934e-01   1.2720007e+02   4.2209100e+01
   5.9869934e-01   1.3199974e+02   3.8747200e+01
   5.9869934e-01   1.3679998e+02   3.5367000e+01
   5.9869934e-01   1.4160022e+02   3.2145700e+01
   5.9869934e-01   1.4639988e+02   2.9155800e+01
   5.9869934e-01   1.5120012e+02   2.6462400e+01
   5.9869934e-01   1.5599979e+02   2.4121400e+01
   5.9869934e-01   1.6080003e+02   2.2178100e+01
   5.9869934e-01   1.6560027e+02   2.0665700e+01
   5.9869934e-01   1.7039994e+02   1.9604800e+01
   5.9869934e-01   1.7520018e+02   1.9002900e+01
   5.9869934e-01   1.7999985e+02   1.8855100e+01
   5.9869934e-01   1.8480009e+02   1.9144000e+01
   5.9869934e-01   1.8959976e+02   1.9841700e+01
   5.9869934e-01   1.9440000e+02   2.0910400e+01
   5.9869934e-01   1.9920024e+02   2.2304100e+01
   5.9869934e-01   2.0399990e+02   2.3970500e+01
   5.9869934e-01   2.0880014e+02   2.5853000e+01
   5.9869934e-01   2.1359981e+02   2.7891800e+01
   5.9869934e-01   2.1840005e+02   3.0026400e+01
   5.9869934e-01   2.2319972e+02   3.2196800e+01
   5.9869934e-01   2.2799996e+02   3.4345200e+01
   5.9869934e-01   2.3280020e+02   3.6417200e+01
   5.9869934e-01   2.3759987e+02   3.8363300e+01
   5.9869934e-01   2.4240011e+02   4.0139300e+01
   5.9869934e-01   2.4719978e+02   4.1707800e+01
   6.0041430e-01   1.0800025e+02   5.8071100e+01
   6.0041430e-01   1.1279992e+02   5.5094800e+01
   6.0041430e-01   1.1760016e+02   5.1890100e+01
   6.0041430e-01   1.2239983e+02   4.8530100e+01
   6.0041430e-01   1.2720007e+02   4.5092400e+01
   6.0041430e-01   1.3199974e+02   4.1656600e+01
   6.0041430e-01   1.3679998e+02   3.8302200e+01
   6.0041430e-01   1.4160022e+02   3.5106100e+01
   6.0041430e-01   1.4639988e+02   3.2140300e+01
   6.0041430e-01   1.5120012e+02   2.9469300e+01
   6.0041430e-01   1.5599979e+02   2.7148800e+01
   6.0041430e-01   1.6080003e+02   2.5223700e+01
   6.0041430e-01   1.6560027e+02   2.3726900e+01
   6.0041430e-01   1.7039994e+02   2.2678700e+01
   6.0041430e-01   1.7520018e+02   2.2086700e+01
   6.0041430e-01   1.7999985e+02   2.1945900e+01
   6.0041430e-01   1.8480009e+02   2.2239100e+01
   6.0041430e-01   1.8959976e+02   2.2938300e+01
   6.0041430e-01   1.9440000e+02   2.4005900e+01
   6.0041430e-01   1.9920024e+02   2.5396400e+01
   6.0041430e-01   2.0399990e+02   2.7057700e+01
   6.0041430e-01   2.0880014e+02   2.8933300e+01
   6.0041430e-01   2.1359981e+02   3.0963900e+01
   6.0041430e-01   2.1840005e+02   3.3089300e+01
   6.0041430e-01   2.2319972e+02   3.5249900e+01
   6.0041430e-01   2.2799996e+02   3.7388100e+01
   6.0041430e-01   2.3280020e+02   3.9449800e+01
   6.0041430e-01   2.3759987e+02   4.1385800e+01
   6.0041430e-01   2.4240011e+02   4.3152300e+01
   6.0041430e-01   2.4719978e+02   4.4711900e+01
   6.0212802e-01   1.0800025e+02   6.1127700e+01
   6.0212802e-01   1.1279992e+02   5.8172800e+01
   6.0212802e-01   1.1760016e+02   5.4991400e+01
   6.0212802e-01   1.2239983e+02   5.1656100e+01
   6.0212802e-01   1.2720007e+02   4.8243900e+01
   6.0212802e-01   1.3199974e+02   4.4834100e+01
   6.0212802e-01   1.3679998e+02   4.1505500e+01
   6.0212802e-01   1.4160022e+02   3.8334700e+01
   6.0212802e-01   1.4639988e+02   3.5392900e+01
   6.0212802e-01   1.5120012e+02   3.2744400e+01
   6.0212802e-01   1.5599979e+02   3.0444400e+01
   6.0212802e-01   1.6080003e+02   2.8537400e+01
   6.0212802e-01   1.6560027e+02   2.7056100e+01
   6.0212802e-01   1.7039994e+02   2.6020800e+01
   6.0212802e-01   1.7520018e+02   2.5438800e+01
   6.0212802e-01   1.7999985e+02   2.5305000e+01
   6.0212802e-01   1.8480009e+02   2.5602400e+01
   6.0212802e-01   1.8959976e+02   2.6303200e+01
   6.0212802e-01   1.9440000e+02   2.7369900e+01
   6.0212802e-01   1.9920024e+02   2.8757200e+01
   6.0212802e-01   2.0399990e+02   3.0413300e+01
   6.0212802e-01   2.0880014e+02   3.2282100e+01
   6.0212802e-01   2.1359981e+02   3.4304600e+01
   6.0212802e-01   2.1840005e+02   3.6420900e+01
   6.0212802e-01   2.2319972e+02   3.8571700e+01
   6.0212802e-01   2.2799996e+02   4.0699700e+01
   6.0212802e-01   2.3280020e+02   4.2751200e+01
   6.0212802e-01   2.3759987e+02   4.4677200e+01
   6.0212802e-01   2.4240011e+02   4.6434200e+01
   6.0212802e-01   2.4719978e+02   4.7984900e+01
