#sin^2(theta23) Delta_CP/deg Delta_chi^2
   5.3457422e-01   1.2599972e+02   9.6762000e+01
   5.3457422e-01   1.3139985e+02   9.0307900e+01
   5.3457422e-01   1.3679998e+02   8.3420900e+01
   5.3457422e-01   1.4220010e+02   7.6284300e+01
   5.3457422e-01   1.4760023e+02   6.9091400e+01
   5.3457422e-01   1.5299978e+02   6.2039100e+01
   5.3457422e-01   1.5839991e+02   5.5319900e+01
   5.3457422e-01   1.6380004e+02   4.9114000e+01
   5.3457422e-01   1.6920017e+02   4.3581500e+01
   5.3457422e-01   1.7459972e+02   3.8854800e+01
   5.3457422e-01   1.7999985e+02   3.5032000e+01
   5.3457422e-01   1.8539998e+02   3.2172800e+01
   5.3457422e-01   1.9080010e+02   3.0296100e+01
   5.3457422e-01   1.9620023e+02   2.9380000e+01
   5.3457422e-01   2.0159978e+02   2.9364200e+01
   5.3457422e-01   2.0699991e+02   3.0155000e+01
   5.3457422e-01   2.1240004e+02   3.1630900e+01
   5.3457422e-01   2.1780017e+02   3.3650500e+01
   5.3457422e-01   2.2319972e+02   3.6059700e+01
   5.3457422e-01   2.2859985e+02   3.8699700e+01
   5.3457422e-01   2.3399997e+02   4.1414200e+01
   5.3457422e-01   2.3940010e+02   4.4055600e+01
   5.3457422e-01   2.4480023e+02   4.6490100e+01
   5.3457422e-01   2.5019978e+02   4.8602400e+01
   5.3457422e-01   2.5559991e+02   5.0298900e+01
   5.3457422e-01   2.6100004e+02   5.1509400e+01
   5.3457422e-01   2.6640016e+02   5.2189200e+01
   5.3457422e-01   2.7179972e+02   5.2319500e+01
   5.3457422e-01   2.7719985e+02   5.1907000e+01
   5.3457422e-01   2.8259997e+02   5.0983400e+01
   5.3631982e-01   1.2599972e+02   9.4770800e+01
   5.3631982e-01   1.3139985e+02   8.8330400e+01
   5.3631982e-01   1.3679998e+02   8.1461200e+01
   5.3631982e-01   1.4220010e+02   7.4345900e+01
   5.3631982e-01   1.4760023e+02   6.7177300e+01
   5.3631982e-01   1.5299978e+02   6.0151000e+01
   5.3631982e-01   1.5839991e+02   5.3458800e+01
   5.3631982e-01   1.6380004e+02   4.7280200e+01
   5.3631982e-01   1.6920017e+02   4.1774300e+01
   5.3631982e-01   1.7459972e+02   3.7072700e+01
   5.3631982e-01   1.7999985e+02   3.3273100e+01
   5.3631982e-01   1.8539998e+02   3.0434700e+01
   5.3631982e-01   1.9080010e+02   2.8576100e+01
   5.3631982e-01   1.9620023e+02   2.7675500e+01
   5.3631982e-01   2.0159978e+02   2.7672900e+01
   5.3631982e-01   2.0699991e+02   2.8474700e+01
   5.3631982e-01   2.1240004e+02   2.9960100e+01
   5.3631982e-01   2.1780017e+02   3.1988100e+01
   5.3631982e-01   2.2319972e+02   3.4405400e+01
   5.3631982e-01   2.2859985e+02   3.7053700e+01
   5.3631982e-01   2.3399997e+02   3.9777300e+01
   5.3631982e-01   2.3940010e+02   4.2429000e+01
   5.3631982e-01   2.4480023e+02   4.4875600e+01
   5.3631982e-01   2.5019978e+02   4.7002000e+01
   5.3631982e-01   2.5559991e+02   4.8714800e+01
   5.3631982e-01   2.6100004e+02   4.9944100e+01
   5.3631982e-01   2.6640016e+02   5.0645100e+01
   5.3631982e-01   2.7179972e+02   5.0798900e+01
   5.3631982e-01   2.7719985e+02   5.0411900e+01
   5.3631982e-01   2.8259997e+02   4.9515600e+01
   5.3806497e-01   1.2599972e+02   9.2741000e+01
   5.3806497e-01   1.3139985e+02   8.6314200e+01
   5.3806497e-01   1.3679998e+02   7.9462800e+01
   5.3806497e-01   1.4220010e+02   7.2369000e+01
   5.3806497e-01   1.4760023e+02   6.5224500e+01
   5.3806497e-01   1.5299978e+02   5.8224300e+01
   5.3806497e-01   1.5839991e+02   5.1559200e+01
   5.3806497e-01   1.6380004e+02   4.5407900e+01
   5.3806497e-01   1.6920017e+02   3.9928600e+01
   5.3806497e-01   1.7459972e+02   3.5252100e+01
   5.3806497e-01   1.7999985e+02   3.1475700e+01
   5.3806497e-01   1.8539998e+02   2.8658000e+01
   5.3806497e-01   1.9080010e+02   2.6817600e+01
   5.3806497e-01   1.9620023e+02   2.5932600e+01
   5.3806497e-01   2.0159978e+02   2.5943100e+01
   5.3806497e-01   2.0699991e+02   2.6756000e+01
   5.3806497e-01   2.1240004e+02   2.8251000e+01
   5.3806497e-01   2.1780017e+02   3.0287500e+01
   5.3806497e-01   2.2319972e+02   3.2712900e+01
   5.3806497e-01   2.2859985e+02   3.5369500e+01
   5.3806497e-01   2.3399997e+02   3.8102200e+01
   5.3806497e-01   2.3940010e+02   4.0764300e+01
   5.3806497e-01   2.4480023e+02   4.3222900e+01
   5.3806497e-01   2.5019978e+02   4.5363500e+01
   5.3806497e-01   2.5559991e+02   4.7092700e+01
   5.3806497e-01   2.6100004e+02   4.8340700e+01
   5.3806497e-01   2.6640016e+02   4.9062900e+01
   5.3806497e-01   2.7179972e+02   4.9240100e+01
   5.3806497e-01   2.7719985e+02   4.8878600e+01
   5.3806497e-01   2.8259997e+02   4.8009600e+01
   5.3980966e-01   1.2599972e+02   9.0682000e+01
   5.3980966e-01   1.3139985e+02   8.4268800e+01
   5.3980966e-01   1.3679998e+02   7.7435300e+01
   5.3980966e-01   1.4220010e+02   7.0362900e+01
   5.3980966e-01   1.4760023e+02   6.3242500e+01
   5.3980966e-01   1.5299978e+02   5.6268500e+01
   5.3980966e-01   1.5839991e+02   4.9630500e+01
   5.3980966e-01   1.6380004e+02   4.3506400e+01
   5.3980966e-01   1.6920017e+02   3.8053700e+01
   5.3980966e-01   1.7459972e+02   3.3402500e+01
   5.3980966e-01   1.7999985e+02   2.9649200e+01
   5.3980966e-01   1.8539998e+02   2.6852400e+01
   5.3980966e-01   1.9080010e+02   2.5030200e+01
   5.3980966e-01   1.9620023e+02   2.4160800e+01
   5.3980966e-01   2.0159978e+02   2.4184500e+01
   5.3980966e-01   2.0699991e+02   2.5008500e+01
   5.3980966e-01   2.1240004e+02   2.6513100e+01
   5.3980966e-01   2.1780017e+02   2.8558200e+01
   5.3980966e-01   2.2319972e+02   3.0991700e+01
   5.3980966e-01   2.2859985e+02   3.3656700e+01
   5.3980966e-01   2.3399997e+02   3.6398500e+01
   5.3980966e-01   2.3940010e+02   3.9070900e+01
   5.3980966e-01   2.4480023e+02   4.1541600e+01
   5.3980966e-01   2.5019978e+02   4.3696300e+01
   5.3980966e-01   2.5559991e+02   4.5441900e+01
   5.3980966e-01   2.6100004e+02   4.6708800e+01
   5.3980966e-01   2.6640016e+02   4.7452100e+01
   5.3980966e-01   2.7179972e+02   4.7652700e+01
   5.3980966e-01   2.7719985e+02   4.7316700e+01
   5.3980966e-01   2.8259997e+02   4.6475000e+01
   5.4155385e-01   1.2599972e+02   8.8603700e+01
   5.4155385e-01   1.3139985e+02   8.2204100e+01
   5.4155385e-01   1.3679998e+02   7.5388500e+01
   5.4155385e-01   1.4220010e+02   6.8337500e+01
   5.4155385e-01   1.4760023e+02   6.1241400e+01
   5.4155385e-01   1.5299978e+02   5.4293400e+01
   5.4155385e-01   1.5839991e+02   4.7682600e+01
   5.4155385e-01   1.6380004e+02   4.1585800e+01
   5.4155385e-01   1.6920017e+02   3.6159700e+01
   5.4155385e-01   1.7459972e+02   3.1533700e+01
   5.4155385e-01   1.7999985e+02   2.7803700e+01
   5.4155385e-01   1.8539998e+02   2.5027700e+01
   5.4155385e-01   1.9080010e+02   2.3223700e+01
   5.4155385e-01   1.9620023e+02   2.2370000e+01
   5.4155385e-01   2.0159978e+02   2.2406900e+01
   5.4155385e-01   2.0699991e+02   2.3242200e+01
   5.4155385e-01   2.1240004e+02   2.4756300e+01
   5.4155385e-01   2.1780017e+02   2.6810000e+01
   5.4155385e-01   2.2319972e+02   2.9251700e+01
   5.4155385e-01   2.2859985e+02   3.1925100e+01
   5.4155385e-01   2.3399997e+02   3.4676000e+01
   5.4155385e-01   2.3940010e+02   3.7358900e+01
   5.4155385e-01   2.4480023e+02   3.9841700e+01
   5.4155385e-01   2.5019978e+02   4.2010600e+01
   5.4155385e-01   2.5559991e+02   4.3772600e+01
   5.4155385e-01   2.6100004e+02   4.5058200e+01
   5.4155385e-01   2.6640016e+02   4.5822800e+01
   5.4155385e-01   2.7179972e+02   4.6046800e+01
   5.4155385e-01   2.7719985e+02   4.5736300e+01
   5.4155385e-01   2.8259997e+02   4.4921800e+01
   5.4329754e-01   1.2599972e+02   8.6516700e+01
   5.4329754e-01   1.3139985e+02   8.0130600e+01
   5.4329754e-01   1.3679998e+02   7.3332900e+01
   5.4329754e-01   1.4220010e+02   6.6303300e+01
   5.4329754e-01   1.4760023e+02   5.9231400e+01
   5.4329754e-01   1.5299978e+02   5.2309500e+01
   5.4329754e-01   1.5839991e+02   4.5725900e+01
   5.4329754e-01   1.6380004e+02   3.9656400e+01
   5.4329754e-01   1.6920017e+02   3.4257000e+01
   5.4329754e-01   1.7459972e+02   2.9656200e+01
   5.4329754e-01   1.7999985e+02   2.5949400e+01
   5.4329754e-01   1.8539998e+02   2.3194300e+01
   5.4329754e-01   1.9080010e+02   2.1408700e+01
   5.4329754e-01   1.9620023e+02   2.0570600e+01
   5.4329754e-01   2.0159978e+02   2.0620800e+01
   5.4329754e-01   2.0699991e+02   2.1467300e+01
   5.4329754e-01   2.1240004e+02   2.2991100e+01
   5.4329754e-01   2.1780017e+02   2.5053500e+01
   5.4329754e-01   2.2319972e+02   2.7503400e+01
   5.4329754e-01   2.2859985e+02   3.0185200e+01
   5.4329754e-01   2.3399997e+02   3.2945300e+01
   5.4329754e-01   2.3940010e+02   3.5638700e+01
   5.4329754e-01   2.4480023e+02   3.8133700e+01
   5.4329754e-01   2.5019978e+02   4.0316700e+01
   5.4329754e-01   2.5559991e+02   4.2095200e+01
   5.4329754e-01   2.6100004e+02   4.3399600e+01
   5.4329754e-01   2.6640016e+02   4.4185300e+01
   5.4329754e-01   2.7179972e+02   4.4432800e+01
   5.4329754e-01   2.7719985e+02   4.4147800e+01
   5.4329754e-01   2.8259997e+02   4.3360400e+01
   5.4504070e-01   1.2599972e+02   8.4431300e+01
   5.4504070e-01   1.3139985e+02   7.8059100e+01
   5.4504070e-01   1.3679998e+02   7.1279000e+01
   5.4504070e-01   1.4220010e+02   6.4270900e+01
   5.4504070e-01   1.4760023e+02   5.7223200e+01
   5.4504070e-01   1.5299978e+02   5.0327500e+01
   5.4504070e-01   1.5839991e+02   4.3771100e+01
   5.4504070e-01   1.6380004e+02   3.7729000e+01
   5.4504070e-01   1.6920017e+02   3.2356200e+01
   5.4504070e-01   1.7459972e+02   2.7780700e+01
   5.4504070e-01   1.7999985e+02   2.4097200e+01
   5.4504070e-01   1.8539998e+02   2.1363000e+01
   5.4504070e-01   1.9080010e+02   1.9595700e+01
   5.4504070e-01   1.9620023e+02   1.8773400e+01
   5.4504070e-01   2.0159978e+02   1.8837000e+01
   5.4504070e-01   2.0699991e+02   1.9694800e+01
   5.4504070e-01   2.1240004e+02   2.1228200e+01
   5.4504070e-01   2.1780017e+02   2.3299300e+01
   5.4504070e-01   2.2319972e+02   2.5757500e+01
   5.4504070e-01   2.2859985e+02   2.8447800e+01
   5.4504070e-01   2.3399997e+02   3.1217200e+01
   5.4504070e-01   2.3940010e+02   3.3921000e+01
   5.4504070e-01   2.4480023e+02   3.6428200e+01
   5.4504070e-01   2.5019978e+02   3.8625500e+01
   5.4504070e-01   2.5559991e+02   4.0420400e+01
   5.4504070e-01   2.6100004e+02   4.1743700e+01
   5.4504070e-01   2.6640016e+02   4.2550600e+01
   5.4504070e-01   2.7179972e+02   4.2821500e+01
   5.4504070e-01   2.7719985e+02   4.2562000e+01
   5.4504070e-01   2.8259997e+02   4.1801700e+01
   5.4678330e-01   1.2599972e+02   8.2358800e+01
   5.4678330e-01   1.3139985e+02   7.6000200e+01
   5.4678330e-01   1.3679998e+02   6.9238100e+01
   5.4678330e-01   1.4220010e+02   6.2251500e+01
   5.4678330e-01   1.4760023e+02   5.5228000e+01
   5.4678330e-01   1.5299978e+02   4.8358500e+01
   5.4678330e-01   1.5839991e+02   4.1829300e+01
   5.4678330e-01   1.6380004e+02   3.5814500e+01
   5.4678330e-01   1.6920017e+02   3.0468500e+01
   5.4678330e-01   1.7459972e+02   2.5918300e+01
   5.4678330e-01   1.7999985e+02   2.2258200e+01
   5.4678330e-01   1.8539998e+02   1.9544900e+01
   5.4678330e-01   1.9080010e+02   1.7796000e+01
   5.4678330e-01   1.9620023e+02   1.6989500e+01
   5.4678330e-01   2.0159978e+02   1.7066400e+01
   5.4678330e-01   2.0699991e+02   1.7935600e+01
   5.4678330e-01   2.1240004e+02   1.9478800e+01
   5.4678330e-01   2.1780017e+02   2.1558600e+01
   5.4678330e-01   2.2319972e+02   2.4025200e+01
   5.4678330e-01   2.2859985e+02   2.6724000e+01
   5.4678330e-01   2.3399997e+02   2.9502700e+01
   5.4678330e-01   2.3940010e+02   3.2217100e+01
   5.4678330e-01   2.4480023e+02   3.4736500e+01
   5.4678330e-01   2.5019978e+02   3.6948100e+01
   5.4678330e-01   2.5559991e+02   3.8759500e+01
   5.4678330e-01   2.6100004e+02   4.0101600e+01
   5.4678330e-01   2.6640016e+02   4.0929700e+01
   5.4678330e-01   2.7179972e+02   4.1224100e+01
   5.4678330e-01   2.7719985e+02   4.0990000e+01
   5.4678330e-01   2.8259997e+02   4.0257000e+01
   5.4852534e-01   1.2599972e+02   8.0310500e+01
   5.4852534e-01   1.3139985e+02   7.3965700e+01
   5.4852534e-01   1.3679998e+02   6.7221700e+01
   5.4852534e-01   1.4220010e+02   6.0256300e+01
   5.4852534e-01   1.4760023e+02   5.3257100e+01
   5.4852534e-01   1.5299978e+02   4.6413800e+01
   5.4852534e-01   1.5839991e+02   3.9911800e+01
   5.4852534e-01   1.6380004e+02   3.3924500e+01
   5.4852534e-01   1.6920017e+02   2.8605200e+01
   5.4852534e-01   1.7459972e+02   2.4080400e+01
   5.4852534e-01   1.7999985e+02   2.0443600e+01
   5.4852534e-01   1.8539998e+02   1.7751400e+01
   5.4852534e-01   1.9080010e+02   1.6020900e+01
   5.4852534e-01   1.9620023e+02   1.5230200e+01
   5.4852534e-01   2.0159978e+02   1.5320700e+01
   5.4852534e-01   2.0699991e+02   1.6201200e+01
   5.4852534e-01   2.1240004e+02   1.7754300e+01
   5.4852534e-01   2.1780017e+02   1.9842900e+01
   5.4852534e-01   2.2319972e+02   2.2317900e+01
   5.4852534e-01   2.2859985e+02   2.5025300e+01
   5.4852534e-01   2.3399997e+02   2.7813300e+01
   5.4852534e-01   2.3940010e+02   3.0538300e+01
   5.4852534e-01   2.4480023e+02   3.3070000e+01
   5.4852534e-01   2.5019978e+02   3.5295900e+01
   5.4852534e-01   2.5559991e+02   3.7123800e+01
   5.4852534e-01   2.6100004e+02   3.8484800e+01
   5.4852534e-01   2.6640016e+02   3.9334100e+01
   5.4852534e-01   2.7179972e+02   3.9652000e+01
   5.4852534e-01   2.7719985e+02   3.9443400e+01
   5.4852534e-01   2.8259997e+02   3.8737600e+01
   5.5026677e-01   1.2599972e+02   7.8298300e+01
   5.5026677e-01   1.3139985e+02   7.1967100e+01
   5.5026677e-01   1.3679998e+02   6.5241100e+01
   5.5026677e-01   1.4220010e+02   5.8297400e+01
   5.5026677e-01   1.4760023e+02   5.1322300e+01
   5.5026677e-01   1.5299978e+02   4.4505200e+01
   5.5026677e-01   1.5839991e+02   3.8030500e+01
   5.5026677e-01   1.6380004e+02   3.2070600e+01
   5.5026677e-01   1.6920017e+02   2.6778100e+01
   5.5026677e-01   1.7459972e+02   2.2278700e+01
   5.5026677e-01   1.7999985e+02   1.8665400e+01
   5.5026677e-01   1.8539998e+02   1.5994200e+01
   5.5026677e-01   1.9080010e+02   1.4282200e+01
   5.5026677e-01   1.9620023e+02   1.3507400e+01
   5.5026677e-01   2.0159978e+02   1.3611400e+01
   5.5026677e-01   2.0699991e+02   1.4503400e+01
   5.5026677e-01   2.1240004e+02   1.6066400e+01
   5.5026677e-01   2.1780017e+02   1.8163900e+01
   5.5026677e-01   2.2319972e+02   2.0647300e+01
   5.5026677e-01   2.2859985e+02   2.3363400e+01
   5.5026677e-01   2.3399997e+02   2.6160800e+01
   5.5026677e-01   2.3940010e+02   2.8896400e+01
   5.5026677e-01   2.4480023e+02   3.1440500e+01
   5.5026677e-01   2.5019978e+02   3.3680600e+01
   5.5026677e-01   2.5559991e+02   3.5525100e+01
   5.5026677e-01   2.6100004e+02   3.6905100e+01
   5.5026677e-01   2.6640016e+02   3.7775700e+01
   5.5026677e-01   2.7179972e+02   3.8117000e+01
   5.5026677e-01   2.7719985e+02   3.7933900e+01
   5.5026677e-01   2.8259997e+02   3.7255300e+01
   5.5200760e-01   1.2599972e+02   7.6334000e+01
   5.5200760e-01   1.3139985e+02   7.0016500e+01
   5.5200760e-01   1.3679998e+02   6.3308400e+01
   5.5200760e-01   1.4220010e+02   5.6386200e+01
   5.5200760e-01   1.4760023e+02   4.9435600e+01
   5.5200760e-01   1.5299978e+02   4.2644600e+01
   5.5200760e-01   1.5839991e+02   3.6197200e+01
   5.5200760e-01   1.6380004e+02   3.0264700e+01
   5.5200760e-01   1.6920017e+02   2.4999000e+01
   5.5200760e-01   1.7459972e+02   2.0525100e+01
   5.5200760e-01   1.7999985e+02   1.6935200e+01
   5.5200760e-01   1.8539998e+02   1.4285200e+01
   5.5200760e-01   1.9080010e+02   1.2591700e+01
   5.5200760e-01   1.9620023e+02   1.1832900e+01
   5.5200760e-01   2.0159978e+02   1.1950500e+01
   5.5200760e-01   2.0699991e+02   1.2854000e+01
   5.5200760e-01   2.1240004e+02   1.4426900e+01
   5.5200760e-01   2.1780017e+02   1.6533400e+01
   5.5200760e-01   2.2319972e+02   1.9025400e+01
   5.5200760e-01   2.2859985e+02   2.1750100e+01
   5.5200760e-01   2.3399997e+02   2.4557000e+01
   5.5200760e-01   2.3940010e+02   2.7303300e+01
   5.5200760e-01   2.4480023e+02   2.9859800e+01
   5.5200760e-01   2.5019978e+02   3.2114300e+01
   5.5200760e-01   2.5559991e+02   3.3975400e+01
   5.5200760e-01   2.6100004e+02   3.5374300e+01
   5.5200760e-01   2.6640016e+02   3.6266200e+01
   5.5200760e-01   2.7179972e+02   3.6631000e+01
   5.5200760e-01   2.7719985e+02   3.6473500e+01
   5.5200760e-01   2.8259997e+02   3.5822000e+01
   5.5374778e-01   1.2599972e+02   7.4429700e+01
   5.5374778e-01   1.3139985e+02   6.8125900e+01
   5.5374778e-01   1.3679998e+02   6.1435700e+01
   5.5374778e-01   1.4220010e+02   5.4535100e+01
   5.5374778e-01   1.4760023e+02   4.7608800e+01
   5.5374778e-01   1.5299978e+02   4.0844100e+01
   5.5374778e-01   1.5839991e+02   3.4424000e+01
   5.5374778e-01   1.6380004e+02   2.8519100e+01
   5.5374778e-01   1.6920017e+02   2.3280200e+01
   5.5374778e-01   1.7459972e+02   1.8831700e+01
   5.5374778e-01   1.7999985e+02   1.5265400e+01
   5.5374778e-01   1.8539998e+02   1.2636500e+01
   5.5374778e-01   1.9080010e+02   1.0961700e+01
   5.5374778e-01   1.9620023e+02   1.0218900e+01
   5.5374778e-01   2.0159978e+02   1.0350100e+01
   5.5374778e-01   2.0699991e+02   1.1265200e+01
   5.5374778e-01   2.1240004e+02   1.2848200e+01
   5.5374778e-01   2.1780017e+02   1.4963600e+01
   5.5374778e-01   2.2319972e+02   1.7464200e+01
   5.5374778e-01   2.2859985e+02   2.0197700e+01
   5.5374778e-01   2.3399997e+02   2.3014100e+01
   5.5374778e-01   2.3940010e+02   2.5771200e+01
   5.5374778e-01   2.4480023e+02   2.8340100e+01
   5.5374778e-01   2.5019978e+02   3.0609000e+01
   5.5374778e-01   2.5559991e+02   3.2486800e+01
   5.5374778e-01   2.6100004e+02   3.3904700e+01
   5.5374778e-01   2.6640016e+02   3.4817900e+01
   5.5374778e-01   2.7179972e+02   3.5206200e+01
   5.5374778e-01   2.7719985e+02   3.5074200e+01
   5.5374778e-01   2.8259997e+02   3.4449900e+01
   5.5548731e-01   1.2599972e+02   7.2597700e+01
   5.5548731e-01   1.3139985e+02   6.6307600e+01
   5.5548731e-01   1.3679998e+02   5.9635400e+01
   5.5548731e-01   1.4220010e+02   5.2756300e+01
   5.5548731e-01   1.4760023e+02   4.5854300e+01
   5.5548731e-01   1.5299978e+02   3.9116000e+01
   5.5548731e-01   1.5839991e+02   3.2723200e+01
   5.5548731e-01   1.6380004e+02   2.6845800e+01
   5.5548731e-01   1.6920017e+02   2.1633900e+01
   5.5548731e-01   1.7459972e+02   1.7210900e+01
   5.5548731e-01   1.7999985e+02   1.3668200e+01
   5.5548731e-01   1.8539998e+02   1.1060500e+01
   5.5548731e-01   1.9080010e+02   9.4043100e+00
   5.5548731e-01   1.9620023e+02   8.6776000e+00
   5.5548731e-01   2.0159978e+02   8.8224800e+00
   5.5548731e-01   2.0699991e+02   9.7492600e+00
   5.5548731e-01   2.1240004e+02   1.1342300e+01
   5.5548731e-01   2.1780017e+02   1.3466900e+01
   5.5548731e-01   2.2319972e+02   1.5976100e+01
   5.5548731e-01   2.2859985e+02   1.8718400e+01
   5.5548731e-01   2.3399997e+02   2.1544400e+01
   5.5548731e-01   2.3940010e+02   2.4312300e+01
   5.5548731e-01   2.4480023e+02   2.6893600e+01
   5.5548731e-01   2.5019978e+02   2.9177100e+01
   5.5548731e-01   2.5559991e+02   3.1071600e+01
   5.5548731e-01   2.6100004e+02   3.2508500e+01
   5.5548731e-01   2.6640016e+02   3.3443000e+01
   5.5548731e-01   2.7179972e+02   3.3855000e+01
   5.5548731e-01   2.7719985e+02   3.3748500e+01
   5.5548731e-01   2.8259997e+02   3.3151400e+01
   5.5722616e-01   1.2599972e+02   7.0850400e+01
   5.5722616e-01   1.3139985e+02   6.4574100e+01
   5.5722616e-01   1.3679998e+02   5.7919800e+01
   5.5722616e-01   1.4220010e+02   5.1062300e+01
   5.5722616e-01   1.4760023e+02   4.4184700e+01
   5.5722616e-01   1.5299978e+02   3.7472700e+01
   5.5722616e-01   1.5839991e+02   3.1107400e+01
   5.5722616e-01   1.6380004e+02   2.5257500e+01
   5.5722616e-01   1.6920017e+02   2.0072500e+01
   5.5722616e-01   1.7459972e+02   1.5675000e+01
   5.5722616e-01   1.7999985e+02   1.2155900e+01
   5.5722616e-01   1.8539998e+02   9.5695400e+00
   5.5722616e-01   1.9080010e+02   7.9320400e+00
   5.5722616e-01   1.9620023e+02   7.2214800e+00
   5.5722616e-01   2.0159978e+02   7.3801100e+00
   5.5722616e-01   2.0699991e+02   8.3186200e+00
   5.5722616e-01   2.1240004e+02   9.9218400e+00
   5.5722616e-01   2.1780017e+02   1.2055500e+01
   5.5722616e-01   2.2319972e+02   1.4573400e+01
   5.5722616e-01   2.2859985e+02   1.7324700e+01
   5.5722616e-01   2.3399997e+02   2.0160200e+01
   5.5722616e-01   2.3940010e+02   2.2939000e+01
   5.5722616e-01   2.4480023e+02   2.5532900e+01
   5.5722616e-01   2.5019978e+02   2.7830900e+01
   5.5722616e-01   2.5559991e+02   2.9742200e+01
   5.5722616e-01   2.6100004e+02   3.1198100e+01
   5.5722616e-01   2.6640016e+02   3.2154000e+01
   5.5722616e-01   2.7179972e+02   3.2589500e+01
   5.5722616e-01   2.7719985e+02   3.2508700e+01
   5.5722616e-01   2.8259997e+02   3.1938800e+01
   5.5896430e-01   1.2599972e+02   6.9200300e+01
   5.5896430e-01   1.3139985e+02   6.2937700e+01
   5.5896430e-01   1.3679998e+02   5.6301500e+01
   5.5896430e-01   1.4220010e+02   4.9465600e+01
   5.5896430e-01   1.4760023e+02   4.2612300e+01
   5.5896430e-01   1.5299978e+02   3.5926700e+01
   5.5896430e-01   1.5839991e+02   2.9588800e+01
   5.5896430e-01   1.6380004e+02   2.3766500e+01
   5.5896430e-01   1.6920017e+02   1.8608400e+01
   5.5896430e-01   1.7459972e+02   1.4236600e+01
   5.5896430e-01   1.7999985e+02   1.0741200e+01
   5.5896430e-01   1.8539998e+02   8.1761000e+00
   5.5896430e-01   1.9080010e+02   6.5573600e+00
   5.5896430e-01   1.9620023e+02   5.8630100e+00
   5.5896430e-01   2.0159978e+02   6.0354700e+00
   5.5896430e-01   2.0699991e+02   6.9857600e+00
   5.5896430e-01   2.1240004e+02   8.5992000e+00
   5.5896430e-01   2.1780017e+02   1.0742100e+01
   5.5896430e-01   2.2319972e+02   1.3268800e+01
   5.5896430e-01   2.2859985e+02   1.6029000e+01
   5.5896430e-01   2.3399997e+02   1.8874200e+01
   5.5896430e-01   2.3940010e+02   2.1663900e+01
   5.5896430e-01   2.4480023e+02   2.4270400e+01
   5.5896430e-01   2.5019978e+02   2.6583000e+01
   5.5896430e-01   2.5559991e+02   2.8511000e+01
   5.5896430e-01   2.6100004e+02   2.9986000e+01
   5.5896430e-01   2.6640016e+02   3.0963300e+01
   5.5896430e-01   2.7179972e+02   3.1422500e+01
   5.5896430e-01   2.7719985e+02   3.1367100e+01
   5.5896430e-01   2.8259997e+02   3.0824500e+01
   5.6070173e-01   1.2599972e+02   6.7660100e+01
   5.6070173e-01   1.3139985e+02   6.1411200e+01
   5.6070173e-01   1.3679998e+02   5.4793000e+01
   5.6070173e-01   1.4220010e+02   4.7978600e+01
   5.6070173e-01   1.4760023e+02   4.1149800e+01
   5.6070173e-01   1.5299978e+02   3.4490600e+01
   5.6070173e-01   1.5839991e+02   2.8180100e+01
   5.6070173e-01   1.6380004e+02   2.2385500e+01
   5.6070173e-01   1.6920017e+02   1.7254400e+01
   5.6070173e-01   1.7459972e+02   1.2908200e+01
   5.6070173e-01   1.7999985e+02   9.4364700e+00
   5.6070173e-01   1.8539998e+02   6.8927600e+00
   5.6070173e-01   1.9080010e+02   5.2928400e+00
   5.6070173e-01   1.9620023e+02   4.6147400e+00
   5.6070173e-01   2.0159978e+02   4.8010900e+00
   5.6070173e-01   2.0699991e+02   5.7632300e+00
   5.6070173e-01   2.1240004e+02   7.3869500e+00
   5.6070173e-01   2.1780017e+02   9.5390800e+00
   5.6070173e-01   2.2319972e+02   1.2074600e+01
   5.6070173e-01   2.2859985e+02   1.4843800e+01
   5.6070173e-01   2.3399997e+02   1.7698800e+01
   5.6070173e-01   2.3940010e+02   2.0499500e+01
   5.6070173e-01   2.4480023e+02   2.3118600e+01
   5.6070173e-01   2.5019978e+02   2.5445800e+01
   5.6070173e-01   2.5559991e+02   2.7390600e+01
   5.6070173e-01   2.6100004e+02   2.8884700e+01
   5.6070173e-01   2.6640016e+02   2.9883500e+01
   5.6070173e-01   2.7179972e+02   3.0366300e+01
   5.6070173e-01   2.7719985e+02   3.0336500e+01
   5.6070173e-01   2.8259997e+02   2.9821100e+01
   5.6243841e-01   1.2599972e+02   6.6242100e+01
   5.6243841e-01   1.3139985e+02   6.0007000e+01
   5.6243841e-01   1.3679998e+02   5.3406800e+01
   5.6243841e-01   1.4220010e+02   4.6614100e+01
   5.6243841e-01   1.4760023e+02   3.9809700e+01
   5.6243841e-01   1.5299978e+02   3.3176800e+01
   5.6243841e-01   1.5839991e+02   2.6893800e+01
   5.6243841e-01   1.6380004e+02   2.1126900e+01
   5.6243841e-01   1.6920017e+02   1.6022900e+01
   5.6243841e-01   1.7459972e+02   1.1702400e+01
   5.6243841e-01   1.7999985e+02   8.2543800e+00
   5.6243841e-01   1.8539998e+02   5.7320800e+00
   5.6243841e-01   1.9080010e+02   4.1510200e+00
   5.6243841e-01   1.9620023e+02   3.4892400e+00
   5.6243841e-01   2.0159978e+02   3.6895300e+00
   5.6243841e-01   2.0699991e+02   4.6635800e+00
   5.6243841e-01   2.1240004e+02   6.2976400e+00
   5.6243841e-01   2.1780017e+02   8.4590900e+00
   5.6243841e-01   2.2319972e+02   1.1003500e+01
   5.6243841e-01   2.2859985e+02   1.3781800e+01
   5.6243841e-01   2.3399997e+02   1.6646600e+01
   5.6243841e-01   2.3940010e+02   1.9458300e+01
   5.6243841e-01   2.4480023e+02   2.2090100e+01
   5.6243841e-01   2.5019978e+02   2.4431900e+01
   5.6243841e-01   2.5559991e+02   2.6393600e+01
   5.6243841e-01   2.6100004e+02   2.7906900e+01
   5.6243841e-01   2.6640016e+02   2.8927100e+01
   5.6243841e-01   2.7179972e+02   2.9433500e+01
   5.6243841e-01   2.7719985e+02   2.9429400e+01
   5.6243841e-01   2.8259997e+02   2.8941200e+01
   5.6417432e-01   1.2599972e+02   6.4959100e+01
   5.6417432e-01   1.3139985e+02   5.8737800e+01
   5.6417432e-01   1.3679998e+02   5.2155600e+01
   5.6417432e-01   1.4220010e+02   4.5384500e+01
   5.6417432e-01   1.4760023e+02   3.8604600e+01
   5.6417432e-01   1.5299978e+02   3.1998100e+01
   5.6417432e-01   1.5839991e+02   2.5742600e+01
   5.6417432e-01   1.6380004e+02   2.0003400e+01
   5.6417432e-01   1.6920017e+02   1.4926400e+01
   5.6417432e-01   1.7459972e+02   1.0631700e+01
   5.6417432e-01   1.7999985e+02   7.2074400e+00
   5.6417432e-01   1.8539998e+02   4.7065900e+00
   5.6417432e-01   1.9080010e+02   3.1444500e+00
   5.6417432e-01   1.9620023e+02   2.4990400e+00
   5.6417432e-01   2.0159978e+02   2.7133300e+00
   5.6417432e-01   2.0699991e+02   3.6993400e+00
   5.6417432e-01   2.1240004e+02   5.3438000e+00
   5.6417432e-01   2.1780017e+02   7.5146400e+00
   5.6417432e-01   2.2319972e+02   1.0068100e+01
   5.6417432e-01   2.2859985e+02   1.2855500e+01
   5.6417432e-01   2.3399997e+02   1.5730100e+01
   5.6417432e-01   2.3940010e+02   1.8552900e+01
   5.6417432e-01   2.4480023e+02   2.1197400e+01
   5.6417432e-01   2.5019978e+02   2.3553900e+01
   5.6417432e-01   2.5559991e+02   2.5532400e+01
   5.6417432e-01   2.6100004e+02   2.7064900e+01
   5.6417432e-01   2.6640016e+02   2.8106600e+01
   5.6417432e-01   2.7179972e+02   2.8636700e+01
   5.6417432e-01   2.7719985e+02   2.8658200e+01
   5.6417432e-01   2.8259997e+02   2.8197200e+01
   5.6590945e-01   1.2599972e+02   6.3823500e+01
   5.6590945e-01   1.3139985e+02   5.7615900e+01
   5.6590945e-01   1.3679998e+02   5.1051800e+01
   5.6590945e-01   1.4220010e+02   4.4302400e+01
   5.6590945e-01   1.4760023e+02   3.7546900e+01
   5.6590945e-01   1.5299978e+02   3.0966900e+01
   5.6590945e-01   1.5839991e+02   2.4738900e+01
   5.6590945e-01   1.6380004e+02   1.9027400e+01
   5.6590945e-01   1.6920017e+02   1.3977600e+01
   5.6590945e-01   1.7459972e+02   9.7085500e+00
   5.6590945e-01   1.7999985e+02   6.3081400e+00
   5.6590945e-01   1.8539998e+02   3.8288000e+00
   5.6590945e-01   1.9080010e+02   2.2856300e+00
   5.6590945e-01   1.9620023e+02   1.6566300e+00
   5.6590945e-01   2.0159978e+02   1.8849600e+00
   5.6590945e-01   2.0699991e+02   2.8830000e+00
   5.6590945e-01   2.1240004e+02   4.5379200e+00
   5.6590945e-01   2.1780017e+02   6.7182000e+00
   5.6590945e-01   2.2319972e+02   9.2806100e+00
   5.6590945e-01   2.2859985e+02   1.2077200e+01
   5.6590945e-01   2.3399997e+02   1.4961700e+01
   5.6590945e-01   2.3940010e+02   1.7795600e+01
   5.6590945e-01   2.4480023e+02   2.0452900e+01
   5.6590945e-01   2.5019978e+02   2.2824100e+01
   5.6590945e-01   2.5559991e+02   2.4819500e+01
   5.6590945e-01   2.6100004e+02   2.6371200e+01
   5.6590945e-01   2.6640016e+02   2.7434400e+01
   5.6590945e-01   2.7179972e+02   2.7988200e+01
   5.6590945e-01   2.7719985e+02   2.8035300e+01
   5.6590945e-01   2.8259997e+02   2.7601600e+01
   5.6764377e-01   1.2599972e+02   6.2847800e+01
   5.6764377e-01   1.3139985e+02   5.6654000e+01
   5.6764377e-01   1.3679998e+02   5.0108000e+01
   5.6764377e-01   1.4220010e+02   4.3380200e+01
   5.6764377e-01   1.4760023e+02   3.6649200e+01
   5.6764377e-01   1.5299978e+02   3.0095600e+01
   5.6764377e-01   1.5839991e+02   2.3895200e+01
   5.6764377e-01   1.6380004e+02   1.8211400e+01
   5.6764377e-01   1.6920017e+02   1.3188700e+01
   5.6764377e-01   1.7459972e+02   8.9454500e+00
   5.6764377e-01   1.7999985e+02   5.5689200e+00
   5.6764377e-01   1.8539998e+02   3.1111100e+00
   5.6764377e-01   1.9080010e+02   1.5869400e+00
   5.6764377e-01   1.9620023e+02   9.7440800e-01
   5.6764377e-01   2.0159978e+02   1.2168400e+00
   5.6764377e-01   2.0699991e+02   2.2269500e+00
   5.6764377e-01   2.1240004e+02   3.8923800e+00
   5.6764377e-01   2.1780017e+02   6.0821400e+00
   5.6764377e-01   2.2319972e+02   8.6536100e+00
   5.6764377e-01   2.2859985e+02   1.1459400e+01
   5.6764377e-01   2.3399997e+02   1.4353900e+01
   5.6764377e-01   2.3940010e+02   1.7198900e+01
   5.6764377e-01   2.4480023e+02   1.9869000e+01
   5.6764377e-01   2.5019978e+02   2.2255000e+01
   5.6764377e-01   2.5559991e+02   2.4267400e+01
   5.6764377e-01   2.6100004e+02   2.5838300e+01
   5.6764377e-01   2.6640016e+02   2.6923000e+01
   5.6764377e-01   2.7179972e+02   2.7500500e+01
   5.6764377e-01   2.7719985e+02   2.7573200e+01
   5.6764377e-01   2.8259997e+02   2.7166800e+01
   5.6937727e-01   1.2599972e+02   6.2044100e+01
   5.6937727e-01   1.3139985e+02   5.5864100e+01
   5.6937727e-01   1.3679998e+02   4.9336200e+01
   5.6937727e-01   1.4220010e+02   4.2630100e+01
   5.6937727e-01   1.4760023e+02   3.5923700e+01
   5.6937727e-01   1.5299978e+02   2.9396600e+01
   5.6937727e-01   1.5839991e+02   2.3223700e+01
   5.6937727e-01   1.6380004e+02   1.7567700e+01
   5.6937727e-01   1.6920017e+02   1.2572100e+01
   5.6937727e-01   1.7459972e+02   8.3546600e+00
   5.6937727e-01   1.7999985e+02   5.0020400e+00
   5.6937727e-01   1.8539998e+02   2.5658000e+00
   5.6937727e-01   1.9080010e+02   1.0606700e+00
   5.6937727e-01   1.9620023e+02   4.6465200e-01
   5.6937727e-01   2.0159978e+02   7.2123000e-01
   5.6937727e-01   2.0699991e+02   1.7434600e+00
   5.6937727e-01   2.1240004e+02   3.4194400e+00
   5.6937727e-01   2.1780017e+02   5.6187300e+00
   5.6937727e-01   2.2319972e+02   8.1993000e+00
   5.6937727e-01   2.2859985e+02   1.1014300e+01
   5.6937727e-01   2.3399997e+02   1.3918800e+01
   5.6937727e-01   2.3940010e+02   1.6775100e+01
   5.6937727e-01   2.4480023e+02   1.9458000e+01
   5.6937727e-01   2.5019978e+02   2.1858800e+01
   5.6937727e-01   2.5559991e+02   2.3888100e+01
   5.6937727e-01   2.6100004e+02   2.5478300e+01
   5.6937727e-01   2.6640016e+02   2.6584600e+01
   5.6937727e-01   2.7179972e+02   2.7185700e+01
   5.6937727e-01   2.7719985e+02   2.7284100e+01
   5.6937727e-01   2.8259997e+02   2.6904900e+01
   5.7110991e-01   1.2599972e+02   6.1424800e+01
   5.7110991e-01   1.3139985e+02   5.5258600e+01
   5.7110991e-01   1.3679998e+02   4.8748800e+01
   5.7110991e-01   1.4220010e+02   4.2064400e+01
   5.7110991e-01   1.4760023e+02   3.5382500e+01
   5.7110991e-01   1.5299978e+02   2.8881900e+01
   5.7110991e-01   1.5839991e+02   2.2736600e+01
   5.7110991e-01   1.6380004e+02   1.7108400e+01
   5.7110991e-01   1.6920017e+02   1.2139900e+01
   5.7110991e-01   1.7459972e+02   7.9483600e+00
   5.7110991e-01   1.7999985e+02   4.6196400e+00
   5.7110991e-01   1.8539998e+02   2.2050200e+00
   5.7110991e-01   1.9080010e+02   7.1897500e-01
   5.7110991e-01   1.9620023e+02   1.3949900e-01
   5.7110991e-01   2.0159978e+02   4.1026500e-01
   5.7110991e-01   2.0699991e+02   1.4446600e+00
   5.7110991e-01   2.1240004e+02   3.1312300e+00
   5.7110991e-01   2.1780017e+02   5.3401100e+00
   5.7110991e-01   2.2319972e+02   7.9298300e+00
   5.7110991e-01   2.2859985e+02   1.0754200e+01
   5.7110991e-01   2.3399997e+02   1.3668600e+01
   5.7110991e-01   2.3940010e+02   1.6536100e+01
   5.7110991e-01   2.4480023e+02   1.9231900e+01
   5.7110991e-01   2.5019978e+02   2.1647500e+01
   5.7110991e-01   2.5559991e+02   2.3693800e+01
   5.7110991e-01   2.6100004e+02   2.5303300e+01
   5.7110991e-01   2.6640016e+02   2.6431100e+01
   5.7110991e-01   2.7179972e+02   2.7056000e+01
   5.7110991e-01   2.7719985e+02   2.7180000e+01
   5.7110991e-01   2.8259997e+02   2.6828000e+01
   5.7284168e-01   1.2599972e+02   6.1001600e+01
   5.7284168e-01   1.3139985e+02   5.4849400e+01
   5.7284168e-01   1.3679998e+02   4.8357700e+01
   5.7284168e-01   1.4220010e+02   4.1695000e+01
   5.7284168e-01   1.4760023e+02   3.5037600e+01
   5.7284168e-01   1.5299978e+02   2.8563600e+01
   5.7284168e-01   1.5839991e+02   2.2445800e+01
   5.7284168e-01   1.6380004e+02   1.6845400e+01
   5.7284168e-01   1.6920017e+02   1.1904200e+01
   5.7284168e-01   1.7459972e+02   7.7384900e+00
   5.7284168e-01   1.7999985e+02   4.4337300e+00
   5.7284168e-01   1.8539998e+02   2.0407300e+00
   5.7284168e-01   1.9080010e+02   5.7379800e-01
   5.7284168e-01   1.9620023e+02   1.0904800e-02
   5.7284168e-01   2.0159978e+02   2.9589400e-01
   5.7284168e-01   2.0699991e+02   1.3424900e+00
   5.7284168e-01   2.1240004e+02   3.0397000e+00
   5.7284168e-01   2.1780017e+02   5.2582000e+00
   5.7284168e-01   2.2319972e+02   7.8571000e+00
   5.7284168e-01   2.2859985e+02   1.0690800e+01
   5.7284168e-01   2.3399997e+02   1.3615300e+01
   5.7284168e-01   2.3940010e+02   1.6494000e+01
   5.7284168e-01   2.4480023e+02   1.9202700e+01
   5.7284168e-01   2.5019978e+02   2.1633100e+01
   5.7284168e-01   2.5559991e+02   2.3696500e+01
   5.7284168e-01   2.6100004e+02   2.5325200e+01
   5.7284168e-01   2.6640016e+02   2.6474500e+01
   5.7284168e-01   2.7179972e+02   2.7123100e+01
   5.7284168e-01   2.7719985e+02   2.7272800e+01
   5.7284168e-01   2.8259997e+02   2.6948000e+01
   5.7457256e-01   1.2599972e+02   6.0786700e+01
   5.7457256e-01   1.3139985e+02   5.4648200e+01
   5.7457256e-01   1.3679998e+02   4.8174700e+01
   5.7457256e-01   1.4220010e+02   4.1533800e+01
   5.7457256e-01   1.4760023e+02   3.4901000e+01
   5.7457256e-01   1.5299978e+02   2.8453400e+01
   5.7457256e-01   1.5839991e+02   2.2363300e+01
   5.7457256e-01   1.6380004e+02   1.6790700e+01
   5.7457256e-01   1.6920017e+02   1.1876700e+01
   5.7457256e-01   1.7459972e+02   7.7368400e+00
   5.7457256e-01   1.7999985e+02   4.4560400e+00
   5.7457256e-01   1.8539998e+02   2.0847000e+00
   5.7457256e-01   1.9080010e+02   6.3690700e-01
   5.7457256e-01   1.9620023e+02   9.0624400e-02
   5.7457256e-01   2.0159978e+02   3.8987100e-01
   5.7457256e-01   2.0699991e+02   1.4487000e+00
   5.7457256e-01   2.1240004e+02   3.1565900e+00
   5.7457256e-01   2.1780017e+02   5.3847400e+00
   5.7457256e-01   2.2319972e+02   7.9928600e+00
   5.7457256e-01   2.2859985e+02   1.0835900e+01
   5.7457256e-01   2.3399997e+02   1.3770500e+01
   5.7457256e-01   2.3940010e+02   1.6660500e+01
   5.7457256e-01   2.4480023e+02   1.9382100e+01
   5.7457256e-01   2.5019978e+02   2.1827400e+01
   5.7457256e-01   2.5559991e+02   2.3907700e+01
   5.7457256e-01   2.6100004e+02   2.5555700e+01
   5.7457256e-01   2.6640016e+02   2.6726600e+01
   5.7457256e-01   2.7179972e+02   2.7398900e+01
   5.7457256e-01   2.7719985e+02   2.7574200e+01
   5.7457256e-01   2.8259997e+02   2.7276600e+01
   5.7630253e-01   1.2599972e+02   6.0791300e+01
   5.7630253e-01   1.3139985e+02   5.4666800e+01
   5.7630253e-01   1.3679998e+02   4.8211400e+01
   5.7630253e-01   1.4220010e+02   4.1592200e+01
   5.7630253e-01   1.4760023e+02   3.4984000e+01
   5.7630253e-01   1.5299978e+02   2.8563000e+01
   5.7630253e-01   1.5839991e+02   2.2500500e+01
   5.7630253e-01   1.6380004e+02   1.6955700e+01
   5.7630253e-01   1.6920017e+02   1.2068900e+01
   5.7630253e-01   1.7459972e+02   7.9549400e+00
   5.7630253e-01   1.7999985e+02   4.6981200e+00
   5.7630253e-01   1.8539998e+02   2.3484600e+00
   5.7630253e-01   1.9080010e+02   9.1982800e-01
   5.7630253e-01   1.9620023e+02   3.9018200e-01
   5.7630253e-01   2.0159978e+02   7.0371400e-01
   5.7630253e-01   2.0699991e+02   1.7748100e+00
   5.7630253e-01   2.1240004e+02   3.4934000e+00
   5.7630253e-01   2.1780017e+02   5.7312300e+00
   5.7630253e-01   2.2319972e+02   8.3485900e+00
   5.7630253e-01   2.2859985e+02   1.1201000e+01
   5.7630253e-01   2.3399997e+02   1.4145700e+01
   5.7630253e-01   2.3940010e+02   1.7047100e+01
   5.7630253e-01   2.4480023e+02   1.9781500e+01
   5.7630253e-01   2.5019978e+02   2.2241700e+01
   5.7630253e-01   2.5559991e+02   2.4339000e+01
   5.7630253e-01   2.6100004e+02   2.6006400e+01
   5.7630253e-01   2.6640016e+02   2.7198800e+01
   5.7630253e-01   2.7179972e+02   2.7894700e+01
   5.7630253e-01   2.7719985e+02   2.8095600e+01
   5.7630253e-01   2.8259997e+02   2.7825100e+01
   5.7803156e-01   1.2599972e+02   6.1026900e+01
   5.7803156e-01   1.3139985e+02   5.4916300e+01
   5.7803156e-01   1.3679998e+02   4.8479100e+01
   5.7803156e-01   1.4220010e+02   4.1881700e+01
   5.7803156e-01   1.4760023e+02   3.5298000e+01
   5.7803156e-01   1.5299978e+02   2.8903600e+01
   5.7803156e-01   1.5839991e+02   2.2868700e+01
   5.7803156e-01   1.6380004e+02   1.7351700e+01
   5.7803156e-01   1.6920017e+02   1.2492200e+01
   5.7803156e-01   1.7459972e+02   8.4041000e+00
   5.7803156e-01   1.7999985e+02   5.1712700e+00
   5.7803156e-01   1.8539998e+02   2.8433000e+00
   5.7803156e-01   1.9080010e+02   1.4338400e+00
   5.7803156e-01   1.9620023e+02   9.2085000e-01
   5.7803156e-01   2.0159978e+02   1.2486900e+00
   5.7803156e-01   2.0699991e+02   2.3320700e+00
   5.7803156e-01   2.1240004e+02   4.0613900e+00
   5.7803156e-01   2.1780017e+02   6.3089300e+00
   5.7803156e-01   2.2319972e+02   8.9355600e+00
   5.7803156e-01   2.2859985e+02   1.1797400e+01
   5.7803156e-01   2.3399997e+02   1.4752200e+01
   5.7803156e-01   2.3940010e+02   1.7664900e+01
   5.7803156e-01   2.4480023e+02   2.0412300e+01
   5.7803156e-01   2.5019978e+02   2.2887300e+01
   5.7803156e-01   2.5559991e+02   2.5001600e+01
   5.7803156e-01   2.6100004e+02   2.6688200e+01
   5.7803156e-01   2.6640016e+02   2.7902100e+01
   5.7803156e-01   2.7179972e+02   2.8621800e+01
   5.7803156e-01   2.7719985e+02   2.8848200e+01
   5.7803156e-01   2.8259997e+02   2.8604900e+01
   5.7975964e-01   1.2599972e+02   6.1504500e+01
   5.7975964e-01   1.3139985e+02   5.5407800e+01
   5.7975964e-01   1.3679998e+02   4.8988700e+01
   5.7975964e-01   1.4220010e+02   4.2413200e+01
   5.7975964e-01   1.4760023e+02   3.5854100e+01
   5.7975964e-01   1.5299978e+02   2.9486200e+01
   5.7975964e-01   1.5839991e+02   2.3478900e+01
   5.7975964e-01   1.6380004e+02   1.7989800e+01
   5.7975964e-01   1.6920017e+02   1.3157500e+01
   5.7975964e-01   1.7459972e+02   9.0953200e+00
   5.7975964e-01   1.7999985e+02   5.8864900e+00
   5.7975964e-01   1.8539998e+02   3.5802000e+00
   5.7975964e-01   1.9080010e+02   2.1899400e+00
   5.7975964e-01   1.9620023e+02   1.6936200e+00
   5.7975964e-01   2.0159978e+02   2.0357800e+00
   5.7975964e-01   2.0699991e+02   3.1314800e+00
   5.7975964e-01   2.1240004e+02   4.8715400e+00
   5.7975964e-01   2.1780017e+02   7.1287900e+00
   5.7975964e-01   2.2319972e+02   9.7647000e+00
   5.7975964e-01   2.2859985e+02   1.2636000e+01
   5.7975964e-01   2.3399997e+02   1.5600900e+01
   5.7975964e-01   2.3940010e+02   1.8524900e+01
   5.7975964e-01   2.4480023e+02   2.1285200e+01
   5.7975964e-01   2.5019978e+02   2.3775100e+01
   5.7975964e-01   2.5559991e+02   2.5906400e+01
   5.7975964e-01   2.6100004e+02   2.7612200e+01
   5.7975964e-01   2.6640016e+02   2.8847700e+01
   5.7975964e-01   2.7179972e+02   2.9591000e+01
   5.7975964e-01   2.7719985e+02   2.9843000e+01
   5.7975964e-01   2.8259997e+02   2.9626800e+01
   5.8148674e-01   1.2599972e+02   6.2234800e+01
   5.8148674e-01   1.3139985e+02   5.6152000e+01
   5.8148674e-01   1.3679998e+02   4.9751200e+01
   5.8148674e-01   1.4220010e+02   4.3197400e+01
   5.8148674e-01   1.4760023e+02   3.6662900e+01
   5.8148674e-01   1.5299978e+02   3.0321600e+01
   5.8148674e-01   1.5839991e+02   2.4342000e+01
   5.8148674e-01   1.6380004e+02   1.8880700e+01
   5.8148674e-01   1.6920017e+02   1.4075600e+01
   5.8148674e-01   1.7459972e+02   1.0039300e+01
   5.8148674e-01   1.7999985e+02   6.8544800e+00
   5.8148674e-01   1.8539998e+02   4.5699000e+00
   5.8148674e-01   1.9080010e+02   3.1988400e+00
   5.8148674e-01   1.9620023e+02   2.7191900e+00
   5.8148674e-01   2.0159978e+02   3.0756900e+00
   5.8148674e-01   2.0699991e+02   4.1837000e+00
   5.8148674e-01   2.1240004e+02   5.9345200e+00
   5.8148674e-01   2.1780017e+02   8.2015100e+00
   5.8148674e-01   2.2319972e+02   1.0846700e+01
   5.8148674e-01   2.2859985e+02   1.3727400e+01
   5.8148674e-01   2.3399997e+02   1.6702500e+01
   5.8148674e-01   2.3940010e+02   1.9637800e+01
   5.8148674e-01   2.4480023e+02   2.2411000e+01
   5.8148674e-01   2.5019978e+02   2.4915700e+01
   5.8148674e-01   2.5559991e+02   2.7064100e+01
   5.8148674e-01   2.6100004e+02   2.8789100e+01
   5.8148674e-01   2.6640016e+02   3.0046100e+01
   5.8148674e-01   2.7179972e+02   3.0813000e+01
   5.8148674e-01   2.7719985e+02   3.1090500e+01
   5.8148674e-01   2.8259997e+02   3.0901400e+01
   5.8321284e-01   1.2599972e+02   6.3228200e+01
   5.8321284e-01   1.3139985e+02   5.7159400e+01
   5.8321284e-01   1.3679998e+02   5.0776800e+01
   5.8321284e-01   1.4220010e+02   4.4244900e+01
   5.8321284e-01   1.4760023e+02   3.7735000e+01
   5.8321284e-01   1.5299978e+02   3.1420200e+01
   5.8321284e-01   1.5839991e+02   2.5468300e+01
   5.8321284e-01   1.6380004e+02   2.0034800e+01
   5.8321284e-01   1.6920017e+02   1.5256900e+01
   5.8321284e-01   1.7459972e+02   1.1246500e+01
   5.8321284e-01   1.7999985e+02   8.0856700e+00
   5.8321284e-01   1.8539998e+02   5.8227800e+00
   5.8321284e-01   1.9080010e+02   4.4709100e+00
   5.8321284e-01   1.9620023e+02   4.0079500e+00
   5.8321284e-01   2.0159978e+02   4.3787800e+00
   5.8321284e-01   2.0699991e+02   5.4991200e+00
   5.8321284e-01   2.1240004e+02   7.2607000e+00
   5.8321284e-01   2.1780017e+02   9.5374300e+00
   5.8321284e-01   2.2319972e+02   1.2191900e+01
   5.8321284e-01   2.2859985e+02   1.5082100e+01
   5.8321284e-01   2.3399997e+02   1.8067200e+01
   5.8321284e-01   2.3940010e+02   2.1013800e+01
   5.8321284e-01   2.4480023e+02   2.3799900e+01
   5.8321284e-01   2.5019978e+02   2.6319500e+01
   5.8321284e-01   2.5559991e+02   2.8484800e+01
   5.8321284e-01   2.6100004e+02   3.0229100e+01
   5.8321284e-01   2.6640016e+02   3.1507500e+01
   5.8321284e-01   2.7179972e+02   3.2298000e+01
   5.8321284e-01   2.7719985e+02   3.2601000e+01
   5.8321284e-01   2.8259997e+02   3.2438900e+01
   5.8493792e-01   1.2599972e+02   6.4494900e+01
   5.8493792e-01   1.3139985e+02   5.8440100e+01
   5.8493792e-01   1.3679998e+02   5.2075800e+01
   5.8493792e-01   1.4220010e+02   4.5565600e+01
   5.8493792e-01   1.4760023e+02   3.9080400e+01
   5.8493792e-01   1.5299978e+02   3.2792100e+01
   5.8493792e-01   1.5839991e+02   2.6867800e+01
   5.8493792e-01   1.6380004e+02   2.1462200e+01
   5.8493792e-01   1.6920017e+02   1.6711500e+01
   5.8493792e-01   1.7459972e+02   1.2727000e+01
   5.8493792e-01   1.7999985e+02   9.5900900e+00
   5.8493792e-01   1.8539998e+02   7.3488900e+00
   5.8493792e-01   1.9080010e+02   6.0162100e+00
   5.8493792e-01   1.9620023e+02   5.5699300e+00
   5.8493792e-01   2.0159978e+02   5.9551000e+00
   5.8493792e-01   2.0699991e+02   7.0877600e+00
   5.8493792e-01   2.1240004e+02   8.8601000e+00
   5.8493792e-01   2.1780017e+02   1.1146600e+01
   5.8493792e-01   2.2319972e+02   1.3810400e+01
   5.8493792e-01   2.2859985e+02   1.6709900e+01
   5.8493792e-01   2.3399997e+02   1.9705200e+01
   5.8493792e-01   2.3940010e+02   2.2663100e+01
   5.8493792e-01   2.4480023e+02   2.5462100e+01
   5.8493792e-01   2.5019978e+02   2.7996400e+01
   5.8493792e-01   2.5559991e+02   3.0178700e+01
   5.8493792e-01   2.6100004e+02   3.1942100e+01
   5.8493792e-01   2.6640016e+02   3.3242000e+01
   5.8493792e-01   2.7179972e+02   3.4056000e+01
   5.8493792e-01   2.7719985e+02   3.4384400e+01
   5.8493792e-01   2.8259997e+02   3.4249400e+01
   5.8666196e-01   1.2599972e+02   6.6044600e+01
   5.8666196e-01   1.3139985e+02   6.0003700e+01
   5.8666196e-01   1.3679998e+02   5.3657700e+01
   5.8666196e-01   1.4220010e+02   4.7169400e+01
   5.8666196e-01   1.4760023e+02   4.0708800e+01
   5.8666196e-01   1.5299978e+02   3.4447100e+01
   5.8666196e-01   1.5839991e+02   2.8550400e+01
   5.8666196e-01   1.6380004e+02   2.3172600e+01
   5.8666196e-01   1.6920017e+02   1.8449000e+01
   5.8666196e-01   1.7459972e+02   1.4490400e+01
   5.8666196e-01   1.7999985e+02   1.1377500e+01
   5.8666196e-01   1.8539998e+02   9.1579400e+00
   5.8666196e-01   1.9080010e+02   7.8444400e+00
   5.8666196e-01   1.9620023e+02   7.4148200e+00
   5.8666196e-01   2.0159978e+02   7.8143200e+00
   5.8666196e-01   2.0699991e+02   8.9593000e+00
   5.8666196e-01   2.1240004e+02   1.0742400e+01
   5.8666196e-01   2.1780017e+02   1.3038600e+01
   5.8666196e-01   2.2319972e+02   1.5711700e+01
   5.8666196e-01   2.2859985e+02   1.8620600e+01
   5.8666196e-01   2.3399997e+02   2.1626000e+01
   5.8666196e-01   2.3940010e+02   2.4595100e+01
   5.8666196e-01   2.4480023e+02   2.7407000e+01
   5.8666196e-01   2.5019978e+02   2.9956100e+01
   5.8666196e-01   2.5559991e+02   3.2155300e+01
   5.8666196e-01   2.6100004e+02   3.3937900e+01
   5.8666196e-01   2.6640016e+02   3.5259100e+01
   5.8666196e-01   2.7179972e+02   3.6096600e+01
   5.8666196e-01   2.7719985e+02   3.6450400e+01
   5.8666196e-01   2.8259997e+02   3.6342300e+01
   5.8838494e-01   1.2599972e+02   6.7886600e+01
   5.8838494e-01   1.3139985e+02   6.1859800e+01
   5.8838494e-01   1.3679998e+02   5.5532100e+01
   5.8838494e-01   1.4220010e+02   4.9065600e+01
   5.8838494e-01   1.4760023e+02   4.2629600e+01
   5.8838494e-01   1.5299978e+02   3.6394400e+01
   5.8838494e-01   1.5839991e+02   3.0525300e+01
   5.8838494e-01   1.6380004e+02   2.5175200e+01
   5.8838494e-01   1.6920017e+02   2.0478900e+01
   5.8838494e-01   1.7459972e+02   1.6546100e+01
   5.8838494e-01   1.7999985e+02   1.3457100e+01
   5.8838494e-01   1.8539998e+02   1.1259300e+01
   5.8838494e-01   1.9080010e+02   9.9649200e+00
   5.8838494e-01   1.9620023e+02   9.5519500e+00
   5.8838494e-01   2.0159978e+02   9.9657600e+00
   5.8838494e-01   2.0699991e+02   1.1123000e+01
   5.8838494e-01   2.1240004e+02   1.2916900e+01
   5.8838494e-01   2.1780017e+02   1.5222800e+01
   5.8838494e-01   2.2319972e+02   1.7905100e+01
   5.8838494e-01   2.2859985e+02   2.0823500e+01
   5.8838494e-01   2.3399997e+02   2.3838900e+01
   5.8838494e-01   2.3940010e+02   2.6819300e+01
   5.8838494e-01   2.4480023e+02   2.9644100e+01
   5.8838494e-01   2.5019978e+02   3.2207900e+01
   5.8838494e-01   2.5559991e+02   3.4423900e+01
   5.8838494e-01   2.6100004e+02   3.6225600e+01
   5.8838494e-01   2.6640016e+02   3.7568200e+01
   5.8838494e-01   2.7179972e+02   3.8429100e+01
   5.8838494e-01   2.7719985e+02   3.8808200e+01
   5.8838494e-01   2.8259997e+02   3.8727000e+01
   5.9010683e-01   1.2599972e+02   7.0029900e+01
   5.9010683e-01   1.3139985e+02   6.4017200e+01
   5.9010683e-01   1.3679998e+02   5.7707800e+01
   5.9010683e-01   1.4220010e+02   5.1263100e+01
   5.9010683e-01   1.4760023e+02   4.4851700e+01
   5.9010683e-01   1.5299978e+02   3.8643200e+01
   5.9010683e-01   1.5839991e+02   3.2801500e+01
   5.9010683e-01   1.6380004e+02   2.7479300e+01
   5.9010683e-01   1.6920017e+02   2.2810100e+01
   5.9010683e-01   1.7459972e+02   1.8903100e+01
   5.9010683e-01   1.7999985e+02   1.5838100e+01
   5.9010683e-01   1.8539998e+02   1.3661800e+01
   5.9010683e-01   1.9080010e+02   1.2386600e+01
   5.9010683e-01   1.9620023e+02   1.1990300e+01
   5.9010683e-01   2.0159978e+02   1.2418400e+01
   5.9010683e-01   2.0699991e+02   1.3587900e+01
   5.9010683e-01   2.1240004e+02   1.5392500e+01
   5.9010683e-01   2.1780017e+02   1.7708100e+01
   5.9010683e-01   2.2319972e+02   2.0399700e+01
   5.9010683e-01   2.2859985e+02   2.3327400e+01
   5.9010683e-01   2.3399997e+02   2.6352900e+01
   5.9010683e-01   2.3940010e+02   2.9344500e+01
   5.9010683e-01   2.4480023e+02   3.2182000e+01
   5.9010683e-01   2.5019978e+02   3.4760500e+01
   5.9010683e-01   2.5559991e+02   3.6993400e+01
   5.9010683e-01   2.6100004e+02   3.8814100e+01
   5.9010683e-01   2.6640016e+02   4.0177900e+01
   5.9010683e-01   2.7179972e+02   4.1062200e+01
   5.9010683e-01   2.7719985e+02   4.1466600e+01
   5.9010683e-01   2.8259997e+02   4.1412200e+01
   5.9182763e-01   1.2599972e+02   7.2483300e+01
   5.9182763e-01   1.3139985e+02   6.6484600e+01
   5.9182763e-01   1.3679998e+02   6.0193500e+01
   5.9182763e-01   1.4220010e+02   5.3770700e+01
   5.9182763e-01   1.4760023e+02   4.7383900e+01
   5.9182763e-01   1.5299978e+02   4.1201800e+01
   5.9182763e-01   1.5839991e+02   3.5387800e+01
   5.9182763e-01   1.6380004e+02   3.0093300e+01
   5.9182763e-01   1.6920017e+02   2.5451200e+01
   5.9182763e-01   1.7459972e+02   2.1570000e+01
   5.9182763e-01   1.7999985e+02   1.8528800e+01
   5.9182763e-01   1.8539998e+02   1.6374100e+01
   5.9182763e-01   1.9080010e+02   1.5118000e+01
   5.9182763e-01   1.9620023e+02   1.4738300e+01
   5.9182763e-01   2.0159978e+02   1.5180700e+01
   5.9182763e-01   2.0699991e+02   1.6362500e+01
   5.9182763e-01   2.1240004e+02   1.8177700e+01
   5.9182763e-01   2.1780017e+02   2.0503000e+01
   5.9182763e-01   2.2319972e+02   2.3203800e+01
   5.9182763e-01   2.2859985e+02   2.6140900e+01
   5.9182763e-01   2.3399997e+02   2.9176300e+01
   5.9182763e-01   2.3940010e+02   3.2179100e+01
   5.9182763e-01   2.4480023e+02   3.5029400e+01
   5.9182763e-01   2.5019978e+02   3.7622600e+01
   5.9182763e-01   2.5559991e+02   3.9872200e+01
   5.9182763e-01   2.6100004e+02   4.1711900e+01
   5.9182763e-01   2.6640016e+02   4.3096900e+01
   5.9182763e-01   2.7179972e+02   4.4004500e+01
   5.9182763e-01   2.7719985e+02   4.4434100e+01
   5.9182763e-01   2.8259997e+02   4.4406400e+01
   5.9354730e-01   1.2599972e+02   7.5254700e+01
   5.9354730e-01   1.3139985e+02   6.9270200e+01
   5.9354730e-01   1.3679998e+02   6.2997400e+01
   5.9354730e-01   1.4220010e+02   5.6596400e+01
   5.9354730e-01   1.4760023e+02   5.0234100e+01
   5.9354730e-01   1.5299978e+02   4.4078600e+01
   5.9354730e-01   1.5839991e+02   3.8292100e+01
   5.9354730e-01   1.6380004e+02   3.3025400e+01
   5.9354730e-01   1.6920017e+02   2.8410300e+01
   5.9354730e-01   1.7459972e+02   2.4554800e+01
   5.9354730e-01   1.7999985e+02   2.1537500e+01
   5.9354730e-01   1.8539998e+02   1.9404400e+01
   5.9354730e-01   1.9080010e+02   1.8167400e+01
   5.9354730e-01   1.9620023e+02   1.7804200e+01
   5.9354730e-01   2.0159978e+02   1.8260800e+01
   5.9354730e-01   2.0699991e+02   1.9454800e+01
   5.9354730e-01   2.1240004e+02   2.1280800e+01
   5.9354730e-01   2.1780017e+02   2.3615700e+01
   5.9354730e-01   2.2319972e+02   2.6325600e+01
   5.9354730e-01   2.2859985e+02   2.9272000e+01
   5.9354730e-01   2.3399997e+02   3.2317400e+01
   5.9354730e-01   2.3940010e+02   3.5331300e+01
   5.9354730e-01   2.4480023e+02   3.8194200e+01
   5.9354730e-01   2.5019978e+02   4.0802000e+01
   5.9354730e-01   2.5559991e+02   4.3068300e+01
   5.9354730e-01   2.6100004e+02   4.4927000e+01
   5.9354730e-01   2.6640016e+02   4.6333100e+01
   5.9354730e-01   2.7179972e+02   4.7264000e+01
   5.9354730e-01   2.7719985e+02   4.7718600e+01
   5.9354730e-01   2.8259997e+02   4.7717600e+01
   5.9526582e-01   1.2599972e+02   7.8352100e+01
   5.9526582e-01   1.3139985e+02   7.2381700e+01
   5.9526582e-01   1.3679998e+02   6.6127200e+01
   5.9526582e-01   1.4220010e+02   5.9748000e+01
   5.9526582e-01   1.4760023e+02   5.3410400e+01
   5.9526582e-01   1.5299978e+02   4.7281300e+01
   5.9526582e-01   1.5839991e+02   4.1522400e+01
   5.9526582e-01   1.6380004e+02   3.6283300e+01
   5.9526582e-01   1.6920017e+02   3.1695300e+01
   5.9526582e-01   1.7459972e+02   2.7865500e+01
   5.9526582e-01   1.7999985e+02   2.4872000e+01
   5.9526582e-01   1.8539998e+02   2.2760400e+01
   5.9526582e-01   1.9080010e+02   2.1542300e+01
   5.9526582e-01   1.9620023e+02   2.1195700e+01
   5.9526582e-01   2.0159978e+02   2.1666500e+01
   5.9526582e-01   2.0699991e+02   2.2872700e+01
   5.9526582e-01   2.1240004e+02   2.4709200e+01
   5.9526582e-01   2.1780017e+02   2.7053700e+01
   5.9526582e-01   2.2319972e+02   2.9772800e+01
   5.9526582e-01   2.2859985e+02   3.2728400e+01
   5.9526582e-01   2.3399997e+02   3.5783700e+01
   5.9526582e-01   2.3940010e+02   3.8808700e+01
   5.9526582e-01   2.4480023e+02   4.1684300e+01
   5.9526582e-01   2.5019978e+02   4.4306600e+01
   5.9526582e-01   2.5559991e+02   4.6589500e+01
   5.9526582e-01   2.6100004e+02   4.8467000e+01
   5.9526582e-01   2.6640016e+02   4.9894200e+01
   5.9526582e-01   2.7179972e+02   5.0848200e+01
   5.9526582e-01   2.7719985e+02   5.1327900e+01
   5.9526582e-01   2.8259997e+02   5.1353400e+01
   5.9698317e-01   1.2599972e+02   8.1782700e+01
   5.9698317e-01   1.3139985e+02   7.5826500e+01
   5.9698317e-01   1.3679998e+02   6.9590200e+01
   5.9698317e-01   1.4220010e+02   6.3233000e+01
   5.9698317e-01   1.4760023e+02   5.6920000e+01
   5.9698317e-01   1.5299978e+02   5.0817400e+01
   5.9698317e-01   1.5839991e+02   4.5085900e+01
   5.9698317e-01   1.6380004e+02   3.9874400e+01
   5.9698317e-01   1.6920017e+02   3.5313400e+01
   5.9698317e-01   1.7459972e+02   3.1509200e+01
   5.9698317e-01   1.7999985e+02   2.8539400e+01
   5.9698317e-01   1.8539998e+02   2.6449300e+01
   5.9698317e-01   1.9080010e+02   2.5250200e+01
   5.9698317e-01   1.9620023e+02   2.4920000e+01
   5.9698317e-01   2.0159978e+02   2.5405000e+01
   5.9698317e-01   2.0699991e+02   2.6623300e+01
   5.9698317e-01   2.1240004e+02   2.8470400e+01
   5.9698317e-01   2.1780017e+02   3.0824500e+01
   5.9698317e-01   2.2319972e+02   3.3552600e+01
   5.9698317e-01   2.2859985e+02   3.6517400e+01
   5.9698317e-01   2.3399997e+02   3.9582600e+01
   5.9698317e-01   2.3940010e+02   4.2618600e+01
   5.9698317e-01   2.4480023e+02   4.5506700e+01
   5.9698317e-01   2.5019978e+02   4.8143400e+01
   5.9698317e-01   2.5559991e+02   5.0442900e+01
   5.9698317e-01   2.6100004e+02   5.2339200e+01
   5.9698317e-01   2.6640016e+02   5.3787400e+01
   5.9698317e-01   2.7179972e+02   5.4764400e+01
   5.9698317e-01   2.7719985e+02   5.5269100e+01
   5.9698317e-01   2.8259997e+02   5.5321100e+01
   5.9869934e-01   1.2599972e+02   8.5553300e+01
   5.9869934e-01   1.3139985e+02   7.9611300e+01
   5.9869934e-01   1.3679998e+02   7.3393600e+01
   5.9869934e-01   1.4220010e+02   6.7058200e+01
   5.9869934e-01   1.4760023e+02   6.0769800e+01
   5.9869934e-01   1.5299978e+02   5.4693600e+01
   5.9869934e-01   1.5839991e+02   4.8989500e+01
   5.9869934e-01   1.6380004e+02   4.3805600e+01
   5.9869934e-01   1.6920017e+02   3.9271500e+01
   5.9869934e-01   1.7459972e+02   3.5493000e+01
   5.9869934e-01   1.7999985e+02   3.2546900e+01
   5.9869934e-01   1.8539998e+02   3.0478100e+01
   5.9869934e-01   1.9080010e+02   2.9297900e+01
   5.9869934e-01   1.9620023e+02   2.8984200e+01
   5.9869934e-01   2.0159978e+02   2.9483200e+01
   5.9869934e-01   2.0699991e+02   3.0713600e+01
   5.9869934e-01   2.1240004e+02   3.2571300e+01
   5.9869934e-01   2.1780017e+02   3.4934800e+01
   5.9869934e-01   2.2319972e+02   3.7671900e+01
   5.9869934e-01   2.2859985e+02   4.0645900e+01
   5.9869934e-01   2.3399997e+02   4.3720900e+01
   5.9869934e-01   2.3940010e+02   4.6767700e+01
   5.9869934e-01   2.4480023e+02   4.9668400e+01
   5.9869934e-01   2.5019978e+02   5.2319500e+01
   5.9869934e-01   2.5559991e+02   5.4635400e+01
   5.9869934e-01   2.6100004e+02   5.6550300e+01
   5.9869934e-01   2.6640016e+02   5.8019400e+01
   5.9869934e-01   2.7179972e+02   5.9019400e+01
   5.9869934e-01   2.7719985e+02   5.9548900e+01
   5.9869934e-01   2.8259997e+02   5.9627300e+01
   6.0041430e-01   1.2599972e+02   8.9670800e+01
   6.0041430e-01   1.3139985e+02   8.3743000e+01
   6.0041430e-01   1.3679998e+02   7.7543700e+01
   6.0041430e-01   1.4220010e+02   7.1230200e+01
   6.0041430e-01   1.4760023e+02   6.4966300e+01
   6.0041430e-01   1.5299978e+02   5.8916500e+01
   6.0041430e-01   1.5839991e+02   5.3239800e+01
   6.0041430e-01   1.6380004e+02   4.8083400e+01
   6.0041430e-01   1.6920017e+02   4.3576200e+01
   6.0041430e-01   1.7459972e+02   3.9823200e+01
   6.0041430e-01   1.7999985e+02   3.6900700e+01
   6.0041430e-01   1.8539998e+02   3.4853200e+01
   6.0041430e-01   1.9080010e+02   3.3691900e+01
   6.0041430e-01   1.9620023e+02   3.3394500e+01
   6.0041430e-01   2.0159978e+02   3.3907500e+01
   6.0041430e-01   2.0699991e+02   3.5150000e+01
   6.0041430e-01   2.1240004e+02   3.7018100e+01
   6.0041430e-01   2.1780017e+02   3.9391000e+01
   6.0041430e-01   2.2319972e+02   4.2137100e+01
   6.0041430e-01   2.2859985e+02   4.5120100e+01
   6.0041430e-01   2.3399997e+02   4.8204800e+01
   6.0041430e-01   2.3940010e+02   5.1262500e+01
   6.0041430e-01   2.4480023e+02   5.4175600e+01
   6.0041430e-01   2.5019978e+02   5.6841000e+01
   6.0041430e-01   2.5559991e+02   5.9173300e+01
   6.0041430e-01   2.6100004e+02   6.1106800e+01
   6.0041430e-01   2.6640016e+02   6.2596600e+01
   6.0041430e-01   2.7179972e+02   6.3619600e+01
   6.0041430e-01   2.7719985e+02   6.4173800e+01
   6.0041430e-01   2.8259997e+02   6.4278400e+01
   6.0212802e-01   1.2599972e+02   9.4141100e+01
   6.0212802e-01   1.3139985e+02   8.8227500e+01
   6.0212802e-01   1.3679998e+02   8.2046600e+01
   6.0212802e-01   1.4220010e+02   7.5754900e+01
   6.0212802e-01   1.4760023e+02   6.9515500e+01
   6.0212802e-01   1.5299978e+02   6.3492100e+01
   6.0212802e-01   1.5839991e+02   5.7842800e+01
   6.0212802e-01   1.6380004e+02   5.2713800e+01
   6.0212802e-01   1.6920017e+02   4.8233400e+01
   6.0212802e-01   1.7459972e+02   4.4505800e+01
   6.0212802e-01   1.7999985e+02   4.1606900e+01
   6.0212802e-01   1.8539998e+02   3.9580700e+01
   6.0212802e-01   1.9080010e+02   3.8438100e+01
   6.0212802e-01   1.9620023e+02   3.8157000e+01
   6.0212802e-01   2.0159978e+02   3.8684000e+01
   6.0212802e-01   2.0699991e+02   3.9938400e+01
   6.0212802e-01   2.1240004e+02   4.1816900e+01
   6.0212802e-01   2.1780017e+02   4.4199200e+01
   6.0212802e-01   2.2319972e+02   4.6954200e+01
   6.0212802e-01   2.2859985e+02   4.9946100e+01
   6.0212802e-01   2.3399997e+02   5.3040500e+01
   6.0212802e-01   2.3940010e+02   5.6109000e+01
   6.0212802e-01   2.4480023e+02   5.9034300e+01
   6.0212802e-01   2.5019978e+02   6.1713900e+01
   6.0212802e-01   2.5559991e+02   6.4062500e+01
   6.0212802e-01   2.6100004e+02   6.6014500e+01
   6.0212802e-01   2.6640016e+02   6.7525000e+01
   6.0212802e-01   2.7179972e+02   6.8570700e+01
   6.0212802e-01   2.7719985e+02   6.9149500e+01
   6.0212802e-01   2.8259997e+02   6.9280300e+01
