#sin^2(theta23) Delta_CP/deg Delta_chi^2
   4.1501643e-01   1.7999985e+02   8.9901900e+01
   4.1501643e-01   1.8599986e+02   8.2165500e+01
   4.1501643e-01   1.9199988e+02   7.5526800e+01
   4.1501643e-01   1.9799989e+02   6.9952300e+01
   4.1501643e-01   2.0399990e+02   6.5372800e+01
   4.1501643e-01   2.0999992e+02   6.1692500e+01
   4.1501643e-01   2.1599993e+02   5.8797300e+01
   4.1501643e-01   2.2199995e+02   5.6563700e+01
   4.1501643e-01   2.2799996e+02   5.4866900e+01
   4.1501643e-01   2.3399997e+02   5.3587700e+01
   4.1501643e-01   2.3999999e+02   5.2618800e+01
   4.1501643e-01   2.4600000e+02   5.1869300e+01
   4.1501643e-01   2.5200002e+02   5.1268500e+01
   4.1501643e-01   2.5800003e+02   5.0768300e+01
   4.1501643e-01   2.6400004e+02   5.0344600e+01
   4.1501643e-01   2.7000006e+02   4.9997800e+01
   4.1501643e-01   2.7600007e+02   4.9752700e+01
   4.1501643e-01   2.8200009e+02   4.9656700e+01
   4.1501643e-01   2.8800010e+02   4.9778200e+01
   4.1501643e-01   2.9400011e+02   5.0204100e+01
   4.1501643e-01   3.0000013e+02   5.1036000e+01
   4.1501643e-01   3.0600014e+02   5.2385800e+01
   4.1501643e-01   3.1200016e+02   5.4371300e+01
   4.1501643e-01   3.1800017e+02   5.7110400e+01
   4.1501643e-01   3.2400018e+02   6.0714800e+01
   4.1501643e-01   3.3000020e+02   6.5283300e+01
   4.1501643e-01   3.3600021e+02   7.0895200e+01
   4.1501643e-01   3.4200023e+02   7.7603100e+01
   4.1501643e-01   3.4800024e+02   8.5426100e+01
   4.1501643e-01   3.5400025e+02   9.4344700e+01
   4.1501643e-01   3.6000027e+02   1.0429600e+02
   4.1748110e-01   1.7999985e+02   8.2849500e+01
   4.1748110e-01   1.8599986e+02   7.5164200e+01
   4.1748110e-01   1.9199988e+02   6.8568600e+01
   4.1748110e-01   1.9799989e+02   6.3029300e+01
   4.1748110e-01   2.0399990e+02   5.8478000e+01
   4.1748110e-01   2.0999992e+02   5.4819300e+01
   4.1748110e-01   2.1599993e+02   5.1940300e+01
   4.1748110e-01   2.2199995e+02   4.9718400e+01
   4.1748110e-01   2.2799996e+02   4.8029700e+01
   4.1748110e-01   2.3399997e+02   4.6756000e+01
   4.1748110e-01   2.3999999e+02   4.5790800e+01
   4.1748110e-01   2.4600000e+02   4.5044000e+01
   4.1748110e-01   2.5200002e+02   4.4445300e+01
   4.1748110e-01   2.5800003e+02   4.3946900e+01
   4.1748110e-01   2.6400004e+02   4.3525100e+01
   4.1748110e-01   2.7000006e+02   4.3180300e+01
   4.1748110e-01   2.7600007e+02   4.2936800e+01
   4.1748110e-01   2.8200009e+02   4.2842000e+01
   4.1748110e-01   2.8800010e+02   4.2963800e+01
   4.1748110e-01   2.9400011e+02   4.3388400e+01
   4.1748110e-01   3.0000013e+02   4.4216600e+01
   4.1748110e-01   3.0600014e+02   4.5559800e+01
   4.1748110e-01   3.1200016e+02   4.7534800e+01
   4.1748110e-01   3.1800017e+02   5.0258600e+01
   4.1748110e-01   3.2400018e+02   5.3842200e+01
   4.1748110e-01   3.3000020e+02   5.8383600e+01
   4.1748110e-01   3.3600021e+02   6.3961400e+01
   4.1748110e-01   3.4200023e+02   7.0627800e+01
   4.1748110e-01   3.4800024e+02   7.8402000e+01
   4.1748110e-01   3.5400025e+02   8.7264100e+01
   4.1748110e-01   3.6000027e+02   9.7151500e+01
   4.1994784e-01   1.7999985e+02   7.6385000e+01
   4.1994784e-01   1.8599986e+02   6.8750600e+01
   4.1994784e-01   1.9199988e+02   6.2197900e+01
   4.1994784e-01   1.9799989e+02   5.6693800e+01
   4.1994784e-01   2.0399990e+02   5.2170500e+01
   4.1994784e-01   2.0999992e+02   4.8533500e+01
   4.1994784e-01   2.1599993e+02   4.5670500e+01
   4.1994784e-01   2.2199995e+02   4.3460200e+01
   4.1994784e-01   2.2799996e+02   4.1779600e+01
   4.1994784e-01   2.3399997e+02   4.0511500e+01
   4.1994784e-01   2.3999999e+02   3.9550000e+01
   4.1994784e-01   2.4600000e+02   3.8805700e+01
   4.1994784e-01   2.5200002e+02   3.8209000e+01
   4.1994784e-01   2.5800003e+02   3.7712500e+01
   4.1994784e-01   2.6400004e+02   3.7292500e+01
   4.1994784e-01   2.7000006e+02   3.6949400e+01
   4.1994784e-01   2.7600007e+02   3.6707500e+01
   4.1994784e-01   2.8200009e+02   3.6613800e+01
   4.1994784e-01   2.8800010e+02   3.6735700e+01
   4.1994784e-01   2.9400011e+02   3.7158900e+01
   4.1994784e-01   3.0000013e+02   3.7983400e+01
   4.1994784e-01   3.0600014e+02   3.9319800e+01
   4.1994784e-01   3.1200016e+02   4.1284200e+01
   4.1994784e-01   3.1800017e+02   4.3992600e+01
   4.1994784e-01   3.2400018e+02   4.7555300e+01
   4.1994784e-01   3.3000020e+02   5.2069500e+01
   4.1994784e-01   3.3600021e+02   5.7613300e+01
   4.1994784e-01   3.4200023e+02   6.4238400e+01
   4.1994784e-01   3.4800024e+02   7.1963700e+01
   4.1994784e-01   3.5400025e+02   8.0769600e+01
   4.1994784e-01   3.6000027e+02   9.0593700e+01
   4.2241658e-01   1.7999985e+02   7.0491600e+01
   4.2241658e-01   1.8599986e+02   6.2908100e+01
   4.2241658e-01   1.9199988e+02   5.6398100e+01
   4.2241658e-01   1.9799989e+02   5.0929100e+01
   4.2241658e-01   2.0399990e+02   4.6433600e+01
   4.2241658e-01   2.0999992e+02   4.2818100e+01
   4.2241658e-01   2.1599993e+02   3.9971300e+01
   4.2241658e-01   2.2199995e+02   3.7772500e+01
   4.2241658e-01   2.2799996e+02   3.6100000e+01
   4.2241658e-01   2.3399997e+02   3.4837300e+01
   4.2241658e-01   2.3999999e+02   3.3879400e+01
   4.2241658e-01   2.4600000e+02   3.3137700e+01
   4.2241658e-01   2.5200002e+02   3.2543000e+01
   4.2241658e-01   2.5800003e+02   3.2048200e+01
   4.2241658e-01   2.6400004e+02   3.1629800e+01
   4.2241658e-01   2.7000006e+02   3.1288400e+01
   4.2241658e-01   2.7600007e+02   3.1048000e+01
   4.2241658e-01   2.8200009e+02   3.0955200e+01
   4.2241658e-01   2.8800010e+02   3.1077100e+01
   4.2241658e-01   2.9400011e+02   3.1498700e+01
   4.2241658e-01   3.0000013e+02   3.2319400e+01
   4.2241658e-01   3.0600014e+02   3.3649000e+01
   4.2241658e-01   3.1200016e+02   3.5602600e+01
   4.2241658e-01   3.1800017e+02   3.8295700e+01
   4.2241658e-01   3.2400018e+02   4.1837400e+01
   4.2241658e-01   3.3000020e+02   4.6324500e+01
   4.2241658e-01   3.3600021e+02   5.1834300e+01
   4.2241658e-01   3.4200023e+02   5.8418200e+01
   4.2241658e-01   3.4800024e+02   6.6094800e+01
   4.2241658e-01   3.5400025e+02   7.4844600e+01
   4.2241658e-01   3.6000027e+02   8.4605500e+01
   4.2488727e-01   1.7999985e+02   6.5151900e+01
   4.2488727e-01   1.8599986e+02   5.7618900e+01
   4.2488727e-01   1.9199988e+02   5.1151500e+01
   4.2488727e-01   1.9799989e+02   4.5717400e+01
   4.2488727e-01   2.0399990e+02   4.1249700e+01
   4.2488727e-01   2.0999992e+02   3.7655600e+01
   4.2488727e-01   2.1599993e+02   3.4824800e+01
   4.2488727e-01   2.2199995e+02   3.2637600e+01
   4.2488727e-01   2.2799996e+02   3.0973000e+01
   4.2488727e-01   2.3399997e+02   2.9715700e+01
   4.2488727e-01   2.3999999e+02   2.8761500e+01
   4.2488727e-01   2.4600000e+02   2.8022200e+01
   4.2488727e-01   2.5200002e+02   2.7429400e+01
   4.2488727e-01   2.5800003e+02   2.6936200e+01
   4.2488727e-01   2.6400004e+02   2.6519400e+01
   4.2488727e-01   2.7000006e+02   2.6179600e+01
   4.2488727e-01   2.7600007e+02   2.5940500e+01
   4.2488727e-01   2.8200009e+02   2.5848600e+01
   4.2488727e-01   2.8800010e+02   2.5970400e+01
   4.2488727e-01   2.9400011e+02   2.6390300e+01
   4.2488727e-01   3.0000013e+02   2.7207000e+01
   4.2488727e-01   3.0600014e+02   2.8529600e+01
   4.2488727e-01   3.1200016e+02   3.0472400e+01
   4.2488727e-01   3.1800017e+02   3.3150000e+01
   4.2488727e-01   3.2400018e+02   3.6670800e+01
   4.2488727e-01   3.3000020e+02   4.1130800e+01
   4.2488727e-01   3.3600021e+02   4.6606700e+01
   4.2488727e-01   3.4200023e+02   5.3149400e+01
   4.2488727e-01   3.4800024e+02   6.0777500e+01
   4.2488727e-01   3.5400025e+02   6.9471400e+01
   4.2488727e-01   3.6000027e+02   7.9169400e+01
   4.2735982e-01   1.7999985e+02   6.0347200e+01
   4.2735982e-01   1.8599986e+02   5.2864500e+01
   4.2735982e-01   1.9199988e+02   4.6439500e+01
   4.2735982e-01   1.9799989e+02   4.1040100e+01
   4.2735982e-01   2.0399990e+02   3.6600100e+01
   4.2735982e-01   2.0999992e+02   3.3027400e+01
   4.2735982e-01   2.1599993e+02   3.0212400e+01
   4.2735982e-01   2.2199995e+02   2.8036600e+01
   4.2735982e-01   2.2799996e+02   2.6380000e+01
   4.2735982e-01   2.3399997e+02   2.5128000e+01
   4.2735982e-01   2.3999999e+02   2.4177300e+01
   4.2735982e-01   2.4600000e+02   2.3440500e+01
   4.2735982e-01   2.5200002e+02   2.2849500e+01
   4.2735982e-01   2.5800003e+02   2.2357900e+01
   4.2735982e-01   2.6400004e+02   2.1942600e+01
   4.2735982e-01   2.7000006e+02   2.1604100e+01
   4.2735982e-01   2.7600007e+02   2.1366300e+01
   4.2735982e-01   2.8200009e+02   2.1275100e+01
   4.2735982e-01   2.8800010e+02   2.1396700e+01
   4.2735982e-01   2.9400011e+02   2.1814800e+01
   4.2735982e-01   3.0000013e+02   2.2627500e+01
   4.2735982e-01   3.0600014e+02   2.3943000e+01
   4.2735982e-01   3.1200016e+02   2.5875000e+01
   4.2735982e-01   3.1800017e+02   2.8537100e+01
   4.2735982e-01   3.2400018e+02   3.2036900e+01
   4.2735982e-01   3.3000020e+02   3.6469800e+01
   4.2735982e-01   3.3600021e+02   4.1911900e+01
   4.2735982e-01   3.4200023e+02   4.8413600e+01
   4.2735982e-01   3.4800024e+02   5.5993300e+01
   4.2735982e-01   3.5400025e+02   6.4631500e+01
   4.2735982e-01   3.6000027e+02   7.4266900e+01
   4.2983420e-01   1.7999985e+02   5.6058100e+01
   4.2983420e-01   1.8599986e+02   4.8625400e+01
   4.2983420e-01   1.9199988e+02   4.2242600e+01
   4.2983420e-01   1.9799989e+02   3.6877700e+01
   4.2983420e-01   2.0399990e+02   3.2465200e+01
   4.2983420e-01   2.0999992e+02   2.8913700e+01
   4.2983420e-01   2.1599993e+02   2.6114600e+01
   4.2983420e-01   2.2199995e+02   2.3950100e+01
   4.2983420e-01   2.2799996e+02   2.2301400e+01
   4.2983420e-01   2.3399997e+02   2.1054700e+01
   4.2983420e-01   2.3999999e+02   2.0107500e+01
   4.2983420e-01   2.4600000e+02   1.9373000e+01
   4.2983420e-01   2.5200002e+02   1.8783600e+01
   4.2983420e-01   2.5800003e+02   1.8293500e+01
   4.2983420e-01   2.6400004e+02   1.7879600e+01
   4.2983420e-01   2.7000006e+02   1.7542500e+01
   4.2983420e-01   2.7600007e+02   1.7305900e+01
   4.2983420e-01   2.8200009e+02   1.7215300e+01
   4.2983420e-01   2.8800010e+02   1.7336500e+01
   4.2983420e-01   2.9400011e+02   1.7752700e+01
   4.2983420e-01   3.0000013e+02   1.8561300e+01
   4.2983420e-01   3.0600014e+02   1.9869700e+01
   4.2983420e-01   3.1200016e+02   2.1790700e+01
   4.2983420e-01   3.1800017e+02   2.4437300e+01
   4.2983420e-01   3.2400018e+02   2.7916200e+01
   4.2983420e-01   3.3000020e+02   3.2322000e+01
   4.2983420e-01   3.3600021e+02   3.7730400e+01
   4.2983420e-01   3.4200023e+02   4.4191300e+01
   4.2983420e-01   3.4800024e+02   5.1722800e+01
   4.2983420e-01   3.5400025e+02   6.0305600e+01
   4.2983420e-01   3.6000027e+02   6.9878600e+01
   4.3231033e-01   1.7999985e+02   5.2264300e+01
   4.3231033e-01   1.8599986e+02   4.4881300e+01
   4.3231033e-01   1.9199988e+02   3.8540400e+01
   4.3231033e-01   1.9799989e+02   3.3209900e+01
   4.3231033e-01   2.0399990e+02   2.8824700e+01
   4.3231033e-01   2.0999992e+02   2.5294300e+01
   4.3231033e-01   2.1599993e+02   2.2510800e+01
   4.3231033e-01   2.2199995e+02   2.0357700e+01
   4.3231033e-01   2.2799996e+02   1.8716700e+01
   4.3231033e-01   2.3399997e+02   1.7475200e+01
   4.3231033e-01   2.3999999e+02   1.6531400e+01
   4.3231033e-01   2.4600000e+02   1.5799100e+01
   4.3231033e-01   2.5200002e+02   1.5211500e+01
   4.3231033e-01   2.5800003e+02   1.4722700e+01
   4.3231033e-01   2.6400004e+02   1.4310200e+01
   4.3231033e-01   2.7000006e+02   1.3974300e+01
   4.3231033e-01   2.7600007e+02   1.3738600e+01
   4.3231033e-01   2.8200009e+02   1.3648500e+01
   4.3231033e-01   2.8800010e+02   1.3769300e+01
   4.3231033e-01   2.9400011e+02   1.4183500e+01
   4.3231033e-01   3.0000013e+02   1.4987900e+01
   4.3231033e-01   3.0600014e+02   1.6289100e+01
   4.3231033e-01   3.1200016e+02   1.8199200e+01
   4.3231033e-01   3.1800017e+02   2.0830200e+01
   4.3231033e-01   3.2400018e+02   2.4288300e+01
   4.3231033e-01   3.3000020e+02   2.8667100e+01
   4.3231033e-01   3.3600021e+02   3.4041900e+01
   4.3231033e-01   3.4200023e+02   4.0462100e+01
   4.3231033e-01   3.4800024e+02   4.7945600e+01
   4.3231033e-01   3.5400025e+02   5.6473200e+01
   4.3231033e-01   3.6000027e+02   6.5984200e+01
   4.3478815e-01   1.7999985e+02   4.8944600e+01
   4.3478815e-01   1.8599986e+02   4.1611100e+01
   4.3478815e-01   1.9199988e+02   3.5311800e+01
   4.3478815e-01   1.9799989e+02   3.0015400e+01
   4.3478815e-01   2.0399990e+02   2.5657400e+01
   4.3478815e-01   2.0999992e+02   2.2147800e+01
   4.3478815e-01   2.1599993e+02   1.9380000e+01
   4.3478815e-01   2.2199995e+02   1.7238000e+01
   4.3478815e-01   2.2799996e+02   1.5604700e+01
   4.3478815e-01   2.3399997e+02   1.4368300e+01
   4.3478815e-01   2.3999999e+02   1.3427800e+01
   4.3478815e-01   2.4600000e+02   1.2697700e+01
   4.3478815e-01   2.5200002e+02   1.2111600e+01
   4.3478815e-01   2.5800003e+02   1.1624200e+01
   4.3478815e-01   2.6400004e+02   1.1212800e+01
   4.3478815e-01   2.7000006e+02   1.0878100e+01
   4.3478815e-01   2.7600007e+02   1.0643400e+01
   4.3478815e-01   2.8200009e+02   1.0553700e+01
   4.3478815e-01   2.8800010e+02   1.0673900e+01
   4.3478815e-01   2.9400011e+02   1.1086000e+01
   4.3478815e-01   3.0000013e+02   1.1886100e+01
   4.3478815e-01   3.0600014e+02   1.3180100e+01
   4.3478815e-01   3.1200016e+02   1.5079200e+01
   4.3478815e-01   3.1800017e+02   1.7694700e+01
   4.3478815e-01   3.2400018e+02   2.1131900e+01
   4.3478815e-01   3.3000020e+02   2.5483900e+01
   4.3478815e-01   3.3600021e+02   3.0825200e+01
   4.3478815e-01   3.4200023e+02   3.7204800e+01
   4.3478815e-01   3.4800024e+02   4.4640600e+01
   4.3478815e-01   3.5400025e+02   5.3113400e+01
   4.3478815e-01   3.6000027e+02   6.2562700e+01
   4.3726760e-01   1.7999985e+02   4.6077000e+01
   4.3726760e-01   1.8599986e+02   3.8792700e+01
   4.3726760e-01   1.9199988e+02   3.2534800e+01
   4.3726760e-01   1.9799989e+02   2.7272300e+01
   4.3726760e-01   2.0399990e+02   2.2941200e+01
   4.3726760e-01   2.0999992e+02   1.9452400e+01
   4.3726760e-01   2.1599993e+02   1.6699900e+01
   4.3726760e-01   2.2199995e+02   1.4569000e+01
   4.3726760e-01   2.2799996e+02   1.2943300e+01
   4.3726760e-01   2.3399997e+02   1.1711900e+01
   4.3726760e-01   2.3999999e+02   1.0774600e+01
   4.3726760e-01   2.4600000e+02   1.0046700e+01
   4.3726760e-01   2.5200002e+02   9.4620600e+00
   4.3726760e-01   2.5800003e+02   8.9758100e+00
   4.3726760e-01   2.6400004e+02   8.5655600e+00
   4.3726760e-01   2.7000006e+02   8.2318800e+00
   4.3726760e-01   2.7600007e+02   7.9979900e+00
   4.3726760e-01   2.8200009e+02   7.9086100e+00
   4.3726760e-01   2.8800010e+02   8.0281500e+00
   4.3726760e-01   2.9400011e+02   8.4381200e+00
   4.3726760e-01   3.0000013e+02   9.2338600e+00
   4.3726760e-01   3.0600014e+02   1.0520600e+01
   4.3726760e-01   3.1200016e+02   1.2408700e+01
   4.3726760e-01   3.1800017e+02   1.5008700e+01
   4.3726760e-01   3.2400018e+02   1.8425100e+01
   4.3726760e-01   3.3000020e+02   2.2750400e+01
   4.3726760e-01   3.3600021e+02   2.8058300e+01
   4.3726760e-01   3.4200023e+02   3.4397700e+01
   4.3726760e-01   3.4800024e+02   4.1786000e+01
   4.3726760e-01   3.5400025e+02   5.0204200e+01
   4.3726760e-01   3.6000027e+02   5.9592200e+01
   4.3974862e-01   1.7999985e+02   4.3639100e+01
   4.3974862e-01   1.8599986e+02   3.6403500e+01
   4.3974862e-01   1.9199988e+02   3.0186700e+01
   4.3974862e-01   1.9799989e+02   2.4957800e+01
   4.3974862e-01   2.0399990e+02   2.0653400e+01
   4.3974862e-01   2.0999992e+02   1.7185200e+01
   4.3974862e-01   2.1599993e+02   1.4448000e+01
   4.3974862e-01   2.2199995e+02   1.2328000e+01
   4.3974862e-01   2.2799996e+02   1.0709800e+01
   4.3974862e-01   2.3399997e+02   9.4833300e+00
   4.3974862e-01   2.3999999e+02   8.5491900e+00
   4.3974862e-01   2.4600000e+02   7.8232500e+00
   4.3974862e-01   2.5200002e+02   7.2399900e+00
   4.3974862e-01   2.5800003e+02   6.7548500e+00
   4.3974862e-01   2.6400004e+02   6.3456200e+00
   4.3974862e-01   2.7000006e+02   6.0128900e+00
   4.3974862e-01   2.7600007e+02   5.7797200e+00
   4.3974862e-01   2.8200009e+02   5.6905600e+00
   4.3974862e-01   2.8800010e+02   5.8093800e+00
   4.3974862e-01   2.9400011e+02   6.2171200e+00
   4.3974862e-01   3.0000013e+02   7.0084600e+00
   4.3974862e-01   3.0600014e+02   8.2878800e+00
   4.3974862e-01   3.1200016e+02   1.0165000e+01
   4.3974862e-01   3.1800017e+02   1.2749600e+01
   4.3974862e-01   3.2400018e+02   1.6145300e+01
   4.3974862e-01   3.3000020e+02   2.0443900e+01
   4.3974862e-01   3.3600021e+02   2.5718700e+01
   4.3974862e-01   3.4200023e+02   3.2018000e+01
   4.3974862e-01   3.4800024e+02   3.9359100e+01
   4.3974862e-01   3.5400025e+02   4.7723000e+01
   4.3974862e-01   3.6000027e+02   5.7050100e+01
   4.4223114e-01   1.7999985e+02   4.1607500e+01
   4.4223114e-01   1.8599986e+02   3.4420300e+01
   4.4223114e-01   1.9199988e+02   2.8244100e+01
   4.4223114e-01   1.9799989e+02   2.3048600e+01
   4.4223114e-01   2.0399990e+02   1.8770700e+01
   4.4223114e-01   2.0999992e+02   1.5322900e+01
   4.4223114e-01   2.1599993e+02   1.2600800e+01
   4.4223114e-01   2.2199995e+02   1.0491600e+01
   4.4223114e-01   2.2799996e+02   8.8807600e+00
   4.4223114e-01   2.3399997e+02   7.6590900e+00
   4.4223114e-01   2.3999999e+02   6.7279800e+00
   4.4223114e-01   2.4600000e+02   6.0039500e+00
   4.4223114e-01   2.5200002e+02   5.4219900e+00
   4.4223114e-01   2.5800003e+02   4.9378700e+00
   4.4223114e-01   2.6400004e+02   4.5295600e+00
   4.4223114e-01   2.7000006e+02   4.1976800e+00
   4.4223114e-01   2.7600007e+02   3.9651500e+00
   4.4223114e-01   2.8200009e+02   3.8761300e+00
   4.4223114e-01   2.8800010e+02   3.9941400e+00
   4.4223114e-01   2.9400011e+02   4.3995800e+00
   4.4223114e-01   3.0000013e+02   5.1864700e+00
   4.4223114e-01   3.0600014e+02   6.4585800e+00
   4.4223114e-01   3.1200016e+02   8.3247800e+00
   4.4223114e-01   3.1800017e+02   1.0893900e+01
   4.4223114e-01   3.2400018e+02   1.4269000e+01
   4.4223114e-01   3.3000020e+02   1.8541100e+01
   4.4223114e-01   3.3600021e+02   2.3782900e+01
   4.4223114e-01   3.4200023e+02   3.0042400e+01
   4.4223114e-01   3.4800024e+02   3.7336700e+01
   4.4223114e-01   3.5400025e+02   4.5646700e+01
   4.4223114e-01   3.6000027e+02   5.4913200e+01
   4.4471511e-01   1.7999985e+02   3.9958300e+01
   4.4471511e-01   1.8599986e+02   3.2819100e+01
   4.4471511e-01   1.9199988e+02   2.6683300e+01
   4.4471511e-01   1.9799989e+02   2.1520800e+01
   4.4471511e-01   2.0399990e+02   1.7269200e+01
   4.4471511e-01   2.0999992e+02   1.3841500e+01
   4.4471511e-01   2.1599993e+02   1.1134400e+01
   4.4471511e-01   2.2199995e+02   9.0357900e+00
   4.4471511e-01   2.2799996e+02   7.4321900e+00
   4.4471511e-01   2.3399997e+02   6.2152200e+00
   4.4471511e-01   2.3999999e+02   5.2870400e+00
   4.4471511e-01   2.4600000e+02   4.5648300e+00
   4.4471511e-01   2.5200002e+02   3.9840500e+00
   4.4471511e-01   2.5800003e+02   3.5008500e+00
   4.4471511e-01   2.6400004e+02   3.0933700e+00
   4.4471511e-01   2.7000006e+02   2.7622500e+00
   4.4471511e-01   2.7600007e+02   2.5302800e+00
   4.4471511e-01   2.8200009e+02   2.4413000e+00
   4.4471511e-01   2.8800010e+02   2.5584300e+00
   4.4471511e-01   2.9400011e+02   2.9615200e+00
   4.4471511e-01   3.0000013e+02   3.7439400e+00
   4.4471511e-01   3.0600014e+02   5.0087300e+00
   4.4471511e-01   3.1200016e+02   6.8639800e+00
   4.4471511e-01   3.1800017e+02   9.4177600e+00
   4.4471511e-01   3.2400018e+02   1.2772300e+01
   4.4471511e-01   3.3000020e+02   1.7018100e+01
   4.4471511e-01   3.3600021e+02   2.2227200e+01
   4.4471511e-01   3.4200023e+02   2.8447100e+01
   4.4471511e-01   3.4800024e+02   3.5694800e+01
   4.4471511e-01   3.5400025e+02   4.3951300e+01
   4.4471511e-01   3.6000027e+02   5.3157700e+01
   4.4720046e-01   1.7999985e+02   3.8667100e+01
   4.4720046e-01   1.8599986e+02   3.1575500e+01
   4.4720046e-01   1.9199988e+02   2.5479800e+01
   4.4720046e-01   1.9799989e+02   2.0350100e+01
   4.4720046e-01   2.0399990e+02   1.6124400e+01
   4.4720046e-01   2.0999992e+02   1.2716600e+01
   4.4720046e-01   2.1599993e+02   1.0024300e+01
   4.4720046e-01   2.2199995e+02   7.9361200e+00
   4.4720046e-01   2.2799996e+02   6.3396200e+00
   4.4720046e-01   2.3399997e+02   5.1272200e+00
   4.4720046e-01   2.3999999e+02   4.2018700e+00
   4.4720046e-01   2.4600000e+02   3.4813600e+00
   4.4720046e-01   2.5200002e+02   2.9016700e+00
   4.4720046e-01   2.5800003e+02   2.4193000e+00
   4.4720046e-01   2.6400004e+02   2.0125500e+00
   4.4720046e-01   2.7000006e+02   1.6821000e+00
   4.4720046e-01   2.7600007e+02   1.4505800e+00
   4.4720046e-01   2.8200009e+02   1.3615800e+00
   4.4720046e-01   2.8800010e+02   1.4777700e+00
   4.4720046e-01   2.9400011e+02   1.8784600e+00
   4.4720046e-01   3.0000013e+02   2.6563900e+00
   4.4720046e-01   3.0600014e+02   3.9138500e+00
   4.4720046e-01   3.1200016e+02   5.7582100e+00
   4.4720046e-01   3.1800017e+02   8.2967200e+00
   4.4720046e-01   3.2400018e+02   1.1630900e+01
   4.4720046e-01   3.3000020e+02   1.5850500e+01
   4.4720046e-01   3.3600021e+02   2.1027100e+01
   4.4720046e-01   3.4200023e+02   2.7207700e+01
   4.4720046e-01   3.4800024e+02   3.4409200e+01
   4.4720046e-01   3.5400025e+02   4.2612600e+01
   4.4720046e-01   3.6000027e+02   5.1759300e+01
   4.4968713e-01   1.7999985e+02   3.7709300e+01
   4.4968713e-01   1.8599986e+02   3.0664900e+01
   4.4968713e-01   1.9199988e+02   2.4608800e+01
   4.4968713e-01   1.9799989e+02   1.9511400e+01
   4.4968713e-01   2.0399990e+02   1.5311400e+01
   4.4968713e-01   2.0999992e+02   1.1923400e+01
   4.4968713e-01   2.1599993e+02   9.2455500e+00
   4.4968713e-01   2.2199995e+02   7.1677000e+00
   4.4968713e-01   2.2799996e+02   5.5781400e+00
   4.4968713e-01   2.3399997e+02   4.3701800e+00
   4.4968713e-01   2.3999999e+02   3.4475300e+00
   4.4968713e-01   2.4600000e+02   2.7286200e+00
   4.4968713e-01   2.5200002e+02   2.1499200e+00
   4.4968713e-01   2.5800003e+02   1.6682700e+00
   4.4968713e-01   2.6400004e+02   1.2621600e+00
   4.4968713e-01   2.7000006e+02   9.3228700e-01
   4.4968713e-01   2.7600007e+02   7.0115200e-01
   4.4968713e-01   2.8200009e+02   6.1204700e-01
   4.4968713e-01   2.8800010e+02   7.2723900e-01
   4.4968713e-01   2.9400011e+02   1.1254900e+00
   4.4968713e-01   3.0000013e+02   1.8989100e+00
   4.4968713e-01   3.0600014e+02   3.1490700e+00
   4.4968713e-01   3.1200016e+02   4.9825700e+00
   4.4968713e-01   3.1800017e+02   7.5059200e+00
   4.4968713e-01   3.2400018e+02   1.0819900e+01
   4.4968713e-01   3.3000020e+02   1.5013500e+01
   4.4968713e-01   3.3600021e+02   2.0157800e+01
   4.4968713e-01   3.4200023e+02   2.6299500e+01
   4.4968713e-01   3.4800024e+02   3.3455100e+01
   4.4968713e-01   3.5400025e+02   4.1605800e+01
   4.4968713e-01   3.6000027e+02   5.0693300e+01
   4.5217506e-01   1.7999985e+02   3.7059700e+01
   4.5217506e-01   1.8599986e+02   3.0061900e+01
   4.5217506e-01   1.9199988e+02   2.4045100e+01
   4.5217506e-01   1.9799989e+02   1.8979800e+01
   4.5217506e-01   2.0399990e+02   1.4805200e+01
   4.5217506e-01   2.0999992e+02   1.1436500e+01
   4.5217506e-01   2.1599993e+02   8.7730300e+00
   4.5217506e-01   2.2199995e+02   6.7052900e+00
   4.5217506e-01   2.2799996e+02   5.1225100e+00
   4.5217506e-01   2.3399997e+02   3.9188600e+00
   4.5217506e-01   2.3999999e+02   2.9987800e+00
   4.5217506e-01   2.4600000e+02   2.2813500e+00
   4.5217506e-01   2.5200002e+02   1.7035300e+00
   4.5217506e-01   2.5800003e+02   1.2225000e+00
   4.5217506e-01   2.6400004e+02   8.1694400e-01
   4.5217506e-01   2.7000006e+02   4.8755500e-01
   4.5217506e-01   2.7600007e+02   2.5672000e-01
   4.5217506e-01   2.8200009e+02   1.6744700e-01
   4.5217506e-01   2.8800010e+02   2.8158800e-01
   4.5217506e-01   2.9400011e+02   6.7737300e-01
   4.5217506e-01   3.0000013e+02   1.4462700e+00
   4.5217506e-01   3.0600014e+02   2.6891500e+00
   4.5217506e-01   3.1200016e+02   4.5118700e+00
   4.5217506e-01   3.1800017e+02   7.0201600e+00
   4.5217506e-01   3.2400018e+02   1.0314100e+01
   4.5217506e-01   3.3000020e+02   1.4481900e+01
   4.5217506e-01   3.3600021e+02   1.9594200e+01
   4.5217506e-01   3.4200023e+02   2.5697200e+01
   4.5217506e-01   3.4800024e+02   3.2807400e+01
   4.5217506e-01   3.5400025e+02   4.0905800e+01
   4.5217506e-01   3.6000027e+02   4.9934600e+01
   4.5466419e-01   1.7999985e+02   3.6692800e+01
   4.5466419e-01   1.8599986e+02   2.9741300e+01
   4.5466419e-01   1.9199988e+02   2.3763300e+01
   4.5466419e-01   1.9799989e+02   1.8729700e+01
   4.5466419e-01   2.0399990e+02   1.4580100e+01
   4.5466419e-01   2.0999992e+02   1.1230700e+01
   4.5466419e-01   2.1599993e+02   8.5812500e+00
   4.5466419e-01   2.2199995e+02   6.5234100e+00
   4.5466419e-01   2.2799996e+02   4.9472500e+00
   4.5466419e-01   2.3399997e+02   3.7477600e+00
   4.5466419e-01   2.3999999e+02   2.8301200e+00
   4.5466419e-01   2.4600000e+02   2.1140500e+00
   4.5466419e-01   2.5200002e+02   1.5370100e+00
   4.5466419e-01   2.5800003e+02   1.0565000e+00
   4.5466419e-01   2.6400004e+02   6.5139200e-01
   4.5466419e-01   2.7000006e+02   3.2240300e-01
   4.5466419e-01   2.7600007e+02   9.1790700e-02
   4.5466419e-01   2.8200009e+02   2.2850200e-03
   4.5466419e-01   2.8800010e+02   1.1532800e-01
   4.5466419e-01   2.9400011e+02   5.0862100e-01
   4.5466419e-01   3.0000013e+02   1.2730000e+00
   4.5466419e-01   3.0600014e+02   2.5086500e+00
   4.5466419e-01   3.1200016e+02   4.3206600e+00
   4.5466419e-01   3.1800017e+02   6.8140000e+00
   4.5466419e-01   3.2400018e+02   1.0088000e+01
   4.5466419e-01   3.3000020e+02   1.4230300e+01
   4.5466419e-01   3.3600021e+02   1.9310900e+01
   4.5466419e-01   3.4200023e+02   2.5375600e+01
   4.5466419e-01   3.4800024e+02   3.2440600e+01
   4.5466419e-01   3.5400025e+02   4.0487200e+01
   4.5466419e-01   3.6000027e+02   4.9457800e+01
   4.5715445e-01   1.7999985e+02   3.6583300e+01
   4.5715445e-01   1.8599986e+02   2.9677500e+01
   4.5715445e-01   1.9199988e+02   2.3737900e+01
   4.5715445e-01   1.9799989e+02   1.8735600e+01
   4.5715445e-01   2.0399990e+02   1.4610700e+01
   4.5715445e-01   2.0999992e+02   1.1280200e+01
   4.5715445e-01   2.1599993e+02   8.6446100e+00
   4.5715445e-01   2.2199995e+02   6.5964800e+00
   4.5715445e-01   2.2799996e+02   5.0267500e+00
   4.5715445e-01   2.3399997e+02   3.8312600e+00
   4.5715445e-01   2.3999999e+02   2.9159400e+00
   4.5715445e-01   2.4600000e+02   2.2011100e+00
   4.5715445e-01   2.5200002e+02   1.6247200e+00
   4.5715445e-01   2.5800003e+02   1.1446200e+00
   4.5715445e-01   2.6400004e+02   7.3986700e-01
   4.5715445e-01   2.7000006e+02   4.1119200e-01
   4.5715445e-01   2.7600007e+02   1.8072800e-01
   4.5715445e-01   2.8200009e+02   9.0929800e-02
   4.5715445e-01   2.8800010e+02   2.0283400e-01
   4.5715445e-01   2.9400011e+02   5.9361700e-01
   4.5715445e-01   3.0000013e+02   1.3534900e+00
   4.5715445e-01   3.0600014e+02   2.5819500e+00
   4.5715445e-01   3.1200016e+02   4.3833300e+00
   4.5715445e-01   3.1800017e+02   6.8618700e+00
   4.5715445e-01   3.2400018e+02   1.0116100e+01
   4.5715445e-01   3.3000020e+02   1.4233200e+01
   4.5715445e-01   3.3600021e+02   1.9282300e+01
   4.5715445e-01   3.4200023e+02   2.5309100e+01
   4.5715445e-01   3.4800024e+02   3.2329400e+01
   4.5715445e-01   3.5400025e+02   4.0324700e+01
   4.5715445e-01   3.6000027e+02   4.9237600e+01
   4.5964578e-01   1.7999985e+02   3.6705500e+01
   4.5964578e-01   1.8599986e+02   2.9844900e+01
   4.5964578e-01   1.9199988e+02   2.3943300e+01
   4.5964578e-01   1.9799989e+02   1.8971800e+01
   4.5964578e-01   2.0399990e+02   1.4871400e+01
   4.5964578e-01   2.0999992e+02   1.1559400e+01
   4.5964578e-01   2.1599993e+02   8.9374900e+00
   4.5964578e-01   2.2199995e+02   6.8988400e+00
   4.5964578e-01   2.2799996e+02   5.3353700e+00
   4.5964578e-01   2.3399997e+02   4.1437100e+00
   4.5964578e-01   2.3999999e+02   3.2305500e+00
   4.5964578e-01   2.4600000e+02   2.5168300e+00
   4.5964578e-01   2.5200002e+02   1.9409900e+00
   4.5964578e-01   2.5800003e+02   1.4612000e+00
   4.5964578e-01   2.6400004e+02   1.0567000e+00
   4.5964578e-01   2.7000006e+02   7.2825100e-01
   4.5964578e-01   2.7600007e+02   4.9786200e-01
   4.5964578e-01   2.8200009e+02   4.0771600e-01
   4.5964578e-01   2.8800010e+02   5.1844500e-01
   4.5964578e-01   2.9400011e+02   9.0670800e-01
   4.5964578e-01   3.0000013e+02   1.6621000e+00
   4.5964578e-01   3.0600014e+02   2.8834200e+00
   4.5964578e-01   3.1200016e+02   4.6742800e+00
   4.5964578e-01   3.1800017e+02   7.1381500e+00
   4.5964578e-01   3.2400018e+02   1.0372900e+01
   4.5964578e-01   3.3000020e+02   1.4464900e+01
   4.5964578e-01   3.3600021e+02   1.9482900e+01
   4.5964578e-01   3.4200023e+02   2.5472100e+01
   4.5964578e-01   3.4800024e+02   3.2448200e+01
   4.5964578e-01   3.5400025e+02   4.0392600e+01
   4.5964578e-01   3.6000027e+02   4.9248300e+01
   4.6213811e-01   1.7999985e+02   3.7034000e+01
   4.6213811e-01   1.8599986e+02   3.0218200e+01
   4.6213811e-01   1.9199988e+02   2.4354000e+01
   4.6213811e-01   1.9799989e+02   1.9413000e+01
   4.6213811e-01   2.0399990e+02   1.5336700e+01
   4.6213811e-01   2.0999992e+02   1.2042900e+01
   4.6213811e-01   2.1599993e+02   9.4343300e+00
   4.6213811e-01   2.2199995e+02   7.4049400e+00
   4.6213811e-01   2.2799996e+02   5.8475200e+00
   4.6213811e-01   2.3399997e+02   4.6595400e+00
   4.6213811e-01   2.3999999e+02   3.7483900e+00
   4.6213811e-01   2.4600000e+02   3.0356500e+00
   4.6213811e-01   2.5200002e+02   2.4602200e+00
   4.6213811e-01   2.5800003e+02   1.9806300e+00
   4.6213811e-01   2.6400004e+02   1.5762900e+00
   4.6213811e-01   2.7000006e+02   1.2479900e+00
   4.6213811e-01   2.7600007e+02   1.0176000e+00
   4.6213811e-01   2.8200009e+02   9.2705500e-01
   4.6213811e-01   2.8800010e+02   1.0365800e+00
   4.6213811e-01   2.9400011e+02   1.4223200e+00
   4.6213811e-01   3.0000013e+02   2.1732600e+00
   4.6213811e-01   3.0600014e+02   3.3875000e+00
   4.6213811e-01   3.1200016e+02   5.1679400e+00
   4.6213811e-01   3.1800017e+02   7.6173000e+00
   4.6213811e-01   3.2400018e+02   1.0832700e+01
   4.6213811e-01   3.3000020e+02   1.4899900e+01
   4.6213811e-01   3.3600021e+02   1.9887100e+01
   4.6213811e-01   3.4200023e+02   2.5839100e+01
   4.6213811e-01   3.4800024e+02   3.2771400e+01
   4.6213811e-01   3.5400025e+02   4.0665500e+01
   4.6213811e-01   3.6000027e+02   4.9464600e+01
   4.6463140e-01   1.7999985e+02   3.7543400e+01
   4.6463140e-01   1.8599986e+02   3.0771800e+01
   4.6463140e-01   1.9199988e+02   2.4944600e+01
   4.6463140e-01   1.9799989e+02   2.0033800e+01
   4.6463140e-01   2.0399990e+02   1.5981100e+01
   4.6463140e-01   2.0999992e+02   1.2705300e+01
   4.6463140e-01   2.1599993e+02   1.0109800e+01
   4.6463140e-01   2.2199995e+02   8.0894100e+00
   4.6463140e-01   2.2799996e+02   6.5378400e+00
   4.6463140e-01   2.3399997e+02   5.3533500e+00
   4.6463140e-01   2.3999999e+02   4.4440600e+00
   4.6463140e-01   2.4600000e+02   3.7321500e+00
   4.6463140e-01   2.5200002e+02   3.1570200e+00
   4.6463140e-01   2.5800003e+02   2.6775200e+00
   4.6463140e-01   2.6400004e+02   2.2732400e+00
   4.6463140e-01   2.7000006e+02   1.9449900e+00
   4.6463140e-01   2.7600007e+02   1.7145500e+00
   4.6463140e-01   2.8200009e+02   1.6235500e+00
   4.6463140e-01   2.8800010e+02   1.7318400e+00
   4.6463140e-01   2.9400011e+02   2.1150600e+00
   4.6463140e-01   3.0000013e+02   2.8615700e+00
   4.6463140e-01   3.0600014e+02   4.0688200e+00
   4.6463140e-01   3.1200016e+02   5.8389600e+00
   4.6463140e-01   3.1800017e+02   8.2739700e+00
   4.6463140e-01   3.2400018e+02   1.1470300e+01
   4.6463140e-01   3.3000020e+02   1.5513000e+01
   4.6463140e-01   3.3600021e+02   2.0469700e+01
   4.6463140e-01   3.4200023e+02   2.6384900e+01
   4.6463140e-01   3.4800024e+02   3.3273900e+01
   4.6463140e-01   3.5400025e+02   4.1118100e+01
   4.6463140e-01   3.6000027e+02   4.9861300e+01
   4.6712557e-01   1.7999985e+02   3.8208900e+01
   4.6712557e-01   1.8599986e+02   3.1481000e+01
   4.6712557e-01   1.9199988e+02   2.5690300e+01
   4.6712557e-01   1.9799989e+02   2.0809100e+01
   4.6712557e-01   2.0399990e+02   1.6779600e+01
   4.6712557e-01   2.0999992e+02   1.3521500e+01
   4.6712557e-01   2.1599993e+02   1.0938800e+01
   4.6712557e-01   2.2199995e+02   8.9271800e+00
   4.6712557e-01   2.2799996e+02   7.3812500e+00
   4.6712557e-01   2.3399997e+02   6.2000600e+00
   4.6712557e-01   2.3999999e+02   5.2924700e+00
   4.6712557e-01   2.4600000e+02   4.5812600e+00
   4.6712557e-01   2.5200002e+02   4.0063000e+00
   4.6712557e-01   2.5800003e+02   3.5267700e+00
   4.6712557e-01   2.6400004e+02   3.1224500e+00
   4.6712557e-01   2.7000006e+02   2.7941800e+00
   4.6712557e-01   2.7600007e+02   2.5636000e+00
   4.6712557e-01   2.8200009e+02   2.4721100e+00
   4.6712557e-01   2.8800010e+02   2.5791500e+00
   4.6712557e-01   2.9400011e+02   2.9598400e+00
   4.6712557e-01   3.0000013e+02   3.7019800e+00
   4.6712557e-01   3.0600014e+02   4.9023100e+00
   4.6712557e-01   3.1200016e+02   6.6622700e+00
   4.6712557e-01   3.1800017e+02   9.0831100e+00
   4.6712557e-01   3.2400018e+02   1.2260600e+01
   4.6712557e-01   3.3000020e+02   1.6279000e+01
   4.6712557e-01   3.3600021e+02   2.1205700e+01
   4.6712557e-01   3.4200023e+02   2.7084500e+01
   4.6712557e-01   3.4800024e+02   3.3930600e+01
   4.6712557e-01   3.5400025e+02   4.1725500e+01
   4.6712557e-01   3.6000027e+02   5.0413200e+01
   4.6962056e-01   1.7999985e+02   3.9005900e+01
   4.6962056e-01   1.8599986e+02   3.2321000e+01
   4.6962056e-01   1.9199988e+02   2.6566300e+01
   4.6962056e-01   1.9799989e+02   2.1714300e+01
   4.6962056e-01   2.0399990e+02   1.7707800e+01
   4.6962056e-01   2.0999992e+02   1.4466900e+01
   4.6962056e-01   2.1599993e+02   1.1896700e+01
   4.6962056e-01   2.2199995e+02   9.8936100e+00
   4.6962056e-01   2.2799996e+02   8.3531100e+00
   4.6962056e-01   2.3399997e+02   7.1750400e+00
   4.6962056e-01   2.3999999e+02   6.2689700e+00
   4.6962056e-01   2.4600000e+02   5.5583100e+00
   4.6962056e-01   2.5200002e+02   4.9833900e+00
   4.6962056e-01   2.5800003e+02   4.5037200e+00
   4.6962056e-01   2.6400004e+02   4.0992600e+00
   4.6962056e-01   2.7000006e+02   3.7708800e+00
   4.6962056e-01   2.7600007e+02   3.5401100e+00
   4.6962056e-01   2.8200009e+02   3.4480700e+00
   4.6962056e-01   2.8800010e+02   3.5538400e+00
   4.6962056e-01   2.9400011e+02   3.9320300e+00
   4.6962056e-01   3.0000013e+02   4.6698300e+00
   4.6962056e-01   3.0600014e+02   5.8633200e+00
   4.6962056e-01   3.1200016e+02   7.6132400e+00
   4.6962056e-01   3.1800017e+02   1.0020100e+01
   4.6962056e-01   3.2400018e+02   1.3178900e+01
   4.6962056e-01   3.3000020e+02   1.7173500e+01
   4.6962056e-01   3.3600021e+02   2.2070300e+01
   4.6962056e-01   3.4200023e+02   2.7913200e+01
   4.6962056e-01   3.4800024e+02   3.4716900e+01
   4.6962056e-01   3.5400025e+02   4.2463000e+01
   4.6962056e-01   3.6000027e+02   5.1095900e+01
   4.7211631e-01   1.7999985e+02   3.9910300e+01
   4.7211631e-01   1.8599986e+02   3.3267900e+01
   4.7211631e-01   1.9199988e+02   2.7548700e+01
   4.7211631e-01   1.9799989e+02   2.2725400e+01
   4.7211631e-01   2.0399990e+02   1.8741400e+01
   4.7211631e-01   2.0999992e+02   1.5517500e+01
   4.7211631e-01   2.1599993e+02   1.2959400e+01
   4.7211631e-01   2.2199995e+02   1.0964600e+01
   4.7211631e-01   2.2799996e+02   9.4293300e+00
   4.7211631e-01   2.3399997e+02   8.2541700e+00
   4.7211631e-01   2.3999999e+02   7.3494700e+00
   4.7211631e-01   2.4600000e+02   6.6391900e+00
   4.7211631e-01   2.5200002e+02   6.0641800e+00
   4.7211631e-01   2.5800003e+02   5.5842500e+00
   4.7211631e-01   2.6400004e+02   5.1795500e+00
   4.7211631e-01   2.7000006e+02   4.8509800e+00
   4.7211631e-01   2.7600007e+02   4.6199500e+00
   4.7211631e-01   2.8200009e+02   4.5273300e+00
   4.7211631e-01   2.8800010e+02   4.6318000e+00
   4.7211631e-01   2.9400011e+02   5.0075100e+00
   4.7211631e-01   3.0000013e+02   5.7410200e+00
   4.7211631e-01   3.0600014e+02   6.9277800e+00
   4.7211631e-01   3.1200016e+02   8.6677800e+00
   4.7211631e-01   3.1800017e+02   1.1060800e+01
   4.7211631e-01   3.2400018e+02   1.4201300e+01
   4.7211631e-01   3.3000020e+02   1.8172200e+01
   4.7211631e-01   3.3600021e+02   2.3039700e+01
   4.7211631e-01   3.4200023e+02   2.8847000e+01
   4.7211631e-01   3.4800024e+02   3.5608800e+01
   4.7211631e-01   3.5400025e+02   4.3306700e+01
   4.7211631e-01   3.6000027e+02   5.1885300e+01
   4.7461276e-01   1.7999985e+02   4.0898700e+01
   4.7461276e-01   1.8599986e+02   3.4298300e+01
   4.7461276e-01   1.9199988e+02   2.8614100e+01
   4.7461276e-01   1.9799989e+02   2.3819000e+01
   4.7461276e-01   2.0399990e+02   1.9857100e+01
   4.7461276e-01   2.0999992e+02   1.6649800e+01
   4.7461276e-01   2.1599993e+02   1.4103600e+01
   4.7461276e-01   2.2199995e+02   1.2116800e+01
   4.7461276e-01   2.2799996e+02   1.0586500e+01
   4.7461276e-01   2.3399997e+02   9.4140500e+00
   4.7461276e-01   2.3999999e+02   8.5105200e+00
   4.7461276e-01   2.4600000e+02   7.8004900e+00
   4.7461276e-01   2.5200002e+02   7.2252400e+00
   4.7461276e-01   2.5800003e+02   6.7449400e+00
   4.7461276e-01   2.6400004e+02   6.3398900e+00
   4.7461276e-01   2.7000006e+02   6.0110400e+00
   4.7461276e-01   2.7600007e+02   5.7796800e+00
   4.7461276e-01   2.8200009e+02   5.6864400e+00
   4.7461276e-01   2.8800010e+02   5.7896200e+00
   4.7461276e-01   2.9400011e+02   6.1628500e+00
   4.7461276e-01   3.0000013e+02   6.8921400e+00
   4.7461276e-01   3.0600014e+02   8.0722500e+00
   4.7461276e-01   3.1200016e+02   9.8024900e+00
   4.7461276e-01   3.1800017e+02   1.2182000e+01
   4.7461276e-01   3.2400018e+02   1.5304200e+01
   4.7461276e-01   3.3000020e+02   1.9251900e+01
   4.7461276e-01   3.3600021e+02   2.4090300e+01
   4.7461276e-01   3.4200023e+02   2.9862500e+01
   4.7461276e-01   3.4800024e+02   3.6582900e+01
   4.7461276e-01   3.5400025e+02   4.4233200e+01
   4.7461276e-01   3.6000027e+02   5.2758200e+01
   4.7710984e-01   1.7999985e+02   4.1948700e+01
   4.7710984e-01   1.8599986e+02   3.5389600e+01
   4.7710984e-01   1.9199988e+02   2.9739800e+01
   4.7710984e-01   1.9799989e+02   2.4972600e+01
   4.7710984e-01   2.0399990e+02   2.1032400e+01
   4.7710984e-01   2.0999992e+02   1.7841300e+01
   4.7710984e-01   2.1599993e+02   1.5306600e+01
   4.7710984e-01   2.2199995e+02   1.3327600e+01
   4.7710984e-01   2.2799996e+02   1.1802000e+01
   4.7710984e-01   2.3399997e+02   1.0632000e+01
   4.7710984e-01   2.3999999e+02   9.7295100e+00
   4.7710984e-01   2.4600000e+02   9.0195500e+00
   4.7710984e-01   2.5200002e+02   8.4439300e+00
   4.7710984e-01   2.5800003e+02   7.9631300e+00
   4.7710984e-01   2.6400004e+02   7.5576300e+00
   4.7710984e-01   2.7000006e+02   7.2284300e+00
   4.7710984e-01   2.7600007e+02   6.9966800e+00
   4.7710984e-01   2.8200009e+02   6.9027700e+00
   4.7710984e-01   2.8800010e+02   7.0046400e+00
   4.7710984e-01   2.9400011e+02   7.3754200e+00
   4.7710984e-01   3.0000013e+02   8.1005400e+00
   4.7710984e-01   3.0600014e+02   9.2741100e+00
   4.7710984e-01   3.1200016e+02   1.0994700e+01
   4.7710984e-01   3.1800017e+02   1.3360800e+01
   4.7710984e-01   3.2400018e+02   1.6465200e+01
   4.7710984e-01   3.3000020e+02   2.0389800e+01
   4.7710984e-01   3.3600021e+02   2.5199700e+01
   4.7710984e-01   3.4200023e+02   3.0937200e+01
   4.7710984e-01   3.4800024e+02   3.7616700e+01
   4.7710984e-01   3.5400025e+02   4.5219900e+01
   4.7710984e-01   3.6000027e+02   5.3691800e+01
   4.7960749e-01   1.7999985e+02   4.3038500e+01
   4.7960749e-01   1.8599986e+02   3.6520200e+01
   4.7960749e-01   1.9199988e+02   3.0904300e+01
   4.7960749e-01   1.9799989e+02   2.6164400e+01
   4.7960749e-01   2.0399990e+02   2.2245400e+01
   4.7960749e-01   2.0999992e+02   1.9070200e+01
   4.7960749e-01   2.1599993e+02   1.6546800e+01
   4.7960749e-01   2.2199995e+02   1.4575200e+01
   4.7960749e-01   2.2799996e+02   1.3054100e+01
   4.7960749e-01   2.3399997e+02   1.1886400e+01
   4.7960749e-01   2.3999999e+02   1.0984700e+01
   4.7960749e-01   2.4600000e+02   1.0274700e+01
   4.7960749e-01   2.5200002e+02   9.6985400e+00
   4.7960749e-01   2.5800003e+02   9.2171100e+00
   4.7960749e-01   2.6400004e+02   8.8110700e+00
   4.7960749e-01   2.7000006e+02   8.4814100e+00
   4.7960749e-01   2.7600007e+02   8.2492100e+00
   4.7960749e-01   2.8200009e+02   8.1546100e+00
   4.7960749e-01   2.8800010e+02   8.2551500e+00
   4.7960749e-01   2.9400011e+02   8.6235000e+00
   4.7960749e-01   3.0000013e+02   9.3445200e+00
   4.7960749e-01   3.0600014e+02   1.0511700e+01
   4.7960749e-01   3.1200016e+02   1.2222800e+01
   4.7960749e-01   3.1800017e+02   1.4575700e+01
   4.7960749e-01   3.2400018e+02   1.7662500e+01
   4.7960749e-01   3.3000020e+02   2.1564400e+01
   4.7960749e-01   3.3600021e+02   2.6346000e+01
   4.7960749e-01   3.4200023e+02   3.2049300e+01
   4.7960749e-01   3.4800024e+02   3.8688400e+01
   4.7960749e-01   3.5400025e+02   4.6245100e+01
   4.7960749e-01   3.6000027e+02   5.4664600e+01
   4.8210566e-01   1.7999985e+02   4.4147500e+01
   4.8210566e-01   1.8599986e+02   3.7669400e+01
   4.8210566e-01   1.9199988e+02   3.2086900e+01
   4.8210566e-01   1.9799989e+02   2.7373900e+01
   4.8210566e-01   2.0399990e+02   2.3475700e+01
   4.8210566e-01   2.0999992e+02   2.0316000e+01
   4.8210566e-01   2.1599993e+02   1.7803500e+01
   4.8210566e-01   2.2199995e+02   1.5839000e+01
   4.8210566e-01   2.2799996e+02   1.4322100e+01
   4.8210566e-01   2.3399997e+02   1.3156600e+01
   4.8210566e-01   2.3999999e+02   1.2255500e+01
   4.8210566e-01   2.4600000e+02   1.1545200e+01
   4.8210566e-01   2.5200002e+02   1.0968400e+01
   4.8210566e-01   2.5800003e+02   1.0486200e+01
   4.8210566e-01   2.6400004e+02   1.0079500e+01
   4.8210566e-01   2.7000006e+02   9.7493200e+00
   4.8210566e-01   2.7600007e+02   9.5166100e+00
   4.8210566e-01   2.8200009e+02   9.4212600e+00
   4.8210566e-01   2.8800010e+02   9.5204700e+00
   4.8210566e-01   2.9400011e+02   9.8864300e+00
   4.8210566e-01   3.0000013e+02   1.0603400e+01
   4.8210566e-01   3.0600014e+02   1.1764200e+01
   4.8210566e-01   3.1200016e+02   1.3466100e+01
   4.8210566e-01   3.1800017e+02   1.5806000e+01
   4.8210566e-01   3.2400018e+02   1.8875400e+01
   4.8210566e-01   3.3000020e+02   2.2755000e+01
   4.8210566e-01   3.3600021e+02   2.7508700e+01
   4.8210566e-01   3.4200023e+02   3.3178200e+01
   4.8210566e-01   3.4800024e+02   3.9777500e+01
   4.8210566e-01   3.5400025e+02   4.7288100e+01
   4.8210566e-01   3.6000027e+02   5.5655900e+01
   4.8460427e-01   1.7999985e+02   4.5256300e+01
   4.8460427e-01   1.8599986e+02   3.8817700e+01
   4.8460427e-01   1.9199988e+02   3.3268000e+01
   4.8460427e-01   1.9799989e+02   2.8581400e+01
   4.8460427e-01   2.0399990e+02   2.4703700e+01
   4.8460427e-01   2.0999992e+02   2.1559100e+01
   4.8460427e-01   2.1599993e+02   1.9057200e+01
   4.8460427e-01   2.2199995e+02   1.7099600e+01
   4.8460427e-01   2.2799996e+02   1.5586700e+01
   4.8460427e-01   2.3399997e+02   1.4423000e+01
   4.8460427e-01   2.3999999e+02   1.3522300e+01
   4.8460427e-01   2.4600000e+02   1.2811600e+01
   4.8460427e-01   2.5200002e+02   1.2234000e+01
   4.8460427e-01   2.5800003e+02   1.1750900e+01
   4.8460427e-01   2.6400004e+02   1.1343400e+01
   4.8460427e-01   2.7000006e+02   1.1012600e+01
   4.8460427e-01   2.7600007e+02   1.0779300e+01
   4.8460427e-01   2.8200009e+02   1.0683200e+01
   4.8460427e-01   2.8800010e+02   1.0781100e+01
   4.8460427e-01   2.9400011e+02   1.1144700e+01
   4.8460427e-01   3.0000013e+02   1.1857700e+01
   4.8460427e-01   3.0600014e+02   1.3012300e+01
   4.8460427e-01   3.1200016e+02   1.4705000e+01
   4.8460427e-01   3.1800017e+02   1.7032100e+01
   4.8460427e-01   3.2400018e+02   2.0084400e+01
   4.8460427e-01   3.3000020e+02   2.3942000e+01
   4.8460427e-01   3.3600021e+02   2.8668300e+01
   4.8460427e-01   3.4200023e+02   3.4304400e+01
   4.8460427e-01   3.4800024e+02   4.0864300e+01
   4.8460427e-01   3.5400025e+02   4.8329600e+01
   4.8460427e-01   3.6000027e+02   5.6646200e+01
   4.8710327e-01   1.7999985e+02   4.6346600e+01
   4.8710327e-01   1.8599986e+02   3.9947000e+01
   4.8710327e-01   1.9199988e+02   3.4429600e+01
   4.8710327e-01   1.9799989e+02   2.9768900e+01
   4.8710327e-01   2.0399990e+02   2.5911100e+01
   4.8710327e-01   2.0999992e+02   2.2781300e+01
   4.8710327e-01   2.1599993e+02   2.0289600e+01
   4.8710327e-01   2.2199995e+02   1.8338600e+01
   4.8710327e-01   2.2799996e+02   1.6829400e+01
   4.8710327e-01   2.3399997e+02   1.5667400e+01
   4.8710327e-01   2.3999999e+02   1.4766900e+01
   4.8710327e-01   2.4600000e+02   1.4055600e+01
   4.8710327e-01   2.5200002e+02   1.3477100e+01
   4.8710327e-01   2.5800003e+02   1.2993000e+01
   4.8710327e-01   2.6400004e+02   1.2584600e+01
   4.8710327e-01   2.7000006e+02   1.2253100e+01
   4.8710327e-01   2.7600007e+02   1.2019200e+01
   4.8710327e-01   2.8200009e+02   1.1922200e+01
   4.8710327e-01   2.8800010e+02   1.2018800e+01
   4.8710327e-01   2.9400011e+02   1.2380000e+01
   4.8710327e-01   3.0000013e+02   1.3089100e+01
   4.8710327e-01   3.0600014e+02   1.4237600e+01
   4.8710327e-01   3.1200016e+02   1.5921300e+01
   4.8710327e-01   3.1800017e+02   1.8235800e+01
   4.8710327e-01   3.2400018e+02   2.1271400e+01
   4.8710327e-01   3.3000020e+02   2.5107200e+01
   4.8710327e-01   3.3600021e+02   2.9806400e+01
   4.8710327e-01   3.4200023e+02   3.5409700e+01
   4.8710327e-01   3.4800024e+02   4.1930700e+01
   4.8710327e-01   3.5400025e+02   4.9351100e+01
   4.8710327e-01   3.6000027e+02   5.7617200e+01
   4.8960259e-01   1.7999985e+02   4.7401500e+01
   4.8960259e-01   1.8599986e+02   4.1040300e+01
   4.8960259e-01   1.9199988e+02   3.5554700e+01
   4.8960259e-01   1.9799989e+02   3.0919400e+01
   4.8960259e-01   2.0399990e+02   2.7081200e+01
   4.8960259e-01   2.0999992e+02   2.3965700e+01
   4.8960259e-01   2.1599993e+02   2.1484000e+01
   4.8960259e-01   2.2199995e+02   1.9539300e+01
   4.8960259e-01   2.2799996e+02   1.8033600e+01
   4.8960259e-01   2.3399997e+02   1.6872900e+01
   4.8960259e-01   2.3999999e+02   1.5972500e+01
   4.8960259e-01   2.4600000e+02   1.5260400e+01
   4.8960259e-01   2.5200002e+02   1.4680800e+01
   4.8960259e-01   2.5800003e+02   1.4195500e+01
   4.8960259e-01   2.6400004e+02   1.3786200e+01
   4.8960259e-01   2.7000006e+02   1.3453900e+01
   4.8960259e-01   2.7600007e+02   1.3219200e+01
   4.8960259e-01   2.8200009e+02   1.3121500e+01
   4.8960259e-01   2.8800010e+02   1.3216600e+01
   4.8960259e-01   2.9400011e+02   1.3575500e+01
   4.8960259e-01   3.0000013e+02   1.4280800e+01
   4.8960259e-01   3.0600014e+02   1.5423200e+01
   4.8960259e-01   3.1200016e+02   1.7098100e+01
   4.8960259e-01   3.1800017e+02   1.9400300e+01
   4.8960259e-01   3.2400018e+02   2.2419300e+01
   4.8960259e-01   3.3000020e+02   2.6233800e+01
   4.8960259e-01   3.3600021e+02   3.0906200e+01
   4.8960259e-01   3.4200023e+02   3.6477100e+01
   4.8960259e-01   3.4800024e+02   4.2959700e+01
   4.8960259e-01   3.5400025e+02   5.0335900e+01
   4.8960259e-01   3.6000027e+02   5.8552000e+01
   4.9210217e-01   1.7999985e+02   4.8405700e+01
   4.9210217e-01   1.8599986e+02   4.2082400e+01
   4.9210217e-01   1.9199988e+02   3.6628000e+01
   4.9210217e-01   1.9799989e+02   3.2017600e+01
   4.9210217e-01   2.0399990e+02   2.8198600e+01
   4.9210217e-01   2.0999992e+02   2.5097000e+01
   4.9210217e-01   2.1599993e+02   2.2624900e+01
   4.9210217e-01   2.2199995e+02   2.0686200e+01
   4.9210217e-01   2.2799996e+02   1.9183700e+01
   4.9210217e-01   2.3399997e+02   1.8024300e+01
   4.9210217e-01   2.3999999e+02   1.7123700e+01
   4.9210217e-01   2.4600000e+02   1.6410700e+01
   4.9210217e-01   2.5200002e+02   1.5829700e+01
   4.9210217e-01   2.5800003e+02   1.5343200e+01
   4.9210217e-01   2.6400004e+02   1.4932800e+01
   4.9210217e-01   2.7000006e+02   1.4599600e+01
   4.9210217e-01   2.7600007e+02   1.4364100e+01
   4.9210217e-01   2.8200009e+02   1.4265500e+01
   4.9210217e-01   2.8800010e+02   1.4359300e+01
   4.9210217e-01   2.9400011e+02   1.4715900e+01
   4.9210217e-01   3.0000013e+02   1.5417300e+01
   4.9210217e-01   3.0600014e+02   1.6553900e+01
   4.9210217e-01   3.1200016e+02   1.8220100e+01
   4.9210217e-01   3.1800017e+02   2.0510200e+01
   4.9210217e-01   3.2400018e+02   2.3512800e+01
   4.9210217e-01   3.3000020e+02   2.7306300e+01
   4.9210217e-01   3.3600021e+02   3.1952400e+01
   4.9210217e-01   3.4200023e+02   3.7491200e+01
   4.9210217e-01   3.4800024e+02   4.3936000e+01
   4.9210217e-01   3.5400025e+02   5.1268400e+01
   4.9210217e-01   3.6000027e+02   5.9435300e+01
   4.9460194e-01   1.7999985e+02   4.9345300e+01
   4.9460194e-01   1.8599986e+02   4.3059200e+01
   4.9460194e-01   1.9199988e+02   3.7635600e+01
   4.9460194e-01   1.9799989e+02   3.3049700e+01
   4.9460194e-01   2.0399990e+02   2.9249300e+01
   4.9460194e-01   2.0999992e+02   2.6161400e+01
   4.9460194e-01   2.1599993e+02   2.3698500e+01
   4.9460194e-01   2.2199995e+02   2.1765600e+01
   4.9460194e-01   2.2799996e+02   2.0266000e+01
   4.9460194e-01   2.3399997e+02   1.9107600e+01
   4.9460194e-01   2.3999999e+02   1.8206600e+01
   4.9460194e-01   2.4600000e+02   1.7492500e+01
   4.9460194e-01   2.5200002e+02   1.6910100e+01
   4.9460194e-01   2.5800003e+02   1.6422200e+01
   4.9460194e-01   2.6400004e+02   1.6010500e+01
   4.9460194e-01   2.7000006e+02   1.5676300e+01
   4.9460194e-01   2.7600007e+02   1.5440100e+01
   4.9460194e-01   2.8200009e+02   1.5340500e+01
   4.9460194e-01   2.8800010e+02   1.5432900e+01
   4.9460194e-01   2.9400011e+02   1.5787200e+01
   4.9460194e-01   3.0000013e+02   1.6485000e+01
   4.9460194e-01   3.0600014e+02   1.7615800e+01
   4.9460194e-01   3.1200016e+02   1.9273400e+01
   4.9460194e-01   3.1800017e+02   2.1551500e+01
   4.9460194e-01   3.2400018e+02   2.4538200e+01
   4.9460194e-01   3.3000020e+02   2.8310900e+01
   4.9460194e-01   3.3600021e+02   3.2931000e+01
   4.9460194e-01   3.4200023e+02   3.8438300e+01
   4.9460194e-01   3.4800024e+02   4.4845700e+01
   4.9460194e-01   3.5400025e+02   5.2134900e+01
   4.9460194e-01   3.6000027e+02   6.0253000e+01
   4.9710185e-01   1.7999985e+02   5.0208200e+01
   4.9710185e-01   1.8599986e+02   4.3958800e+01
   4.9710185e-01   1.9199988e+02   3.8565400e+01
   4.9710185e-01   1.9799989e+02   3.4003500e+01
   4.9710185e-01   2.0399990e+02   3.0221400e+01
   4.9710185e-01   2.0999992e+02   2.7146800e+01
   4.9710185e-01   2.1599993e+02   2.4692800e+01
   4.9710185e-01   2.2199995e+02   2.2765300e+01
   4.9710185e-01   2.2799996e+02   2.1268400e+01
   4.9710185e-01   2.3399997e+02   2.0110700e+01
   4.9710185e-01   2.3999999e+02   1.9209200e+01
   4.9710185e-01   2.4600000e+02   1.8493700e+01
   4.9710185e-01   2.5200002e+02   1.7909800e+01
   4.9710185e-01   2.5800003e+02   1.7420300e+01
   4.9710185e-01   2.6400004e+02   1.7007300e+01
   4.9710185e-01   2.7000006e+02   1.6672100e+01
   4.9710185e-01   2.7600007e+02   1.6434900e+01
   4.9710185e-01   2.8200009e+02   1.6334300e+01
   4.9710185e-01   2.8800010e+02   1.6425400e+01
   4.9710185e-01   2.9400011e+02   1.6777500e+01
   4.9710185e-01   3.0000013e+02   1.7471500e+01
   4.9710185e-01   3.0600014e+02   1.8596600e+01
   4.9710185e-01   3.1200016e+02   2.0245900e+01
   4.9710185e-01   3.1800017e+02   2.2512300e+01
   4.9710185e-01   3.2400018e+02   2.5483100e+01
   4.9710185e-01   3.3000020e+02   2.9235400e+01
   4.9710185e-01   3.3600021e+02   3.3829900e+01
   4.9710185e-01   3.4200023e+02   3.9306000e+01
   4.9710185e-01   3.4800024e+02   4.5676500e+01
   4.9710185e-01   3.5400025e+02   5.2923100e+01
   4.9710185e-01   3.6000027e+02   6.0993000e+01
   4.9960184e-01   1.7999985e+02   5.0983800e+01
   4.9960184e-01   1.8599986e+02   4.4770600e+01
   4.9960184e-01   1.9199988e+02   3.9406900e+01
   4.9960184e-01   1.9799989e+02   3.4868600e+01
   4.9960184e-01   2.0399990e+02   3.1104400e+01
   4.9960184e-01   2.0999992e+02   2.8042600e+01
   4.9960184e-01   2.1599993e+02   2.5597300e+01
   4.9960184e-01   2.2199995e+02   2.3674900e+01
   4.9960184e-01   2.2799996e+02   2.2180500e+01
   4.9960184e-01   2.3399997e+02   2.1023200e+01
   4.9960184e-01   2.3999999e+02   2.0121000e+01
   4.9960184e-01   2.4600000e+02   1.9404000e+01
   4.9960184e-01   2.5200002e+02   1.8818300e+01
   4.9960184e-01   2.5800003e+02   1.8327200e+01
   4.9960184e-01   2.6400004e+02   1.7912800e+01
   4.9960184e-01   2.7000006e+02   1.7576300e+01
   4.9960184e-01   2.7600007e+02   1.7338200e+01
   4.9960184e-01   2.8200009e+02   1.7236600e+01
   4.9960184e-01   2.8800010e+02   1.7326200e+01
   4.9960184e-01   2.9400011e+02   1.7676100e+01
   4.9960184e-01   3.0000013e+02   1.8366600e+01
   4.9960184e-01   3.0600014e+02   1.9486100e+01
   4.9960184e-01   3.1200016e+02   2.1127100e+01
   4.9960184e-01   3.1800017e+02   2.3381900e+01
   4.9960184e-01   3.2400018e+02   2.6337200e+01
   4.9960184e-01   3.3000020e+02   3.0069300e+01
   4.9960184e-01   3.3600021e+02   3.4638600e+01
   4.9960184e-01   3.4200023e+02   4.0084000e+01
   4.9960184e-01   3.4800024e+02   4.6418000e+01
   4.9960184e-01   3.5400025e+02   5.3622500e+01
   4.9960184e-01   3.6000027e+02   6.1644900e+01
   5.0210183e-01   1.7999985e+02   5.1663600e+01
   5.0210183e-01   1.8599986e+02   4.5486000e+01
   5.0210183e-01   1.9199988e+02   4.0151500e+01
   5.0210183e-01   1.9799989e+02   3.5636300e+01
   5.0210183e-01   2.0399990e+02   3.1889600e+01
   5.0210183e-01   2.0999992e+02   2.8840300e+01
   5.0210183e-01   2.1599993e+02   2.6403300e+01
   5.0210183e-01   2.2199995e+02   2.4485700e+01
   5.0210183e-01   2.2799996e+02   2.2993600e+01
   5.0210183e-01   2.3399997e+02   2.1836600e+01
   5.0210183e-01   2.3999999e+02   2.0933300e+01
   5.0210183e-01   2.4600000e+02   2.0214800e+01
   5.0210183e-01   2.5200002e+02   1.9627200e+01
   5.0210183e-01   2.5800003e+02   1.9134200e+01
   5.0210183e-01   2.6400004e+02   1.8718200e+01
   5.0210183e-01   2.7000006e+02   1.8380600e+01
   5.0210183e-01   2.7600007e+02   1.8141300e+01
   5.0210183e-01   2.8200009e+02   1.8038700e+01
   5.0210183e-01   2.8800010e+02   1.8126900e+01
   5.0210183e-01   2.9400011e+02   1.8474600e+01
   5.0210183e-01   3.0000013e+02   1.9161500e+01
   5.0210183e-01   3.0600014e+02   2.0275500e+01
   5.0210183e-01   3.1200016e+02   2.1908400e+01
   5.0210183e-01   3.1800017e+02   2.4151800e+01
   5.0210183e-01   3.2400018e+02   2.7091800e+01
   5.0210183e-01   3.3000020e+02   3.0804100e+01
   5.0210183e-01   3.3600021e+02   3.5348500e+01
   5.0210183e-01   3.4200023e+02   4.0763500e+01
   5.0210183e-01   3.4800024e+02   4.7061600e+01
   5.0210183e-01   3.5400025e+02   5.4224400e+01
   5.0210183e-01   3.6000027e+02   6.2199700e+01
   5.0460177e-01   1.7999985e+02   5.2240700e+01
   5.0460177e-01   1.8599986e+02   4.6098200e+01
   5.0460177e-01   1.9199988e+02   4.0792400e+01
   5.0460177e-01   1.9799989e+02   3.6299800e+01
   5.0460177e-01   2.0399990e+02   3.2570300e+01
   5.0460177e-01   2.0999992e+02   2.9533200e+01
   5.0460177e-01   2.1599993e+02   2.7104100e+01
   5.0460177e-01   2.2199995e+02   2.5191100e+01
   5.0460177e-01   2.2799996e+02   2.3700900e+01
   5.0460177e-01   2.3399997e+02   2.2544000e+01
   5.0460177e-01   2.3999999e+02   2.1639600e+01
   5.0460177e-01   2.4600000e+02   2.0919200e+01
   5.0460177e-01   2.5200002e+02   2.0329600e+01
   5.0460177e-01   2.5800003e+02   1.9834700e+01
   5.0460177e-01   2.6400004e+02   1.9417000e+01
   5.0460177e-01   2.7000006e+02   1.9077900e+01
   5.0460177e-01   2.7600007e+02   1.8837600e+01
   5.0460177e-01   2.8200009e+02   1.8733800e+01
   5.0460177e-01   2.8800010e+02   1.8820600e+01
   5.0460177e-01   2.9400011e+02   1.9166100e+01
   5.0460177e-01   3.0000013e+02   1.9849500e+01
   5.0460177e-01   3.0600014e+02   2.0958100e+01
   5.0460177e-01   3.1200016e+02   2.2583100e+01
   5.0460177e-01   3.1800017e+02   2.4815200e+01
   5.0460177e-01   3.2400018e+02   2.7740200e+01
   5.0460177e-01   3.3000020e+02   3.1432900e+01
   5.0460177e-01   3.3600021e+02   3.5952700e+01
   5.0460177e-01   3.4200023e+02   4.1337800e+01
   5.0460177e-01   3.4800024e+02   4.7600300e+01
   5.0460177e-01   3.5400025e+02   5.4722000e+01
   5.0460177e-01   3.6000027e+02   6.2650800e+01
   5.0710160e-01   1.7999985e+02   5.2710100e+01
   5.0710160e-01   1.8599986e+02   4.6602200e+01
   5.0710160e-01   1.9199988e+02   4.1324700e+01
   5.0710160e-01   1.9799989e+02   3.6854300e+01
   5.0710160e-01   2.0399990e+02   3.3141500e+01
   5.0710160e-01   2.0999992e+02   3.0116200e+01
   5.0710160e-01   2.1599993e+02   2.7694800e+01
   5.0710160e-01   2.2199995e+02   2.5786200e+01
   5.0710160e-01   2.2799996e+02   2.4297700e+01
   5.0710160e-01   2.3399997e+02   2.3140600e+01
   5.0710160e-01   2.3999999e+02   2.2234800e+01
   5.0710160e-01   2.4600000e+02   2.1512400e+01
   5.0710160e-01   2.5200002e+02   2.0920600e+01
   5.0710160e-01   2.5800003e+02   2.0423600e+01
   5.0710160e-01   2.6400004e+02   2.0004100e+01
   5.0710160e-01   2.7000006e+02   1.9663600e+01
   5.0710160e-01   2.7600007e+02   1.9422100e+01
   5.0710160e-01   2.8200009e+02   1.9317200e+01
   5.0710160e-01   2.8800010e+02   1.9402500e+01
   5.0710160e-01   2.9400011e+02   1.9745800e+01
   5.0710160e-01   3.0000013e+02   2.0425700e+01
   5.0710160e-01   3.0600014e+02   2.1529000e+01
   5.0710160e-01   3.1200016e+02   2.3146100e+01
   5.0710160e-01   3.1800017e+02   2.5367300e+01
   5.0710160e-01   3.2400018e+02   2.8277300e+01
   5.0710160e-01   3.3000020e+02   3.1950700e+01
   5.0710160e-01   3.3600021e+02   3.6446300e+01
   5.0710160e-01   3.4200023e+02   4.1801800e+01
   5.0710160e-01   3.4800024e+02   4.8029200e+01
   5.0710160e-01   3.5400025e+02   5.5110200e+01
   5.0710160e-01   3.6000027e+02   6.2993000e+01
   5.0960125e-01   1.7999985e+02   5.3068800e+01
   5.0960125e-01   1.8599986e+02   4.6995000e+01
   5.0960125e-01   1.9199988e+02   4.1745300e+01
   5.0960125e-01   1.9799989e+02   3.7296800e+01
   5.0960125e-01   2.0399990e+02   3.3600300e+01
   5.0960125e-01   2.0999992e+02   3.0586500e+01
   5.0960125e-01   2.1599993e+02   2.8172500e+01
   5.0960125e-01   2.2199995e+02   2.6267900e+01
   5.0960125e-01   2.2799996e+02   2.4780900e+01
   5.0960125e-01   2.3399997e+02   2.3623500e+01
   5.0960125e-01   2.3999999e+02   2.2716200e+01
   5.0960125e-01   2.4600000e+02   2.1991600e+01
   5.0960125e-01   2.5200002e+02   2.1397400e+01
   5.0960125e-01   2.5800003e+02   2.0898200e+01
   5.0960125e-01   2.6400004e+02   2.0476800e+01
   5.0960125e-01   2.7000006e+02   2.0134800e+01
   5.0960125e-01   2.7600007e+02   1.9891900e+01
   5.0960125e-01   2.8200009e+02   1.9785800e+01
   5.0960125e-01   2.8800010e+02   1.9869600e+01
   5.0960125e-01   2.9400011e+02   2.0210700e+01
   5.0960125e-01   3.0000013e+02   2.0887200e+01
   5.0960125e-01   3.0600014e+02   2.1985200e+01
   5.0960125e-01   3.1200016e+02   2.3594600e+01
   5.0960125e-01   3.1800017e+02   2.5804900e+01
   5.0960125e-01   3.2400018e+02   2.8700300e+01
   5.0960125e-01   3.3000020e+02   3.2354700e+01
   5.0960125e-01   3.3600021e+02   3.6826200e+01
   5.0960125e-01   3.4200023e+02   4.2152500e+01
   5.0960125e-01   3.4800024e+02   4.8345200e+01
   5.0960125e-01   3.5400025e+02   5.5386000e+01
   5.0960125e-01   3.6000027e+02   6.3223400e+01
   5.1210066e-01   1.7999985e+02   5.3315700e+01
   5.1210066e-01   1.8599986e+02   4.7275500e+01
   5.1210066e-01   1.9199988e+02   4.2053200e+01
   5.1210066e-01   1.9799989e+02   3.7626200e+01
   5.1210066e-01   2.0399990e+02   3.3945700e+01
   5.1210066e-01   2.0999992e+02   3.0943100e+01
   5.1210066e-01   2.1599993e+02   2.8536200e+01
   5.1210066e-01   2.2199995e+02   2.6635400e+01
   5.1210066e-01   2.2799996e+02   2.5149600e+01
   5.1210066e-01   2.3399997e+02   2.3991600e+01
   5.1210066e-01   2.3999999e+02   2.3082600e+01
   5.1210066e-01   2.4600000e+02   2.2355700e+01
   5.1210066e-01   2.5200002e+02   2.1758900e+01
   5.1210066e-01   2.5800003e+02   2.1257400e+01
   5.1210066e-01   2.6400004e+02   2.0834000e+01
   5.1210066e-01   2.7000006e+02   2.0490300e+01
   5.1210066e-01   2.7600007e+02   2.0246100e+01
   5.1210066e-01   2.8200009e+02   2.0138700e+01
   5.1210066e-01   2.8800010e+02   2.0221000e+01
   5.1210066e-01   2.9400011e+02   2.0559900e+01
   5.1210066e-01   3.0000013e+02   2.1233000e+01
   5.1210066e-01   3.0600014e+02   2.2325900e+01
   5.1210066e-01   3.1200016e+02   2.3927600e+01
   5.1210066e-01   3.1800017e+02   2.6127200e+01
   5.1210066e-01   3.2400018e+02   2.9008100e+01
   5.1210066e-01   3.3000020e+02   3.2643600e+01
   5.1210066e-01   3.3600021e+02   3.7091600e+01
   5.1210066e-01   3.4200023e+02   4.2389000e+01
   5.1210066e-01   3.4800024e+02   4.8547300e+01
   5.1210066e-01   3.5400025e+02   5.5548300e+01
   5.1210066e-01   3.6000027e+02   6.3340700e+01
   5.1459976e-01   1.7999985e+02   5.3451600e+01
   5.1459976e-01   1.8599986e+02   4.7444600e+01
   5.1459976e-01   1.9199988e+02   4.2249300e+01
   5.1459976e-01   1.9799989e+02   3.7843300e+01
   5.1459976e-01   2.0399990e+02   3.4178500e+01
   5.1459976e-01   2.0999992e+02   3.1186800e+01
   5.1459976e-01   2.1599993e+02   2.8786700e+01
   5.1459976e-01   2.2199995e+02   2.6889400e+01
   5.1459976e-01   2.2799996e+02   2.5404700e+01
   5.1459976e-01   2.3399997e+02   2.4245900e+01
   5.1459976e-01   2.3999999e+02   2.3335000e+01
   5.1459976e-01   2.4600000e+02   2.2605600e+01
   5.1459976e-01   2.5200002e+02   2.2006200e+01
   5.1459976e-01   2.5800003e+02   2.1502200e+01
   5.1459976e-01   2.6400004e+02   2.1076600e+01
   5.1459976e-01   2.7000006e+02   2.0731200e+01
   5.1459976e-01   2.7600007e+02   2.0485600e+01
   5.1459976e-01   2.8200009e+02   2.0376900e+01
   5.1459976e-01   2.8800010e+02   2.0457700e+01
   5.1459976e-01   2.9400011e+02   2.0794300e+01
   5.1459976e-01   3.0000013e+02   2.1464100e+01
   5.1459976e-01   3.0600014e+02   2.2551800e+01
   5.1459976e-01   3.1200016e+02   2.4146000e+01
   5.1459976e-01   3.1800017e+02   2.6335000e+01
   5.1459976e-01   3.2400018e+02   2.9201600e+01
   5.1459976e-01   3.3000020e+02   3.2818500e+01
   5.1459976e-01   3.3600021e+02   3.7243100e+01
   5.1459976e-01   3.4200023e+02   4.2511900e+01
   5.1459976e-01   3.4800024e+02   4.8636300e+01
   5.1459976e-01   3.5400025e+02   5.5597900e+01
   5.1459976e-01   3.6000027e+02   6.3345700e+01
