#sin^2(theta23) Delta_CP/deg Delta_chi^2
   4.1501643e-01   1.2599972e+02   1.2406300e+02
   4.1501643e-01   1.3139985e+02   1.1557000e+02
   4.1501643e-01   1.3679998e+02   1.0709500e+02
   4.1501643e-01   1.4220010e+02   9.8800100e+01
   4.1501643e-01   1.4760023e+02   9.0835100e+01
   4.1501643e-01   1.5299978e+02   8.3334000e+01
   4.1501643e-01   1.5839991e+02   7.6410700e+01
   4.1501643e-01   1.6380004e+02   7.0156400e+01
   4.1501643e-01   1.6920017e+02   6.4638000e+01
   4.1501643e-01   1.7459972e+02   5.9897400e+01
   4.1501643e-01   1.7999985e+02   5.5951800e+01
   4.1501643e-01   1.8539998e+02   5.2795400e+01
   4.1501643e-01   1.9080010e+02   5.0400600e+01
   4.1501643e-01   1.9620023e+02   4.8721700e+01
   4.1501643e-01   2.0159978e+02   4.7697400e+01
   4.1501643e-01   2.0699991e+02   4.7254400e+01
   4.1501643e-01   2.1240004e+02   4.7311000e+01
   4.1501643e-01   2.1780017e+02   4.7780700e+01
   4.1501643e-01   2.2319972e+02   4.8575500e+01
   4.1501643e-01   2.2859985e+02   4.9609300e+01
   4.1501643e-01   2.3399997e+02   5.0800600e+01
   4.1501643e-01   2.3940010e+02   5.2075400e+01
   4.1501643e-01   2.4480023e+02   5.3369000e+01
   4.1501643e-01   2.5019978e+02   5.4628300e+01
   4.1501643e-01   2.5559991e+02   5.5812800e+01
   4.1501643e-01   2.6100004e+02   5.6896100e+01
   4.1501643e-01   2.6640016e+02   5.7866300e+01
   4.1501643e-01   2.7179972e+02   5.8726500e+01
   4.1501643e-01   2.7719985e+02   5.9494300e+01
   4.1501643e-01   2.8259997e+02   6.0201800e+01
   4.1748110e-01   1.2599972e+02   1.1584600e+02
   4.1748110e-01   1.3139985e+02   1.0747600e+02
   4.1748110e-01   1.3679998e+02   9.9129200e+01
   4.1748110e-01   1.4220010e+02   9.0967100e+01
   4.1748110e-01   1.4760023e+02   8.3137700e+01
   4.1748110e-01   1.5299978e+02   7.5772900e+01
   4.1748110e-01   1.5839991e+02   6.8984700e+01
   4.1748110e-01   1.6380004e+02   6.2862700e+01
   4.1748110e-01   1.6920017e+02   5.7472200e+01
   4.1748110e-01   1.7459972e+02   5.2854000e+01
   4.1748110e-01   1.7999985e+02   4.9024300e+01
   4.1748110e-01   1.8539998e+02   4.5976100e+01
   4.1748110e-01   1.9080010e+02   4.3681800e+01
   4.1748110e-01   1.9620023e+02   4.2095000e+01
   4.1748110e-01   2.0159978e+02   4.1154300e+01
   4.1748110e-01   2.0699991e+02   4.0786500e+01
   4.1748110e-01   2.1240004e+02   4.0909900e+01
   4.1748110e-01   2.1780017e+02   4.1438300e+01
   4.1748110e-01   2.2319972e+02   4.2284100e+01
   4.1748110e-01   2.2859985e+02   4.3361400e+01
   4.1748110e-01   2.3399997e+02   4.4589200e+01
   4.1748110e-01   2.3940010e+02   4.5893700e+01
   4.1748110e-01   2.4480023e+02   4.7210700e+01
   4.1748110e-01   2.5019978e+02   4.8487100e+01
   4.1748110e-01   2.5559991e+02   4.9682800e+01
   4.1748110e-01   2.6100004e+02   5.0771600e+01
   4.1748110e-01   2.6640016e+02   5.1741500e+01
   4.1748110e-01   2.7179972e+02   5.2595600e+01
   4.1748110e-01   2.7719985e+02   5.3351400e+01
   4.1748110e-01   2.8259997e+02   5.4040800e+01
   4.1994784e-01   1.2599972e+02   1.0821300e+02
   4.1994784e-01   1.3139985e+02   9.9962600e+01
   4.1994784e-01   1.3679998e+02   9.1743000e+01
   4.1994784e-01   1.4220010e+02   8.3712300e+01
   4.1994784e-01   1.4760023e+02   7.6016900e+01
   4.1994784e-01   1.5299978e+02   6.8786600e+01
   4.1994784e-01   1.5839991e+02   6.2131900e+01
   4.1994784e-01   1.6380004e+02   5.6140400e+01
   4.1994784e-01   1.6920017e+02   5.0876300e+01
   4.1994784e-01   1.7459972e+02   4.6378800e+01
   4.1994784e-01   1.7999985e+02   4.2663200e+01
   4.1994784e-01   1.8539998e+02   3.9722000e+01
   4.1994784e-01   1.9080010e+02   3.7526600e+01
   4.1994784e-01   1.9620023e+02   3.6030600e+01
   4.1994784e-01   2.0159978e+02   3.5172400e+01
   4.1994784e-01   2.0699991e+02   3.4878600e+01
   4.1994784e-01   2.1240004e+02   3.5067800e+01
   4.1994784e-01   2.1780017e+02   3.5654100e+01
   4.1994784e-01   2.2319972e+02   3.6550100e+01
   4.1994784e-01   2.2859985e+02   3.7670300e+01
   4.1994784e-01   2.3399997e+02   3.8934000e+01
   4.1994784e-01   2.3940010e+02   4.0267800e+01
   4.1994784e-01   2.4480023e+02   4.1607700e+01
   4.1994784e-01   2.5019978e+02   4.2901000e+01
   4.1994784e-01   2.5559991e+02   4.4107800e+01
   4.1994784e-01   2.6100004e+02   4.5202000e+01
   4.1994784e-01   2.6640016e+02   4.6171600e+01
   4.1994784e-01   2.7179972e+02   4.7019800e+01
   4.1994784e-01   2.7719985e+02   4.7763800e+01
   4.1994784e-01   2.8259997e+02   4.8435400e+01
   4.2241658e-01   1.2599972e+02   1.0114600e+02
   4.2241658e-01   1.3139985e+02   9.3015200e+01
   4.2241658e-01   1.3679998e+02   8.4921000e+01
   4.2241658e-01   1.4220010e+02   7.7020200e+01
   4.2241658e-01   1.4760023e+02   6.9457000e+01
   4.2241658e-01   1.5299978e+02   6.2359700e+01
   4.2241658e-01   1.5839991e+02   5.5836600e+01
   4.2241658e-01   1.6380004e+02   4.9974000e+01
   4.2241658e-01   1.6920017e+02   4.4834500e+01
   4.2241658e-01   1.7459972e+02   4.0456100e+01
   4.2241658e-01   1.7999985e+02   3.6853200e+01
   4.2241658e-01   1.8539998e+02   3.4017300e+01
   4.2241658e-01   1.9080010e+02   3.1919500e+01
   4.2241658e-01   1.9620023e+02   3.0513000e+01
   4.2241658e-01   2.0159978e+02   2.9735900e+01
   4.2241658e-01   2.0699991e+02   2.9515100e+01
   4.2241658e-01   2.1240004e+02   2.9769200e+01
   4.2241658e-01   2.1780017e+02   3.0412500e+01
   4.2241658e-01   2.2319972e+02   3.1357900e+01
   4.2241658e-01   2.2859985e+02   3.2520300e+01
   4.2241658e-01   2.3399997e+02   3.3819400e+01
   4.2241658e-01   2.3940010e+02   3.5182000e+01
   4.2241658e-01   2.4480023e+02   3.6544500e+01
   4.2241658e-01   2.5019978e+02   3.7854500e+01
   4.2241658e-01   2.5559991e+02   3.9072300e+01
   4.2241658e-01   2.6100004e+02   4.0171800e+01
   4.2241658e-01   2.6640016e+02   4.1141200e+01
   4.2241658e-01   2.7179972e+02   4.1983500e+01
   4.2241658e-01   2.7719985e+02   4.2716100e+01
   4.2241658e-01   2.8259997e+02   4.3370200e+01
   4.2488727e-01   1.2599972e+02   9.4630800e+01
   4.2488727e-01   1.3139985e+02   8.6617300e+01
   4.2488727e-01   1.3679998e+02   7.8647000e+01
   4.2488727e-01   1.4220010e+02   7.0874400e+01
   4.2488727e-01   1.4760023e+02   6.3441800e+01
   4.2488727e-01   1.5299978e+02   5.6475700e+01
   4.2488727e-01   1.5839991e+02   5.0082600e+01
   4.2488727e-01   1.6380004e+02   4.4347100e+01
   4.2488727e-01   1.6920017e+02   3.9330500e+01
   4.2488727e-01   1.7459972e+02   3.5069500e+01
   4.2488727e-01   1.7999985e+02   3.1577600e+01
   4.2488727e-01   1.8539998e+02   2.8845600e+01
   4.2488727e-01   1.9080010e+02   2.6844000e+01
   4.2488727e-01   1.9620023e+02   2.5525700e+01
   4.2488727e-01   2.0159978e+02   2.4828600e+01
   4.2488727e-01   2.0699991e+02   2.4679600e+01
   4.2488727e-01   2.1240004e+02   2.4997600e+01
   4.2488727e-01   2.1780017e+02   2.5697000e+01
   4.2488727e-01   2.2319972e+02   2.6691100e+01
   4.2488727e-01   2.2859985e+02   2.7895000e+01
   4.2488727e-01   2.3399997e+02   2.9228900e+01
   4.2488727e-01   2.3940010e+02   3.0619900e+01
   4.2488727e-01   2.4480023e+02   3.2004700e+01
   4.2488727e-01   2.5019978e+02   3.3331100e+01
   4.2488727e-01   2.5559991e+02   3.4559700e+01
   4.2488727e-01   2.6100004e+02   3.5664500e+01
   4.2488727e-01   2.6640016e+02   3.6633800e+01
   4.2488727e-01   2.7179972e+02   3.7470500e+01
   4.2488727e-01   2.7719985e+02   3.8191800e+01
   4.2488727e-01   2.8259997e+02   3.8828800e+01
   4.2735982e-01   1.2599972e+02   8.8649100e+01
   4.2735982e-01   1.3139985e+02   8.0751900e+01
   4.2735982e-01   1.3679998e+02   7.2903900e+01
   4.2735982e-01   1.4220010e+02   6.5257800e+01
   4.2735982e-01   1.4760023e+02   5.7954200e+01
   4.2735982e-01   1.5299978e+02   5.1117400e+01
   4.2735982e-01   1.5839991e+02   4.4852500e+01
   4.2735982e-01   1.6380004e+02   3.9242400e+01
   4.2735982e-01   1.6920017e+02   3.4347000e+01
   4.2735982e-01   1.7459972e+02   3.0201800e+01
   4.2735982e-01   1.7999985e+02   2.6819300e+01
   4.2735982e-01   1.8539998e+02   2.4189700e+01
   4.2735982e-01   1.9080010e+02   2.2282800e+01
   4.2735982e-01   1.9620023e+02   2.1051300e+01
   4.2735982e-01   2.0159978e+02   2.0433000e+01
   4.2735982e-01   2.0699991e+02   2.0354800e+01
   4.2735982e-01   2.1240004e+02   2.0735600e+01
   4.2735982e-01   2.1780017e+02   2.1490300e+01
   4.2735982e-01   2.2319972e+02   2.2532200e+01
   4.2735982e-01   2.2859985e+02   2.3777100e+01
   4.2735982e-01   2.3399997e+02   2.5145200e+01
   4.2735982e-01   2.3940010e+02   2.6564200e+01
   4.2735982e-01   2.4480023e+02   2.7970900e+01
   4.2735982e-01   2.5019978e+02   2.9313600e+01
   4.2735982e-01   2.5559991e+02   3.0552900e+01
   4.2735982e-01   2.6100004e+02   3.1663000e+01
   4.2735982e-01   2.6640016e+02   3.2632200e+01
   4.2735982e-01   2.7179972e+02   3.3463400e+01
   4.2735982e-01   2.7719985e+02   3.4173700e+01
   4.2735982e-01   2.8259997e+02   3.4794000e+01
   4.2983420e-01   1.2599972e+02   8.3183400e+01
   4.2983420e-01   1.3139985e+02   7.5400900e+01
   4.2983420e-01   1.3679998e+02   6.7673600e+01
   4.2983420e-01   1.4220010e+02   6.0152400e+01
   4.2983420e-01   1.4760023e+02   5.2976000e+01
   4.2983420e-01   1.5299978e+02   4.6266900e+01
   4.2983420e-01   1.5839991e+02   4.0128400e+01
   4.2983420e-01   1.6380004e+02   3.4641900e+01
   4.2983420e-01   1.6920017e+02   2.9865900e+01
   4.2983420e-01   1.7459972e+02   2.5834900e+01
   4.2983420e-01   1.7999985e+02   2.2560200e+01
   4.2983420e-01   1.8539998e+02   2.0031400e+01
   4.2983420e-01   1.9080010e+02   1.8217800e+01
   4.2983420e-01   1.9620023e+02   1.7071800e+01
   4.2983420e-01   2.0159978e+02   1.6531000e+01
   4.2983420e-01   2.0699991e+02   1.6522500e+01
   4.2983420e-01   2.1240004e+02   1.6965200e+01
   4.2983420e-01   2.1780017e+02   1.7774200e+01
   4.2983420e-01   2.2319972e+02   1.8863300e+01
   4.2983420e-01   2.2859985e+02   2.0148400e+01
   4.2983420e-01   2.3399997e+02   2.1550300e+01
   4.2983420e-01   2.3940010e+02   2.2996700e+01
   4.2983420e-01   2.4480023e+02   2.4425200e+01
   4.2983420e-01   2.5019978e+02   2.5783900e+01
   4.2983420e-01   2.5559991e+02   2.7033800e+01
   4.2983420e-01   2.6100004e+02   2.8149100e+01
   4.2983420e-01   2.6640016e+02   2.9118300e+01
   4.2983420e-01   2.7179972e+02   2.9944200e+01
   4.2983420e-01   2.7719985e+02   3.0643800e+01
   4.2983420e-01   2.8259997e+02   3.1247800e+01
   4.3231033e-01   1.2599972e+02   7.8215000e+01
   4.3231033e-01   1.3139985e+02   7.0545600e+01
   4.3231033e-01   1.3679998e+02   6.2937400e+01
   4.3231033e-01   1.4220010e+02   5.5539400e+01
   4.3231033e-01   1.4760023e+02   4.8488400e+01
   4.3231033e-01   1.5299978e+02   4.1905200e+01
   4.3231033e-01   1.5839991e+02   3.5891400e+01
   4.3231033e-01   1.6380004e+02   3.0526800e+01
   4.3231033e-01   1.6920017e+02   2.5868400e+01
   4.3231033e-01   1.7459972e+02   2.1949800e+01
   4.3231033e-01   1.7999985e+02   1.8781400e+01
   4.3231033e-01   1.8539998e+02   1.6351800e+01
   4.3231033e-01   1.9080010e+02   1.4630100e+01
   4.3231033e-01   1.9620023e+02   1.3568200e+01
   4.3231033e-01   2.0159978e+02   1.3103800e+01
   4.3231033e-01   2.0699991e+02   1.3163800e+01
   4.3231033e-01   2.1240004e+02   1.3667400e+01
   4.3231033e-01   2.1780017e+02   1.4529900e+01
   4.3231033e-01   2.2319972e+02   1.5665400e+01
   4.3231033e-01   2.2859985e+02   1.6990100e+01
   4.3231033e-01   2.3399997e+02   1.8425200e+01
   4.3231033e-01   2.3940010e+02   1.9898700e+01
   4.3231033e-01   2.4480023e+02   2.1348500e+01
   4.3231033e-01   2.5019978e+02   2.2723000e+01
   4.3231033e-01   2.5559991e+02   2.3983400e+01
   4.3231033e-01   2.6100004e+02   2.5104000e+01
   4.3231033e-01   2.6640016e+02   2.6073400e+01
   4.3231033e-01   2.7179972e+02   2.6894200e+01
   4.3231033e-01   2.7719985e+02   2.7583300e+01
   4.3231033e-01   2.8259997e+02   2.8171300e+01
   4.3478815e-01   1.2599972e+02   7.3724200e+01
   4.3478815e-01   1.3139985e+02   6.6166500e+01
   4.3478815e-01   1.3679998e+02   5.8675900e+01
   4.3478815e-01   1.4220010e+02   5.1399400e+01
   4.3478815e-01   1.4760023e+02   4.4472100e+01
   4.3478815e-01   1.5299978e+02   3.8012900e+01
   4.3478815e-01   1.5839991e+02   3.2121900e+01
   4.3478815e-01   1.6380004e+02   2.6877300e+01
   4.3478815e-01   1.6920017e+02   2.2335000e+01
   4.3478815e-01   1.7459972e+02   1.8527000e+01
   4.3478815e-01   1.7999985e+02   1.5463200e+01
   4.3478815e-01   1.8539998e+02   1.3131300e+01
   4.3478815e-01   1.9080010e+02   1.1500100e+01
   4.3478815e-01   1.9620023e+02   1.0521000e+01
   4.3478815e-01   2.0159978e+02   1.0131700e+01
   4.3478815e-01   2.0699991e+02   1.0259100e+01
   4.3478815e-01   2.1240004e+02   1.0822600e+01
   4.3478815e-01   2.1780017e+02   1.1737700e+01
   4.3478815e-01   2.2319972e+02   1.2918800e+01
   4.3478815e-01   2.2859985e+02   1.4282600e+01
   4.3478815e-01   2.3399997e+02   1.5750300e+01
   4.3478815e-01   2.3940010e+02   1.7250600e+01
   4.3478815e-01   2.4480023e+02   1.8721300e+01
   4.3478815e-01   2.5019978e+02   2.0111500e+01
   4.3478815e-01   2.5559991e+02   2.1382200e+01
   4.3478815e-01   2.6100004e+02   2.2508100e+01
   4.3478815e-01   2.6640016e+02   2.3477700e+01
   4.3478815e-01   2.7179972e+02   2.4293600e+01
   4.3478815e-01   2.7719985e+02   2.4972600e+01
   4.3478815e-01   2.8259997e+02   2.5545100e+01
   4.3726760e-01   1.2599972e+02   6.9691000e+01
   4.3726760e-01   1.3139985e+02   6.2243500e+01
   4.3726760e-01   1.3679998e+02   5.4868700e+01
   4.3726760e-01   1.4220010e+02   4.7712000e+01
   4.3726760e-01   1.4760023e+02   4.0906600e+01
   4.3726760e-01   1.5299978e+02   3.4569700e+01
   4.3726760e-01   1.5839991e+02   2.8799700e+01
   4.3726760e-01   1.6380004e+02   2.3673400e+01
   4.3726760e-01   1.6920017e+02   1.9245200e+01
   4.3726760e-01   1.7459972e+02   1.5546200e+01
   4.3726760e-01   1.7999985e+02   1.2585300e+01
   4.3726760e-01   1.8539998e+02   1.0349700e+01
   4.3726760e-01   1.9080010e+02   8.8073700e+00
   4.3726760e-01   1.9620023e+02   7.9097600e+00
   4.3726760e-01   2.0159978e+02   7.5943500e+00
   4.3726760e-01   2.0699991e+02   7.7880600e+00
   4.3726760e-01   2.1240004e+02   8.4105200e+00
   4.3726760e-01   2.1780017e+02   9.3773400e+00
   4.3726760e-01   2.2319972e+02   1.0603300e+01
   4.3726760e-01   2.2859985e+02   1.2005400e+01
   4.3726760e-01   2.3399997e+02   1.3505300e+01
   4.3726760e-01   2.3940010e+02   1.5031800e+01
   4.3726760e-01   2.4480023e+02   1.6523400e+01
   4.3726760e-01   2.5019978e+02   1.7928900e+01
   4.3726760e-01   2.5559991e+02   1.9210000e+01
   4.3726760e-01   2.6100004e+02   2.0341200e+01
   4.3726760e-01   2.6640016e+02   2.1311100e+01
   4.3726760e-01   2.7179972e+02   2.2122400e+01
   4.3726760e-01   2.7719985e+02   2.2791600e+01
   4.3726760e-01   2.8259997e+02   2.3348900e+01
   4.3974862e-01   1.2599972e+02   6.6094600e+01
   4.3974862e-01   1.3139985e+02   5.8755600e+01
   4.3974862e-01   1.3679998e+02   5.1495000e+01
   4.3974862e-01   1.4220010e+02   4.4456300e+01
   4.3974862e-01   1.4760023e+02   3.7771000e+01
   4.3974862e-01   1.5299978e+02   3.1554600e+01
   4.3974862e-01   1.5839991e+02   2.5903700e+01
   4.3974862e-01   1.6380004e+02   2.0893900e+01
   4.3974862e-01   1.6920017e+02   1.6578100e+01
   4.3974862e-01   1.7459972e+02   1.2986500e+01
   4.3974862e-01   1.7999985e+02   1.0126800e+01
   4.3974862e-01   1.8539998e+02   7.9857900e+00
   4.3974862e-01   1.9080010e+02   6.5310200e+00
   4.3974862e-01   1.9620023e+02   5.7135500e+00
   4.3974862e-01   2.0159978e+02   5.4707900e+00
   4.3974862e-01   2.0699991e+02   5.7297100e+00
   4.3974862e-01   2.1240004e+02   6.4100800e+00
   4.3974862e-01   2.1780017e+02   7.4277900e+00
   4.3974862e-01   2.2319972e+02   8.6979100e+00
   4.3974862e-01   2.2859985e+02   1.0137700e+01
   4.3974862e-01   2.3399997e+02   1.1669200e+01
   4.3974862e-01   2.3940010e+02   1.3221700e+01
   4.3974862e-01   2.4480023e+02   1.4733600e+01
   4.3974862e-01   2.5019978e+02   1.6154500e+01
   4.3974862e-01   2.5559991e+02   1.7445700e+01
   4.3974862e-01   2.6100004e+02   1.8582300e+01
   4.3974862e-01   2.6640016e+02   1.9552700e+01
   4.3974862e-01   2.7179972e+02   2.0359500e+01
   4.3974862e-01   2.7719985e+02   2.1019300e+01
   4.3974862e-01   2.8259997e+02   2.1561900e+01
   4.4223114e-01   1.2599972e+02   6.2913400e+01
   4.4223114e-01   1.3139985e+02   5.5681400e+01
   4.4223114e-01   1.3679998e+02   4.8533300e+01
   4.4223114e-01   1.4220010e+02   4.1611000e+01
   4.4223114e-01   1.4760023e+02   3.5043900e+01
   4.4223114e-01   1.5299978e+02   2.8946100e+01
   4.4223114e-01   1.5839991e+02   2.3412600e+01
   4.4223114e-01   1.6380004e+02   1.8517400e+01
   4.4223114e-01   1.6920017e+02   1.4312200e+01
   4.4223114e-01   1.7459972e+02   1.0826100e+01
   4.4223114e-01   1.7999985e+02   8.0660900e+00
   4.4223114e-01   1.8539998e+02   6.0181600e+00
   4.4223114e-01   1.9080010e+02   4.6494600e+00
   4.4223114e-01   1.9620023e+02   3.9107800e+00
   4.4223114e-01   2.0159978e+02   3.7394400e+00
   4.4223114e-01   2.0699991e+02   4.0624600e+00
   4.4223114e-01   2.1240004e+02   4.7997700e+00
   4.4223114e-01   2.1780017e+02   5.8674800e+00
   4.4223114e-01   2.2319972e+02   7.1809900e+00
   4.4223114e-01   2.2859985e+02   8.6578600e+00
   4.4223114e-01   2.3399997e+02   1.0220500e+01
   4.4223114e-01   2.3940010e+02   1.1798500e+01
   4.4223114e-01   2.4480023e+02   1.3330600e+01
   4.4223114e-01   2.5019978e+02   1.4766500e+01
   4.4223114e-01   2.5559991e+02   1.6068000e+01
   4.4223114e-01   2.6100004e+02   1.7209900e+01
   4.4223114e-01   2.6640016e+02   1.8180900e+01
   4.4223114e-01   2.7179972e+02   1.8983500e+01
   4.4223114e-01   2.7719985e+02   1.9634200e+01
   4.4223114e-01   2.8259997e+02   2.0162600e+01
   4.4471511e-01   1.2599972e+02   6.0125400e+01
   4.4471511e-01   1.3139985e+02   5.2998800e+01
   4.4471511e-01   1.3679998e+02   4.5961600e+01
   4.4471511e-01   1.4220010e+02   3.9153700e+01
   4.4471511e-01   1.4760023e+02   3.2703200e+01
   4.4471511e-01   1.5299978e+02   2.6722200e+01
   4.4471511e-01   1.5839991e+02   2.1304100e+01
   4.4471511e-01   1.6380004e+02   1.6521700e+01
   4.4471511e-01   1.6920017e+02   1.2425300e+01
   4.4471511e-01   1.7459972e+02   9.0430800e+00
   4.4471511e-01   1.7999985e+02   6.3810600e+00
   4.4471511e-01   1.8539998e+02   4.4246500e+00
   4.4471511e-01   1.9080010e+02   3.1405600e+00
   4.4471511e-01   1.9620023e+02   2.4793300e+00
   4.4471511e-01   2.0159978e+02   2.3781900e+00
   4.4471511e-01   2.0699991e+02   2.7642000e+00
   4.4471511e-01   2.1240004e+02   3.5574600e+00
   4.4471511e-01   2.1780017e+02   4.6743300e+00
   4.4471511e-01   2.2319972e+02   6.0304900e+00
   4.4471511e-01   2.2859985e+02   7.5438300e+00
   4.4471511e-01   2.3399997e+02   9.1371200e+00
   4.4471511e-01   2.3940010e+02   1.0740200e+01
   4.4471511e-01   2.4480023e+02   1.2292300e+01
   4.4471511e-01   2.5019978e+02   1.3743100e+01
   4.4471511e-01   2.5559991e+02   1.5054600e+01
   4.4471511e-01   2.6100004e+02   1.6202000e+01
   4.4471511e-01   2.6640016e+02   1.7173700e+01
   4.4471511e-01   2.7179972e+02   1.7972400e+01
   4.4471511e-01   2.7719985e+02   1.8614400e+01
   4.4471511e-01   2.8259997e+02   1.9129000e+01
   4.4720046e-01   1.2599972e+02   5.7708200e+01
   4.4720046e-01   1.3139985e+02   5.0685400e+01
   4.4720046e-01   1.3679998e+02   4.3757300e+01
   4.4720046e-01   1.4220010e+02   3.7062200e+01
   4.4720046e-01   1.4760023e+02   3.0726300e+01
   4.4720046e-01   1.5299978e+02   2.4860200e+01
   4.4720046e-01   1.5839991e+02   1.9555700e+01
   4.4720046e-01   1.6380004e+02   1.4884200e+01
   4.4720046e-01   1.6920017e+02   1.0894900e+01
   4.4720046e-01   1.7459972e+02   7.6147900e+00
   4.4720046e-01   1.7999985e+02   5.0491200e+00
   4.4720046e-01   1.8539998e+02   3.1826700e+00
   4.4720046e-01   1.9080010e+02   1.9817400e+00
   4.4720046e-01   1.9620023e+02   1.3966100e+00
   4.4720046e-01   2.0159978e+02   1.3644500e+00
   4.4720046e-01   2.0699991e+02   1.8123500e+00
   4.4720046e-01   2.1240004e+02   2.6605900e+00
   4.4720046e-01   2.1780017e+02   3.8257500e+00
   4.4720046e-01   2.2319972e+02   5.2238300e+00
   4.4720046e-01   2.2859985e+02   6.7730400e+00
   4.4720046e-01   2.3399997e+02   8.3964700e+00
   4.4720046e-01   2.3940010e+02   1.0024300e+01
   4.4720046e-01   2.4480023e+02   1.1596000e+01
   4.4720046e-01   2.5019978e+02   1.3061600e+01
   4.4720046e-01   2.5559991e+02   1.4383200e+01
   4.4720046e-01   2.6100004e+02   1.5536000e+01
   4.4720046e-01   2.6640016e+02   1.6508700e+01
   4.4720046e-01   2.7179972e+02   1.7303700e+01
   4.4720046e-01   2.7719985e+02   1.7937300e+01
   4.4720046e-01   2.8259997e+02   1.8438600e+01
   4.4968713e-01   1.2599972e+02   5.5638700e+01
   4.4968713e-01   1.3139985e+02   4.8718100e+01
   4.4968713e-01   1.3679998e+02   4.1897400e+01
   4.4968713e-01   1.4220010e+02   3.5313300e+01
   4.4968713e-01   1.4760023e+02   2.9090200e+01
   4.4968713e-01   1.5299978e+02   2.3337100e+01
   4.4968713e-01   1.5839991e+02   1.8144400e+01
   4.4968713e-01   1.6380004e+02   1.3582000e+01
   4.4968713e-01   1.6920017e+02   9.6979800e+00
   4.4968713e-01   1.7459972e+02   6.5182400e+00
   4.4968713e-01   1.7999985e+02   4.0472700e+00
   4.4968713e-01   1.8539998e+02   2.2692300e+00
   4.4968713e-01   1.9080010e+02   1.1500000e+00
   4.4968713e-01   1.9620023e+02   6.3964600e-01
   4.4968713e-01   2.0159978e+02   6.7523500e-01
   4.4968713e-01   2.0699991e+02   1.1839400e+00
   4.4968713e-01   2.1240004e+02   2.0861700e+00
   4.4968713e-01   2.1780017e+02   3.2987800e+00
   4.4968713e-01   2.2319972e+02   4.7380500e+00
   4.4968713e-01   2.2859985e+02   6.3225300e+00
   4.4968713e-01   2.3399997e+02   7.9756200e+00
   4.4968713e-01   2.3940010e+02   9.6278600e+00
   4.4968713e-01   2.4480023e+02   1.1218900e+01
   4.4968713e-01   2.5019978e+02   1.2699100e+01
   4.4968713e-01   2.5559991e+02   1.4030700e+01
   4.4968713e-01   2.6100004e+02   1.5189100e+01
   4.4968713e-01   2.6640016e+02   1.6162900e+01
   4.4968713e-01   2.7179972e+02   1.6954500e+01
   4.4968713e-01   2.7719985e+02   1.7580000e+01
   4.4968713e-01   2.8259997e+02   1.8068500e+01
   4.5217506e-01   1.2599972e+02   5.3893700e+01
   4.5217506e-01   1.3139985e+02   4.7073600e+01
   4.5217506e-01   1.3679998e+02   4.0358700e+01
   4.5217506e-01   1.4220010e+02   3.3883700e+01
   4.5217506e-01   1.4760023e+02   2.7771600e+01
   4.5217506e-01   1.5299978e+02   2.2129700e+01
   4.5217506e-01   1.5839991e+02   1.7046900e+01
   4.5217506e-01   1.6380004e+02   1.2591800e+01
   4.5217506e-01   1.6920017e+02   8.8111800e+00
   4.5217506e-01   1.7459972e+02   5.7301000e+00
   4.5217506e-01   1.7999985e+02   3.3521700e+00
   4.5217506e-01   1.8539998e+02   1.6609900e+00
   4.5217506e-01   1.9080010e+02   6.2202000e-01
   4.5217506e-01   1.9620023e+02   1.8510100e-01
   4.5217506e-01   2.0159978e+02   2.8723100e-01
   4.5217506e-01   2.0699991e+02   8.5563500e-01
   4.5217506e-01   2.1240004e+02   1.8109100e+00
   4.5217506e-01   2.1780017e+02   3.0701200e+00
   4.5217506e-01   2.2319972e+02   4.5498600e+00
   4.5217506e-01   2.2859985e+02   6.1690000e+00
   4.5217506e-01   2.3399997e+02   7.8512700e+00
   4.5217506e-01   2.3940010e+02   9.5275400e+00
   4.5217506e-01   2.4480023e+02   1.1137700e+01
   4.5217506e-01   2.5019978e+02   1.2632300e+01
   4.5217506e-01   2.5559991e+02   1.3974000e+01
   4.5217506e-01   2.6100004e+02   1.5138000e+01
   4.5217506e-01   2.6640016e+02   1.6113000e+01
   4.5217506e-01   2.7179972e+02   1.6901600e+01
   4.5217506e-01   2.7719985e+02   1.7519400e+01
   4.5217506e-01   2.8259997e+02   1.7995600e+01
   4.5466419e-01   1.2599972e+02   5.2449500e+01
   4.5466419e-01   1.3139985e+02   4.5728400e+01
   4.5466419e-01   1.3679998e+02   3.9117400e+01
   4.5466419e-01   1.4220010e+02   3.2749800e+01
   4.5466419e-01   1.4760023e+02   2.6746800e+01
   4.5466419e-01   1.5299978e+02   2.1214200e+01
   4.5466419e-01   1.5839991e+02   1.6239500e+01
   4.5466419e-01   1.6380004e+02   1.1889800e+01
   4.5466419e-01   1.6920017e+02   8.2109200e+00
   4.5466419e-01   1.7459972e+02   5.2267600e+00
   4.5466419e-01   1.7999985e+02   2.9402500e+00
   4.5466419e-01   1.8539998e+02   1.3343700e+00
   4.5466419e-01   1.9080010e+02   3.7422200e-01
   4.5466419e-01   1.9620023e+02   9.4112500e-03
   4.5466419e-01   2.0159978e+02   1.7687400e-01
   4.5466419e-01   2.0699991e+02   8.0389800e-01
   4.5466419e-01   2.1240004e+02   1.8112400e+00
   4.5466419e-01   2.1780017e+02   3.1162300e+00
   4.5466419e-01   2.2319972e+02   4.6357300e+00
   4.5466419e-01   2.2859985e+02   6.2889400e+00
   4.5466419e-01   2.3399997e+02   7.9999300e+00
   4.5466419e-01   2.3940010e+02   9.6998500e+00
   4.5466419e-01   2.4480023e+02   1.1328900e+01
   4.5466419e-01   2.5019978e+02   1.2837900e+01
   4.5466419e-01   2.5559991e+02   1.4189500e+01
   4.5466419e-01   2.6100004e+02   1.5359200e+01
   4.5466419e-01   2.6640016e+02   1.6335700e+01
   4.5466419e-01   2.7179972e+02   1.7121400e+01
   4.5466419e-01   2.7719985e+02   1.7732000e+01
   4.5466419e-01   2.8259997e+02   1.8196300e+01
   4.5715445e-01   1.2599972e+02   5.1282500e+01
   4.5715445e-01   1.3139985e+02   4.4658700e+01
   4.5715445e-01   1.3679998e+02   3.8149900e+01
   4.5715445e-01   1.4220010e+02   3.1887900e+01
   4.5715445e-01   1.4760023e+02   2.5992200e+01
   4.5715445e-01   1.5299978e+02   2.0567100e+01
   4.5715445e-01   1.5839991e+02   1.5698500e+01
   4.5715445e-01   1.6380004e+02   1.1452500e+01
   4.5715445e-01   1.6920017e+02   7.8734200e+00
   4.5715445e-01   1.7459972e+02   4.9844800e+00
   4.5715445e-01   1.7999985e+02   2.7877300e+00
   4.5715445e-01   1.8539998e+02   1.2656300e+00
   4.5715445e-01   1.9080010e+02   3.8286400e-01
   4.5715445e-01   1.9620023e+02   8.8842000e-02
   4.5715445e-01   2.0159978e+02   3.2043800e-01
   4.5715445e-01   2.0699991e+02   1.0050000e+00
   4.5715445e-01   2.1240004e+02   2.0634700e+00
   4.5715445e-01   2.1780017e+02   3.4134000e+00
   4.5715445e-01   2.2319972e+02   4.9719600e+00
   4.5715445e-01   2.2859985e+02   6.6586600e+00
   4.5715445e-01   2.3399997e+02   8.3978900e+00
   4.5715445e-01   2.3940010e+02   1.0121100e+01
   4.5715445e-01   2.4480023e+02   1.1768800e+01
   4.5715445e-01   2.5019978e+02   1.3292000e+01
   4.5715445e-01   2.5559991e+02   1.4653600e+01
   4.5715445e-01   2.6100004e+02   1.5829000e+01
   4.5715445e-01   2.6640016e+02   1.6807200e+01
   4.5715445e-01   2.7179972e+02   1.7590400e+01
   4.5715445e-01   2.7719985e+02   1.8194200e+01
   4.5715445e-01   2.8259997e+02   1.8647100e+01
   4.5964578e-01   1.2599972e+02   5.0368700e+01
   4.5964578e-01   1.3139985e+02   4.3840500e+01
   4.5964578e-01   1.3679998e+02   3.7432200e+01
   4.5964578e-01   1.4220010e+02   3.1274000e+01
   4.5964578e-01   1.4760023e+02   2.5483700e+01
   4.5964578e-01   1.5299978e+02   2.0164200e+01
   4.5964578e-01   1.5839991e+02   1.5400000e+01
   4.5964578e-01   1.6380004e+02   1.1255800e+01
   4.5964578e-01   1.6920017e+02   7.7748200e+00
   4.5964578e-01   1.7459972e+02   4.9793800e+00
   4.5964578e-01   1.7999985e+02   2.8707900e+00
   4.5964578e-01   1.8539998e+02   1.4309200e+00
   4.5964578e-01   1.9080010e+02   6.2412400e-01
   4.5964578e-01   1.9620023e+02   3.9958200e-01
   4.5964578e-01   2.0159978e+02   6.9412100e-01
   4.5964578e-01   2.0699991e+02   1.4351600e+00
   4.5964578e-01   2.1240004e+02   2.5438100e+00
   4.5964578e-01   2.1780017e+02   3.9378600e+00
   4.5964578e-01   2.2319972e+02   5.5347800e+00
   4.5964578e-01   2.2859985e+02   7.2544000e+00
   4.5964578e-01   2.3399997e+02   9.0214200e+00
   4.5964578e-01   2.3940010e+02   1.0767600e+01
   4.5964578e-01   2.4480023e+02   1.2433800e+01
   4.5964578e-01   2.5019978e+02   1.3971100e+01
   4.5964578e-01   2.5559991e+02   1.5342600e+01
   4.5964578e-01   2.6100004e+02   1.6523900e+01
   4.5964578e-01   2.6640016e+02   1.7503900e+01
   4.5964578e-01   2.7179972e+02   1.8284900e+01
   4.5964578e-01   2.7719985e+02   1.8882200e+01
   4.5964578e-01   2.8259997e+02   1.9324300e+01
   4.6213811e-01   1.2599972e+02   4.9684100e+01
   4.6213811e-01   1.3139985e+02   4.3250000e+01
   4.6213811e-01   1.3679998e+02   3.6940500e+01
   4.6213811e-01   1.4220010e+02   3.0884200e+01
   4.6213811e-01   1.4760023e+02   2.5197600e+01
   4.6213811e-01   1.5299978e+02   1.9981900e+01
   4.6213811e-01   1.5839991e+02   1.5320200e+01
   4.6213811e-01   1.6380004e+02   1.1275900e+01
   4.6213811e-01   1.6920017e+02   7.8912800e+00
   4.6213811e-01   1.7459972e+02   5.1876500e+00
   4.6213811e-01   1.7999985e+02   3.1655900e+00
   4.6213811e-01   1.8539998e+02   1.8064500e+00
   4.6213811e-01   1.9080010e+02   1.0742000e+00
   4.6213811e-01   1.9620023e+02   9.1783700e-01
   4.6213811e-01   2.0159978e+02   1.2741400e+00
   4.6213811e-01   2.0699991e+02   2.0706000e+00
   4.6213811e-01   2.1240004e+02   3.2284900e+00
   4.6213811e-01   2.1780017e+02   4.6658600e+00
   4.6213811e-01   2.2319972e+02   6.3004600e+00
   4.6213811e-01   2.2859985e+02   8.0524300e+00
   4.6213811e-01   2.3399997e+02   9.8467900e+00
   4.6213811e-01   2.3940010e+02   1.1615600e+01
   4.6213811e-01   2.4480023e+02   1.3300000e+01
   4.6213811e-01   2.5019978e+02   1.4851300e+01
   4.6213811e-01   2.5559991e+02   1.6232700e+01
   4.6213811e-01   2.6100004e+02   1.7420000e+01
   4.6213811e-01   2.6640016e+02   1.8402100e+01
   4.6213811e-01   2.7179972e+02   1.9181100e+01
   4.6213811e-01   2.7719985e+02   1.9772500e+01
   4.6213811e-01   2.8259997e+02   2.0204200e+01
   4.6463140e-01   1.2599972e+02   4.9205100e+01
   4.6463140e-01   1.3139985e+02   4.2863300e+01
   4.6463140e-01   1.3679998e+02   3.6650900e+01
   4.6463140e-01   1.4220010e+02   3.0694800e+01
   4.6463140e-01   1.4760023e+02   2.5110000e+01
   4.6463140e-01   1.5299978e+02   1.9996200e+01
   4.6463140e-01   1.5839991e+02   1.5435200e+01
   4.6463140e-01   1.6380004e+02   1.1489000e+01
   4.6463140e-01   1.6920017e+02   8.1990300e+00
   4.6463140e-01   1.7459972e+02   5.5855300e+00
   4.6463140e-01   1.7999985e+02   3.6484100e+00
   4.6463140e-01   1.8539998e+02   2.3684800e+00
   4.6463140e-01   1.9080010e+02   1.7093900e+00
   4.6463140e-01   1.9620023e+02   1.6199300e+00
   4.6463140e-01   2.0159978e+02   2.0368300e+00
   4.6463140e-01   2.0699991e+02   2.8876600e+00
   4.6463140e-01   2.1240004e+02   4.0938800e+00
   4.6463140e-01   2.1780017e+02   5.5737600e+00
   4.6463140e-01   2.2319972e+02   7.2453600e+00
   4.6463140e-01   2.2859985e+02   9.0291200e+00
   4.6463140e-01   2.3399997e+02   1.0850400e+01
   4.6463140e-01   2.3940010e+02   1.2641600e+01
   4.6463140e-01   2.4480023e+02   1.4343900e+01
   4.6463140e-01   2.5019978e+02   1.5909000e+01
   4.6463140e-01   2.5559991e+02   1.7300400e+01
   4.6463140e-01   2.6100004e+02   1.8493800e+01
   4.6463140e-01   2.6640016e+02   1.9478200e+01
   4.6463140e-01   2.7179972e+02   2.0255600e+01
   4.6463140e-01   2.7719985e+02   2.0841300e+01
   4.6463140e-01   2.8259997e+02   2.1263200e+01
   4.6712557e-01   1.2599972e+02   4.8907800e+01
   4.6712557e-01   1.3139985e+02   4.2656800e+01
   4.6712557e-01   1.3679998e+02   3.6539800e+01
   4.6712557e-01   1.4220010e+02   3.0682100e+01
   4.6712557e-01   1.4760023e+02   2.5197300e+01
   4.6712557e-01   1.5299978e+02   2.0183600e+01
   4.6712557e-01   1.5839991e+02   1.5721400e+01
   4.6712557e-01   1.6380004e+02   1.1871700e+01
   4.6712557e-01   1.6920017e+02   8.6745400e+00
   4.6712557e-01   1.7459972e+02   6.1494900e+00
   4.6712557e-01   1.7999985e+02   4.2957300e+00
   4.6712557e-01   1.8539998e+02   3.0935400e+00
   4.6712557e-01   1.9080010e+02   2.5062100e+00
   4.6712557e-01   1.9620023e+02   2.4823800e+00
   4.6712557e-01   2.0159978e+02   2.9587300e+00
   4.6712557e-01   2.0699991e+02   3.8629100e+00
   4.6712557e-01   2.1240004e+02   5.1165400e+00
   4.6712557e-01   2.1780017e+02   6.6381500e+00
   4.6712557e-01   2.2319972e+02   8.3460800e+00
   4.6712557e-01   2.2859985e+02   1.0161100e+01
   4.6712557e-01   2.3399997e+02   1.2008800e+01
   4.6712557e-01   2.3940010e+02   1.3822000e+01
   4.6712557e-01   2.4480023e+02   1.5542100e+01
   4.6712557e-01   2.5019978e+02   1.7121100e+01
   4.6712557e-01   2.5559991e+02   1.8522400e+01
   4.6712557e-01   2.6100004e+02   1.9722000e+01
   4.6712557e-01   2.6640016e+02   2.0708800e+01
   4.6712557e-01   2.7179972e+02   2.1484900e+01
   4.6712557e-01   2.7719985e+02   2.2065400e+01
   4.6712557e-01   2.8259997e+02   2.2477900e+01
   4.6962056e-01   1.2599972e+02   4.8769000e+01
   4.6962056e-01   1.3139985e+02   4.2607200e+01
   4.6962056e-01   1.3679998e+02   3.6583800e+01
   4.6962056e-01   1.4220010e+02   3.0822800e+01
   4.6962056e-01   1.4760023e+02   2.5436200e+01
   4.6962056e-01   1.5299978e+02   2.0520700e+01
   4.6962056e-01   1.5839991e+02   1.6155600e+01
   4.6962056e-01   1.6380004e+02   1.2400500e+01
   4.6962056e-01   1.6920017e+02   9.2945500e+00
   4.6962056e-01   1.7459972e+02   6.8563200e+00
   4.6962056e-01   1.7999985e+02   5.0843400e+00
   4.6962056e-01   1.8539998e+02   3.9584200e+00
   4.6962056e-01   1.9080010e+02   3.4415000e+00
   4.6962056e-01   1.9620023e+02   3.4820500e+00
   4.6962056e-01   2.0159978e+02   4.0167100e+00
   4.6962056e-01   2.0699991e+02   4.9732200e+00
   4.6962056e-01   2.1240004e+02   6.2733600e+00
   4.6962056e-01   2.1780017e+02   7.8359400e+00
   4.6962056e-01   2.2319972e+02   9.5795400e+00
   4.6962056e-01   2.2859985e+02   1.1425300e+01
   4.6962056e-01   2.3399997e+02   1.3299100e+01
   4.6962056e-01   2.3940010e+02   1.5133900e+01
   4.6962056e-01   2.4480023e+02   1.6871600e+01
   4.6962056e-01   2.5019978e+02   1.8464200e+01
   4.6962056e-01   2.5559991e+02   1.9875500e+01
   4.6962056e-01   2.6100004e+02   2.1081400e+01
   4.6962056e-01   2.6640016e+02   2.2070900e+01
   4.6962056e-01   2.7179972e+02   2.2846000e+01
   4.6962056e-01   2.7719985e+02   2.3421700e+01
   4.6962056e-01   2.8259997e+02   2.3825400e+01
   4.7211631e-01   1.2599972e+02   4.8765600e+01
   4.7211631e-01   1.3139985e+02   4.2691300e+01
   4.7211631e-01   1.3679998e+02   3.6759900e+01
   4.7211631e-01   1.4220010e+02   3.1093900e+01
   4.7211631e-01   1.4760023e+02   2.5803700e+01
   4.7211631e-01   1.5299978e+02   2.0984800e+01
   4.7211631e-01   1.5839991e+02   1.6715000e+01
   4.7211631e-01   1.6380004e+02   1.3052700e+01
   4.7211631e-01   1.6920017e+02   1.0036200e+01
   4.7211631e-01   1.7459972e+02   7.6831900e+00
   4.7211631e-01   1.7999985e+02   5.9914700e+00
   4.7211631e-01   1.8539998e+02   4.9403600e+00
   4.7211631e-01   1.9080010e+02   4.4925100e+00
   4.7211631e-01   1.9620023e+02   4.5962000e+00
   4.7211631e-01   2.0159978e+02   5.1880500e+00
   4.7211631e-01   2.0699991e+02   6.1958900e+00
   4.7211631e-01   2.1240004e+02   7.5416800e+00
   4.7211631e-01   2.1780017e+02   9.1444400e+00
   4.7211631e-01   2.2319972e+02   1.0923100e+01
   4.7211631e-01   2.2859985e+02   1.2799000e+01
   4.7211631e-01   2.3399997e+02   1.4698400e+01
   4.7211631e-01   2.3940010e+02   1.6554600e+01
   4.7211631e-01   2.4480023e+02   1.8309700e+01
   4.7211631e-01   2.5019978e+02   1.9916000e+01
   4.7211631e-01   2.5559991e+02   2.1337200e+01
   4.7211631e-01   2.6100004e+02   2.2549500e+01
   4.7211631e-01   2.6640016e+02   2.3541900e+01
   4.7211631e-01   2.7179972e+02   2.4316300e+01
   4.7211631e-01   2.7719985e+02   2.4887600e+01
   4.7211631e-01   2.8259997e+02   2.5283000e+01
   4.7461276e-01   1.2599972e+02   4.8875200e+01
   4.7461276e-01   1.3139985e+02   4.2886800e+01
   4.7461276e-01   1.3679998e+02   3.7045800e+01
   4.7461276e-01   1.4220010e+02   3.1473000e+01
   4.7461276e-01   1.4760023e+02   2.6277500e+01
   4.7461276e-01   1.5299978e+02   2.1553300e+01
   4.7461276e-01   1.5839991e+02   1.7377000e+01
   4.7461276e-01   1.6380004e+02   1.3805900e+01
   4.7461276e-01   1.6920017e+02   1.0877200e+01
   4.7461276e-01   1.7459972e+02   8.6078100e+00
   4.7461276e-01   1.7999985e+02   6.9948200e+00
   4.7461276e-01   1.8539998e+02   6.0171200e+00
   4.7461276e-01   1.9080010e+02   5.6370000e+00
   4.7461276e-01   1.9620023e+02   5.8026200e+00
   4.7461276e-01   2.0159978e+02   6.4505700e+00
   4.7461276e-01   2.0699991e+02   7.5087600e+00
   4.7461276e-01   2.1240004e+02   8.8993200e+00
   4.7461276e-01   2.1780017e+02   1.0541500e+01
   4.7461276e-01   2.2319972e+02   1.2354600e+01
   4.7461276e-01   2.2859985e+02   1.4260100e+01
   4.7461276e-01   2.3399997e+02   1.6184800e+01
   4.7461276e-01   2.3940010e+02   1.8062100e+01
   4.7461276e-01   2.4480023e+02   1.9834400e+01
   4.7461276e-01   2.5019978e+02   2.1454100e+01
   4.7461276e-01   2.5559991e+02   2.2885400e+01
   4.7461276e-01   2.6100004e+02   2.4104200e+01
   4.7461276e-01   2.6640016e+02   2.5099700e+01
   4.7461276e-01   2.7179972e+02   2.5873700e+01
   4.7461276e-01   2.7719985e+02   2.6441000e+01
   4.7461276e-01   2.8259997e+02   2.6828600e+01
   4.7710984e-01   1.2599972e+02   4.9075700e+01
   4.7710984e-01   1.3139985e+02   4.3171800e+01
   4.7710984e-01   1.3679998e+02   3.7419400e+01
   4.7710984e-01   1.4220010e+02   3.1938200e+01
   4.7710984e-01   1.4760023e+02   2.6835600e+01
   4.7710984e-01   1.5299978e+02   2.2204500e+01
   4.7710984e-01   1.5839991e+02   1.8120000e+01
   4.7710984e-01   1.6380004e+02   1.4638400e+01
   4.7710984e-01   1.6920017e+02   1.1795900e+01
   4.7710984e-01   1.7459972e+02   9.6085000e+00
   4.7710984e-01   1.7999985e+02   8.0727600e+00
   4.7710984e-01   1.8539998e+02   7.1670600e+00
   4.7710984e-01   1.9080010e+02   6.8533900e+00
   4.7710984e-01   1.9620023e+02   7.0797600e+00
   4.7710984e-01   2.0159978e+02   7.7827200e+00
   4.7710984e-01   2.0699991e+02   8.8902900e+00
   4.7710984e-01   2.1240004e+02   1.0324800e+01
   4.7710984e-01   2.1780017e+02   1.2005700e+01
   4.7710984e-01   2.2319972e+02   1.3852500e+01
   4.7710984e-01   2.2859985e+02   1.5787300e+01
   4.7710984e-01   2.3399997e+02   1.7736800e+01
   4.7710984e-01   2.3940010e+02   1.9634900e+01
   4.7710984e-01   2.4480023e+02   2.1424100e+01
   4.7710984e-01   2.5019978e+02   2.3057300e+01
   4.7710984e-01   2.5559991e+02   2.4498600e+01
   4.7710984e-01   2.6100004e+02   2.5724100e+01
   4.7710984e-01   2.6640016e+02   2.6722900e+01
   4.7710984e-01   2.7179972e+02   2.7496800e+01
   4.7710984e-01   2.7719985e+02   2.8060500e+01
   4.7710984e-01   2.8259997e+02   2.8440700e+01
   4.7960749e-01   1.2599972e+02   4.9346100e+01
   4.7960749e-01   1.3139985e+02   4.3525000e+01
   4.7960749e-01   1.3679998e+02   3.7859700e+01
   4.7960749e-01   1.4220010e+02   3.2468400e+01
   4.7960749e-01   1.4760023e+02   2.7457100e+01
   4.7960749e-01   1.5299978e+02   2.2917300e+01
   4.7960749e-01   1.5839991e+02   1.8923000e+01
   4.7960749e-01   1.6380004e+02   1.5529200e+01
   4.7960749e-01   1.6920017e+02   1.2771200e+01
   4.7960749e-01   1.7459972e+02   1.0664300e+01
   4.7960749e-01   1.7999985e+02   9.2043800e+00
   4.7960749e-01   1.8539998e+02   8.3693100e+00
   4.7960749e-01   1.9080010e+02   8.1208200e+00
   4.7960749e-01   1.9620023e+02   8.4067600e+00
   4.7960749e-01   2.0159978e+02   9.1636900e+00
   4.7960749e-01   2.0699991e+02   1.0319700e+01
   4.7960749e-01   2.1240004e+02   1.1797300e+01
   4.7960749e-01   2.1780017e+02   1.3516200e+01
   4.7960749e-01   2.2319972e+02   1.5396200e+01
   4.7960749e-01   2.2859985e+02   1.7359600e+01
   4.7960749e-01   2.3399997e+02   1.9333600e+01
   4.7960749e-01   2.3940010e+02   2.1252200e+01
   4.7960749e-01   2.4480023e+02   2.3058300e+01
   4.7960749e-01   2.5019978e+02   2.4704800e+01
   4.7960749e-01   2.5559991e+02   2.6156100e+01
   4.7960749e-01   2.6100004e+02   2.7388400e+01
   4.7960749e-01   2.6640016e+02   2.8390700e+01
   4.7960749e-01   2.7179972e+02   2.9164800e+01
   4.7960749e-01   2.7719985e+02   2.9725300e+01
   4.7960749e-01   2.8259997e+02   3.0098700e+01
   4.8210566e-01   1.2599972e+02   4.9665800e+01
   4.8210566e-01   1.3139985e+02   4.3926100e+01
   4.8210566e-01   1.3679998e+02   3.8346400e+01
   4.8210566e-01   1.4220010e+02   3.3043200e+01
   4.8210566e-01   1.4760023e+02   2.8121600e+01
   4.8210566e-01   1.5299978e+02   2.3671400e+01
   4.8210566e-01   1.5839991e+02   1.9765600e+01
   4.8210566e-01   1.6380004e+02   1.6458100e+01
   4.8210566e-01   1.6920017e+02   1.3783100e+01
   4.8210566e-01   1.7459972e+02   1.1755200e+01
   4.8210566e-01   1.7999985e+02   1.0369600e+01
   4.8210566e-01   1.8539998e+02   9.6038200e+00
   4.8210566e-01   1.9080010e+02   9.4192800e+00
   4.8210566e-01   1.9620023e+02   9.7636600e+00
   4.8210566e-01   2.0159978e+02   1.0573500e+01
   4.8210566e-01   2.0699991e+02   1.1777100e+01
   4.8210566e-01   2.1240004e+02   1.3296900e+01
   4.8210566e-01   2.1780017e+02   1.5053200e+01
   4.8210566e-01   2.2319972e+02   1.6965800e+01
   4.8210566e-01   2.2859985e+02   1.8957300e+01
   4.8210566e-01   2.3399997e+02   2.0955400e+01
   4.8210566e-01   2.3940010e+02   2.2894200e+01
   4.8210566e-01   2.4480023e+02   2.4717000e+01
   4.8210566e-01   2.5019978e+02   2.6376800e+01
   4.8210566e-01   2.5559991e+02   2.7838100e+01
   4.8210566e-01   2.6100004e+02   2.9077200e+01
   4.8210566e-01   2.6640016e+02   3.0083300e+01
   4.8210566e-01   2.7179972e+02   3.0857900e+01
   4.8210566e-01   2.7719985e+02   3.1415500e+01
   4.8210566e-01   2.8259997e+02   3.1782500e+01
   4.8460427e-01   1.2599972e+02   5.0015400e+01
   4.8460427e-01   1.3139985e+02   4.4355600e+01
   4.8460427e-01   1.3679998e+02   3.8859800e+01
   4.8460427e-01   1.4220010e+02   3.3643400e+01
   4.8460427e-01   1.4760023e+02   2.8809700e+01
   4.8460427e-01   1.5299978e+02   2.4447600e+01
   4.8460427e-01   1.5839991e+02   2.0628700e+01
   4.8460427e-01   1.6380004e+02   1.7405800e+01
   4.8460427e-01   1.6920017e+02   1.4812300e+01
   4.8460427e-01   1.7459972e+02   1.2861900e+01
   4.8460427e-01   1.7999985e+02   1.1549300e+01
   4.8460427e-01   1.8539998e+02   1.0851500e+01
   4.8460427e-01   1.9080010e+02   1.0729700e+01
   4.8460427e-01   1.9620023e+02   1.1131400e+01
   4.8460427e-01   2.0159978e+02   1.1993200e+01
   4.8460427e-01   2.0699991e+02   1.3243400e+01
   4.8460427e-01   2.1240004e+02   1.4804700e+01
   4.8460427e-01   2.1780017e+02   1.6597600e+01
   4.8460427e-01   2.2319972e+02   1.8542200e+01
   4.8460427e-01   2.2859985e+02   2.0561500e+01
   4.8460427e-01   2.3399997e+02   2.2583200e+01
   4.8460427e-01   2.3940010e+02   2.4542000e+01
   4.8460427e-01   2.4480023e+02   2.6381300e+01
   4.8460427e-01   2.5019978e+02   2.8054300e+01
   4.8460427e-01   2.5559991e+02   2.9525600e+01
   4.8460427e-01   2.6100004e+02   3.0771700e+01
   4.8460427e-01   2.6640016e+02   3.1781700e+01
   4.8460427e-01   2.7179972e+02   3.2557200e+01
   4.8460427e-01   2.7719985e+02   3.3112300e+01
   4.8460427e-01   2.8259997e+02   3.3473400e+01
   4.8710327e-01   1.2599972e+02   5.0376400e+01
   4.8710327e-01   1.3139985e+02   4.4795100e+01
   4.8710327e-01   1.3679998e+02   3.9381800e+01
   4.8710327e-01   1.4220010e+02   3.4250400e+01
   4.8710327e-01   1.4760023e+02   2.9503200e+01
   4.8710327e-01   1.5299978e+02   2.5227600e+01
   4.8710327e-01   1.5839991e+02   2.1494000e+01
   4.8710327e-01   1.6380004e+02   1.8354200e+01
   4.8710327e-01   1.6920017e+02   1.5840700e+01
   4.8710327e-01   1.7459972e+02   1.3966300e+01
   4.8710327e-01   1.7999985e+02   1.2725400e+01
   4.8710327e-01   1.8539998e+02   1.2094300e+01
   4.8710327e-01   1.9080010e+02   1.2034100e+01
   4.8710327e-01   1.9620023e+02   1.2492000e+01
   4.8710327e-01   2.0159978e+02   1.3404800e+01
   4.8710327e-01   2.0699991e+02   1.4700700e+01
   4.8710327e-01   2.1240004e+02   1.6302800e+01
   4.8710327e-01   2.1780017e+02   1.8131600e+01
   4.8710327e-01   2.2319972e+02   2.0107700e+01
   4.8710327e-01   2.2859985e+02   2.2154200e+01
   4.8710327e-01   2.3399997e+02   2.4199300e+01
   4.8710327e-01   2.3940010e+02   2.6177800e+01
   4.8710327e-01   2.4480023e+02   2.8033400e+01
   4.8710327e-01   2.5019978e+02   2.9719500e+01
   4.8710327e-01   2.5559991e+02   3.1200900e+01
   4.8710327e-01   2.6100004e+02   3.2454100e+01
   4.8710327e-01   2.6640016e+02   3.3468100e+01
   4.8710327e-01   2.7179972e+02   3.4244700e+01
   4.8710327e-01   2.7719985e+02   3.4797700e+01
   4.8710327e-01   2.8259997e+02   3.5153300e+01
   4.8960259e-01   1.2599972e+02   5.0731400e+01
   4.8960259e-01   1.3139985e+02   4.5227200e+01
   4.8960259e-01   1.3679998e+02   3.9894800e+01
   4.8960259e-01   1.4220010e+02   3.4847100e+01
   4.8960259e-01   1.4760023e+02   3.0184800e+01
   4.8960259e-01   1.5299978e+02   2.5994100e+01
   4.8960259e-01   1.5839991e+02   2.2344300e+01
   4.8960259e-01   1.6380004e+02   1.9286100e+01
   4.8960259e-01   1.6920017e+02   1.6851100e+01
   4.8960259e-01   1.7459972e+02   1.5051500e+01
   4.8960259e-01   1.7999985e+02   1.3880900e+01
   4.8960259e-01   1.8539998e+02   1.3315300e+01
   4.8960259e-01   1.9080010e+02   1.3315500e+01
   4.8960259e-01   1.9620023e+02   1.3828700e+01
   4.8960259e-01   2.0159978e+02   1.4791400e+01
   4.8960259e-01   2.0699991e+02   1.6132200e+01
   4.8960259e-01   2.1240004e+02   1.7774300e+01
   4.8960259e-01   2.1780017e+02   1.9638400e+01
   4.8960259e-01   2.2319972e+02   2.1645400e+01
   4.8960259e-01   2.2859985e+02   2.3718800e+01
   4.8960259e-01   2.3399997e+02   2.5786800e+01
   4.8960259e-01   2.3940010e+02   2.7784800e+01
   4.8960259e-01   2.4480023e+02   2.9656500e+01
   4.8960259e-01   2.5019978e+02   3.1355700e+01
   4.8960259e-01   2.5559991e+02   3.2847100e+01
   4.8960259e-01   2.6100004e+02   3.4107500e+01
   4.8960259e-01   2.6640016e+02   3.5125800e+01
   4.8960259e-01   2.7179972e+02   3.5903700e+01
   4.8960259e-01   2.7719985e+02   3.6455000e+01
   4.8960259e-01   2.8259997e+02   3.6805600e+01
   4.9210217e-01   1.2599972e+02   5.1064200e+01
   4.9210217e-01   1.3139985e+02   4.5635700e+01
   4.9210217e-01   1.3679998e+02   4.0383000e+01
   4.9210217e-01   1.4220010e+02   3.5417400e+01
   4.9210217e-01   1.4760023e+02   3.0838600e+01
   4.9210217e-01   1.5299978e+02   2.6731300e+01
   4.9210217e-01   1.5839991e+02   2.3163800e+01
   4.9210217e-01   1.6380004e+02   2.0185800e+01
   4.9210217e-01   1.6920017e+02   1.7828000e+01
   4.9210217e-01   1.7459972e+02   1.6101800e+01
   4.9210217e-01   1.7999985e+02   1.5000100e+01
   4.9210217e-01   1.8539998e+02   1.4498900e+01
   4.9210217e-01   1.9080010e+02   1.4558400e+01
   4.9210217e-01   1.9620023e+02   1.5125800e+01
   4.9210217e-01   2.0159978e+02   1.6137600e+01
   4.9210217e-01   2.0699991e+02   1.7522500e+01
   4.9210217e-01   2.1240004e+02   1.9203900e+01
   4.9210217e-01   2.1780017e+02   2.1102600e+01
   4.9210217e-01   2.2319972e+02   2.3140000e+01
   4.9210217e-01   2.2859985e+02   2.5239700e+01
   4.9210217e-01   2.3399997e+02   2.7330400e+01
   4.9210217e-01   2.3940010e+02   2.9347600e+01
   4.9210217e-01   2.4480023e+02   3.1235300e+01
   4.9210217e-01   2.5019978e+02   3.2947400e+01
   4.9210217e-01   2.5559991e+02   3.4448900e+01
   4.9210217e-01   2.6100004e+02   3.5716600e+01
   4.9210217e-01   2.6640016e+02   3.6739400e+01
   4.9210217e-01   2.7179972e+02   3.7518800e+01
   4.9210217e-01   2.7719985e+02   3.8068700e+01
   4.9210217e-01   2.8259997e+02   3.8414600e+01
   4.9460194e-01   1.2599972e+02   5.1360100e+01
   4.9460194e-01   1.3139985e+02   4.6005900e+01
   4.9460194e-01   1.3679998e+02   4.0831500e+01
   4.9460194e-01   1.4220010e+02   3.5946600e+01
   4.9460194e-01   1.4760023e+02   3.1449700e+01
   4.9460194e-01   1.5299978e+02   2.7424500e+01
   4.9460194e-01   1.5839991e+02   2.3937900e+01
   4.9460194e-01   1.6380004e+02   2.1038700e+01
   4.9460194e-01   1.6920017e+02   1.8756700e+01
   4.9460194e-01   1.7459972e+02   1.7102500e+01
   4.9460194e-01   1.7999985e+02   1.6068800e+01
   4.9460194e-01   1.8539998e+02   1.5630700e+01
   4.9460194e-01   1.9080010e+02   1.5748400e+01
   4.9460194e-01   1.9620023e+02   1.6369000e+01
   4.9460194e-01   2.0159978e+02   1.7429000e+01
   4.9460194e-01   2.0699991e+02   1.8857200e+01
   4.9460194e-01   2.1240004e+02   2.0577200e+01
   4.9460194e-01   2.1780017e+02   2.2510000e+01
   4.9460194e-01   2.2319972e+02   2.4577200e+01
   4.9460194e-01   2.2859985e+02   2.6702900e+01
   4.9460194e-01   2.3399997e+02   2.8815900e+01
   4.9460194e-01   2.3940010e+02   3.0852000e+01
   4.9460194e-01   2.4480023e+02   3.2755500e+01
   4.9460194e-01   2.5019978e+02   3.4480500e+01
   4.9460194e-01   2.5559991e+02   3.5992100e+01
   4.9460194e-01   2.6100004e+02   3.7267100e+01
   4.9460194e-01   2.6640016e+02   3.8294500e+01
   4.9460194e-01   2.7179972e+02   3.9075800e+01
   4.9460194e-01   2.7719985e+02   3.9624600e+01
   4.9460194e-01   2.8259997e+02   3.9966300e+01
   4.9710185e-01   1.2599972e+02   5.1605300e+01
   4.9710185e-01   1.3139985e+02   4.6324400e+01
   4.9710185e-01   1.3679998e+02   4.1226800e+01
   4.9710185e-01   1.4220010e+02   3.6421400e+01
   4.9710185e-01   1.4760023e+02   3.2005100e+01
   4.9710185e-01   1.5299978e+02   2.8060500e+01
   4.9710185e-01   1.5839991e+02   2.4653400e+01
   4.9710185e-01   1.6380004e+02   2.1831700e+01
   4.9710185e-01   1.6920017e+02   1.9624200e+01
   4.9710185e-01   1.7459972e+02   1.8040900e+01
   4.9710185e-01   1.7999985e+02   1.7073700e+01
   4.9710185e-01   1.8539998e+02   1.6697700e+01
   4.9710185e-01   1.9080010e+02   1.6872600e+01
   4.9710185e-01   1.9620023e+02   1.7545500e+01
   4.9710185e-01   2.0159978e+02   1.8652900e+01
   4.9710185e-01   2.0699991e+02   2.0123700e+01
   4.9710185e-01   2.1240004e+02   2.1881500e+01
   4.9710185e-01   2.1780017e+02   2.3847800e+01
   4.9710185e-01   2.2319972e+02   2.5944400e+01
   4.9710185e-01   2.2859985e+02   2.8095600e+01
   4.9710185e-01   2.3399997e+02   3.0230600e+01
   4.9710185e-01   2.3940010e+02   3.2285400e+01
   4.9710185e-01   2.4480023e+02   3.4204600e+01
   4.9710185e-01   2.5019978e+02   3.5942400e+01
   4.9710185e-01   2.5559991e+02   3.7464000e+01
   4.9710185e-01   2.6100004e+02   3.8746400e+01
   4.9710185e-01   2.6640016e+02   3.9778600e+01
   4.9710185e-01   2.7179972e+02   4.0561900e+01
   4.9710185e-01   2.7719985e+02   4.1109900e+01
   4.9710185e-01   2.8259997e+02   4.1447700e+01
   4.9960184e-01   1.2599972e+02   5.1788000e+01
   4.9960184e-01   1.3139985e+02   4.6579000e+01
   4.9960184e-01   1.3679998e+02   4.1557100e+01
   4.9960184e-01   1.4220010e+02   3.6829800e+01
   4.9960184e-01   1.4760023e+02   3.2492800e+01
   4.9960184e-01   1.5299978e+02   2.8627500e+01
   4.9960184e-01   1.5839991e+02   2.5298700e+01
   4.9960184e-01   1.6380004e+02   2.2553100e+01
   4.9960184e-01   1.6920017e+02   2.0418800e+01
   4.9960184e-01   1.7459972e+02   1.8905200e+01
   4.9960184e-01   1.7999985e+02   1.8003600e+01
   4.9960184e-01   1.8539998e+02   1.7688600e+01
   4.9960184e-01   1.9080010e+02   1.7919700e+01
   4.9960184e-01   1.9620023e+02   1.8644000e+01
   4.9960184e-01   2.0159978e+02   1.9797900e+01
   4.9960184e-01   2.0699991e+02   2.1310400e+01
   4.9960184e-01   2.1240004e+02   2.3105500e+01
   4.9960184e-01   2.1780017e+02   2.5104700e+01
   4.9960184e-01   2.2319972e+02   2.7230200e+01
   4.9960184e-01   2.2859985e+02   2.9406500e+01
   4.9960184e-01   2.3399997e+02   3.1563200e+01
   4.9960184e-01   2.3940010e+02   3.3636500e+01
   4.9960184e-01   2.4480023e+02   3.5571200e+01
   4.9960184e-01   2.5019978e+02   3.7321700e+01
   4.9960184e-01   2.5559991e+02   3.8853400e+01
   4.9960184e-01   2.6100004e+02   4.0143300e+01
   4.9960184e-01   2.6640016e+02   4.1180300e+01
   4.9960184e-01   2.7179972e+02   4.1965900e+01
   4.9960184e-01   2.7719985e+02   4.2513300e+01
   4.9960184e-01   2.8259997e+02   4.2847700e+01
   5.0210183e-01   1.2599972e+02   5.1897600e+01
   5.0210183e-01   1.3139985e+02   4.6759400e+01
   5.0210183e-01   1.3679998e+02   4.1811900e+01
   5.0210183e-01   1.4220010e+02   3.7161500e+01
   5.0210183e-01   1.4760023e+02   3.2902500e+01
   5.0210183e-01   1.5299978e+02   2.9115300e+01
   5.0210183e-01   1.5839991e+02   2.5863500e+01
   5.0210183e-01   1.6380004e+02   2.3192800e+01
   5.0210183e-01   1.6920017e+02   2.1130600e+01
   5.0210183e-01   1.7459972e+02   1.9685500e+01
   5.0210183e-01   1.7999985e+02   1.8848300e+01
   5.0210183e-01   1.8539998e+02   1.8593300e+01
   5.0210183e-01   1.9080010e+02   1.8879800e+01
   5.0210183e-01   1.9620023e+02   1.9654600e+01
   5.0210183e-01   2.0159978e+02   2.0854200e+01
   5.0210183e-01   2.0699991e+02   2.2407800e+01
   5.0210183e-01   2.1240004e+02   2.4239500e+01
   5.0210183e-01   2.1780017e+02   2.6271100e+01
   5.0210183e-01   2.2319972e+02   2.8425000e+01
   5.0210183e-01   2.2859985e+02   3.0626000e+01
   5.0210183e-01   2.3399997e+02   3.2804100e+01
   5.0210183e-01   2.3940010e+02   3.4895600e+01
   5.0210183e-01   2.4480023e+02   3.6845600e+01
   5.0210183e-01   2.5019978e+02   3.8608700e+01
   5.0210183e-01   2.5559991e+02   4.0150500e+01
   5.0210183e-01   2.6100004e+02   4.1447900e+01
   5.0210183e-01   2.6640016e+02   4.2490000e+01
   5.0210183e-01   2.7179972e+02   4.3278000e+01
   5.0210183e-01   2.7719985e+02   4.3825100e+01
   5.0210183e-01   2.8259997e+02   4.4156300e+01
   5.0460177e-01   1.2599972e+02   5.1925200e+01
   5.0460177e-01   1.3139985e+02   4.6856600e+01
   5.0460177e-01   1.3679998e+02   4.1982500e+01
   5.0460177e-01   1.4220010e+02   3.7407700e+01
   5.0460177e-01   1.4760023e+02   3.3225600e+01
   5.0460177e-01   1.5299978e+02   2.9515300e+01
   5.0460177e-01   1.5839991e+02   2.6339200e+01
   5.0460177e-01   1.6380004e+02   2.3742300e+01
   5.0460177e-01   1.6920017e+02   2.1751100e+01
   5.0460177e-01   1.7459972e+02   2.0373400e+01
   5.0460177e-01   1.7999985e+02   1.9599700e+01
   5.0460177e-01   1.8539998e+02   1.9403600e+01
   5.0460177e-01   1.9080010e+02   1.9744500e+01
   5.0460177e-01   1.9620023e+02   2.0569000e+01
   5.0460177e-01   2.0159978e+02   2.1813600e+01
   5.0460177e-01   2.0699991e+02   2.3407600e+01
   5.0460177e-01   2.1240004e+02   2.5275300e+01
   5.0460177e-01   2.1780017e+02   2.7338800e+01
   5.0460177e-01   2.2319972e+02   2.9520600e+01
   5.0460177e-01   2.2859985e+02   3.1746100e+01
   5.0460177e-01   2.3399997e+02   3.3945100e+01
   5.0460177e-01   2.3940010e+02   3.6054700e+01
   5.0460177e-01   2.4480023e+02   3.8019800e+01
   5.0460177e-01   2.5019978e+02   3.9795500e+01
   5.0460177e-01   2.5559991e+02   4.1347200e+01
   5.0460177e-01   2.6100004e+02   4.2652200e+01
   5.0460177e-01   2.6640016e+02   4.3699400e+01
   5.0460177e-01   2.7179972e+02   4.4490000e+01
   5.0460177e-01   2.7719985e+02   4.5037100e+01
   5.0460177e-01   2.8259997e+02   4.5365400e+01
   5.0710160e-01   1.2599972e+02   5.1863400e+01
   5.0710160e-01   1.3139985e+02   4.6863500e+01
   5.0710160e-01   1.3679998e+02   4.2061600e+01
   5.0710160e-01   1.4220010e+02   3.7561400e+01
   5.0710160e-01   1.4760023e+02   3.3455000e+01
   5.0710160e-01   1.5299978e+02   2.9820400e+01
   5.0710160e-01   1.5839991e+02   2.6719000e+01
   5.0710160e-01   1.6380004e+02   2.4194800e+01
   5.0710160e-01   1.6920017e+02   2.2273400e+01
   5.0710160e-01   1.7459972e+02   2.0962100e+01
   5.0710160e-01   1.7999985e+02   2.0250800e+01
   5.0710160e-01   1.8539998e+02   2.0112900e+01
   5.0710160e-01   1.9080010e+02   2.0507300e+01
   5.0710160e-01   1.9620023e+02   2.1380700e+01
   5.0710160e-01   2.0159978e+02   2.2669600e+01
   5.0710160e-01   2.0699991e+02   2.4303400e+01
   5.0710160e-01   2.1240004e+02   2.6206400e+01
   5.0710160e-01   2.1780017e+02   2.8301300e+01
   5.0710160e-01   2.2319972e+02   3.0510700e+01
   5.0710160e-01   2.2859985e+02   3.2760100e+01
   5.0710160e-01   2.3399997e+02   3.4979900e+01
   5.0710160e-01   2.3940010e+02   3.7107200e+01
   5.0710160e-01   2.4480023e+02   3.9087400e+01
   5.0710160e-01   2.5019978e+02   4.0875500e+01
   5.0710160e-01   2.5559991e+02   4.2437200e+01
   5.0710160e-01   2.6100004e+02   4.3749700e+01
   5.0710160e-01   2.6640016e+02   4.4802100e+01
   5.0710160e-01   2.7179972e+02   4.5595500e+01
   5.0710160e-01   2.7719985e+02   4.6142800e+01
   5.0710160e-01   2.8259997e+02   4.6468400e+01
   5.0960125e-01   1.2599972e+02   5.1706700e+01
   5.0960125e-01   1.3139985e+02   4.6774400e+01
   5.0960125e-01   1.3679998e+02   4.2043700e+01
   5.0960125e-01   1.4220010e+02   3.7617000e+01
   5.0960125e-01   1.4760023e+02   3.3585300e+01
   5.0960125e-01   1.5299978e+02   3.0025300e+01
   5.0960125e-01   1.5839991e+02   2.6997500e+01
   5.0960125e-01   1.6380004e+02   2.4545000e+01
   5.0960125e-01   1.6920017e+02   2.2692400e+01
   5.0960125e-01   1.7459972e+02   2.1446600e+01
   5.0960125e-01   1.7999985e+02   2.0796800e+01
   5.0960125e-01   1.8539998e+02   2.0716100e+01
   5.0960125e-01   1.9080010e+02   2.1163300e+01
   5.0960125e-01   1.9620023e+02   2.2084800e+01
   5.0960125e-01   2.0159978e+02   2.3417300e+01
   5.0960125e-01   2.0699991e+02   2.5090200e+01
   5.0960125e-01   2.1240004e+02   2.7028200e+01
   5.0960125e-01   2.1780017e+02   2.9153900e+01
   5.0960125e-01   2.2319972e+02   3.1390400e+01
   5.0960125e-01   2.2859985e+02   3.3663400e+01
   5.0960125e-01   2.3399997e+02   3.5903700e+01
   5.0960125e-01   2.3940010e+02   3.8048600e+01
   5.0960125e-01   2.4480023e+02   4.0043600e+01
   5.0960125e-01   2.5019978e+02   4.1844000e+01
   5.0960125e-01   2.5559991e+02   4.3415600e+01
   5.0960125e-01   2.6100004e+02   4.4735700e+01
   5.0960125e-01   2.6640016e+02   4.5793400e+01
   5.0960125e-01   2.7179972e+02   4.6589600e+01
   5.0960125e-01   2.7719985e+02   4.7137300e+01
   5.0960125e-01   2.8259997e+02   4.7460500e+01
   5.1210066e-01   1.2599972e+02   5.1451000e+01
   5.1210066e-01   1.3139985e+02   4.6585600e+01
   5.1210066e-01   1.3679998e+02   4.1925100e+01
   5.1210066e-01   1.4220010e+02   3.7571000e+01
   5.1210066e-01   1.4760023e+02   3.3612900e+01
   5.1210066e-01   1.5299978e+02   3.0126500e+01
   5.1210066e-01   1.5839991e+02   2.7171300e+01
   5.1210066e-01   1.6380004e+02   2.4789400e+01
   5.1210066e-01   1.6920017e+02   2.3004800e+01
   5.1210066e-01   1.7459972e+02   2.1823500e+01
   5.1210066e-01   1.7999985e+02   2.1234300e+01
   5.1210066e-01   1.8539998e+02   2.1210100e+01
   5.1210066e-01   1.9080010e+02   2.1709200e+01
   5.1210066e-01   1.9620023e+02   2.2678100e+01
   5.1210066e-01   2.0159978e+02   2.4053600e+01
   5.1210066e-01   2.0699991e+02   2.5765000e+01
   5.1210066e-01   2.1240004e+02   2.7737400e+01
   5.1210066e-01   2.1780017e+02   2.9893500e+01
   5.1210066e-01   2.2319972e+02   3.2156700e+01
   5.1210066e-01   2.2859985e+02   3.4453100e+01
   5.1210066e-01   2.3399997e+02   3.6713500e+01
   5.1210066e-01   2.3940010e+02   3.8875700e+01
   5.1210066e-01   2.4480023e+02   4.0885300e+01
   5.1210066e-01   2.5019978e+02   4.2697900e+01
   5.1210066e-01   2.5559991e+02   4.4279400e+01
   5.1210066e-01   2.6100004e+02   4.5607100e+01
   5.1210066e-01   2.6640016e+02   4.6670100e+01
   5.1210066e-01   2.7179972e+02   4.7469300e+01
   5.1210066e-01   2.7719985e+02   4.8017400e+01
   5.1210066e-01   2.8259997e+02   4.8338500e+01
   5.1459976e-01   1.2599972e+02   5.1094300e+01
   5.1459976e-01   1.3139985e+02   4.6294800e+01
   5.1459976e-01   1.3679998e+02   4.1703700e+01
   5.1459976e-01   1.4220010e+02   3.7421100e+01
   5.1459976e-01   1.4760023e+02   3.3535800e+01
   5.1459976e-01   1.5299978e+02   3.0122100e+01
   5.1459976e-01   1.5839991e+02   2.7238600e+01
   5.1459976e-01   1.6380004e+02   2.4926400e+01
   5.1459976e-01   1.6920017e+02   2.3208800e+01
   5.1459976e-01   1.7459972e+02   2.2091200e+01
   5.1459976e-01   1.7999985e+02   2.1561800e+01
   5.1459976e-01   1.8539998e+02   2.1593200e+01
   5.1459976e-01   1.9080010e+02   2.2143600e+01
   5.1459976e-01   1.9620023e+02   2.3159300e+01
   5.1459976e-01   2.0159978e+02   2.4577100e+01
   5.1459976e-01   2.0699991e+02   2.6326500e+01
   5.1459976e-01   2.1240004e+02   2.8332700e+01
   5.1459976e-01   2.1780017e+02   3.0518700e+01
   5.1459976e-01   2.2319972e+02   3.2808300e+01
   5.1459976e-01   2.2859985e+02   3.5127600e+01
   5.1459976e-01   2.3399997e+02   3.7408000e+01
   5.1459976e-01   2.3940010e+02   3.9587200e+01
   5.1459976e-01   2.4480023e+02   4.1611400e+01
   5.1459976e-01   2.5019978e+02   4.3436000e+01
   5.1459976e-01   2.5559991e+02   4.5027300e+01
   5.1459976e-01   2.6100004e+02   4.6362600e+01
   5.1459976e-01   2.6640016e+02   4.7430900e+01
   5.1459976e-01   2.7179972e+02   4.8233200e+01
   5.1459976e-01   2.7719985e+02   4.8781900e+01
   5.1459976e-01   2.8259997e+02   4.9101000e+01
