#sin^2(theta23) Delta_CP/deg Delta_chi^2
   5.3457422e-01   1.7999985e+02   8.3139000e+01
   5.3457422e-01   1.8599986e+02   7.3063700e+01
   5.3457422e-01   1.9199988e+02   6.4215500e+01
   5.3457422e-01   1.9799989e+02   5.6640100e+01
   5.3457422e-01   2.0399990e+02   5.0335700e+01
   5.3457422e-01   2.0999992e+02   4.5257000e+01
   5.3457422e-01   2.1599993e+02   4.1320800e+01
   5.3457422e-01   2.2199995e+02   3.8413500e+01
   5.3457422e-01   2.2799996e+02   3.6399400e+01
   5.3457422e-01   2.3399997e+02   3.5129100e+01
   5.3457422e-01   2.3999999e+02   3.4449500e+01
   5.3457422e-01   2.4600000e+02   3.4211800e+01
   5.3457422e-01   2.5200002e+02   3.4280100e+01
   5.3457422e-01   2.5800003e+02   3.4538400e+01
   5.3457422e-01   2.6400004e+02   3.4896800e+01
   5.3457422e-01   2.7000006e+02   3.5295800e+01
   5.3457422e-01   2.7600007e+02   3.5710000e+01
   5.3457422e-01   2.8200009e+02   3.6149700e+01
   5.3457422e-01   2.8800010e+02   3.6661000e+01
   5.3457422e-01   2.9400011e+02   3.7325100e+01
   5.3457422e-01   3.0000013e+02   3.8254500e+01
   5.3457422e-01   3.0600014e+02   3.9588700e+01
   5.3457422e-01   3.1200016e+02   4.1487100e+01
   5.3457422e-01   3.1800017e+02   4.4120100e+01
   5.3457422e-01   3.2400018e+02   4.7658200e+01
   5.3457422e-01   3.3000020e+02   5.2260000e+01
   5.3457422e-01   3.3600021e+02   5.8059000e+01
   5.3457422e-01   3.4200023e+02   6.5151000e+01
   5.3457422e-01   3.4800024e+02   7.3581900e+01
   5.3457422e-01   3.5400025e+02   8.3339600e+01
   5.3457422e-01   3.6000027e+02   9.4347900e+01
   5.3631982e-01   1.7999985e+02   8.1414300e+01
   5.3631982e-01   1.8599986e+02   7.1365000e+01
   5.3631982e-01   1.9199988e+02   6.2534600e+01
   5.3631982e-01   1.9799989e+02   5.4968700e+01
   5.3631982e-01   2.0399990e+02   4.8665900e+01
   5.3631982e-01   2.0999992e+02   4.3581500e+01
   5.3631982e-01   2.1599993e+02   3.9633000e+01
   5.3631982e-01   2.2199995e+02   3.6707900e+01
   5.3631982e-01   2.2799996e+02   3.4671200e+01
   5.3631982e-01   2.3399997e+02   3.3375100e+01
   5.3631982e-01   2.3999999e+02   3.2667100e+01
   5.3631982e-01   2.4600000e+02   3.2399800e+01
   5.3631982e-01   2.5200002e+02   3.2438300e+01
   5.3631982e-01   2.5800003e+02   3.2667300e+01
   5.3631982e-01   2.6400004e+02   3.2997700e+01
   5.3631982e-01   2.7000006e+02   3.3370600e+01
   5.3631982e-01   2.7600007e+02   3.3760900e+01
   5.3631982e-01   2.8200009e+02   3.4179100e+01
   5.3631982e-01   2.8800010e+02   3.4671500e+01
   5.3631982e-01   2.9400011e+02   3.5318800e+01
   5.3631982e-01   3.0000013e+02   3.6233500e+01
   5.3631982e-01   3.0600014e+02   3.7554400e+01
   5.3631982e-01   3.1200016e+02   3.9440200e+01
   5.3631982e-01   3.1800017e+02   4.2060500e+01
   5.3631982e-01   3.2400018e+02   4.5585100e+01
   5.3631982e-01   3.3000020e+02   5.0171600e+01
   5.3631982e-01   3.3600021e+02   5.5952800e+01
   5.3631982e-01   3.4200023e+02   6.3023700e+01
   5.3631982e-01   3.4800024e+02   7.1430000e+01
   5.3631982e-01   3.5400025e+02   8.1159300e+01
   5.3631982e-01   3.6000027e+02   9.2135600e+01
   5.3806497e-01   1.7999985e+02   7.9637600e+01
   5.3806497e-01   1.8599986e+02   6.9614400e+01
   5.3806497e-01   1.9199988e+02   6.0801700e+01
   5.3806497e-01   1.9799989e+02   5.3245400e+01
   5.3806497e-01   2.0399990e+02   4.6944300e+01
   5.3806497e-01   2.0999992e+02   4.1854200e+01
   5.3806497e-01   2.1599993e+02   3.7893600e+01
   5.3806497e-01   2.2199995e+02   3.4950600e+01
   5.3806497e-01   2.2799996e+02   3.2891600e+01
   5.3806497e-01   2.3399997e+02   3.1569500e+01
   5.3806497e-01   2.3999999e+02   3.0833400e+01
   5.3806497e-01   2.4600000e+02   3.0536600e+01
   5.3806497e-01   2.5200002e+02   3.0545200e+01
   5.3806497e-01   2.5800003e+02   3.0745000e+01
   5.3806497e-01   2.6400004e+02   3.1047400e+01
   5.3806497e-01   2.7000006e+02   3.1394200e+01
   5.3806497e-01   2.7600007e+02   3.1760600e+01
   5.3806497e-01   2.8200009e+02   3.2157400e+01
   5.3806497e-01   2.8800010e+02   3.2630800e+01
   5.3806497e-01   2.9400011e+02   3.3261500e+01
   5.3806497e-01   3.0000013e+02   3.4161400e+01
   5.3806497e-01   3.0600014e+02   3.5469000e+01
   5.3806497e-01   3.1200016e+02   3.7342200e+01
   5.3806497e-01   3.1800017e+02   3.9949900e+01
   5.3806497e-01   3.2400018e+02   4.3460900e+01
   5.3806497e-01   3.3000020e+02   4.8032000e+01
   5.3806497e-01   3.3600021e+02   5.3795400e+01
   5.3806497e-01   3.4200023e+02   6.0845200e+01
   5.3806497e-01   3.4800024e+02   6.9226900e+01
   5.3806497e-01   3.5400025e+02   7.8927700e+01
   5.3806497e-01   3.6000027e+02   8.9872000e+01
   5.3980966e-01   1.7999985e+02   7.7819800e+01
   5.3980966e-01   1.8599986e+02   6.7822600e+01
   5.3980966e-01   1.9199988e+02   5.9027800e+01
   5.3980966e-01   1.9799989e+02   5.1481000e+01
   5.3980966e-01   2.0399990e+02   4.5181600e+01
   5.3980966e-01   2.0999992e+02   4.0085900e+01
   5.3980966e-01   2.1599993e+02   3.6113200e+01
   5.3980966e-01   2.2199995e+02   3.3152400e+01
   5.3980966e-01   2.2799996e+02   3.1071100e+01
   5.3980966e-01   2.3399997e+02   2.9723200e+01
   5.3980966e-01   2.3999999e+02   2.8958900e+01
   5.3980966e-01   2.4600000e+02   2.8632700e+01
   5.3980966e-01   2.5200002e+02   2.8611600e+01
   5.3980966e-01   2.5800003e+02   2.8782200e+01
   5.3980966e-01   2.6400004e+02   2.9056700e+01
   5.3980966e-01   2.7000006e+02   2.9377400e+01
   5.3980966e-01   2.7600007e+02   2.9720000e+01
   5.3980966e-01   2.8200009e+02   3.0095400e+01
   5.3980966e-01   2.8800010e+02   3.0549900e+01
   5.3980966e-01   2.9400011e+02   3.1163900e+01
   5.3980966e-01   3.0000013e+02   3.2049100e+01
   5.3980966e-01   3.0600014e+02   3.3343300e+01
   5.3980966e-01   3.1200016e+02   3.5203900e+01
   5.3980966e-01   3.1800017e+02   3.7798900e+01
   5.3980966e-01   3.2400018e+02   4.1296300e+01
   5.3980966e-01   3.3000020e+02   4.5852100e+01
   5.3980966e-01   3.3600021e+02   5.1597500e+01
   5.3980966e-01   3.4200023e+02   5.8626200e+01
   5.3980966e-01   3.4800024e+02   6.6983200e+01
   5.3980966e-01   3.5400025e+02   7.6655600e+01
   5.3980966e-01   3.6000027e+02   8.7567900e+01
   5.4155385e-01   1.7999985e+02   7.5972100e+01
   5.4155385e-01   1.8599986e+02   6.6001000e+01
   5.4155385e-01   1.9199988e+02   5.7223900e+01
   5.4155385e-01   1.9799989e+02   4.9686800e+01
   5.4155385e-01   2.0399990e+02   4.3389200e+01
   5.4155385e-01   2.0999992e+02   3.8288000e+01
   5.4155385e-01   2.1599993e+02   3.4303100e+01
   5.4155385e-01   2.2199995e+02   3.1324700e+01
   5.4155385e-01   2.2799996e+02   2.9221100e+01
   5.4155385e-01   2.3399997e+02   2.7847600e+01
   5.4155385e-01   2.3999999e+02   2.7055200e+01
   5.4155385e-01   2.4600000e+02   2.6699600e+01
   5.4155385e-01   2.5200002e+02   2.6648700e+01
   5.4155385e-01   2.5800003e+02   2.6790200e+01
   5.4155385e-01   2.6400004e+02   2.7036900e+01
   5.4155385e-01   2.7000006e+02   2.7331600e+01
   5.4155385e-01   2.7600007e+02   2.7650400e+01
   5.4155385e-01   2.8200009e+02   2.8004400e+01
   5.4155385e-01   2.8800010e+02   2.8439900e+01
   5.4155385e-01   2.9400011e+02   2.9037300e+01
   5.4155385e-01   3.0000013e+02   2.9907700e+01
   5.4155385e-01   3.0600014e+02   3.1188600e+01
   5.4155385e-01   3.1200016e+02   3.3036500e+01
   5.4155385e-01   3.1800017e+02   3.5618800e+01
   5.4155385e-01   3.2400018e+02   3.9102500e+01
   5.4155385e-01   3.3000020e+02   4.3642900e+01
   5.4155385e-01   3.3600021e+02   4.9370400e+01
   5.4155385e-01   3.4200023e+02   5.6378000e+01
   5.4155385e-01   3.4800024e+02   6.4710200e+01
   5.4155385e-01   3.5400025e+02   7.4354100e+01
   5.4155385e-01   3.6000027e+02   8.5234400e+01
   5.4329754e-01   1.7999985e+02   7.4106300e+01
   5.4329754e-01   1.8599986e+02   6.4161200e+01
   5.4329754e-01   1.9199988e+02   5.5402000e+01
   5.4329754e-01   1.9799989e+02   4.7874500e+01
   5.4329754e-01   2.0399990e+02   4.1578700e+01
   5.4329754e-01   2.0999992e+02   3.6472000e+01
   5.4329754e-01   2.1599993e+02   3.2475200e+01
   5.4329754e-01   2.2199995e+02   2.9479200e+01
   5.4329754e-01   2.2799996e+02   2.7353400e+01
   5.4329754e-01   2.3399997e+02   2.5954200e+01
   5.4329754e-01   2.3999999e+02   2.5133900e+01
   5.4329754e-01   2.4600000e+02   2.4748900e+01
   5.4329754e-01   2.5200002e+02   2.4668500e+01
   5.4329754e-01   2.5800003e+02   2.4780800e+01
   5.4329754e-01   2.6400004e+02   2.4999700e+01
   5.4329754e-01   2.7000006e+02   2.5268400e+01
   5.4329754e-01   2.7600007e+02   2.5563400e+01
   5.4329754e-01   2.8200009e+02   2.5896100e+01
   5.4329754e-01   2.8800010e+02   2.6312700e+01
   5.4329754e-01   2.9400011e+02   2.6893300e+01
   5.4329754e-01   3.0000013e+02   2.7749000e+01
   5.4329754e-01   3.0600014e+02   2.9016400e+01
   5.4329754e-01   3.1200016e+02   3.0851700e+01
   5.4329754e-01   3.1800017e+02   3.3421200e+01
   5.4329754e-01   3.2400018e+02   3.6891300e+01
   5.4329754e-01   3.3000020e+02   4.1416300e+01
   5.4329754e-01   3.3600021e+02   4.7125700e+01
   5.4329754e-01   3.4200023e+02   5.4112200e+01
   5.4329754e-01   3.4800024e+02   6.2419600e+01
   5.4329754e-01   3.5400025e+02   7.2035000e+01
   5.4329754e-01   3.6000027e+02   8.2883100e+01
   5.4504070e-01   1.7999985e+02   7.2234600e+01
   5.4504070e-01   1.8599986e+02   6.2315500e+01
   5.4504070e-01   1.9199988e+02   5.3574100e+01
   5.4504070e-01   1.9799989e+02   4.6056400e+01
   5.4504070e-01   2.0399990e+02   3.9762500e+01
   5.4504070e-01   2.0999992e+02   3.4650300e+01
   5.4504070e-01   2.1599993e+02   3.0641600e+01
   5.4504070e-01   2.2199995e+02   2.7628100e+01
   5.4504070e-01   2.2799996e+02   2.5480200e+01
   5.4504070e-01   2.3399997e+02   2.4055400e+01
   5.4504070e-01   2.3999999e+02   2.3207100e+01
   5.4504070e-01   2.4600000e+02   2.2793000e+01
   5.4504070e-01   2.5200002e+02   2.2682900e+01
   5.4504070e-01   2.5800003e+02   2.2766200e+01
   5.4504070e-01   2.6400004e+02   2.2957300e+01
   5.4504070e-01   2.7000006e+02   2.3200000e+01
   5.4504070e-01   2.7600007e+02   2.3471300e+01
   5.4504070e-01   2.8200009e+02   2.3782600e+01
   5.4504070e-01   2.8800010e+02   2.4180300e+01
   5.4504070e-01   2.9400011e+02   2.4744200e+01
   5.4504070e-01   3.0000013e+02   2.5585100e+01
   5.4504070e-01   3.0600014e+02   2.6839100e+01
   5.4504070e-01   3.1200016e+02   2.8661700e+01
   5.4504070e-01   3.1800017e+02   3.1218400e+01
   5.4504070e-01   3.2400018e+02   3.4674800e+01
   5.4504070e-01   3.3000020e+02   3.9184200e+01
   5.4504070e-01   3.3600021e+02   4.4875700e+01
   5.4504070e-01   3.4200023e+02   5.1840900e+01
   5.4504070e-01   3.4800024e+02   6.0123500e+01
   5.4504070e-01   3.5400025e+02   6.9710300e+01
   5.4504070e-01   3.6000027e+02   8.0526300e+01
   5.4678330e-01   1.7999985e+02   7.0369300e+01
   5.4678330e-01   1.8599986e+02   6.0476400e+01
   5.4678330e-01   1.9199988e+02   5.1752900e+01
   5.4678330e-01   1.9799989e+02   4.4244900e+01
   5.4678330e-01   2.0399990e+02   3.7952900e+01
   5.4678330e-01   2.0999992e+02   3.2835500e+01
   5.4678330e-01   2.1599993e+02   2.8814800e+01
   5.4678330e-01   2.2199995e+02   2.5783900e+01
   5.4678330e-01   2.2799996e+02   2.3614000e+01
   5.4678330e-01   2.3399997e+02   2.2163700e+01
   5.4678330e-01   2.3999999e+02   2.1287600e+01
   5.4678330e-01   2.4600000e+02   2.0844200e+01
   5.4678330e-01   2.5200002e+02   2.0704600e+01
   5.4678330e-01   2.5800003e+02   2.0758900e+01
   5.4678330e-01   2.6400004e+02   2.0922200e+01
   5.4678330e-01   2.7000006e+02   2.1139000e+01
   5.4678330e-01   2.7600007e+02   2.1386500e+01
   5.4678330e-01   2.8200009e+02   2.1676500e+01
   5.4678330e-01   2.8800010e+02   2.2055200e+01
   5.4678330e-01   2.9400011e+02   2.2602500e+01
   5.4678330e-01   3.0000013e+02   2.3428600e+01
   5.4678330e-01   3.0600014e+02   2.4669200e+01
   5.4678330e-01   3.1200016e+02   2.6479000e+01
   5.4678330e-01   3.1800017e+02   2.9022900e+01
   5.4678330e-01   3.2400018e+02   3.2465500e+01
   5.4678330e-01   3.3000020e+02   3.6959400e+01
   5.4678330e-01   3.3600021e+02   4.2632700e+01
   5.4678330e-01   3.4200023e+02   4.9576600e+01
   5.4678330e-01   3.4800024e+02   5.7834300e+01
   5.4678330e-01   3.5400025e+02   6.7392500e+01
   5.4678330e-01   3.6000027e+02   7.8176300e+01
   5.4852534e-01   1.7999985e+02   6.8523500e+01
   5.4852534e-01   1.8599986e+02   5.8656700e+01
   5.4852534e-01   1.9199988e+02   4.9951100e+01
   5.4852534e-01   1.9799989e+02   4.2453000e+01
   5.4852534e-01   2.0399990e+02   3.6163000e+01
   5.4852534e-01   2.0999992e+02   3.1040200e+01
   5.4852534e-01   2.1599993e+02   2.7007800e+01
   5.4852534e-01   2.2199995e+02   2.3959500e+01
   5.4852534e-01   2.2799996e+02   2.1767700e+01
   5.4852534e-01   2.3399997e+02   2.0292000e+01
   5.4852534e-01   2.3999999e+02   1.9388000e+01
   5.4852534e-01   2.4600000e+02   1.8915500e+01
   5.4852534e-01   2.5200002e+02   1.8746500e+01
   5.4852534e-01   2.5800003e+02   1.8771800e+01
   5.4852534e-01   2.6400004e+02   1.8907400e+01
   5.4852534e-01   2.7000006e+02   1.9098200e+01
   5.4852534e-01   2.7600007e+02   1.9322100e+01
   5.4852534e-01   2.8200009e+02   1.9590700e+01
   5.4852534e-01   2.8800010e+02   1.9950400e+01
   5.4852534e-01   2.9400011e+02   2.0481000e+01
   5.4852534e-01   3.0000013e+02   2.1292200e+01
   5.4852534e-01   3.0600014e+02   2.2519400e+01
   5.4852534e-01   3.1200016e+02   2.4316400e+01
   5.4852534e-01   3.1800017e+02   2.6847400e+01
   5.4852534e-01   3.2400018e+02   3.0276200e+01
   5.4852534e-01   3.3000020e+02   3.4754500e+01
   5.4852534e-01   3.3600021e+02   4.0409700e+01
   5.4852534e-01   3.4200023e+02   4.7332300e+01
   5.4852534e-01   3.4800024e+02   5.5565000e+01
   5.4852534e-01   3.5400025e+02   6.5094400e+01
   5.4852534e-01   3.6000027e+02   7.5846000e+01
   5.5026677e-01   1.7999985e+02   6.6710200e+01
   5.5026677e-01   1.8599986e+02   5.6869500e+01
   5.5026677e-01   1.9199988e+02   4.8182000e+01
   5.5026677e-01   1.9799989e+02   4.0693700e+01
   5.5026677e-01   2.0399990e+02   3.4405800e+01
   5.5026677e-01   2.0999992e+02   2.9277900e+01
   5.5026677e-01   2.1599993e+02   2.5233700e+01
   5.5026677e-01   2.2199995e+02   2.2168100e+01
   5.5026677e-01   2.2799996e+02   1.9954400e+01
   5.5026677e-01   2.3399997e+02   1.8453400e+01
   5.5026677e-01   2.3999999e+02   1.7521700e+01
   5.5026677e-01   2.4600000e+02   1.7020100e+01
   5.5026677e-01   2.5200002e+02   1.6821600e+01
   5.5026677e-01   2.5800003e+02   1.6818000e+01
   5.5026677e-01   2.6400004e+02   1.6925900e+01
   5.5026677e-01   2.7000006e+02   1.7090900e+01
   5.5026677e-01   2.7600007e+02   1.7291000e+01
   5.5026677e-01   2.8200009e+02   1.7538200e+01
   5.5026677e-01   2.8800010e+02   1.7879100e+01
   5.5026677e-01   2.9400011e+02   1.8392900e+01
   5.5026677e-01   3.0000013e+02   1.9189300e+01
   5.5026677e-01   3.0600014e+02   2.0402900e+01
   5.5026677e-01   3.1200016e+02   2.2187200e+01
   5.5026677e-01   3.1800017e+02   2.4705200e+01
   5.5026677e-01   3.2400018e+02   2.8120200e+01
   5.5026677e-01   3.3000020e+02   3.2582800e+01
   5.5026677e-01   3.3600021e+02   3.8219800e+01
   5.5026677e-01   3.4200023e+02   4.5120900e+01
   5.5026677e-01   3.4800024e+02   5.3328600e+01
   5.5026677e-01   3.5400025e+02   6.2829300e+01
   5.5026677e-01   3.6000027e+02   7.3548500e+01
   5.5200760e-01   1.7999985e+02   6.4942900e+01
   5.5200760e-01   1.8599986e+02   5.5128400e+01
   5.5200760e-01   1.9199988e+02   4.6458900e+01
   5.5200760e-01   1.9799989e+02   3.8980600e+01
   5.5200760e-01   2.0399990e+02   3.2694800e+01
   5.5200760e-01   2.0999992e+02   2.7561700e+01
   5.5200760e-01   2.1599993e+02   2.3506000e+01
   5.5200760e-01   2.2199995e+02   2.0423100e+01
   5.5200760e-01   2.2799996e+02   1.8187600e+01
   5.5200760e-01   2.3399997e+02   1.6661300e+01
   5.5200760e-01   2.3999999e+02   1.5701900e+01
   5.5200760e-01   2.4600000e+02   1.5171300e+01
   5.5200760e-01   2.5200002e+02   1.4943500e+01
   5.5200760e-01   2.5800003e+02   1.4911000e+01
   5.5200760e-01   2.6400004e+02   1.4991200e+01
   5.5200760e-01   2.7000006e+02   1.5130300e+01
   5.5200760e-01   2.7600007e+02   1.5306700e+01
   5.5200760e-01   2.8200009e+02   1.5532600e+01
   5.5200760e-01   2.8800010e+02   1.5854500e+01
   5.5200760e-01   2.9400011e+02   1.6351700e+01
   5.5200760e-01   3.0000013e+02   1.7133200e+01
   5.5200760e-01   3.0600014e+02   1.8333300e+01
   5.5200760e-01   3.1200016e+02   2.0104600e+01
   5.5200760e-01   3.1800017e+02   2.2609700e+01
   5.5200760e-01   3.2400018e+02   2.6010700e+01
   5.5200760e-01   3.3000020e+02   3.0457700e+01
   5.5200760e-01   3.3600021e+02   3.6076400e+01
   5.5200760e-01   3.4200023e+02   4.2956000e+01
   5.5200760e-01   3.4800024e+02   5.1138600e+01
   5.5200760e-01   3.5400025e+02   6.0610400e+01
   5.5200760e-01   3.6000027e+02   7.1297200e+01
   5.5374778e-01   1.7999985e+02   6.3235000e+01
   5.5374778e-01   1.8599986e+02   5.3446800e+01
   5.5374778e-01   1.9199988e+02   4.4795400e+01
   5.5374778e-01   1.9799989e+02   3.7327100e+01
   5.5374778e-01   2.0399990e+02   3.1043500e+01
   5.5374778e-01   2.0999992e+02   2.5905400e+01
   5.5374778e-01   2.1599993e+02   2.1838100e+01
   5.5374778e-01   2.2199995e+02   1.8738100e+01
   5.5374778e-01   2.2799996e+02   1.6480900e+01
   5.5374778e-01   2.3399997e+02   1.4929400e+01
   5.5374778e-01   2.3999999e+02   1.3942400e+01
   5.5374778e-01   2.4600000e+02   1.3382900e+01
   5.5374778e-01   2.5200002e+02   1.3125700e+01
   5.5374778e-01   2.5800003e+02   1.3064400e+01
   5.5374778e-01   2.6400004e+02   1.3117000e+01
   5.5374778e-01   2.7000006e+02   1.3230200e+01
   5.5374778e-01   2.7600007e+02   1.3382900e+01
   5.5374778e-01   2.8200009e+02   1.3587500e+01
   5.5374778e-01   2.8800010e+02   1.3890400e+01
   5.5374778e-01   2.9400011e+02   1.4370800e+01
   5.5374778e-01   3.0000013e+02   1.5137400e+01
   5.5374778e-01   3.0600014e+02   1.6323900e+01
   5.5374778e-01   3.1200016e+02   1.8082400e+01
   5.5374778e-01   3.1800017e+02   2.0574500e+01
   5.5374778e-01   3.2400018e+02   2.3961500e+01
   5.5374778e-01   3.3000020e+02   2.8392700e+01
   5.5374778e-01   3.3600021e+02   3.3993000e+01
   5.5374778e-01   3.4200023e+02   4.0851100e+01
   5.5374778e-01   3.4800024e+02   4.9008500e+01
   5.5374778e-01   3.5400025e+02   5.8451400e+01
   5.5374778e-01   3.6000027e+02   6.9105700e+01
   5.5548731e-01   1.7999985e+02   6.1600300e+01
   5.5548731e-01   1.8599986e+02   5.1838500e+01
   5.5548731e-01   1.9199988e+02   4.3205300e+01
   5.5548731e-01   1.9799989e+02   3.5747100e+01
   5.5548731e-01   2.0399990e+02   2.9465700e+01
   5.5548731e-01   2.0999992e+02   2.4322700e+01
   5.5548731e-01   2.1599993e+02   2.0243900e+01
   5.5548731e-01   2.2199995e+02   1.7126900e+01
   5.5548731e-01   2.2799996e+02   1.4848000e+01
   5.5548731e-01   2.3399997e+02   1.3271400e+01
   5.5548731e-01   2.3999999e+02   1.2256900e+01
   5.5548731e-01   2.4600000e+02   1.1668400e+01
   5.5548731e-01   2.5200002e+02   1.1382000e+01
   5.5548731e-01   2.5800003e+02   1.1291900e+01
   5.5548731e-01   2.6400004e+02   1.1316900e+01
   5.5548731e-01   2.7000006e+02   1.1404300e+01
   5.5548731e-01   2.7600007e+02   1.1533300e+01
   5.5548731e-01   2.8200009e+02   1.1716500e+01
   5.5548731e-01   2.8800010e+02   1.2000500e+01
   5.5548731e-01   2.9400011e+02   1.2464100e+01
   5.5548731e-01   3.0000013e+02   1.3215800e+01
   5.5548731e-01   3.0600014e+02   1.4388800e+01
   5.5548731e-01   3.1200016e+02   1.6134300e+01
   5.5548731e-01   3.1800017e+02   1.8613300e+01
   5.5548731e-01   3.2400018e+02   2.1986300e+01
   5.5548731e-01   3.3000020e+02   2.6401600e+01
   5.5548731e-01   3.3600021e+02   3.1983500e+01
   5.5548731e-01   3.4200023e+02   3.8819900e+01
   5.5548731e-01   3.4800024e+02   4.6952000e+01
   5.5548731e-01   3.5400025e+02   5.6366000e+01
   5.5548731e-01   3.6000027e+02   6.6987700e+01
   5.5722616e-01   1.7999985e+02   6.0052800e+01
   5.5722616e-01   1.8599986e+02   5.0317400e+01
   5.5722616e-01   1.9199988e+02   4.1702400e+01
   5.5722616e-01   1.9799989e+02   3.4254300e+01
   5.5722616e-01   2.0399990e+02   2.7975400e+01
   5.5722616e-01   2.0999992e+02   2.2827400e+01
   5.5722616e-01   2.1599993e+02   1.8737300e+01
   5.5722616e-01   2.2199995e+02   1.5603200e+01
   5.5722616e-01   2.2799996e+02   1.3302800e+01
   5.5722616e-01   2.3399997e+02   1.1701200e+01
   5.5722616e-01   2.3999999e+02   1.0659200e+01
   5.5722616e-01   2.4600000e+02   1.0041900e+01
   5.5722616e-01   2.5200002e+02   9.7262100e+00
   5.5722616e-01   2.5800003e+02   9.6073900e+00
   5.5722616e-01   2.6400004e+02   9.6048100e+00
   5.5722616e-01   2.7000006e+02   9.6664200e+00
   5.5722616e-01   2.7600007e+02   9.7717500e+00
   5.5722616e-01   2.8200009e+02   9.9336800e+00
   5.5722616e-01   2.8800010e+02   1.0198700e+01
   5.5722616e-01   2.9400011e+02   1.0645500e+01
   5.5722616e-01   3.0000013e+02   1.1382300e+01
   5.5722616e-01   3.0600014e+02   1.2541600e+01
   5.5722616e-01   3.1200016e+02   1.4274100e+01
   5.5722616e-01   3.1800017e+02   1.6740000e+01
   5.5722616e-01   3.2400018e+02   2.0098900e+01
   5.5722616e-01   3.3000020e+02   2.4498300e+01
   5.5722616e-01   3.3600021e+02   3.0061700e+01
   5.5722616e-01   3.4200023e+02   3.6876400e+01
   5.5722616e-01   3.4800024e+02   4.4983200e+01
   5.5722616e-01   3.5400025e+02   5.4368000e+01
   5.5722616e-01   3.6000027e+02   6.4957200e+01
   5.5896430e-01   1.7999985e+02   5.8606200e+01
   5.5896430e-01   1.8599986e+02   4.8897200e+01
   5.5896430e-01   1.9199988e+02   4.0300600e+01
   5.5896430e-01   1.9799989e+02   3.2862700e+01
   5.5896430e-01   2.0399990e+02   2.6586200e+01
   5.5896430e-01   2.0999992e+02   2.1433500e+01
   5.5896430e-01   2.1599993e+02   1.7332100e+01
   5.5896430e-01   2.2199995e+02   1.4181100e+01
   5.5896430e-01   2.2799996e+02   1.1859300e+01
   5.5896430e-01   2.3399997e+02   1.0232600e+01
   5.5896430e-01   2.3999999e+02   9.1632400e+00
   5.5896430e-01   2.4600000e+02   8.5172100e+00
   5.5896430e-01   2.5200002e+02   8.1723700e+00
   5.5896430e-01   2.5800003e+02   8.0248300e+00
   5.5896430e-01   2.6400004e+02   7.9947400e+00
   5.5896430e-01   2.7000006e+02   8.0305600e+00
   5.5896430e-01   2.7600007e+02   8.1122400e+00
   5.5896430e-01   2.8200009e+02   8.2528600e+00
   5.5896430e-01   2.8800010e+02   8.4989000e+00
   5.5896430e-01   2.9400011e+02   8.9289500e+00
   5.5896430e-01   3.0000013e+02   9.6507200e+00
   5.5896430e-01   3.0600014e+02   1.0796400e+01
   5.5896430e-01   3.1200016e+02   1.2515800e+01
   5.5896430e-01   3.1800017e+02   1.4968600e+01
   5.5896430e-01   3.2400018e+02   1.8313300e+01
   5.5896430e-01   3.3000020e+02   2.2696700e+01
   5.5896430e-01   3.3600021e+02   2.8241500e+01
   5.5896430e-01   3.4200023e+02   3.5034400e+01
   5.5896430e-01   3.4800024e+02   4.3115800e+01
   5.5896430e-01   3.5400025e+02   5.2471500e+01
   5.5896430e-01   3.6000027e+02   6.3028000e+01
   5.6070173e-01   1.7999985e+02   5.7274500e+01
   5.6070173e-01   1.8599986e+02   4.7592100e+01
   5.6070173e-01   1.9199988e+02   3.9013900e+01
   5.6070173e-01   1.9799989e+02   3.1586300e+01
   5.6070173e-01   2.0399990e+02   2.5312400e+01
   5.6070173e-01   2.0999992e+02   2.0154900e+01
   5.6070173e-01   2.1599993e+02   1.6042300e+01
   5.6070173e-01   2.2199995e+02   1.2874600e+01
   5.6070173e-01   2.2799996e+02   1.0531300e+01
   5.6070173e-01   2.3399997e+02   8.8797900e+00
   5.6070173e-01   2.3999999e+02   7.7830700e+00
   5.6070173e-01   2.4600000e+02   7.1083400e+00
   5.6070173e-01   2.5200002e+02   6.7343900e+00
   5.6070173e-01   2.5800003e+02   6.5582000e+00
   5.6070173e-01   2.6400004e+02   6.5006200e+00
   5.6070173e-01   2.7000006e+02   6.5106900e+00
   5.6070173e-01   2.7600007e+02   6.5687400e+00
   5.6070173e-01   2.8200009e+02   6.6880500e+00
   5.6070173e-01   2.8800010e+02   6.9151200e+00
   5.6070173e-01   2.9400011e+02   7.3283700e+00
   5.6070173e-01   3.0000013e+02   8.0351500e+00
   5.6070173e-01   3.0600014e+02   9.1670900e+00
   5.6070173e-01   3.1200016e+02   1.0873500e+01
   5.6070173e-01   3.1800017e+02   1.3313000e+01
   5.6070173e-01   3.2400018e+02   1.6643500e+01
   5.6070173e-01   3.3000020e+02   2.1010900e+01
   5.6070173e-01   3.3600021e+02   2.6537000e+01
   5.6070173e-01   3.4200023e+02   3.3308100e+01
   5.6070173e-01   3.4800024e+02   4.1364000e+01
   5.6070173e-01   3.5400025e+02   5.0690400e+01
   5.6070173e-01   3.6000027e+02   6.1214100e+01
   5.6243841e-01   1.7999985e+02   5.6071500e+01
   5.6243841e-01   1.8599986e+02   4.6415700e+01
   5.6243841e-01   1.9199988e+02   3.7856100e+01
   5.6243841e-01   1.9799989e+02   3.0439000e+01
   5.6243841e-01   2.0399990e+02   2.4167600e+01
   5.6243841e-01   2.0999992e+02   1.9005600e+01
   5.6243841e-01   2.1599993e+02   1.4881900e+01
   5.6243841e-01   2.2199995e+02   1.1697400e+01
   5.6243841e-01   2.2799996e+02   9.3329100e+00
   5.6243841e-01   2.3399997e+02   7.6565500e+00
   5.6243841e-01   2.3999999e+02   6.5325800e+00
   5.6243841e-01   2.4600000e+02   5.8292300e+00
   5.6243841e-01   2.5200002e+02   5.4262300e+00
   5.6243841e-01   2.5800003e+02   5.2214400e+00
   5.6243841e-01   2.6400004e+02   5.1364200e+00
   5.6243841e-01   2.7000006e+02   5.1207700e+00
   5.6243841e-01   2.7600007e+02   5.1552100e+00
   5.6243841e-01   2.8200009e+02   5.2532200e+00
   5.6243841e-01   2.8800010e+02   5.4613300e+00
   5.6243841e-01   2.9400011e+02   5.8577600e+00
   5.6243841e-01   3.0000013e+02   6.5495400e+00
   5.6243841e-01   3.0600014e+02   7.6677500e+00
   5.6243841e-01   3.1200016e+02   9.3610400e+00
   5.6243841e-01   3.1800017e+02   1.1787300e+01
   5.6243841e-01   3.2400018e+02   1.5103500e+01
   5.6243841e-01   3.3000020e+02   1.9454800e+01
   5.6243841e-01   3.3600021e+02   2.4962200e+01
   5.6243841e-01   3.4200023e+02   3.1711300e+01
   5.6243841e-01   3.4800024e+02   3.9741600e+01
   5.6243841e-01   3.5400025e+02   4.9038700e+01
   5.6243841e-01   3.6000027e+02   5.9529500e+01
   5.6417432e-01   1.7999985e+02   5.5011400e+01
   5.6417432e-01   1.8599986e+02   4.5382200e+01
   5.6417432e-01   1.9199988e+02   3.6841100e+01
   5.6417432e-01   1.9799989e+02   2.9434500e+01
   5.6417432e-01   2.0399990e+02   2.3165900e+01
   5.6417432e-01   2.0999992e+02   1.7999400e+01
   5.6417432e-01   2.1599993e+02   1.3864600e+01
   5.6417432e-01   2.2199995e+02   1.0663600e+01
   5.6417432e-01   2.2799996e+02   8.2778800e+00
   5.6417432e-01   2.3399997e+02   6.5768100e+00
   5.6417432e-01   2.3999999e+02   5.4256800e+00
   5.6417432e-01   2.4600000e+02   4.6937700e+00
   5.6417432e-01   2.5200002e+02   4.2617900e+00
   5.6417432e-01   2.5800003e+02   4.0284500e+00
   5.6417432e-01   2.6400004e+02   3.9160300e+00
   5.6417432e-01   2.7000006e+02   3.8747000e+00
   5.6417432e-01   2.7600007e+02   3.8855600e+00
   5.6417432e-01   2.8200009e+02   3.9622900e+00
   5.6417432e-01   2.8800010e+02   4.1514300e+00
   5.6417432e-01   2.9400011e+02   4.5310500e+00
   5.6417432e-01   3.0000013e+02   5.2078000e+00
   5.6417432e-01   3.0600014e+02   6.3122600e+00
   5.6417432e-01   3.1200016e+02   7.9924000e+00
   5.6417432e-01   3.1800017e+02   1.0405300e+01
   5.6417432e-01   3.2400018e+02   1.3707200e+01
   5.6417432e-01   3.3000020e+02   1.8042300e+01
   5.6417432e-01   3.3600021e+02   2.3530900e+01
   5.6417432e-01   3.4200023e+02   3.0257900e+01
   5.6417432e-01   3.4800024e+02   3.8262600e+01
   5.6417432e-01   3.5400025e+02   4.7530400e+01
   5.6417432e-01   3.6000027e+02   5.7988200e+01
   5.6590945e-01   1.7999985e+02   5.4107600e+01
   5.6590945e-01   1.8599986e+02   4.4505200e+01
   5.6590945e-01   1.9199988e+02   3.5982800e+01
   5.6590945e-01   1.9799989e+02   2.8586800e+01
   5.6590945e-01   2.0399990e+02   2.2321000e+01
   5.6590945e-01   2.0999992e+02   1.7150000e+01
   5.6590945e-01   2.1599993e+02   1.3004400e+01
   5.6590945e-01   2.2199995e+02   9.7868600e+00
   5.6590945e-01   2.2799996e+02   7.3800400e+00
   5.6590945e-01   2.3399997e+02   5.6543500e+00
   5.6590945e-01   2.3999999e+02   4.4761500e+00
   5.6590945e-01   2.4600000e+02   3.7157600e+00
   5.6590945e-01   2.5200002e+02   3.2548700e+00
   5.6590945e-01   2.5800003e+02   2.9930400e+00
   5.6590945e-01   2.6400004e+02   2.8532800e+00
   5.6590945e-01   2.7000006e+02   2.7863000e+00
   5.6590945e-01   2.7600007e+02   2.7736000e+00
   5.6590945e-01   2.8200009e+02   2.8290700e+00
   5.6590945e-01   2.8800010e+02   2.9992600e+00
   5.6590945e-01   2.9400011e+02   3.3620600e+00
   5.6590945e-01   3.0000013e+02   4.0237700e+00
   5.6590945e-01   3.0600014e+02   5.1144400e+00
   5.6590945e-01   3.1200016e+02   6.7813900e+00
   5.6590945e-01   3.1800017e+02   9.1809100e+00
   5.6590945e-01   3.2400018e+02   1.2468400e+01
   5.6590945e-01   3.3000020e+02   1.6787200e+01
   5.6590945e-01   3.3600021e+02   2.2257000e+01
   5.6590945e-01   3.4200023e+02   2.8961900e+01
   5.6590945e-01   3.4800024e+02   3.6940900e+01
   5.6590945e-01   3.5400025e+02   4.6179100e+01
   5.6590945e-01   3.6000027e+02   5.6603900e+01
   5.6764377e-01   1.7999985e+02   5.3373900e+01
   5.6764377e-01   1.8599986e+02   4.3798400e+01
   5.6764377e-01   1.9199988e+02   3.5294700e+01
   5.6764377e-01   1.9799989e+02   2.7909400e+01
   5.6764377e-01   2.0399990e+02   2.1646500e+01
   5.6764377e-01   2.0999992e+02   1.6471300e+01
   5.6764377e-01   2.1599993e+02   1.2314800e+01
   5.6764377e-01   2.2199995e+02   9.0808700e+00
   5.6764377e-01   2.2799996e+02   6.6530600e+00
   5.6764377e-01   2.3399997e+02   4.9028300e+00
   5.6764377e-01   2.3999999e+02   3.6976500e+00
   5.6764377e-01   2.4600000e+02   2.9088700e+00
   5.6764377e-01   2.5200002e+02   2.4191400e+00
   5.6764377e-01   2.5800003e+02   2.1288900e+00
   5.6764377e-01   2.6400004e+02   1.9618300e+00
   5.6764377e-01   2.7000006e+02   1.8692600e+00
   5.6764377e-01   2.7600007e+02   1.8330300e+00
   5.6764377e-01   2.8200009e+02   1.8672600e+00
   5.6764377e-01   2.8800010e+02   2.0185100e+00
   5.6764377e-01   2.9400011e+02   2.3644800e+00
   5.6764377e-01   3.0000013e+02   3.0111400e+00
   5.6764377e-01   3.0600014e+02   4.0880100e+00
   5.6764377e-01   3.1200016e+02   5.7417300e+00
   5.6764377e-01   3.1800017e+02   8.1278400e+00
   5.6764377e-01   3.2400018e+02   1.1400900e+01
   5.6764377e-01   3.3000020e+02   1.5703400e+01
   5.6764377e-01   3.3600021e+02   2.1154200e+01
   5.6764377e-01   3.4200023e+02   2.7837000e+01
   5.6764377e-01   3.4800024e+02   3.5790100e+01
   5.6764377e-01   3.5400025e+02   4.4998700e+01
   5.6764377e-01   3.6000027e+02   5.5390300e+01
   5.6937727e-01   1.7999985e+02   5.2823700e+01
   5.6937727e-01   1.8599986e+02   4.3275100e+01
   5.6937727e-01   1.9199988e+02   3.4790300e+01
   5.6937727e-01   1.9799989e+02   2.7415800e+01
   5.6937727e-01   2.0399990e+02   2.1155900e+01
   5.6937727e-01   2.0999992e+02   1.5976500e+01
   5.6937727e-01   2.1599993e+02   1.1809300e+01
   5.6937727e-01   2.2199995e+02   8.5591100e+00
   5.6937727e-01   2.2799996e+02   6.1104100e+00
   5.6937727e-01   2.3399997e+02   4.3357600e+00
   5.6937727e-01   2.3999999e+02   3.1036800e+00
   5.6937727e-01   2.4600000e+02   2.2866000e+00
   5.6937727e-01   2.5200002e+02   1.7681100e+00
   5.6937727e-01   2.5800003e+02   1.4495000e+00
   5.6937727e-01   2.6400004e+02   1.2552100e+00
   5.6937727e-01   2.7000006e+02   1.1370900e+00
   5.6937727e-01   2.7600007e+02   1.0773800e+00
   5.6937727e-01   2.8200009e+02   1.0903900e+00
   5.6937727e-01   2.8800010e+02   1.2227000e+00
   5.6937727e-01   2.9400011e+02   1.5518600e+00
   5.6937727e-01   3.0000013e+02   2.1834600e+00
   5.6937727e-01   3.0600014e+02   3.2465000e+00
   5.6937727e-01   3.1200016e+02   4.8869700e+00
   5.6937727e-01   3.1800017e+02   7.2596100e+00
   5.6937727e-01   3.2400018e+02   1.0518100e+01
   5.6937727e-01   3.3000020e+02   1.4804300e+01
   5.6937727e-01   3.3600021e+02   2.0236100e+01
   5.6937727e-01   3.4200023e+02   2.6896600e+01
   5.6937727e-01   3.4800024e+02   3.4823800e+01
   5.6937727e-01   3.5400025e+02   4.4002700e+01
   5.6937727e-01   3.6000027e+02   5.4361100e+01
   5.7110991e-01   1.7999985e+02   5.2470300e+01
   5.7110991e-01   1.8599986e+02   4.2948800e+01
   5.7110991e-01   1.9199988e+02   3.4482800e+01
   5.7110991e-01   1.9799989e+02   2.7119200e+01
   5.7110991e-01   2.0399990e+02   2.0862500e+01
   5.7110991e-01   2.0999992e+02   1.5679000e+01
   5.7110991e-01   2.1599993e+02   1.1501300e+01
   5.7110991e-01   2.2199995e+02   8.2348800e+00
   5.7110991e-01   2.2799996e+02   5.7653800e+00
   5.7110991e-01   2.3399997e+02   3.9664100e+00
   5.7110991e-01   2.3999999e+02   2.7075500e+00
   5.7110991e-01   2.4600000e+02   1.8622500e+00
   5.7110991e-01   2.5200002e+02   1.3150800e+00
   5.7110991e-01   2.5800003e+02   9.6819300e-01
   5.7110991e-01   2.6400004e+02   7.4673400e-01
   5.7110991e-01   2.7000006e+02   6.0310800e-01
   5.7110991e-01   2.7600007e+02   5.1995600e-01
   5.7110991e-01   2.8200009e+02   5.1178700e-01
   5.7110991e-01   2.8800010e+02   6.2518900e-01
   5.7110991e-01   2.9400011e+02   9.3753400e-01
   5.7110991e-01   3.0000013e+02   1.5540700e+00
   5.7110991e-01   3.0600014e+02   2.6032700e+00
   5.7110991e-01   3.1200016e+02   4.2304500e+00
   5.7110991e-01   3.1800017e+02   6.5895800e+00
   5.7110991e-01   3.2400018e+02   9.8335700e+00
   5.7110991e-01   3.3000020e+02   1.4103300e+01
   5.7110991e-01   3.3600021e+02   1.9516000e+01
   5.7110991e-01   3.4200023e+02   2.6154100e+01
   5.7110991e-01   3.4800024e+02   3.4055300e+01
   5.7110991e-01   3.5400025e+02   4.3204500e+01
   5.7110991e-01   3.6000027e+02   5.3529600e+01
   5.7284168e-01   1.7999985e+02   5.2326800e+01
   5.7284168e-01   1.8599986e+02   4.2832300e+01
   5.7284168e-01   1.9199988e+02   3.4385400e+01
   5.7284168e-01   1.9799989e+02   2.7032800e+01
   5.7284168e-01   2.0399990e+02   2.0779300e+01
   5.7284168e-01   2.0999992e+02   1.5591800e+01
   5.7284168e-01   2.1599993e+02   1.1403700e+01
   5.7284168e-01   2.2199995e+02   8.1211900e+00
   5.7284168e-01   2.2799996e+02   5.6310400e+00
   5.7284168e-01   2.3399997e+02   3.8078500e+00
   5.7284168e-01   2.3999999e+02   2.5223000e+00
   5.7284168e-01   2.4600000e+02   1.6488800e+00
   5.7284168e-01   2.5200002e+02   1.0731300e+00
   5.7284168e-01   2.5800003e+02   6.9803700e-01
   5.7284168e-01   2.6400004e+02   4.4947600e-01
   5.7284168e-01   2.7000006e+02   2.8041000e-01
   5.7284168e-01   2.7600007e+02   1.7386300e-01
   5.7284168e-01   2.8200009e+02   1.4454600e-01
   5.7284168e-01   2.8800010e+02   2.3906100e-01
   5.7284168e-01   2.9400011e+02   5.3460800e-01
   5.7284168e-01   3.0000013e+02   1.1360700e+00
   5.7284168e-01   3.0600014e+02   2.1714200e+00
   5.7284168e-01   3.1200016e+02   3.7852900e+00
   5.7284168e-01   3.1800017e+02   6.1308800e+00
   5.7284168e-01   3.2400018e+02   9.3602600e+00
   5.7284168e-01   3.3000020e+02   1.3613400e+01
   5.7284168e-01   3.3600021e+02   1.9007000e+01
   5.7284168e-01   3.4200023e+02   2.5622700e+01
   5.7284168e-01   3.4800024e+02   3.3497900e+01
   5.7284168e-01   3.5400025e+02   4.2617300e+01
   5.7284168e-01   3.6000027e+02   5.2909000e+01
   5.7457256e-01   1.7999985e+02   5.2405800e+01
   5.7457256e-01   1.8599986e+02   4.2938500e+01
   5.7457256e-01   1.9199988e+02   3.4510800e+01
   5.7457256e-01   1.9799989e+02   2.7169200e+01
   5.7457256e-01   2.0399990e+02   2.0919200e+01
   5.7457256e-01   2.0999992e+02   1.5727800e+01
   5.7457256e-01   2.1599993e+02   1.1529300e+01
   5.7457256e-01   2.2199995e+02   8.2308600e+00
   5.7457256e-01   2.2799996e+02   5.7201500e+00
   5.7457256e-01   2.3399997e+02   3.8728600e+00
   5.7457256e-01   2.3999999e+02   2.5607400e+00
   5.7457256e-01   2.4600000e+02   1.6593100e+00
   5.7457256e-01   2.5200002e+02   1.0550600e+00
   5.7457256e-01   2.5800003e+02   6.5185000e-01
   5.7457256e-01   2.6400004e+02   3.7626300e-01
   5.7457256e-01   2.7000006e+02   1.8182000e-01
   5.7457256e-01   2.7600007e+02   5.1930600e-02
   5.7457256e-01   2.8200009e+02   1.5060800e-03
   5.7457256e-01   2.8800010e+02   7.7163300e-02
   5.7457256e-01   2.9400011e+02   3.5592600e-01
   5.7457256e-01   3.0000013e+02   9.4232800e-01
   5.7457256e-01   3.0600014e+02   1.9638000e+00
   5.7457256e-01   3.1200016e+02   3.5643400e+00
   5.7457256e-01   3.1800017e+02   5.8963500e+00
   5.7457256e-01   3.2400018e+02   9.1110800e+00
   5.7457256e-01   3.3000020e+02   1.3347700e+01
   5.7457256e-01   3.3600021e+02   1.8722100e+01
   5.7457256e-01   3.4200023e+02   2.5315300e+01
   5.7457256e-01   3.4800024e+02   3.3164300e+01
   5.7457256e-01   3.5400025e+02   4.2253800e+01
   5.7457256e-01   3.6000027e+02   5.2512000e+01
   5.7630253e-01   1.7999985e+02   5.2719900e+01
   5.7630253e-01   1.8599986e+02   4.3279900e+01
   5.7630253e-01   1.9199988e+02   3.4871400e+01
   5.7630253e-01   1.9799989e+02   2.7541000e+01
   5.7630253e-01   2.0399990e+02   2.1294400e+01
   5.7630253e-01   2.0999992e+02   1.6099400e+01
   5.7630253e-01   2.1599993e+02   1.1890600e+01
   5.7630253e-01   2.2199995e+02   8.5763700e+00
   5.7630253e-01   2.2799996e+02   6.0452300e+00
   5.7630253e-01   2.3399997e+02   4.1739600e+00
   5.7630253e-01   2.3999999e+02   2.8353800e+00
   5.7630253e-01   2.4600000e+02   1.9060300e+00
   5.7630253e-01   2.5200002e+02   1.2733900e+00
   5.7630253e-01   2.5800003e+02   8.4215500e-01
   5.7630253e-01   2.6400004e+02   5.3962200e-01
   5.7630253e-01   2.7000006e+02   3.1987200e-01
   5.7630253e-01   2.7600007e+02   1.6669800e-01
   5.7630253e-01   2.8200009e+02   9.5212400e-02
   5.7630253e-01   2.8800010e+02   1.5204500e-01
   5.7630253e-01   2.9400011e+02   4.1404600e-01
   5.7630253e-01   3.0000013e+02   9.8539100e-01
   5.7630253e-01   3.0600014e+02   1.9930000e+00
   5.7630253e-01   3.1200016e+02   3.5801700e+00
   5.7630253e-01   3.1800017e+02   5.8985800e+00
   5.7630253e-01   3.2400018e+02   9.0986100e+00
   5.7630253e-01   3.3000020e+02   1.3318600e+01
   5.7630253e-01   3.3600021e+02   1.8673700e+01
   5.7630253e-01   3.4200023e+02   2.5244400e+01
   5.7630253e-01   3.4800024e+02   3.3067200e+01
   5.7630253e-01   3.5400025e+02   4.2126700e+01
   5.7630253e-01   3.6000027e+02   5.2351300e+01
   5.7803156e-01   1.7999985e+02   5.3281300e+01
   5.7803156e-01   1.8599986e+02   4.3868600e+01
   5.7803156e-01   1.9199988e+02   3.5479400e+01
   5.7803156e-01   1.9799989e+02   2.8160400e+01
   5.7803156e-01   2.0399990e+02   2.1917400e+01
   5.7803156e-01   2.0999992e+02   1.6718700e+01
   5.7803156e-01   2.1599993e+02   1.2499800e+01
   5.7803156e-01   2.2199995e+02   9.1698900e+00
   5.7803156e-01   2.2799996e+02   6.6184400e+00
   5.7803156e-01   2.3399997e+02   4.7233200e+00
   5.7803156e-01   2.3999999e+02   3.3583900e+00
   5.7803156e-01   2.4600000e+02   2.4012600e+00
   5.7803156e-01   2.5200002e+02   1.7403300e+00
   5.7803156e-01   2.5800003e+02   1.2811600e+00
   5.7803156e-01   2.6400004e+02   9.5176400e-01
   5.7803156e-01   2.7000006e+02   7.0678200e-01
   5.7803156e-01   2.7600007e+02   5.3038700e-01
   5.7803156e-01   2.8200009e+02   4.3789200e-01
   5.7803156e-01   2.8800010e+02   4.7593900e-01
   5.7803156e-01   2.9400011e+02   7.2120200e-01
   5.7803156e-01   3.0000013e+02   1.2775000e+00
   5.7803156e-01   3.0600014e+02   2.2712300e+00
   5.7803156e-01   3.1200016e+02   3.8450500e+00
   5.7803156e-01   3.1800017e+02   6.1498100e+00
   5.7803156e-01   3.2400018e+02   9.3351100e+00
   5.7803156e-01   3.3000020e+02   1.3538500e+01
   5.7803156e-01   3.3600021e+02   1.8874200e+01
   5.7803156e-01   3.4200023e+02   2.5422300e+01
   5.7803156e-01   3.4800024e+02   3.3218800e+01
   5.7803156e-01   3.5400025e+02   4.2248200e+01
   5.7803156e-01   3.6000027e+02   5.2439200e+01
   5.7975964e-01   1.7999985e+02   5.4101700e+01
   5.7975964e-01   1.8599986e+02   4.4716500e+01
   5.7975964e-01   1.9199988e+02   3.6346700e+01
   5.7975964e-01   1.9799989e+02   2.9039100e+01
   5.7975964e-01   2.0399990e+02   2.2799700e+01
   5.7975964e-01   2.0999992e+02   1.7597500e+01
   5.7975964e-01   2.1599993e+02   1.3368700e+01
   5.7975964e-01   2.2199995e+02   1.0023200e+01
   5.7975964e-01   2.2799996e+02   7.4516300e+00
   5.7975964e-01   2.3399997e+02   5.5327800e+00
   5.7975964e-01   2.3999999e+02   4.1416400e+00
   5.7975964e-01   2.4600000e+02   3.1568200e+00
   5.7975964e-01   2.5200002e+02   2.4677100e+00
   5.7975964e-01   2.5800003e+02   1.9807100e+00
   5.7975964e-01   2.6400004e+02   1.6245500e+00
   5.7975964e-01   2.7000006e+02   1.3544200e+00
   5.7975964e-01   2.7600007e+02   1.1548800e+00
   5.7975964e-01   2.8200009e+02   1.0414300e+00
   5.7975964e-01   2.8800010e+02   1.0607300e+00
   5.7975964e-01   2.9400011e+02   1.2892900e+00
   5.7975964e-01   3.0000013e+02   1.8305600e+00
   5.7975964e-01   3.0600014e+02   2.8104200e+00
   5.7975964e-01   3.1200016e+02   4.3708500e+00
   5.7975964e-01   3.1800017e+02   6.6619600e+00
   5.7975964e-01   3.2400018e+02   9.8324900e+00
   5.7975964e-01   3.3000020e+02   1.4019100e+01
   5.7975964e-01   3.3600021e+02   1.9335500e+01
   5.7975964e-01   3.4200023e+02   2.5860900e+01
   5.7975964e-01   3.4800024e+02   3.3631000e+01
   5.7975964e-01   3.5400025e+02   4.2630300e+01
   5.7975964e-01   3.6000027e+02   5.2787600e+01
   5.8148674e-01   1.7999985e+02   5.5192600e+01
   5.8148674e-01   1.8599986e+02   4.5834900e+01
   5.8148674e-01   1.9199988e+02   3.7484600e+01
   5.8148674e-01   1.9799989e+02   3.0188500e+01
   5.8148674e-01   2.0399990e+02   2.3953000e+01
   5.8148674e-01   2.0999992e+02   1.8747400e+01
   5.8148674e-01   2.1599993e+02   1.4508800e+01
   5.8148674e-01   2.2199995e+02   1.1147900e+01
   5.8148674e-01   2.2799996e+02   8.5562400e+00
   5.8148674e-01   2.3399997e+02   6.6138000e+00
   5.8148674e-01   2.3999999e+02   5.1965700e+00
   5.8148674e-01   2.4600000e+02   4.1842100e+00
   5.8148674e-01   2.5200002e+02   3.4670400e+00
   5.8148674e-01   2.5800003e+02   2.9523200e+00
   5.8148674e-01   2.6400004e+02   2.5694900e+00
   5.8148674e-01   2.7000006e+02   2.2742900e+00
   5.8148674e-01   2.7600007e+02   2.0516700e+00
   5.8148674e-01   2.8200009e+02   1.9173400e+00
   5.8148674e-01   2.8800010e+02   1.9179500e+00
   5.8148674e-01   2.9400011e+02   2.1298400e+00
   5.8148674e-01   3.0000013e+02   2.6561000e+00
   5.8148674e-01   3.0600014e+02   3.6221000e+00
   5.8148674e-01   3.1200016e+02   5.1691400e+00
   5.8148674e-01   3.1800017e+02   7.4465600e+00
   5.8148674e-01   3.2400018e+02   1.0602300e+01
   5.8148674e-01   3.3000020e+02   1.4772200e+01
   5.8148674e-01   3.3600021e+02   2.0069100e+01
   5.8148674e-01   3.4200023e+02   2.6571700e+01
   5.8148674e-01   3.4800024e+02   3.4315400e+01
   5.8148674e-01   3.5400025e+02   4.3284500e+01
   5.8148674e-01   3.6000027e+02   5.3408000e+01
   5.8321284e-01   1.7999985e+02   5.6565000e+01
   5.8321284e-01   1.8599986e+02   4.7234900e+01
   5.8321284e-01   1.9199988e+02   3.8904200e+01
   5.8321284e-01   1.9799989e+02   3.1619800e+01
   5.8321284e-01   2.0399990e+02   2.5388200e+01
   5.8321284e-01   2.0999992e+02   2.0179400e+01
   5.8321284e-01   2.1599993e+02   1.5931100e+01
   5.8321284e-01   2.2199995e+02   1.2554900e+01
   5.8321284e-01   2.2799996e+02   9.9433700e+00
   5.8321284e-01   2.3399997e+02   7.9774700e+00
   5.8321284e-01   2.3999999e+02   6.5342900e+00
   5.8321284e-01   2.4600000e+02   5.4945100e+00
   5.8321284e-01   2.5200002e+02   4.7494000e+00
   5.8321284e-01   2.5800003e+02   4.2070800e+00
   5.8321284e-01   2.6400004e+02   3.7976800e+00
   5.8321284e-01   2.7000006e+02   3.4775200e+00
   5.8321284e-01   2.7600007e+02   3.2319000e+00
   5.8321284e-01   2.8200009e+02   3.0767400e+00
   5.8321284e-01   2.8800010e+02   3.0587200e+00
   5.8321284e-01   2.9400011e+02   3.2539800e+00
   5.8321284e-01   3.0000013e+02   3.7652600e+00
   5.8321284e-01   3.0600014e+02   4.7174100e+00
   5.8321284e-01   3.1200016e+02   6.2510600e+00
   5.8321284e-01   3.1800017e+02   8.5147800e+00
   5.8321284e-01   3.2400018e+02   1.1655700e+01
   5.8321284e-01   3.3000020e+02   1.5808800e+01
   5.8321284e-01   3.3600021e+02   2.1086200e+01
   5.8321284e-01   3.4200023e+02   2.7566000e+01
   5.8321284e-01   3.4800024e+02   3.5283300e+01
   5.8321284e-01   3.5400025e+02   4.4222100e+01
   5.8321284e-01   3.6000027e+02   5.4311700e+01
   5.8493792e-01   1.7999985e+02   5.8229600e+01
   5.8493792e-01   1.8599986e+02   4.8927200e+01
   5.8493792e-01   1.9199988e+02   4.0616200e+01
   5.8493792e-01   1.9799989e+02   3.3343500e+01
   5.8493792e-01   2.0399990e+02   2.7116100e+01
   5.8493792e-01   2.0999992e+02   2.1904200e+01
   5.8493792e-01   2.1599993e+02   1.7646300e+01
   5.8493792e-01   2.2199995e+02   1.4254900e+01
   5.8493792e-01   2.2799996e+02   1.1623700e+01
   5.8493792e-01   2.3399997e+02   9.6344600e+00
   5.8493792e-01   2.3999999e+02   8.1654700e+00
   5.8493792e-01   2.4600000e+02   7.0984000e+00
   5.8493792e-01   2.5200002e+02   6.3254900e+00
   5.8493792e-01   2.5800003e+02   5.7556800e+00
   5.8493792e-01   2.6400004e+02   5.3198300e+00
   5.8493792e-01   2.7000006e+02   4.9748000e+00
   5.8493792e-01   2.7600007e+02   4.7062800e+00
   5.8493792e-01   2.8200009e+02   4.5303700e+00
   5.8493792e-01   2.8800010e+02   4.4937700e+00
   5.8493792e-01   2.9400011e+02   4.6724400e+00
   5.8493792e-01   3.0000013e+02   5.1687800e+00
   5.8493792e-01   3.0600014e+02   6.1070900e+00
   5.8493792e-01   3.1200016e+02   7.6273500e+00
   5.8493792e-01   3.1800017e+02   9.8773600e+00
   5.8493792e-01   3.2400018e+02   1.3003400e+01
   5.8493792e-01   3.3000020e+02   1.7139700e+01
   5.8493792e-01   3.3600021e+02   2.2397500e+01
   5.8493792e-01   3.4200023e+02   2.8854500e+01
   5.8493792e-01   3.4800024e+02   3.6545200e+01
   5.8493792e-01   3.5400025e+02   4.5453700e+01
   5.8493792e-01   3.6000027e+02   5.5509500e+01
   5.8666196e-01   1.7999985e+02   6.0196600e+01
   5.8666196e-01   1.8599986e+02   5.0922000e+01
   5.8666196e-01   1.9199988e+02   4.2630800e+01
   5.8666196e-01   1.9799989e+02   3.5370000e+01
   5.8666196e-01   2.0399990e+02   2.9146700e+01
   5.8666196e-01   2.0999992e+02   2.3931900e+01
   5.8666196e-01   2.1599993e+02   1.9664600e+01
   5.8666196e-01   2.2199995e+02   1.6258200e+01
   5.8666196e-01   2.2799996e+02   1.3607400e+01
   5.8666196e-01   2.3399997e+02   1.1595000e+01
   5.8666196e-01   2.3999999e+02   1.0100400e+01
   5.8666196e-01   2.4600000e+02   9.0061500e+00
   5.8666196e-01   2.5200002e+02   8.2055600e+00
   5.8666196e-01   2.5800003e+02   7.6083900e+00
   5.8666196e-01   2.6400004e+02   7.1462100e+00
   5.8666196e-01   2.7000006e+02   6.7764100e+00
   5.8666196e-01   2.7600007e+02   6.4850800e+00
   5.8666196e-01   2.8200009e+02   6.2885100e+00
   5.8666196e-01   2.8800010e+02   6.2334000e+00
   5.8666196e-01   2.9400011e+02   6.3955400e+00
   5.8666196e-01   3.0000013e+02   6.8769700e+00
   5.8666196e-01   3.0600014e+02   7.8014600e+00
   5.8666196e-01   3.1200016e+02   9.3083300e+00
   5.8666196e-01   3.1800017e+02   1.1544600e+01
   5.8666196e-01   3.2400018e+02   1.4655800e+01
   5.8666196e-01   3.3000020e+02   1.8775200e+01
   5.8666196e-01   3.3600021e+02   2.4013500e+01
   5.8666196e-01   3.4200023e+02   3.0447600e+01
   5.8666196e-01   3.4800024e+02   3.8111700e+01
   5.8666196e-01   3.5400025e+02   4.6989700e+01
   5.8666196e-01   3.6000027e+02   5.7011600e+01
   5.8838494e-01   1.7999985e+02   6.2475900e+01
   5.8838494e-01   1.8599986e+02   5.3229100e+01
   5.8838494e-01   1.9199988e+02   4.4957800e+01
   5.8838494e-01   1.9799989e+02   3.7709000e+01
   5.8838494e-01   2.0399990e+02   3.1490000e+01
   5.8838494e-01   2.0999992e+02   2.6272300e+01
   5.8838494e-01   2.1599993e+02   2.1995800e+01
   5.8838494e-01   2.2199995e+02   1.8574600e+01
   5.8838494e-01   2.2799996e+02   1.5904300e+01
   5.8838494e-01   2.3399997e+02   1.3868900e+01
   5.8838494e-01   2.3999999e+02   1.2348800e+01
   5.8838494e-01   2.4600000e+02   1.1227500e+01
   5.8838494e-01   2.5200002e+02   1.0399400e+01
   5.8838494e-01   2.5800003e+02   9.7750400e+00
   5.8838494e-01   2.6400004e+02   9.2866500e+00
   5.8838494e-01   2.7000006e+02   8.8922000e+00
   5.8838494e-01   2.7600007e+02   8.5781500e+00
   5.8838494e-01   2.8200009e+02   8.3610000e+00
   5.8838494e-01   2.8800010e+02   8.2874600e+00
   5.8838494e-01   2.9400011e+02   8.4331200e+00
   5.8838494e-01   3.0000013e+02   8.8996800e+00
   5.8838494e-01   3.0600014e+02   9.8103800e+00
   5.8838494e-01   3.1200016e+02   1.1303900e+01
   5.8838494e-01   3.1800017e+02   1.3526500e+01
   5.8838494e-01   3.2400018e+02   1.6622700e+01
   5.8838494e-01   3.3000020e+02   2.0725300e+01
   5.8838494e-01   3.3600021e+02   2.5943900e+01
   5.8838494e-01   3.4200023e+02   3.2355000e+01
   5.8838494e-01   3.4800024e+02   3.9992500e+01
   5.8838494e-01   3.5400025e+02   4.8840100e+01
   5.8838494e-01   3.6000027e+02   5.8827800e+01
   5.9010683e-01   1.7999985e+02   6.5076600e+01
   5.9010683e-01   1.8599986e+02   5.5857800e+01
   5.9010683e-01   1.9199988e+02   4.7606500e+01
   5.9010683e-01   1.9799989e+02   4.0369700e+01
   5.9010683e-01   2.0399990e+02   3.4155200e+01
   5.9010683e-01   2.0999992e+02   2.8934900e+01
   5.9010683e-01   2.1599993e+02   2.4649200e+01
   5.9010683e-01   2.2199995e+02   2.1213300e+01
   5.9010683e-01   2.2799996e+02   1.8523700e+01
   5.9010683e-01   2.3399997e+02   1.6465500e+01
   5.9010683e-01   2.3999999e+02   1.4920000e+01
   5.9010683e-01   2.4600000e+02   1.3772000e+01
   5.9010683e-01   2.5200002e+02   1.2916500e+01
   5.9010683e-01   2.5800003e+02   1.2265000e+01
   5.9010683e-01   2.6400004e+02   1.1750500e+01
   5.9010683e-01   2.7000006e+02   1.1331500e+01
   5.9010683e-01   2.7600007e+02   1.0994900e+01
   5.9010683e-01   2.8200009e+02   1.0757300e+01
   5.9010683e-01   2.8800010e+02   1.0665300e+01
   5.9010683e-01   2.9400011e+02   1.0794600e+01
   5.9010683e-01   3.0000013e+02   1.1246300e+01
   5.9010683e-01   3.0600014e+02   1.2143300e+01
   5.9010683e-01   3.1200016e+02   1.3623400e+01
   5.9010683e-01   3.1800017e+02   1.5832300e+01
   5.9010683e-01   3.2400018e+02   1.8913600e+01
   5.9010683e-01   3.3000020e+02   2.2999200e+01
   5.9010683e-01   3.3600021e+02   2.8198200e+01
   5.9010683e-01   3.4200023e+02   3.4586400e+01
   5.9010683e-01   3.4800024e+02   4.2197200e+01
   5.9010683e-01   3.5400025e+02   5.1014300e+01
   5.9010683e-01   3.6000027e+02   6.0967900e+01
   5.9182763e-01   1.7999985e+02   6.8007800e+01
   5.9182763e-01   1.8599986e+02   5.8816900e+01
   5.9182763e-01   1.9199988e+02   5.0585800e+01
   5.9182763e-01   1.9799989e+02   4.3361200e+01
   5.9182763e-01   2.0399990e+02   3.7151300e+01
   5.9182763e-01   2.0999992e+02   3.1928300e+01
   5.9182763e-01   2.1599993e+02   2.7633700e+01
   5.9182763e-01   2.2199995e+02   2.4183300e+01
   5.9182763e-01   2.2799996e+02   2.1474600e+01
   5.9182763e-01   2.3399997e+02   1.9393700e+01
   5.9182763e-01   2.3999999e+02   1.7823000e+01
   5.9182763e-01   2.4600000e+02   1.6648300e+01
   5.9182763e-01   2.5200002e+02   1.5765600e+01
   5.9182763e-01   2.5800003e+02   1.5087200e+01
   5.9182763e-01   2.6400004e+02   1.4546700e+01
   5.9182763e-01   2.7000006e+02   1.4103300e+01
   5.9182763e-01   2.7600007e+02   1.3744200e+01
   5.9182763e-01   2.8200009e+02   1.3486200e+01
   5.9182763e-01   2.8800010e+02   1.3376000e+01
   5.9182763e-01   2.9400011e+02   1.3488900e+01
   5.9182763e-01   3.0000013e+02   1.3925900e+01
   5.9182763e-01   3.0600014e+02   1.4809100e+01
   5.9182763e-01   3.1200016e+02   1.6275900e+01
   5.9182763e-01   3.1800017e+02   1.8471000e+01
   5.9182763e-01   3.2400018e+02   2.1537500e+01
   5.9182763e-01   3.3000020e+02   2.5606100e+01
   5.9182763e-01   3.3600021e+02   3.0785400e+01
   5.9182763e-01   3.4200023e+02   3.7150600e+01
   5.9182763e-01   3.4800024e+02   4.4734600e+01
   5.9182763e-01   3.5400025e+02   5.3521200e+01
   5.9182763e-01   3.6000027e+02   6.3440700e+01
   5.9354730e-01   1.7999985e+02   7.1277700e+01
   5.9354730e-01   1.8599986e+02   6.2114900e+01
   5.9354730e-01   1.9199988e+02   5.3903900e+01
   5.9354730e-01   1.9799989e+02   4.6691700e+01
   5.9354730e-01   2.0399990e+02   4.0486400e+01
   5.9354730e-01   2.0999992e+02   3.5261100e+01
   5.9354730e-01   2.1599993e+02   3.0957600e+01
   5.9354730e-01   2.2199995e+02   2.7492900e+01
   5.9354730e-01   2.2799996e+02   2.4765200e+01
   5.9354730e-01   2.3399997e+02   2.2661800e+01
   5.9354730e-01   2.3999999e+02   2.1066100e+01
   5.9354730e-01   2.4600000e+02   1.9864900e+01
   5.9354730e-01   2.5200002e+02   1.8955100e+01
   5.9354730e-01   2.5800003e+02   1.8249900e+01
   5.9354730e-01   2.6400004e+02   1.7683700e+01
   5.9354730e-01   2.7000006e+02   1.7216000e+01
   5.9354730e-01   2.7600007e+02   1.6834500e+01
   5.9354730e-01   2.8200009e+02   1.6556200e+01
   5.9354730e-01   2.8800010e+02   1.6427800e+01
   5.9354730e-01   2.9400011e+02   1.6524500e+01
   5.9354730e-01   3.0000013e+02   1.6946700e+01
   5.9354730e-01   3.0600014e+02   1.7816300e+01
   5.9354730e-01   3.1200016e+02   1.9269800e+01
   5.9354730e-01   3.1800017e+02   2.1451200e+01
   5.9354730e-01   3.2400018e+02   2.4502700e+01
   5.9354730e-01   3.3000020e+02   2.8554400e+01
   5.9354730e-01   3.3600021e+02   3.3714000e+01
   5.9354730e-01   3.4200023e+02   4.0056100e+01
   5.9354730e-01   3.4800024e+02   4.7613400e+01
   5.9354730e-01   3.5400025e+02   5.6369400e+01
   5.9354730e-01   3.6000027e+02   6.6254600e+01
   5.9526582e-01   1.7999985e+02   7.4894200e+01
   5.9526582e-01   1.8599986e+02   6.5759600e+01
   5.9526582e-01   1.9199988e+02   5.7568900e+01
   5.9526582e-01   1.9799989e+02   5.0369100e+01
   5.9526582e-01   2.0399990e+02   4.4168700e+01
   5.9526582e-01   2.0999992e+02   3.8941100e+01
   5.9526582e-01   2.1599993e+02   3.4629000e+01
   5.9526582e-01   2.2199995e+02   3.1150000e+01
   5.9526582e-01   2.2799996e+02   2.8403600e+01
   5.9526582e-01   2.3399997e+02   2.6277900e+01
   5.9526582e-01   2.3999999e+02   2.4657300e+01
   5.9526582e-01   2.4600000e+02   2.3429700e+01
   5.9526582e-01   2.5200002e+02   2.2493100e+01
   5.9526582e-01   2.5800003e+02   2.1761200e+01
   5.9526582e-01   2.6400004e+02   2.1169400e+01
   5.9526582e-01   2.7000006e+02   2.0677600e+01
   5.9526582e-01   2.7600007e+02   2.0273800e+01
   5.9526582e-01   2.8200009e+02   1.9975300e+01
   5.9526582e-01   2.8800010e+02   1.9828800e+01
   5.9526582e-01   2.9400011e+02   1.9909300e+01
   5.9526582e-01   3.0000013e+02   2.0316900e+01
   5.9526582e-01   3.0600014e+02   2.1172800e+01
   5.9526582e-01   3.1200016e+02   2.2613000e+01
   5.9526582e-01   3.1800017e+02   2.4780700e+01
   5.9526582e-01   3.2400018e+02   2.7817300e+01
   5.9526582e-01   3.3000020e+02   3.1852100e+01
   5.9526582e-01   3.3600021e+02   3.6992000e+01
   5.9526582e-01   3.4200023e+02   4.3311000e+01
   5.9526582e-01   3.4800024e+02   5.0841400e+01
   5.9526582e-01   3.5400025e+02   5.9566800e+01
   5.9526582e-01   3.6000027e+02   6.9417800e+01
   5.9698317e-01   1.7999985e+02   7.8864800e+01
   5.9698317e-01   1.8599986e+02   6.9758400e+01
   5.9698317e-01   1.9199988e+02   6.1588100e+01
   5.9698317e-01   1.9799989e+02   5.4400800e+01
   5.9698317e-01   2.0399990e+02   4.8205400e+01
   5.9698317e-01   2.0999992e+02   4.2975700e+01
   5.9698317e-01   2.1599993e+02   3.8655000e+01
   5.9698317e-01   2.2199995e+02   3.5162000e+01
   5.9698317e-01   2.2799996e+02   3.2397000e+01
   5.9698317e-01   2.3399997e+02   3.0249100e+01
   5.9698317e-01   2.3999999e+02   2.8603900e+01
   5.9698317e-01   2.4600000e+02   2.7350200e+01
   5.9698317e-01   2.5200002e+02   2.6386800e+01
   5.9698317e-01   2.5800003e+02   2.5628500e+01
   5.9698317e-01   2.6400004e+02   2.5011100e+01
   5.9698317e-01   2.7000006e+02   2.4495300e+01
   5.9698317e-01   2.7600007e+02   2.4069400e+01
   5.9698317e-01   2.8200009e+02   2.3750900e+01
   5.9698317e-01   2.8800010e+02   2.3586400e+01
   5.9698317e-01   2.9400011e+02   2.3650800e+01
   5.9698317e-01   3.0000013e+02   2.4043800e+01
   5.9698317e-01   3.0600014e+02   2.4886100e+01
   5.9698317e-01   3.1200016e+02   2.6313100e+01
   5.9698317e-01   3.1800017e+02   2.8467100e+01
   5.9698317e-01   3.2400018e+02   3.1488800e+01
   5.9698317e-01   3.3000020e+02   3.5506600e+01
   5.9698317e-01   3.3600021e+02   4.0626700e+01
   5.9698317e-01   3.4200023e+02   4.6922700e+01
   5.9698317e-01   3.4800024e+02   5.4426300e+01
   5.9698317e-01   3.5400025e+02   6.3121000e+01
   5.9698317e-01   3.6000027e+02   7.2937700e+01
   5.9869934e-01   1.7999985e+02   8.3196400e+01
   5.9869934e-01   1.8599986e+02   7.4118200e+01
   5.9869934e-01   1.9199988e+02   6.5968400e+01
   5.9869934e-01   1.9799989e+02   5.8793700e+01
   5.9869934e-01   2.0399990e+02   5.2603400e+01
   5.9869934e-01   2.0999992e+02   4.7371700e+01
   5.9869934e-01   2.1599993e+02   4.3042800e+01
   5.9869934e-01   2.2199995e+02   3.9535900e+01
   5.9869934e-01   2.2799996e+02   3.6752400e+01
   5.9869934e-01   2.3399997e+02   3.4582600e+01
   5.9869934e-01   2.3999999e+02   3.2912900e+01
   5.9869934e-01   2.4600000e+02   3.1633200e+01
   5.9869934e-01   2.5200002e+02   3.0643300e+01
   5.9869934e-01   2.5800003e+02   2.9858700e+01
   5.9869934e-01   2.6400004e+02   2.9216000e+01
   5.9869934e-01   2.7000006e+02   2.8676300e+01
   5.9869934e-01   2.7600007e+02   2.8228500e+01
   5.9869934e-01   2.8200009e+02   2.7890000e+01
   5.9869934e-01   2.8800010e+02   2.7707600e+01
   5.9869934e-01   2.9400011e+02   2.7756000e+01
   5.9869934e-01   3.0000013e+02   2.8134400e+01
   5.9869934e-01   3.0600014e+02   2.8963200e+01
   5.9869934e-01   3.1200016e+02   3.0377000e+01
   5.9869934e-01   3.1800017e+02   3.2517400e+01
   5.9869934e-01   3.2400018e+02   3.5524200e+01
   5.9869934e-01   3.3000020e+02   3.9525000e+01
   5.9869934e-01   3.3600021e+02   4.4625400e+01
   5.9869934e-01   3.4200023e+02   5.0898200e+01
   5.9869934e-01   3.4800024e+02   5.8374900e+01
   5.9869934e-01   3.5400025e+02   6.7038900e+01
   5.9869934e-01   3.6000027e+02   7.6821400e+01
   6.0041430e-01   1.7999985e+02   8.7895300e+01
   6.0041430e-01   1.8599986e+02   7.8845400e+01
   6.0041430e-01   1.9199988e+02   7.0716200e+01
   6.0041430e-01   1.9799989e+02   6.3554200e+01
   6.0041430e-01   2.0399990e+02   5.7369100e+01
   6.0041430e-01   2.0999992e+02   5.2135600e+01
   6.0041430e-01   2.1599993e+02   4.7798500e+01
   6.0041430e-01   2.2199995e+02   4.4278000e+01
   6.0041430e-01   2.2799996e+02   4.1476300e+01
   6.0041430e-01   2.3399997e+02   3.9284700e+01
   6.0041430e-01   2.3999999e+02   3.7590700e+01
   6.0041430e-01   2.4600000e+02   3.6285200e+01
   6.0041430e-01   2.5200002e+02   3.5268900e+01
   6.0041430e-01   2.5800003e+02   3.4458200e+01
   6.0041430e-01   2.6400004e+02   3.3790300e+01
   6.0041430e-01   2.7000006e+02   3.3227000e+01
   6.0041430e-01   2.7600007e+02   3.2757200e+01
   6.0041430e-01   2.8200009e+02   3.2399000e+01
   6.0041430e-01   2.8800010e+02   3.2198800e+01
   6.0041430e-01   2.9400011e+02   3.2231200e+01
   6.0041430e-01   3.0000013e+02   3.2595300e+01
   6.0041430e-01   3.0600014e+02   3.3410600e+01
   6.0041430e-01   3.1200016e+02   3.4811200e+01
   6.0041430e-01   3.1800017e+02   3.6938000e+01
   6.0041430e-01   3.2400018e+02   3.9929800e+01
   6.0041430e-01   3.3000020e+02   4.3913700e+01
   6.0041430e-01   3.3600021e+02   4.8994300e+01
   6.0041430e-01   3.4200023e+02   5.5244000e+01
   6.0041430e-01   3.4800024e+02   6.2693800e+01
   6.0041430e-01   3.5400025e+02   7.1327200e+01
   6.0041430e-01   3.6000027e+02   8.1075300e+01
   6.0212802e-01   1.7999985e+02   9.2967300e+01
   6.0212802e-01   1.8599986e+02   8.3945900e+01
   6.0212802e-01   1.9199988e+02   7.5837300e+01
   6.0212802e-01   1.9799989e+02   6.8688200e+01
   6.0212802e-01   2.0399990e+02   6.2508500e+01
   6.0212802e-01   2.0999992e+02   5.7273300e+01
   6.0212802e-01   2.1599993e+02   5.2928200e+01
   6.0212802e-01   2.2199995e+02   4.9394100e+01
   6.0212802e-01   2.2799996e+02   4.6574400e+01
   6.0212802e-01   2.3399997e+02   4.4361200e+01
   6.0212802e-01   2.3999999e+02   4.2643100e+01
   6.0212802e-01   2.4600000e+02   4.1312000e+01
   6.0212802e-01   2.5200002e+02   4.0269500e+01
   6.0212802e-01   2.5800003e+02   3.9432900e+01
   6.0212802e-01   2.6400004e+02   3.8740000e+01
   6.0212802e-01   2.7000006e+02   3.8153100e+01
   6.0212802e-01   2.7600007e+02   3.7661700e+01
   6.0212802e-01   2.8200009e+02   3.7283800e+01
   6.0212802e-01   2.8800010e+02   3.7066000e+01
   6.0212802e-01   2.9400011e+02   3.7082500e+01
   6.0212802e-01   3.0000013e+02   3.7432200e+01
   6.0212802e-01   3.0600014e+02   3.8234100e+01
   6.0212802e-01   3.1200016e+02   3.9621600e+01
   6.0212802e-01   3.1800017e+02   4.1734800e+01
   6.0212802e-01   3.2400018e+02   4.4711800e+01
   6.0212802e-01   3.3000020e+02   4.8678700e+01
   6.0212802e-01   3.3600021e+02   5.3739500e+01
   6.0212802e-01   3.4200023e+02   5.9966000e+01
   6.0212802e-01   3.4800024e+02   6.7389000e+01
   6.0212802e-01   3.5400025e+02   7.5991600e+01
   6.0212802e-01   3.6000027e+02   8.5705400e+01
