#sin^2(theta23) Delta_CP/deg Delta_chi^2
   4.5466419e-01   1.2599972e+02   8.9012600e+01
   4.5466419e-01   1.3139985e+02   8.1202700e+01
   4.5466419e-01   1.3679998e+02   7.3405900e+01
   4.5466419e-01   1.4220010e+02   6.5770400e+01
   4.5466419e-01   1.4760023e+02   5.8433700e+01
   4.5466419e-01   1.5299978e+02   5.1518400e+01
   4.5466419e-01   1.5839991e+02   4.5129000e+01
   4.5466419e-01   1.6380004e+02   3.9349500e+01
   4.5466419e-01   1.6920017e+02   3.4241900e+01
   4.5466419e-01   1.7459972e+02   2.9845500e+01
   4.5466419e-01   1.7999985e+02   2.6177100e+01
   4.5466419e-01   1.8539998e+02   2.3232200e+01
   4.5466419e-01   1.9080010e+02   2.0986500e+01
   4.5466419e-01   1.9620023e+02   1.9398900e+01
   4.5466419e-01   2.0159978e+02   1.8413500e+01
   4.5466419e-01   2.0699991e+02   1.7963600e+01
   4.5466419e-01   2.1240004e+02   1.7974200e+01
   4.5466419e-01   2.1780017e+02   1.8365800e+01
   4.5466419e-01   2.2319972e+02   1.9057400e+01
   4.5466419e-01   2.2859985e+02   1.9969500e+01
   4.5466419e-01   2.3399997e+02   2.1026800e+01
   4.5466419e-01   2.3940010e+02   2.2160800e+01
   4.5466419e-01   2.4480023e+02   2.3311900e+01
   4.5466419e-01   2.5019978e+02   2.4431200e+01
   4.5466419e-01   2.5559991e+02   2.5481700e+01
   4.5466419e-01   2.6100004e+02   2.6439400e+01
   4.5466419e-01   2.6640016e+02   2.7294100e+01
   4.5466419e-01   2.7179972e+02   2.8049500e+01
   4.5466419e-01   2.7719985e+02   2.8723100e+01
   4.5466419e-01   2.8259997e+02   2.9345600e+01
   4.5765263e-01   1.2599972e+02   8.3913100e+01
   4.5765263e-01   1.3139985e+02   7.6230900e+01
   4.5765263e-01   1.3679998e+02   6.8568500e+01
   4.5765263e-01   1.4220010e+02   6.1072300e+01
   4.5765263e-01   1.4760023e+02   5.3877600e+01
   4.5765263e-01   1.5299978e+02   4.7104900e+01
   4.5765263e-01   1.5839991e+02   4.0856800e+01
   4.5765263e-01   1.6380004e+02   3.5215600e+01
   4.5765263e-01   1.6920017e+02   3.0241700e+01
   4.5765263e-01   1.7459972e+02   2.5973100e+01
   4.5765263e-01   1.7999985e+02   2.2425500e+01
   4.5765263e-01   1.8539998e+02   1.9593500e+01
   4.5765263e-01   1.9080010e+02   1.7452500e+01
   4.5765263e-01   1.9620023e+02   1.5960800e+01
   4.5765263e-01   2.0159978e+02   1.5062500e+01
   4.5765263e-01   2.0699991e+02   1.4690900e+01
   4.5765263e-01   2.1240004e+02   1.4771100e+01
   4.5765263e-01   2.1780017e+02   1.5224000e+01
   4.5765263e-01   2.2319972e+02   1.5968900e+01
   4.5765263e-01   2.2859985e+02   1.6926500e+01
   4.5765263e-01   2.3399997e+02   1.8022300e+01
   4.5765263e-01   2.3940010e+02   1.9187900e+01
   4.5765263e-01   2.4480023e+02   2.0364200e+01
   4.5765263e-01   2.5019978e+02   2.1502500e+01
   4.5765263e-01   2.5559991e+02   2.2566100e+01
   4.5765263e-01   2.6100004e+02   2.3531000e+01
   4.5765263e-01   2.6640016e+02   2.4387200e+01
   4.5765263e-01   2.7179972e+02   2.5138300e+01
   4.5765263e-01   2.7719985e+02   2.5801600e+01
   4.5765263e-01   2.8259997e+02   2.6407600e+01
   4.6064259e-01   1.2599972e+02   7.9295300e+01
   4.6064259e-01   1.3139985e+02   7.1738400e+01
   4.6064259e-01   1.3679998e+02   6.4208100e+01
   4.6064259e-01   1.4220010e+02   5.6848600e+01
   4.6064259e-01   1.4760023e+02   4.9793200e+01
   4.6064259e-01   1.5299978e+02   4.3160500e+01
   4.6064259e-01   1.5839991e+02   3.7051100e+01
   4.6064259e-01   1.6380004e+02   3.1545500e+01
   4.6064259e-01   1.6920017e+02   2.6702800e+01
   4.6064259e-01   1.7459972e+02   2.2559500e+01
   4.6064259e-01   1.7999985e+02   1.9130400e+01
   4.6064259e-01   1.8539998e+02   1.6409300e+01
   4.6064259e-01   1.9080010e+02   1.4370900e+01
   4.6064259e-01   1.9620023e+02   1.2973200e+01
   4.6064259e-01   2.0159978e+02   1.2160300e+01
   4.6064259e-01   2.0699991e+02   1.1865400e+01
   4.6064259e-01   2.1240004e+02   1.2013900e+01
   4.6064259e-01   2.1780017e+02   1.2526800e+01
   4.6064259e-01   2.2319972e+02   1.3323900e+01
   4.6064259e-01   2.2859985e+02   1.4326300e+01
   4.6064259e-01   2.3399997e+02   1.5459800e+01
   4.6064259e-01   2.3940010e+02   1.6656500e+01
   4.6064259e-01   2.4480023e+02   1.7857600e+01
   4.6064259e-01   2.5019978e+02   1.9014700e+01
   4.6064259e-01   2.5559991e+02   2.0091300e+01
   4.6064259e-01   2.6100004e+02   2.1063600e+01
   4.6064259e-01   2.6640016e+02   2.1921500e+01
   4.6064259e-01   2.7179972e+02   2.2668700e+01
   4.6064259e-01   2.7719985e+02   2.3322200e+01
   4.6064259e-01   2.8259997e+02   2.3912300e+01
   4.6363398e-01   1.2599972e+02   7.5123600e+01
   4.6363398e-01   1.3139985e+02   6.7689800e+01
   4.6363398e-01   1.3679998e+02   6.0289200e+01
   4.6363398e-01   1.4220010e+02   5.3063900e+01
   4.6363398e-01   1.4760023e+02   4.6145300e+01
   4.6363398e-01   1.5299978e+02   3.9649900e+01
   4.6363398e-01   1.5839991e+02   3.3676500e+01
   4.6363398e-01   1.6380004e+02   2.8304100e+01
   4.6363398e-01   1.6920017e+02   2.3590000e+01
   4.6363398e-01   1.7459972e+02   1.9569700e+01
   4.6363398e-01   1.7999985e+02   1.6256700e+01
   4.6363398e-01   1.8539998e+02   1.3644200e+01
   4.6363398e-01   1.9080010e+02   1.1706400e+01
   4.6363398e-01   1.9620023e+02   1.0400800e+01
   4.6363398e-01   2.0159978e+02   9.6715800e+00
   4.6363398e-01   2.0699991e+02   9.4518000e+00
   4.6363398e-01   2.1240004e+02   9.6671600e+00
   4.6363398e-01   2.1780017e+02   1.0239000e+01
   4.6363398e-01   2.2319972e+02   1.1087200e+01
   4.6363398e-01   2.2859985e+02   1.2133600e+01
   4.6363398e-01   2.3399997e+02   1.3304100e+01
   4.6363398e-01   2.3940010e+02   1.4531500e+01
   4.6363398e-01   2.4480023e+02   1.5757000e+01
   4.6363398e-01   2.5019978e+02   1.6932700e+01
   4.6363398e-01   2.5559991e+02   1.8022200e+01
   4.6363398e-01   2.6100004e+02   1.9002000e+01
   4.6363398e-01   2.6640016e+02   1.9861900e+01
   4.6363398e-01   2.7179972e+02   2.0605500e+01
   4.6363398e-01   2.7719985e+02   2.1249800e+01
   4.6363398e-01   2.8259997e+02   2.1824800e+01
   4.6662667e-01   1.2599972e+02   7.1362800e+01
   4.6662667e-01   1.3139985e+02   6.4049800e+01
   4.6662667e-01   1.3679998e+02   5.6776400e+01
   4.6662667e-01   1.4220010e+02   4.9682800e+01
   4.6662667e-01   1.4760023e+02   4.2898400e+01
   4.6662667e-01   1.5299978e+02   3.6537700e+01
   4.6662667e-01   1.5839991e+02   3.0697900e+01
   4.6662667e-01   1.6380004e+02   2.5456000e+01
   4.6662667e-01   1.6920017e+02   2.0868000e+01
   4.6662667e-01   1.7459972e+02   1.6968200e+01
   4.6662667e-01   1.7999985e+02   1.3769100e+01
   4.6662667e-01   1.8539998e+02   1.1263100e+01
   4.6662667e-01   1.9080010e+02   9.4237500e+00
   4.6662667e-01   1.9620023e+02   8.2085400e+00
   4.6662667e-01   2.0159978e+02   7.5612400e+00
   4.6662667e-01   2.0699991e+02   7.4151100e+00
   4.6662667e-01   2.1240004e+02   7.6960000e+00
   4.6662667e-01   2.1780017e+02   8.3254900e+00
   4.6662667e-01   2.2319972e+02   9.2239600e+00
   4.6662667e-01   2.2859985e+02   1.0313500e+01
   4.6662667e-01   2.3399997e+02   1.1520400e+01
   4.6662667e-01   2.3940010e+02   1.2777800e+01
   4.6662667e-01   2.4480023e+02   1.4027500e+01
   4.6662667e-01   2.5019978e+02   1.5221600e+01
   4.6662667e-01   2.5559991e+02   1.6324000e+01
   4.6662667e-01   2.6100004e+02   1.7311300e+01
   4.6662667e-01   2.6640016e+02   1.8173500e+01
   4.6662667e-01   2.7179972e+02   1.8913900e+01
   4.6662667e-01   2.7719985e+02   1.9549500e+01
   4.6662667e-01   2.8259997e+02   2.0110000e+01
   4.6962056e-01   1.2599972e+02   6.7977700e+01
   4.6962056e-01   1.3139985e+02   6.0783200e+01
   4.6962056e-01   1.3679998e+02   5.3634700e+01
   4.6962056e-01   1.4220010e+02   4.6670400e+01
   4.6962056e-01   1.4760023e+02   4.0017700e+01
   4.6962056e-01   1.5299978e+02   3.3789200e+01
   4.6962056e-01   1.5839991e+02   2.8080200e+01
   4.6962056e-01   1.6380004e+02   2.2966300e+01
   4.6962056e-01   1.6920017e+02   1.8502000e+01
   4.6962056e-01   1.7459972e+02   1.4720300e+01
   4.6962056e-01   1.7999985e+02   1.1632800e+01
   4.6962056e-01   1.8539998e+02   9.2311200e+00
   4.6962056e-01   1.9080010e+02   7.4883600e+00
   4.6962056e-01   1.9620023e+02   6.3616300e+00
   4.6962056e-01   2.0159978e+02   5.7946200e+00
   4.6962056e-01   2.0699991e+02   5.7206500e+00
   4.6962056e-01   2.1240004e+02   6.0657600e+00
   4.6962056e-01   2.1780017e+02   6.7517900e+00
   4.6962056e-01   2.2319972e+02   7.6994900e+00
   4.6962056e-01   2.2859985e+02   8.8312900e+00
   4.6962056e-01   2.3399997e+02   1.0074000e+01
   4.6962056e-01   2.3940010e+02   1.1361000e+01
   4.6962056e-01   2.4480023e+02   1.2634400e+01
   4.6962056e-01   2.5019978e+02   1.3846700e+01
   4.6962056e-01   2.5559991e+02   1.4962100e+01
   4.6962056e-01   2.6100004e+02   1.5957100e+01
   4.6962056e-01   2.6640016e+02   1.6821700e+01
   4.6962056e-01   2.7179972e+02   1.7559400e+01
   4.6962056e-01   2.7719985e+02   1.8186900e+01
   4.6962056e-01   2.8259997e+02   1.8733600e+01
   4.7261555e-01   1.2599972e+02   6.4933900e+01
   4.7261555e-01   1.3139985e+02   5.7855700e+01
   4.7261555e-01   1.3679998e+02   5.0829800e+01
   4.7261555e-01   1.4220010e+02   4.3992300e+01
   4.7261555e-01   1.4760023e+02   3.7468600e+01
   4.7261555e-01   1.5299978e+02   3.1369800e+01
   4.7261555e-01   1.5839991e+02   2.5789200e+01
   4.7261555e-01   1.6380004e+02   2.0800800e+01
   4.7261555e-01   1.6920017e+02   1.6457800e+01
   4.7261555e-01   1.7459972e+02   1.2791800e+01
   4.7261555e-01   1.7999985e+02   9.8137200e+00
   4.7261555e-01   1.8539998e+02   7.5142500e+00
   4.7261555e-01   1.9080010e+02   5.8661000e+00
   4.7261555e-01   1.9620023e+02   4.8260400e+00
   4.7261555e-01   2.0159978e+02   4.3376900e+00
   4.7261555e-01   2.0699991e+02   4.3344200e+00
   4.7261555e-01   2.1240004e+02   4.7424400e+00
   4.7261555e-01   2.1780017e+02   5.4839000e+00
   4.7261555e-01   2.2319972e+02   6.4798600e+00
   4.7261555e-01   2.2859985e+02   7.6531700e+00
   4.7261555e-01   2.3399997e+02   8.9309900e+00
   4.7261555e-01   2.3940010e+02   1.0247100e+01
   4.7261555e-01   2.4480023e+02   1.1544000e+01
   4.7261555e-01   2.5019978e+02   1.2774400e+01
   4.7261555e-01   2.5559991e+02   1.3902600e+01
   4.7261555e-01   2.6100004e+02   1.4905400e+01
   4.7261555e-01   2.6640016e+02   1.5772800e+01
   4.7261555e-01   2.7179972e+02   1.6508200e+01
   4.7261555e-01   2.7719985e+02   1.7128000e+01
   4.7261555e-01   2.8259997e+02   1.7661600e+01
   4.7561152e-01   1.2599972e+02   6.2197700e+01
   4.7561152e-01   1.3139985e+02   5.5233700e+01
   4.7561152e-01   1.3679998e+02   4.8327900e+01
   4.7561152e-01   1.4220010e+02   4.1614800e+01
   4.7561152e-01   1.4760023e+02   3.5217800e+01
   4.7561152e-01   1.5299978e+02   2.9246100e+01
   4.7561152e-01   1.5839991e+02   2.3791400e+01
   4.7561152e-01   1.6380004e+02   1.8926100e+01
   4.7561152e-01   1.6920017e+02   1.4701900e+01
   4.7561152e-01   1.7459972e+02   1.1149400e+01
   4.7561152e-01   1.7999985e+02   8.2784800e+00
   4.7561152e-01   1.8539998e+02   6.0791900e+00
   4.7561152e-01   1.9080010e+02   4.5237200e+00
   4.7561152e-01   1.9620023e+02   3.5685800e+00
   4.7561152e-01   2.0159978e+02   3.1572900e+00
   4.7561152e-01   2.0699991e+02   3.2232700e+00
   4.7561152e-01   2.1240004e+02   3.6929400e+00
   4.7561152e-01   2.1780017e+02   4.4887100e+00
   4.7561152e-01   2.2319972e+02   5.5320200e+00
   4.7561152e-01   2.2859985e+02   6.7460600e+00
   4.7561152e-01   2.3399997e+02   8.0583900e+00
   4.7561152e-01   2.3940010e+02   9.4031900e+00
   4.7561152e-01   2.4480023e+02   1.0723200e+01
   4.7561152e-01   2.5019978e+02   1.1971500e+01
   4.7561152e-01   2.5559991e+02   1.3112500e+01
   4.7561152e-01   2.6100004e+02   1.4123300e+01
   4.7561152e-01   2.6640016e+02   1.4993700e+01
   4.7561152e-01   2.7179972e+02   1.5727200e+01
   4.7561152e-01   2.7719985e+02   1.6339900e+01
   4.7561152e-01   2.8259997e+02   1.6861100e+01
   4.7860837e-01   1.2599972e+02   5.9736600e+01
   4.7860837e-01   1.3139985e+02   5.2884400e+01
   4.7860837e-01   1.3679998e+02   4.6096500e+01
   4.7860837e-01   1.4220010e+02   3.9505400e+01
   4.7860837e-01   1.4760023e+02   3.3232700e+01
   4.7860837e-01   1.5299978e+02   2.7385700e+01
   4.7860837e-01   1.5839991e+02   2.2054400e+01
   4.7860837e-01   1.6380004e+02   1.7309700e+01
   4.7860837e-01   1.6920017e+02   1.3202000e+01
   4.7860837e-01   1.7459972e+02   9.7607700e+00
   4.7860837e-01   1.7999985e+02   6.9948800e+00
   4.7860837e-01   1.8539998e+02   4.8937500e+00
   4.7860837e-01   1.9080010e+02   3.4290900e+00
   4.7860837e-01   1.9620023e+02   2.5571400e+00
   4.7860837e-01   2.0159978e+02   2.2213400e+00
   4.7860837e-01   2.0699991e+02   2.3551800e+00
   4.7860837e-01   2.1240004e+02   2.8852500e+00
   4.7860837e-01   2.1780017e+02   3.7342700e+00
   4.7860837e-01   2.2319972e+02   4.8240000e+00
   4.7860837e-01   2.2859985e+02   6.0780200e+00
   4.7860837e-01   2.3399997e+02   7.4242700e+00
   4.7860837e-01   2.3940010e+02   8.7972900e+00
   4.7860837e-01   2.4480023e+02   1.0140200e+01
   4.7860837e-01   2.5019978e+02   1.1406200e+01
   4.7860837e-01   2.5559991e+02   1.2560100e+01
   4.7860837e-01   2.6100004e+02   1.3578900e+01
   4.7860837e-01   2.6640016e+02   1.4452600e+01
   4.7860837e-01   2.7179972e+02   1.5184500e+01
   4.7860837e-01   2.7719985e+02   1.5790800e+01
   4.7860837e-01   2.8259997e+02   1.6300100e+01
   4.8160599e-01   1.2599972e+02   5.7519000e+01
   4.8160599e-01   1.3139985e+02   5.0776600e+01
   4.8160599e-01   1.3679998e+02   4.4104400e+01
   4.8160599e-01   1.4220010e+02   3.7632900e+01
   4.8160599e-01   1.4760023e+02   3.1482100e+01
   4.8160599e-01   1.5299978e+02   2.5757300e+01
   4.8160599e-01   1.5839991e+02   2.0547000e+01
   4.8160599e-01   1.6380004e+02   1.5920600e+01
   4.8160599e-01   1.6920017e+02   1.1927200e+01
   4.8160599e-01   1.7459972e+02   8.5949700e+00
   4.8160599e-01   1.7999985e+02   5.9320300e+00
   4.8160599e-01   1.8539998e+02   3.9270900e+00
   4.8160599e-01   1.9080010e+02   2.5514000e+00
   4.8160599e-01   1.9620023e+02   1.7609700e+00
   4.8160599e-01   2.0159978e+02   1.4991300e+00
   4.8160599e-01   2.0699991e+02   1.6994500e+00
   4.8160599e-01   2.1240004e+02   2.2887300e+00
   4.8160599e-01   2.1780017e+02   3.1899400e+00
   4.8160599e-01   2.2319972e+02   4.3252000e+00
   4.8160599e-01   2.2859985e+02   5.6184700e+00
   4.8160599e-01   2.3399997e+02   6.9980600e+00
   4.8160599e-01   2.3940010e+02   8.3988700e+00
   4.8160599e-01   2.4480023e+02   9.7643300e+00
   4.8160599e-01   2.5019978e+02   1.1048000e+01
   4.8160599e-01   2.5559991e+02   1.2214700e+01
   4.8160599e-01   2.6100004e+02   1.3241600e+01
   4.8160599e-01   2.6640016e+02   1.4118900e+01
   4.8160599e-01   2.7179972e+02   1.4849700e+01
   4.8160599e-01   2.7719985e+02   1.5449900e+01
   4.8160599e-01   2.8259997e+02   1.5948100e+01
   4.8460427e-01   1.2599972e+02   5.5515100e+01
   4.8460427e-01   1.3139985e+02   4.8880400e+01
   4.8460427e-01   1.3679998e+02   4.2321600e+01
   4.8460427e-01   1.4220010e+02   3.5967500e+01
   4.8460427e-01   1.4760023e+02   2.9936200e+01
   4.8460427e-01   1.5299978e+02   2.4331400e+01
   4.8460427e-01   1.5839991e+02   1.9239800e+01
   4.8460427e-01   1.6380004e+02   1.4729400e+01
   4.8460427e-01   1.6920017e+02   1.0847900e+01
   4.8460427e-01   1.7459972e+02   7.6226100e+00
   4.8460427e-01   1.7999985e+02   5.0605700e+00
   4.8460427e-01   1.8539998e+02   3.1499100e+00
   4.8460427e-01   1.9080010e+02   1.8614200e+00
   4.8460427e-01   1.9620023e+02   1.1508600e+00
   4.8460427e-01   2.0159978e+02   9.6150100e-01
   4.8460427e-01   2.0699991e+02   1.2269800e+00
   4.8460427e-01   2.1240004e+02   1.8742800e+00
   4.8460427e-01   2.1780017e+02   2.8266700e+00
   4.8460427e-01   2.2319972e+02   4.0066000e+00
   4.8460427e-01   2.2859985e+02   5.3384000e+00
   4.8460427e-01   2.3399997e+02   6.7507600e+00
   4.8460427e-01   2.3940010e+02   8.1789400e+00
   4.8460427e-01   2.4480023e+02   9.5666800e+00
   4.8460427e-01   2.5019978e+02   1.0867800e+01
   4.8460427e-01   2.5559991e+02   1.2047300e+01
   4.8460427e-01   2.6100004e+02   1.3082600e+01
   4.8460427e-01   2.6640016e+02   1.3963700e+01
   4.8460427e-01   2.7179972e+02   1.4693700e+01
   4.8460427e-01   2.7719985e+02   1.5288400e+01
   4.8460427e-01   2.8259997e+02   1.5776100e+01
   4.8760311e-01   1.2599972e+02   5.3696600e+01
   4.8760311e-01   1.3139985e+02   4.7167600e+01
   4.8760311e-01   1.3679998e+02   4.0720100e+01
   4.8760311e-01   1.4220010e+02   3.4481200e+01
   4.8760311e-01   1.4760023e+02   2.8567200e+01
   4.8760311e-01   1.5299978e+02   2.3080000e+01
   4.8760311e-01   1.5839991e+02   1.8104900e+01
   4.8760311e-01   1.6380004e+02   1.3708200e+01
   4.8760311e-01   1.6920017e+02   9.9365900e+00
   4.8760311e-01   1.7459972e+02   6.8160800e+00
   4.8760311e-01   1.7999985e+02   4.3529700e+00
   4.8760311e-01   1.8539998e+02   2.5347200e+00
   4.8760311e-01   1.9080010e+02   1.3317000e+00
   4.8760311e-01   1.9620023e+02   6.9943200e-01
   4.8760311e-01   2.0159978e+02   5.8110500e-01
   4.8760311e-01   2.0699991e+02   9.1044600e-01
   4.8760311e-01   2.1240004e+02   1.6146300e+00
   4.8760311e-01   2.1780017e+02   2.6172100e+00
   4.8760311e-01   2.2319972e+02   3.8409700e+00
   4.8760311e-01   2.2859985e+02   5.2106100e+00
   4.8760311e-01   2.3399997e+02   6.6552000e+00
   4.8760311e-01   2.3940010e+02   8.1103400e+00
   4.8760311e-01   2.4480023e+02   9.5201000e+00
   4.8760311e-01   2.5019978e+02   1.0838500e+01
   4.8760311e-01   2.5559991e+02   1.2030900e+01
   4.8760311e-01   2.6100004e+02   1.3074600e+01
   4.8760311e-01   2.6640016e+02   1.3959700e+01
   4.8760311e-01   2.7179972e+02   1.4689300e+01
   4.8760311e-01   2.7719985e+02   1.5279000e+01
   4.8760311e-01   2.8259997e+02   1.5756900e+01
   4.9060239e-01   1.2599972e+02   5.2037500e+01
   4.9060239e-01   1.3139985e+02   4.5612200e+01
   4.9060239e-01   1.3679998e+02   3.9273900e+01
   4.9060239e-01   1.4220010e+02   3.3148000e+01
   4.9060239e-01   1.4760023e+02   2.7349000e+01
   4.9060239e-01   1.5299978e+02   2.1977300e+01
   4.9060239e-01   1.5839991e+02   1.7116400e+01
   4.9060239e-01   1.6380004e+02   1.2831400e+01
   4.9060239e-01   1.6920017e+02   9.1674600e+00
   4.9060239e-01   1.7459972e+02   6.1497400e+00
   4.9060239e-01   1.7999985e+02   3.7836400e+00
   4.9060239e-01   1.8539998e+02   2.0560100e+00
   4.9060239e-01   1.9080010e+02   9.3680300e-01
   4.9060239e-01   1.9620023e+02   3.8128400e-01
   4.9060239e-01   2.0159978e+02   3.3259900e-01
   4.9060239e-01   2.0699991e+02   7.2455600e-01
   4.9060239e-01   2.1240004e+02   1.4845200e+00
   4.9060239e-01   2.1780017e+02   2.5363300e+00
   4.9060239e-01   2.2319972e+02   3.8031100e+00
   4.9060239e-01   2.2859985e+02   5.2099200e+00
   4.9060239e-01   2.3399997e+02   6.6862000e+00
   4.9060239e-01   2.3940010e+02   8.1679100e+00
   4.9060239e-01   2.4480023e+02   9.5994100e+00
   4.9060239e-01   2.5019978e+02   1.0935000e+01
   4.9060239e-01   2.5559991e+02   1.2140200e+01
   4.9060239e-01   2.6100004e+02   1.3192400e+01
   4.9060239e-01   2.6640016e+02   1.4081800e+01
   4.9060239e-01   2.7179972e+02   1.4811300e+01
   4.9060239e-01   2.7719985e+02   1.5396500e+01
   4.9060239e-01   2.8259997e+02   1.5865100e+01
   4.9360201e-01   1.2599972e+02   5.0513500e+01
   4.9360201e-01   1.3139985e+02   4.4190000e+01
   4.9360201e-01   1.3679998e+02   3.7958900e+01
   4.9360201e-01   1.4220010e+02   3.1944000e+01
   4.9360201e-01   1.4760023e+02   2.6258000e+01
   4.9360201e-01   1.5299978e+02   2.0999500e+01
   4.9360201e-01   1.5839991e+02   1.6250800e+01
   4.9360201e-01   1.6380004e+02   1.2075300e+01
   4.9360201e-01   1.6920017e+02   8.5170500e+00
   4.9360201e-01   1.7459972e+02   5.6001800e+00
   4.9360201e-01   1.7999985e+02   3.3292600e+00
   4.9360201e-01   1.8539998e+02   1.6905200e+00
   4.9360201e-01   1.9080010e+02   6.5349900e-01
   4.9360201e-01   1.9620023e+02   1.7325200e-01
   4.9360201e-01   2.0159978e+02   1.9286700e-01
   4.9360201e-01   2.0699991e+02   6.4623400e-01
   4.9360201e-01   2.1240004e+02   1.4609200e+00
   4.9360201e-01   2.1780017e+02   2.5610400e+00
   4.9360201e-01   2.2319972e+02   3.8700500e+00
   4.9360201e-01   2.2859985e+02   5.3133800e+00
   4.9360201e-01   2.3399997e+02   6.8208300e+00
   4.9360201e-01   2.3940010e+02   8.3287200e+00
   4.9360201e-01   2.4480023e+02   9.7817100e+00
   4.9360201e-01   2.5019978e+02   1.1134300e+01
   4.9360201e-01   2.5559991e+02   1.2352300e+01
   4.9360201e-01   2.6100004e+02   1.3413200e+01
   4.9360201e-01   2.6640016e+02   1.4307100e+01
   4.9360201e-01   2.7179972e+02   1.5036900e+01
   4.9360201e-01   2.7719985e+02   1.5618000e+01
   4.9360201e-01   2.8259997e+02   1.6077900e+01
   4.9660186e-01   1.2599972e+02   4.9103000e+01
   4.9660186e-01   1.3139985e+02   4.2879400e+01
   4.9660186e-01   1.3679998e+02   3.6753600e+01
   4.9660186e-01   1.4220010e+02   3.0847600e+01
   4.9660186e-01   1.4760023e+02   2.5272500e+01
   4.9660186e-01   1.5299978e+02   2.0125400e+01
   4.9660186e-01   1.5839991e+02   1.5486700e+01
   4.9660186e-01   1.6380004e+02   1.1418700e+01
   4.9660186e-01   1.6920017e+02   7.9642700e+00
   4.9660186e-01   1.7459972e+02   5.1463800e+00
   4.9660186e-01   1.7999985e+02   2.9688700e+00
   4.9660186e-01   1.8539998e+02   1.4173500e+00
   4.9660186e-01   1.9080010e+02   4.6097200e-01
   4.9660186e-01   1.9620023e+02   5.4576500e-02
   4.9660186e-01   2.0159978e+02   1.4119900e-01
   4.9660186e-01   2.0699991e+02   6.5481700e-01
   4.9660186e-01   2.1240004e+02   1.5231900e+00
   4.9660186e-01   2.1780017e+02   2.6707300e+00
   4.9660186e-01   2.2319972e+02   4.0212100e+00
   4.9660186e-01   2.2859985e+02   5.5004400e+00
   4.9660186e-01   2.3399997e+02   7.0385700e+00
   4.9660186e-01   2.3940010e+02   8.5722500e+00
   4.9660186e-01   2.4480023e+02   1.0046500e+01
   4.9660186e-01   2.5019978e+02   1.1416000e+01
   4.9660186e-01   2.5559991e+02   1.2646700e+01
   4.9660186e-01   2.6100004e+02   1.3716300e+01
   4.9660186e-01   2.6640016e+02   1.4615000e+01
   4.9660186e-01   2.7179972e+02   1.5345400e+01
   4.9660186e-01   2.7719985e+02   1.5922800e+01
   4.9660186e-01   2.8259997e+02   1.6374500e+01
   4.9960184e-01   1.2599972e+02   4.7786600e+01
   4.9960184e-01   1.3139985e+02   4.1661200e+01
   4.9960184e-01   1.3679998e+02   3.5638900e+01
   4.9960184e-01   1.4220010e+02   2.9840000e+01
   4.9960184e-01   1.4760023e+02   2.4373900e+01
   4.9960184e-01   1.5299978e+02   1.9336000e+01
   4.9960184e-01   1.5839991e+02   1.4805500e+01
   4.9960184e-01   1.6380004e+02   1.0843100e+01
   4.9960184e-01   1.6920017e+02   7.4905800e+00
   4.9960184e-01   1.7459972e+02   4.7698900e+00
   4.9960184e-01   1.7999985e+02   2.6840900e+00
   4.9960184e-01   1.8539998e+02   1.2182000e+00
   4.9960184e-01   1.9080010e+02   3.4098600e-01
   4.9960184e-01   1.9620023e+02   7.0791700e-03
   4.9960184e-01   2.0159978e+02   1.5947100e-01
   4.9960184e-01   2.0699991e+02   7.3222900e-01
   4.9960184e-01   2.1240004e+02   1.6533200e+00
   4.9960184e-01   2.1780017e+02   2.8474100e+00
   4.9960184e-01   2.2319972e+02   4.2386400e+00
   4.9960184e-01   2.2859985e+02   5.7531500e+00
   4.9960184e-01   2.3399997e+02   7.3214600e+00
   4.9960184e-01   2.3940010e+02   8.8805800e+00
   4.9960184e-01   2.4480023e+02   1.0375800e+01
   4.9960184e-01   2.5019978e+02   1.1762100e+01
   4.9960184e-01   2.5559991e+02   1.3005500e+01
   4.9960184e-01   2.6100004e+02   1.4083900e+01
   4.9960184e-01   2.6640016e+02   1.4987400e+01
   4.9960184e-01   2.7179972e+02   1.5718700e+01
   4.9960184e-01   2.7719985e+02   1.6292900e+01
   4.9960184e-01   2.8259997e+02   1.6736900e+01
   5.0260182e-01   1.2599972e+02   4.6548000e+01
   5.0260182e-01   1.3139985e+02   4.0519100e+01
   5.0260182e-01   1.3679998e+02   3.4598500e+01
   5.0260182e-01   1.4220010e+02   2.8904800e+01
   5.0260182e-01   1.4760023e+02   2.3545800e+01
   5.0260182e-01   1.5299978e+02   1.8615400e+01
   5.0260182e-01   1.5839991e+02   1.4191100e+01
   5.0260182e-01   1.6380004e+02   1.0332600e+01
   5.0260182e-01   1.6920017e+02   7.0801700e+00
   5.0260182e-01   1.7459972e+02   4.4549900e+00
   5.0260182e-01   1.7999985e+02   2.4592700e+00
   5.0260182e-01   1.8539998e+02   1.0775000e+00
   5.0260182e-01   1.9080010e+02   2.7803500e-01
   5.0260182e-01   1.9620023e+02   1.5316900e-02
   5.0260182e-01   2.0159978e+02   2.3229400e-01
   5.0260182e-01   2.0699991e+02   8.6312800e-01
   5.0260182e-01   2.1240004e+02   1.8359800e+00
   5.0260182e-01   2.1780017e+02   3.0758100e+00
   5.0260182e-01   2.2319972e+02   4.5070800e+00
   5.0260182e-01   2.2859985e+02   6.0562900e+00
   5.0260182e-01   2.3399997e+02   7.6543200e+00
   5.0260182e-01   2.3940010e+02   9.2385000e+00
   5.0260182e-01   2.4480023e+02   1.0754400e+01
   5.0260182e-01   2.5019978e+02   1.2157400e+01
   5.0260182e-01   2.5559991e+02   1.3413500e+01
   5.0260182e-01   2.6100004e+02   1.4500800e+01
   5.0260182e-01   2.6640016e+02   1.5409300e+01
   5.0260182e-01   2.7179972e+02   1.6141800e+01
   5.0260182e-01   2.7719985e+02   1.6713000e+01
   5.0260182e-01   2.8259997e+02   1.7149900e+01
   5.0560172e-01   1.2599972e+02   4.5373400e+01
   5.0560172e-01   1.3139985e+02   3.9439400e+01
   5.0560172e-01   1.3679998e+02   3.3618800e+01
   5.0560172e-01   1.4220010e+02   2.8028600e+01
   5.0560172e-01   1.4760023e+02   2.2775000e+01
   5.0560172e-01   1.5299978e+02   1.7950200e+01
   5.0560172e-01   1.5839991e+02   1.3630500e+01
   5.0560172e-01   1.6380004e+02   9.8740400e+00
   5.0560172e-01   1.6920017e+02   6.7200800e+00
   5.0560172e-01   1.7459972e+02   4.1887900e+00
   5.0560172e-01   1.7999985e+02   2.2816400e+00
   5.0560172e-01   1.8539998e+02   9.8253300e-01
   5.0560172e-01   1.9080010e+02   2.5947800e-01
   5.0560172e-01   1.9620023e+02   6.6712300e-02
   5.0560172e-01   2.0159978e+02   3.4714900e-01
   5.0560172e-01   2.0699991e+02   1.0350400e+00
   5.0560172e-01   2.1240004e+02   2.0587600e+00
   5.0560172e-01   2.1780017e+02   3.3435400e+00
   5.0560172e-01   2.2319972e+02   4.8141700e+00
   5.0560172e-01   2.2859985e+02   6.3975100e+00
   5.0560172e-01   2.3399997e+02   8.0247900e+00
   5.0560172e-01   2.3940010e+02   9.6336900e+00
   5.0560172e-01   2.4480023e+02   1.1170100e+01
   5.0560172e-01   2.5019978e+02   1.2589500e+01
   5.0560172e-01   2.5559991e+02   1.3858300e+01
   5.0560172e-01   2.6100004e+02   1.4954400e+01
   5.0560172e-01   2.6640016e+02   1.5868200e+01
   5.0560172e-01   2.7179972e+02   1.6602000e+01
   5.0560172e-01   2.7719985e+02   1.7170700e+01
   5.0560172e-01   2.8259997e+02   1.7600700e+01
   5.0860141e-01   1.2599972e+02   4.4252000e+01
   5.0860141e-01   1.3139985e+02   3.8411400e+01
   5.0860141e-01   1.3679998e+02   3.2689300e+01
   5.0860141e-01   1.4220010e+02   2.7200900e+01
   5.0860141e-01   1.4760023e+02   2.2051000e+01
   5.0860141e-01   1.5299978e+02   1.7330300e+01
   5.0860141e-01   1.5839991e+02   1.3113500e+01
   5.0860141e-01   1.6380004e+02   9.4574200e+00
   5.0860141e-01   1.6920017e+02   6.4003300e+00
   5.0860141e-01   1.7459972e+02   3.9614100e+00
   5.0860141e-01   1.7999985e+02   2.1413700e+00
   5.0860141e-01   1.8539998e+02   9.2356700e-01
   5.0860141e-01   1.9080010e+02   2.7564800e-01
   5.0860141e-01   1.9620023e+02   1.5166000e-01
   5.0860141e-01   2.0159978e+02   4.9448500e-01
   5.0860141e-01   2.0699991e+02   1.2384800e+00
   5.0860141e-01   2.1240004e+02   2.3122000e+00
   5.0860141e-01   2.1780017e+02   3.6411700e+00
   5.0860141e-01   2.2319972e+02   5.1505100e+00
   5.0860141e-01   2.2859985e+02   6.7674300e+00
   5.0860141e-01   2.3399997e+02   8.4235300e+00
   5.0860141e-01   2.3940010e+02   1.0056800e+01
   5.0860141e-01   2.4480023e+02   1.1613400e+01
   5.0860141e-01   2.5019978e+02   1.3049100e+01
   5.0860141e-01   2.5559991e+02   1.4330500e+01
   5.0860141e-01   2.6100004e+02   1.5435500e+01
   5.0860141e-01   2.6640016e+02   1.6354600e+01
   5.0860141e-01   2.7179972e+02   1.7090000e+01
   5.0860141e-01   2.7719985e+02   1.7656400e+01
   5.0860141e-01   2.8259997e+02   1.8080100e+01
   5.1160080e-01   1.2599972e+02   4.3176100e+01
   5.1160080e-01   1.3139985e+02   3.7427500e+01
   5.1160080e-01   1.3679998e+02   3.1802300e+01
   5.1160080e-01   1.4220010e+02   2.6414400e+01
   5.1160080e-01   1.4760023e+02   2.1366600e+01
   5.1160080e-01   1.5299978e+02   1.6748300e+01
   5.1160080e-01   1.5839991e+02   1.2632800e+01
   5.1160080e-01   1.6380004e+02   9.0756800e+00
   5.1160080e-01   1.6920017e+02   6.1139800e+00
   5.1160080e-01   1.7459972e+02   3.7659900e+00
   5.1160080e-01   1.7999985e+02   2.0316900e+00
   5.1160080e-01   1.8539998e+02   8.9391100e-01
   5.1160080e-01   1.9080010e+02   3.1992700e-01
   5.1160080e-01   1.9620023e+02   2.6360800e-01
   5.1160080e-01   2.0159978e+02   6.6780700e-01
   5.1160080e-01   2.0699991e+02   1.4669800e+00
   5.1160080e-01   2.1240004e+02   2.5898900e+00
   5.1160080e-01   2.1780017e+02   3.9623400e+00
   5.1160080e-01   2.2319972e+02   5.5097700e+00
   5.1160080e-01   2.2859985e+02   7.1597400e+00
   5.1160080e-01   2.3399997e+02   8.8442000e+00
   5.1160080e-01   2.3940010e+02   1.0501500e+01
   5.1160080e-01   2.4480023e+02   1.2078100e+01
   5.1160080e-01   2.5019978e+02   1.3529900e+01
   5.1160080e-01   2.5559991e+02   1.4823700e+01
   5.1160080e-01   2.6100004e+02   1.5937800e+01
   5.1160080e-01   2.6640016e+02   1.6862200e+01
   5.1160080e-01   2.7179972e+02   1.7599300e+01
   5.1160080e-01   2.7719985e+02   1.8163700e+01
   5.1160080e-01   2.8259997e+02   1.8581300e+01
   5.1459976e-01   1.2599972e+02   4.2141000e+01
   5.1459976e-01   1.3139985e+02   3.6483200e+01
   5.1459976e-01   1.3679998e+02   3.0953600e+01
   5.1459976e-01   1.4220010e+02   2.5664600e+01
   5.1459976e-01   1.4760023e+02   2.0717500e+01
   5.1459976e-01   1.5299978e+02   1.6200200e+01
   5.1459976e-01   1.5839991e+02   1.2184600e+01
   5.1459976e-01   1.6380004e+02   8.7248900e+00
   5.1459976e-01   1.6920017e+02   5.8571800e+00
   5.1459976e-01   1.7459972e+02   3.5987800e+00
   5.1459976e-01   1.7999985e+02   1.9489500e+00
   5.1459976e-01   1.8539998e+02   8.8997900e-01
   5.1459976e-01   1.9080010e+02   3.8880100e-01
   5.1459976e-01   1.9620023e+02   3.9910700e-01
   5.1459976e-01   2.0159978e+02   8.6372400e-01
   5.1459976e-01   2.0699991e+02   1.7172100e+00
   5.1459976e-01   2.1240004e+02   2.8885300e+00
   5.1459976e-01   2.1780017e+02   4.3037600e+00
   5.1459976e-01   2.2319972e+02   5.8886800e+00
   5.1459976e-01   2.2859985e+02   7.5711900e+00
   5.1459976e-01   2.3399997e+02   9.2836000e+00
   5.1459976e-01   2.3940010e+02   1.0964600e+01
   5.1459976e-01   2.4480023e+02   1.2560800e+01
   5.1459976e-01   2.5019978e+02   1.4028600e+01
   5.1459976e-01   2.5559991e+02   1.5334800e+01
   5.1459976e-01   2.6100004e+02   1.6457800e+01
   5.1459976e-01   2.6640016e+02   1.7387600e+01
   5.1459976e-01   2.7179972e+02   1.8126700e+01
   5.1459976e-01   2.7719985e+02   1.8689300e+01
   5.1459976e-01   2.8259997e+02   1.9101100e+01
   5.1759820e-01   1.2599972e+02   4.1145300e+01
   5.1759820e-01   1.3139985e+02   3.5576900e+01
   5.1759820e-01   1.3679998e+02   3.0141700e+01
   5.1759820e-01   1.4220010e+02   2.4950300e+01
   5.1759820e-01   1.4760023e+02   2.0102600e+01
   5.1759820e-01   1.5299978e+02   1.5684900e+01
   5.1759820e-01   1.5839991e+02   1.1767800e+01
   5.1759820e-01   1.6380004e+02   8.4042500e+00
   5.1759820e-01   1.6920017e+02   5.6292300e+00
   5.1759820e-01   1.7459972e+02   3.4591600e+00
   5.1759820e-01   1.7999985e+02   1.8926100e+00
   5.1759820e-01   1.8539998e+02   9.1131700e-01
   5.1759820e-01   1.9080010e+02   4.8188700e-01
   5.1759820e-01   1.9620023e+02   5.5783800e-01
   5.1759820e-01   2.0159978e+02   1.0819700e+00
   5.1759820e-01   2.0699991e+02   1.9889500e+00
   5.1759820e-01   2.1240004e+02   3.2079400e+00
   5.1759820e-01   2.1780017e+02   4.6653000e+00
   5.1759820e-01   2.2319972e+02   6.2871300e+00
   5.1759820e-01   2.2859985e+02   8.0017000e+00
   5.1759820e-01   2.3399997e+02   9.7416300e+00
   5.1759820e-01   2.3940010e+02   1.1445900e+01
   5.1759820e-01   2.4480023e+02   1.3061600e+01
   5.1759820e-01   2.5019978e+02   1.4545200e+01
   5.1759820e-01   2.5559991e+02   1.5863700e+01
   5.1759820e-01   2.6100004e+02   1.6995400e+01
   5.1759820e-01   2.6640016e+02   1.7930700e+01
   5.1759820e-01   2.7179972e+02   1.8671800e+01
   5.1759820e-01   2.7719985e+02   1.9232700e+01
   5.1759820e-01   2.8259997e+02   1.9639100e+01
   5.2059601e-01   1.2599972e+02   4.0190500e+01
   5.2059601e-01   1.3139985e+02   3.4710500e+01
   5.2059601e-01   1.3679998e+02   2.9368500e+01
   5.2059601e-01   1.4220010e+02   2.4273500e+01
   5.2059601e-01   1.4760023e+02   1.9523900e+01
   5.2059601e-01   1.5299978e+02   1.5204600e+01
   5.2059601e-01   1.5839991e+02   1.1384700e+01
   5.2059601e-01   1.6380004e+02   8.1160800e+00
   5.2059601e-01   1.6920017e+02   5.4325400e+00
   5.2059601e-01   1.7459972e+02   3.3496600e+00
   5.2059601e-01   1.7999985e+02   1.8652600e+00
   5.2059601e-01   1.8539998e+02   9.6059700e-01
   5.2059601e-01   1.9080010e+02   6.0192800e-01
   5.2059601e-01   1.9620023e+02   7.4260400e-01
   5.2059601e-01   2.0159978e+02   1.3254100e+00
   5.2059601e-01   2.0699991e+02   2.2851000e+00
   5.2059601e-01   2.1240004e+02   3.5510700e+00
   5.2059601e-01   2.1780017e+02   5.0499400e+00
   5.2059601e-01   2.2319972e+02   6.7081300e+00
   5.2059601e-01   2.2859985e+02   8.4542600e+00
   5.2059601e-01   2.3399997e+02   1.0221300e+01
   5.2059601e-01   2.3940010e+02   1.1948600e+01
   5.2059601e-01   2.4480023e+02   1.3583500e+01
   5.2059601e-01   2.5019978e+02   1.5082600e+01
   5.2059601e-01   2.5559991e+02   1.6413200e+01
   5.2059601e-01   2.6100004e+02   1.7553700e+01
   5.2059601e-01   2.6640016e+02   1.8494500e+01
   5.2059601e-01   2.7179972e+02   1.9237600e+01
   5.2059601e-01   2.7719985e+02   1.9797000e+01
   5.2059601e-01   2.8259997e+02   2.0198000e+01
   5.2359307e-01   1.2599972e+02   3.9281300e+01
   5.2359307e-01   1.3139985e+02   3.3888700e+01
   5.2359307e-01   1.3679998e+02   2.8638800e+01
   5.2359307e-01   1.4220010e+02   2.3639100e+01
   5.2359307e-01   1.4760023e+02   1.8986600e+01
   5.2359307e-01   1.5299978e+02   1.4764500e+01
   5.2359307e-01   1.5839991e+02   1.1040700e+01
   5.2359307e-01   1.6380004e+02   7.8658000e+00
   5.2359307e-01   1.6920017e+02   5.2726400e+00
   5.2359307e-01   1.7459972e+02   3.2758600e+00
   5.2359307e-01   1.7999985e+02   1.8726000e+00
   5.2359307e-01   1.8539998e+02   1.0435800e+00
   5.2359307e-01   1.9080010e+02   7.5475600e-01
   5.2359307e-01   1.9620023e+02   9.5929900e-01
   5.2359307e-01   2.0159978e+02   1.5999800e+00
   5.2359307e-01   2.0699991e+02   2.6116600e+00
   5.2359307e-01   2.1240004e+02   3.9239400e+00
   5.2359307e-01   2.1780017e+02   5.4637200e+00
   5.2359307e-01   2.2319972e+02   7.1577400e+00
   5.2359307e-01   2.2859985e+02   8.9349700e+00
   5.2359307e-01   2.3399997e+02   1.0728700e+01
   5.2359307e-01   2.3940010e+02   1.2478700e+01
   5.2359307e-01   2.4480023e+02   1.4132400e+01
   5.2359307e-01   2.5019978e+02   1.5646900e+01
   5.2359307e-01   2.5559991e+02   1.6989400e+01
   5.2359307e-01   2.6100004e+02   1.8138700e+01
   5.2359307e-01   2.6640016e+02   1.9084800e+01
   5.2359307e-01   2.7179972e+02   1.9830000e+01
   5.2359307e-01   2.7719985e+02   2.0388000e+01
   5.2359307e-01   2.8259997e+02   2.0783800e+01
   5.2658929e-01   1.2599972e+02   3.8425500e+01
   5.2658929e-01   1.3139985e+02   3.3119400e+01
   5.2658929e-01   1.3679998e+02   2.7960700e+01
   5.2658929e-01   1.4220010e+02   2.3055300e+01
   5.2658929e-01   1.4760023e+02   1.8498700e+01
   5.2658929e-01   1.5299978e+02   1.4372800e+01
   5.2658929e-01   1.5839991e+02   1.0744000e+01
   5.2658929e-01   1.6380004e+02   7.6618800e+00
   5.2658929e-01   1.6920017e+02   5.1580800e+00
   5.2658929e-01   1.7459972e+02   3.2464200e+00
   5.2658929e-01   1.7999985e+02   1.9233400e+00
   5.2658929e-01   1.8539998e+02   1.1690700e+00
   5.2658929e-01   1.9080010e+02   9.4923400e-01
   5.2658929e-01   1.9620023e+02   1.2168500e+00
   5.2658929e-01   2.0159978e+02   1.9146600e+00
   5.2658929e-01   2.0699991e+02   2.9776500e+00
   5.2658929e-01   2.1240004e+02   4.3356200e+00
   5.2658929e-01   2.1780017e+02   5.9157400e+00
   5.2658929e-01   2.2319972e+02   7.6450800e+00
   5.2658929e-01   2.2859985e+02   9.4529500e+00
   5.2658929e-01   2.3399997e+02   1.1273000e+01
   5.2658929e-01   2.3940010e+02   1.3045300e+01
   5.2658929e-01   2.4480023e+02   1.4717600e+01
   5.2658929e-01   2.5019978e+02   1.6247200e+01
   5.2658929e-01   2.5559991e+02   1.7601500e+01
   5.2658929e-01   2.6100004e+02   1.8759300e+01
   5.2658929e-01   2.6640016e+02   1.9710800e+01
   5.2658929e-01   2.7179972e+02   2.0458000e+01
   5.2658929e-01   2.7719985e+02   2.1014500e+01
   5.2658929e-01   2.8259997e+02   2.1405300e+01
   5.2958455e-01   1.2599972e+02   3.7633700e+01
   5.2958455e-01   1.3139985e+02   3.2413400e+01
   5.2958455e-01   1.3679998e+02   2.7345000e+01
   5.2958455e-01   1.4220010e+02   2.2533000e+01
   5.2958455e-01   1.4760023e+02   1.8071400e+01
   5.2958455e-01   1.5299978e+02   1.4040700e+01
   5.2958455e-01   1.5839991e+02   1.0506100e+01
   5.2958455e-01   1.6380004e+02   7.5157500e+00
   5.2958455e-01   1.6920017e+02   5.1003800e+00
   5.2958455e-01   1.7459972e+02   3.2729200e+00
   5.2958455e-01   1.7999985e+02   2.0291600e+00
   5.2958455e-01   1.8539998e+02   1.3488100e+00
   5.2958455e-01   1.9080010e+02   1.1971700e+00
   5.2958455e-01   1.9620023e+02   1.5271100e+00
   5.2958455e-01   2.0159978e+02   2.2813600e+00
   5.2958455e-01   2.0699991e+02   3.3950200e+00
   5.2958455e-01   2.1240004e+02   4.7980700e+00
   5.2958455e-01   2.1780017e+02   6.4179900e+00
   5.2958455e-01   2.2319972e+02   8.1821600e+00
   5.2958455e-01   2.2859985e+02   1.0020200e+01
   5.2958455e-01   2.3399997e+02   1.1866200e+01
   5.2958455e-01   2.3940010e+02   1.3660400e+01
   5.2958455e-01   2.4480023e+02   1.5351100e+01
   5.2958455e-01   2.5019978e+02   1.6895500e+01
   5.2958455e-01   2.5559991e+02   1.8261400e+01
   5.2958455e-01   2.6100004e+02   1.9427500e+01
   5.2958455e-01   2.6640016e+02   2.0384200e+01
   5.2958455e-01   2.7179972e+02   2.1133400e+01
   5.2958455e-01   2.7719985e+02   2.1688600e+01
   5.2958455e-01   2.8259997e+02   2.2074300e+01
   5.3257874e-01   1.2599972e+02   3.6919700e+01
   5.3257874e-01   1.3139985e+02   3.1784400e+01
   5.3257874e-01   1.3679998e+02   2.6805500e+01
   5.3257874e-01   1.4220010e+02   2.2086200e+01
   5.3257874e-01   1.4760023e+02   1.7718800e+01
   5.3257874e-01   1.5299978e+02   1.3782500e+01
   5.3257874e-01   1.5839991e+02   1.0341100e+01
   5.3257874e-01   1.6380004e+02   7.4416600e+00
   5.3257874e-01   1.6920017e+02   5.1138800e+00
   5.3257874e-01   1.7459972e+02   3.3698100e+00
   5.3257874e-01   1.7999985e+02   2.2045600e+00
   5.3257874e-01   1.8539998e+02   1.5973600e+00
   5.3257874e-01   1.9080010e+02   1.5131900e+00
   5.3257874e-01   1.9620023e+02   1.9047700e+00
   5.3257874e-01   2.0159978e+02   2.7148200e+00
   5.3257874e-01   2.0699991e+02   3.8785300e+00
   5.3257874e-01   2.1240004e+02   5.3261200e+00
   5.3257874e-01   2.1780017e+02   6.9853100e+00
   5.3257874e-01   2.2319972e+02   8.7838300e+00
   5.3257874e-01   2.2859985e+02   1.0651700e+01
   5.3257874e-01   2.3399997e+02   1.2523200e+01
   5.3257874e-01   2.3940010e+02   1.4339000e+01
   5.3257874e-01   2.4480023e+02   1.6047600e+01
   5.3257874e-01   2.5019978e+02   1.7606600e+01
   5.3257874e-01   2.5559991e+02   1.8983800e+01
   5.3257874e-01   2.6100004e+02   2.0158200e+01
   5.3257874e-01   2.6640016e+02   2.1120000e+01
   5.3257874e-01   2.7179972e+02   2.1871000e+01
   5.3257874e-01   2.7719985e+02   2.2424700e+01
   5.3257874e-01   2.8259997e+02   2.2805400e+01
   5.3557176e-01   1.2599972e+02   3.6299700e+01
   5.3557176e-01   1.3139985e+02   3.1248800e+01
   5.3557176e-01   1.3679998e+02   2.6358800e+01
   5.3557176e-01   1.4220010e+02   2.1731400e+01
   5.3557176e-01   1.4760023e+02   1.7457400e+01
   5.3557176e-01   1.5299978e+02   1.3614800e+01
   5.3557176e-01   1.5839991e+02   1.0265800e+01
   5.3557176e-01   1.6380004e+02   7.4565900e+00
   5.3557176e-01   1.6920017e+02   5.2156300e+00
   5.3557176e-01   1.7459972e+02   3.5542000e+00
   5.3557176e-01   1.7999985e+02   2.4667400e+00
   5.3557176e-01   1.8539998e+02   1.9320000e+00
   5.3557176e-01   1.9080010e+02   1.9146300e+00
   5.3557176e-01   1.9620023e+02   2.3672000e+00
   5.3557176e-01   2.0159978e+02   3.2324400e+00
   5.3557176e-01   2.0699991e+02   4.4456400e+00
   5.3557176e-01   2.1240004e+02   5.9372300e+00
   5.3557176e-01   2.1780017e+02   7.6352000e+00
   5.3557176e-01   2.2319972e+02   9.4676100e+00
   5.3557176e-01   2.2859985e+02   1.1364800e+01
   5.3557176e-01   2.3399997e+02   1.3261500e+01
   5.3557176e-01   2.3940010e+02   1.5098500e+01
   5.3557176e-01   2.4480023e+02   1.6824800e+01
   5.3557176e-01   2.5019978e+02   1.8398000e+01
   5.3557176e-01   2.5559991e+02   1.9786300e+01
   5.3557176e-01   2.6100004e+02   2.0968700e+01
   5.3557176e-01   2.6640016e+02   2.1935300e+01
   5.3557176e-01   2.7179972e+02   2.2688200e+01
   5.3557176e-01   2.7719985e+02   2.3240300e+01
   5.3557176e-01   2.8259997e+02   2.3615800e+01
   5.3856350e-01   1.2599972e+02   3.5792700e+01
   5.3856350e-01   1.3139985e+02   3.0825600e+01
   5.3856350e-01   1.3679998e+02   2.6023900e+01
   5.3856350e-01   1.4220010e+02   2.1487800e+01
   5.3856350e-01   1.4760023e+02   1.7306700e+01
   5.3856350e-01   1.5299978e+02   1.3557000e+01
   5.3856350e-01   1.5839991e+02   1.0299800e+01
   5.3856350e-01   1.6380004e+02   7.5800600e+00
   5.3856350e-01   1.6920017e+02   5.4252500e+00
   5.3856350e-01   1.7459972e+02   3.8457900e+00
   5.3856350e-01   1.7999985e+02   2.8354500e+00
   5.3856350e-01   1.8539998e+02   2.3725100e+00
   5.3856350e-01   1.9080010e+02   2.4213300e+00
   5.3856350e-01   1.9620023e+02   2.9343100e+00
   5.3856350e-01   2.0159978e+02   3.8541700e+00
   5.3856350e-01   2.0699991e+02   5.1163300e+00
   5.3856350e-01   2.1240004e+02   6.6514000e+00
   5.3856350e-01   2.1780017e+02   8.3876800e+00
   5.3856350e-01   2.2319972e+02   1.0253500e+01
   5.3856350e-01   2.2859985e+02   1.2179600e+01
   5.3856350e-01   2.3399997e+02   1.4101000e+01
   5.3856350e-01   2.3940010e+02   1.5959000e+01
   5.3856350e-01   2.4480023e+02   1.7702500e+01
   5.3856350e-01   2.5019978e+02   1.9289800e+01
   5.3856350e-01   2.5559991e+02   2.0688900e+01
   5.3856350e-01   2.6100004e+02   2.1879000e+01
   5.3856350e-01   2.6640016e+02   2.2850300e+01
   5.3856350e-01   2.7179972e+02   2.3604700e+01
   5.3856350e-01   2.7719985e+02   2.4155100e+01
   5.3856350e-01   2.8259997e+02   2.4525400e+01
   5.4155385e-01   1.2599972e+02   3.5419900e+01
   5.4155385e-01   1.3139985e+02   3.0536300e+01
   5.4155385e-01   1.3679998e+02   2.5822400e+01
   5.4155385e-01   1.4220010e+02   2.1377000e+01
   5.4155385e-01   1.4760023e+02   1.7288200e+01
   5.4155385e-01   1.5299978e+02   1.3630800e+01
   5.4155385e-01   1.5839991e+02   1.0464900e+01
   5.4155385e-01   1.6380004e+02   7.8339800e+00
   5.4155385e-01   1.6920017e+02   5.7646900e+00
   5.4155385e-01   1.7459972e+02   4.2665900e+00
   5.4155385e-01   1.7999985e+02   3.3327800e+00
   5.4155385e-01   1.8539998e+02   2.9410700e+00
   5.4155385e-01   1.9080010e+02   3.0555000e+00
   5.4155385e-01   1.9620023e+02   3.6283400e+00
   5.4155385e-01   2.0159978e+02   4.6022900e+00
   5.4155385e-01   2.0699991e+02   5.9128900e+00
   5.4155385e-01   2.1240004e+02   7.4909700e+00
   5.4155385e-01   2.1780017e+02   9.2650900e+00
   5.4155385e-01   2.2319972e+02   1.1163900e+01
   5.4155385e-01   2.2859985e+02   1.3118500e+01
   5.4155385e-01   2.3399997e+02   1.5064300e+01
   5.4155385e-01   2.3940010e+02   1.6942800e+01
   5.4155385e-01   2.4480023e+02   1.8703300e+01
   5.4155385e-01   2.5019978e+02   2.0304200e+01
   5.4155385e-01   2.5559991e+02   2.1713800e+01
   5.4155385e-01   2.6100004e+02   2.2911300e+01
   5.4155385e-01   2.6640016e+02   2.3887100e+01
   5.4155385e-01   2.7179972e+02   2.4642800e+01
   5.4155385e-01   2.7719985e+02   2.5191300e+01
   5.4155385e-01   2.8259997e+02   2.5556300e+01
   5.4454271e-01   1.2599972e+02   3.5204900e+01
   5.4454271e-01   1.3139985e+02   3.0404300e+01
   5.4454271e-01   1.3679998e+02   2.5777900e+01
   5.4454271e-01   1.4220010e+02   2.1422800e+01
   5.4454271e-01   1.4760023e+02   1.7425800e+01
   5.4454271e-01   1.5299978e+02   1.3860300e+01
   5.4454271e-01   1.5839991e+02   1.0785000e+01
   5.4454271e-01   1.6380004e+02   8.2424200e+00
   5.4454271e-01   1.6920017e+02   6.2581100e+00
   5.4454271e-01   1.7459972e+02   4.8408200e+00
   5.4454271e-01   1.7999985e+02   3.9830000e+00
   5.4454271e-01   1.8539998e+02   3.6619700e+00
   5.4454271e-01   1.9080010e+02   3.8414900e+00
   5.4454271e-01   1.9620023e+02   4.4736700e+00
   5.4454271e-01   2.0159978e+02   5.5012200e+00
   5.4454271e-01   2.0699991e+02   6.8597900e+00
   5.4454271e-01   2.1240004e+02   8.4804000e+00
   5.4454271e-01   2.1780017e+02   1.0291900e+01
   5.4454271e-01   2.2319972e+02   1.2223300e+01
   5.4454271e-01   2.2859985e+02   1.4206000e+01
   5.4454271e-01   2.3399997e+02   1.6175700e+01
   5.4454271e-01   2.3940010e+02   1.8074300e+01
   5.4454271e-01   2.4480023e+02   1.9851400e+01
   5.4454271e-01   2.5019978e+02   2.1465600e+01
   5.4454271e-01   2.5559991e+02   2.2885500e+01
   5.4454271e-01   2.6100004e+02   2.4090200e+01
   5.4454271e-01   2.6640016e+02   2.5070100e+01
   5.4454271e-01   2.7179972e+02   2.5826900e+01
   5.4454271e-01   2.7719985e+02   2.6373300e+01
   5.4454271e-01   2.8259997e+02   2.6732700e+01
   5.4752996e-01   1.2599972e+02   3.5173200e+01
   5.4752996e-01   1.3139985e+02   3.0455500e+01
   5.4752996e-01   1.3679998e+02   2.5916100e+01
   5.4752996e-01   1.4220010e+02   2.1651000e+01
   5.4752996e-01   1.4760023e+02   1.7745300e+01
   5.4752996e-01   1.5299978e+02   1.4271200e+01
   5.4752996e-01   1.5839991e+02   1.1286200e+01
   5.4752996e-01   1.6380004e+02   8.8314300e+00
   5.4752996e-01   1.6920017e+02   6.9316200e+00
   5.4752996e-01   1.7459972e+02   5.5946400e+00
   5.4752996e-01   1.7999985e+02   4.8123100e+00
   5.4752996e-01   1.8539998e+02   4.5614800e+00
   5.4752996e-01   1.9080010e+02   4.8056000e+00
   5.4752996e-01   1.9620023e+02   5.4966500e+00
   5.4752996e-01   2.0159978e+02   6.5773300e+00
   5.4752996e-01   2.0699991e+02   7.9834100e+00
   5.4752996e-01   2.1240004e+02   9.6461200e+00
   5.4752996e-01   2.1780017e+02   1.1494600e+01
   5.4752996e-01   2.2319972e+02   1.3458100e+01
   5.4752996e-01   2.2859985e+02   1.5468500e+01
   5.4752996e-01   2.3399997e+02   1.7461800e+01
   5.4752996e-01   2.3940010e+02   1.9380100e+01
   5.4752996e-01   2.4480023e+02   2.1173500e+01
   5.4752996e-01   2.5019978e+02   2.2800600e+01
   5.4752996e-01   2.5559991e+02   2.4230300e+01
   5.4752996e-01   2.6100004e+02   2.5441800e+01
   5.4752996e-01   2.6640016e+02   2.6425600e+01
   5.4752996e-01   2.7179972e+02   2.7183100e+01
   5.4752996e-01   2.7719985e+02   2.7727200e+01
   5.4752996e-01   2.8259997e+02   2.8080800e+01
   5.5051550e-01   1.2599972e+02   3.5352200e+01
   5.5051550e-01   1.3139985e+02   3.0717100e+01
   5.5051550e-01   1.3679998e+02   2.6264600e+01
   5.5051550e-01   1.4220010e+02   2.2089100e+01
   5.5051550e-01   1.4760023e+02   1.8274400e+01
   5.5051550e-01   1.5299978e+02   1.4891400e+01
   5.5051550e-01   1.5839991e+02   1.1996100e+01
   5.5051550e-01   1.6380004e+02   9.6288200e+00
   5.5051550e-01   1.6920017e+02   7.8130600e+00
   5.5051550e-01   1.7459972e+02   6.5559500e+00
   5.5051550e-01   1.7999985e+02   5.8486700e+00
   5.5051550e-01   1.8539998e+02   5.6675800e+00
   5.5051550e-01   1.9080010e+02   5.9758600e+00
   5.5051550e-01   1.9620023e+02   6.7253300e+00
   5.5051550e-01   2.0159978e+02   7.8587000e+00
   5.5051550e-01   2.0699991e+02   9.3118500e+00
   5.5051550e-01   2.1240004e+02   1.1016200e+01
   5.5051550e-01   2.1780017e+02   1.2901200e+01
   5.5051550e-01   2.2319972e+02   1.4896500e+01
   5.5051550e-01   2.2859985e+02   1.6934100e+01
   5.5051550e-01   2.3399997e+02   1.8950500e+01
   5.5051550e-01   2.3940010e+02   2.0888200e+01
   5.5051550e-01   2.4480023e+02   2.2697400e+01
   5.5051550e-01   2.5019978e+02   2.4337100e+01
   5.5051550e-01   2.5559991e+02   2.5776300e+01
   5.5051550e-01   2.6100004e+02   2.6994200e+01
   5.5051550e-01   2.6640016e+02   2.7981500e+01
   5.5051550e-01   2.7179972e+02   2.8739600e+01
   5.5051550e-01   2.7719985e+02   2.9280900e+01
   5.5051550e-01   2.8259997e+02   2.9628500e+01
   5.5349922e-01   1.2599972e+02   3.5770800e+01
   5.5349922e-01   1.3139985e+02   3.1218100e+01
   5.5349922e-01   1.3679998e+02   2.6852200e+01
   5.5349922e-01   1.4220010e+02   2.2766200e+01
   5.5349922e-01   1.4760023e+02   1.9042200e+01
   5.5349922e-01   1.5299978e+02   1.5749900e+01
   5.5349922e-01   1.5839991e+02   1.2944100e+01
   5.5349922e-01   1.6380004e+02   1.0663900e+01
   5.5349922e-01   1.6920017e+02   8.9318100e+00
   5.5349922e-01   1.7459972e+02   7.7541800e+00
   5.5349922e-01   1.7999985e+02   7.1215200e+00
   5.5349922e-01   1.8539998e+02   7.0097700e+00
   5.5349922e-01   1.9080010e+02   7.3817800e+00
   5.5349922e-01   1.9620023e+02   8.1892600e+00
   5.5349922e-01   2.0159978e+02   9.3748900e+00
   5.5349922e-01   2.0699991e+02   1.0874700e+01
   5.5349922e-01   2.1240004e+02   1.2620300e+01
   5.5349922e-01   2.1780017e+02   1.4541400e+01
   5.5349922e-01   2.2319972e+02   1.6568000e+01
   5.5349922e-01   2.2859985e+02   1.8632500e+01
   5.5349922e-01   2.3399997e+02   2.0671600e+01
   5.5349922e-01   2.3940010e+02   2.2628200e+01
   5.5349922e-01   2.4480023e+02   2.4452900e+01
   5.5349922e-01   2.5019978e+02   2.6104700e+01
   5.5349922e-01   2.5559991e+02   2.7553000e+01
   5.5349922e-01   2.6100004e+02   2.8777000e+01
   5.5349922e-01   2.6640016e+02   2.9767400e+01
   5.5349922e-01   2.7179972e+02   3.0525600e+01
   5.5349922e-01   2.7719985e+02   3.1063900e+01
   5.5349922e-01   2.8259997e+02   3.1405200e+01
   5.5648102e-01   1.2599972e+02   3.6459300e+01
   5.5648102e-01   1.3139985e+02   3.1988900e+01
   5.5648102e-01   1.3679998e+02   2.7709500e+01
   5.5648102e-01   1.4220010e+02   2.3712700e+01
   5.5648102e-01   1.4760023e+02   2.0079200e+01
   5.5648102e-01   1.5299978e+02   1.6877400e+01
   5.5648102e-01   1.5839991e+02   1.4160800e+01
   5.5648102e-01   1.6380004e+02   1.1967300e+01
   5.5648102e-01   1.6920017e+02   1.0318500e+01
   5.5648102e-01   1.7459972e+02   9.2200000e+00
   5.5648102e-01   1.7999985e+02   8.6616100e+00
   5.5648102e-01   1.8539998e+02   8.6188000e+00
   5.5648102e-01   1.9080010e+02   9.0541500e+00
   5.5648102e-01   1.9620023e+02   9.9192300e+00
   5.5648102e-01   2.0159978e+02   1.1156700e+01
   5.5648102e-01   2.0699991e+02   1.2702800e+01
   5.5648102e-01   2.1240004e+02   1.4489200e+01
   5.5648102e-01   2.1780017e+02   1.6446000e+01
   5.5648102e-01   2.2319972e+02   1.8503500e+01
   5.5648102e-01   2.2859985e+02   2.0594400e+01
   5.5648102e-01   2.3399997e+02   2.2655800e+01
   5.5648102e-01   2.3940010e+02   2.4631000e+01
   5.5648102e-01   2.4480023e+02   2.6470600e+01
   5.5648102e-01   2.5019978e+02   2.8134300e+01
   5.5648102e-01   2.5559991e+02   2.9591200e+01
   5.5648102e-01   2.6100004e+02   3.0820900e+01
   5.5648102e-01   2.6640016e+02   3.1814100e+01
   5.5648102e-01   2.7179972e+02   3.2572000e+01
   5.5648102e-01   2.7719985e+02   3.3106900e+01
   5.5648102e-01   2.8259997e+02   3.3441500e+01
   5.5946078e-01   1.2599972e+02   3.7448900e+01
   5.5946078e-01   1.3139985e+02   3.3060800e+01
   5.5946078e-01   1.3679998e+02   2.8867900e+01
   5.5946078e-01   1.4220010e+02   2.4960100e+01
   5.5946078e-01   1.4760023e+02   2.1417000e+01
   5.5946078e-01   1.5299978e+02   1.8305400e+01
   5.5946078e-01   1.5839991e+02   1.5677700e+01
   5.5946078e-01   1.6380004e+02   1.3570600e+01
   5.5946078e-01   1.6920017e+02   1.2004900e+01
   5.5946078e-01   1.7459972e+02   1.0985200e+01
   5.5946078e-01   1.7999985e+02   1.0500700e+01
   5.5946078e-01   1.8539998e+02   1.0526500e+01
   5.5946078e-01   1.9080010e+02   1.1024800e+01
   5.5946078e-01   1.9620023e+02   1.1947100e+01
   5.5946078e-01   2.0159978e+02   1.3236000e+01
   5.5946078e-01   2.0699991e+02   1.4827900e+01
   5.5946078e-01   2.1240004e+02   1.6654800e+01
   5.5946078e-01   2.1780017e+02   1.8646900e+01
   5.5946078e-01   2.2319972e+02   2.0734800e+01
   5.5946078e-01   2.2859985e+02   2.2851700e+01
   5.5946078e-01   2.3399997e+02   2.4935100e+01
   5.5946078e-01   2.3940010e+02   2.6928300e+01
   5.5946078e-01   2.4480023e+02   2.8782600e+01
   5.5946078e-01   2.5019978e+02   3.0457500e+01
   5.5946078e-01   2.5559991e+02   3.1922700e+01
   5.5946078e-01   2.6100004e+02   3.3157700e+01
   5.5946078e-01   2.6640016e+02   3.4153200e+01
   5.5946078e-01   2.7179972e+02   3.4910400e+01
   5.5946078e-01   2.7719985e+02   3.5441600e+01
   5.5946078e-01   2.8259997e+02   3.5769000e+01
   5.6243841e-01   1.2599972e+02   3.8772000e+01
   5.6243841e-01   1.3139985e+02   3.4466200e+01
   5.6243841e-01   1.3679998e+02   3.0359600e+01
   5.6243841e-01   1.4220010e+02   2.6540800e+01
   5.6243841e-01   1.4760023e+02   2.3087900e+01
   5.6243841e-01   1.5299978e+02   2.0066400e+01
   5.6243841e-01   1.5839991e+02   1.7527300e+01
   5.6243841e-01   1.6380004e+02   1.5506500e+01
   5.6243841e-01   1.6920017e+02   1.4023500e+01
   5.6243841e-01   1.7459972e+02   1.3082200e+01
   5.6243841e-01   1.7999985e+02   1.2671300e+01
   5.6243841e-01   1.8539998e+02   1.2765300e+01
   5.6243841e-01   1.9080010e+02   1.3326200e+01
   5.6243841e-01   1.9620023e+02   1.4305400e+01
   5.6243841e-01   2.0159978e+02   1.5645400e+01
   5.6243841e-01   2.0699991e+02   1.7282700e+01
   5.6243841e-01   2.1240004e+02   1.9149600e+01
   5.6243841e-01   2.1780017e+02   2.1176600e+01
   5.6243841e-01   2.2319972e+02   2.3294600e+01
   5.6243841e-01   2.2859985e+02   2.5437100e+01
   5.6243841e-01   2.3399997e+02   2.7541900e+01
   5.6243841e-01   2.3940010e+02   2.9552800e+01
   5.6243841e-01   2.4480023e+02   3.1421200e+01
   5.6243841e-01   2.5019978e+02   3.3107100e+01
   5.6243841e-01   2.5559991e+02   3.4580000e+01
   5.6243841e-01   2.6100004e+02   3.5819900e+01
   5.6243841e-01   2.6640016e+02   3.6817200e+01
   5.6243841e-01   2.7179972e+02   3.7573400e+01
   5.6243841e-01   2.7719985e+02   3.8100300e+01
   5.6243841e-01   2.8259997e+02   3.8420300e+01
   5.6541378e-01   1.2599972e+02   4.0461300e+01
   5.6541378e-01   1.3139985e+02   3.6237900e+01
   5.6541378e-01   1.3679998e+02   3.2217600e+01
   5.6541378e-01   1.4220010e+02   2.8487700e+01
   5.6541378e-01   1.4760023e+02   2.5124900e+01
   5.6541378e-01   1.5299978e+02   2.2193300e+01
   5.6541378e-01   1.5839991e+02   1.9742700e+01
   5.6541378e-01   1.6380004e+02   1.7807800e+01
   5.6541378e-01   1.6920017e+02   1.6407300e+01
   5.6541378e-01   1.7459972e+02   1.5544200e+01
   5.6541378e-01   1.7999985e+02   1.5206600e+01
   5.6541378e-01   1.8539998e+02   1.5368500e+01
   5.6541378e-01   1.9080010e+02   1.5991700e+01
   5.6541378e-01   1.9620023e+02   1.7027300e+01
   5.6541378e-01   2.0159978e+02   1.8418100e+01
   5.6541378e-01   2.0699991e+02   2.0100500e+01
   5.6541378e-01   2.1240004e+02   2.2007000e+01
   5.6541378e-01   2.1780017e+02   2.4068400e+01
   5.6541378e-01   2.2319972e+02   2.6216100e+01
   5.6541378e-01   2.2859985e+02   2.8383700e+01
   5.6541378e-01   2.3399997e+02   3.0509500e+01
   5.6541378e-01   2.3940010e+02   3.2537600e+01
   5.6541378e-01   2.4480023e+02   3.4419700e+01
   5.6541378e-01   2.5019978e+02   3.6116000e+01
   5.6541378e-01   2.5559991e+02   3.7596300e+01
   5.6541378e-01   2.6100004e+02   3.8840500e+01
   5.6541378e-01   2.6640016e+02   3.9839300e+01
   5.6541378e-01   2.7179972e+02   4.0593900e+01
   5.6541378e-01   2.7719985e+02   4.1116200e+01
   5.6541378e-01   2.8259997e+02   4.1428300e+01
   5.6838680e-01   1.2599972e+02   4.2550200e+01
   5.6838680e-01   1.3139985e+02   3.8409200e+01
   5.6838680e-01   1.3679998e+02   3.4475300e+01
   5.6838680e-01   1.4220010e+02   3.0834200e+01
   5.6838680e-01   1.4760023e+02   2.7561400e+01
   5.6838680e-01   1.5299978e+02   2.4719500e+01
   5.6838680e-01   1.5839991e+02   2.2357300e+01
   5.6838680e-01   1.6380004e+02   2.0508200e+01
   5.6838680e-01   1.6920017e+02   1.9189900e+01
   5.6838680e-01   1.7459972e+02   1.8404700e+01
   5.6838680e-01   1.7999985e+02   1.8140000e+01
   5.6838680e-01   1.8539998e+02   1.8369500e+01
   5.6838680e-01   1.9080010e+02   1.9054600e+01
   5.6838680e-01   1.9620023e+02   2.0146400e+01
   5.6838680e-01   2.0159978e+02   2.1587500e+01
   5.6838680e-01   2.0699991e+02   2.3314500e+01
   5.6838680e-01   2.1240004e+02   2.5260300e+01
   5.6838680e-01   2.1780017e+02   2.7355700e+01
   5.6838680e-01   2.2319972e+02   2.9532600e+01
   5.6838680e-01   2.2859985e+02   3.1725000e+01
   5.6838680e-01   2.3399997e+02   3.3871300e+01
   5.6838680e-01   2.3940010e+02   3.5916200e+01
   5.6838680e-01   2.4480023e+02   3.7811500e+01
   5.6838680e-01   2.5019978e+02   3.9517800e+01
   5.6838680e-01   2.5559991e+02   4.1004900e+01
   5.6838680e-01   2.6100004e+02   4.2253000e+01
   5.6838680e-01   2.6640016e+02   4.3252800e+01
   5.6838680e-01   2.7179972e+02   4.4005400e+01
   5.6838680e-01   2.7719985e+02   4.4522600e+01
   5.6838680e-01   2.8259997e+02   4.4826300e+01
   5.7135736e-01   1.2599972e+02   4.5072000e+01
   5.7135736e-01   1.3139985e+02   4.1013500e+01
   5.7135736e-01   1.3679998e+02   3.7166000e+01
   5.7135736e-01   1.4220010e+02   3.3613800e+01
   5.7135736e-01   1.4760023e+02   3.0430900e+01
   5.7135736e-01   1.5299978e+02   2.7678700e+01
   5.7135736e-01   1.5839991e+02   2.5404600e+01
   5.7135736e-01   1.6380004e+02   2.3641000e+01
   5.7135736e-01   1.6920017e+02   2.2404700e+01
   5.7135736e-01   1.7459972e+02   2.1697200e+01
   5.7135736e-01   1.7999985e+02   2.1505200e+01
   5.7135736e-01   1.8539998e+02   2.1802000e+01
   5.7135736e-01   1.9080010e+02   2.2548700e+01
   5.7135736e-01   1.9620023e+02   2.3696200e+01
   5.7135736e-01   2.0159978e+02   2.5187200e+01
   5.7135736e-01   2.0699991e+02   2.6958600e+01
   5.7135736e-01   2.1240004e+02   2.8943100e+01
   5.7135736e-01   2.1780017e+02   3.1072200e+01
   5.7135736e-01   2.2319972e+02   3.3277800e+01
   5.7135736e-01   2.2859985e+02   3.5494500e+01
   5.7135736e-01   2.3399997e+02   3.7660900e+01
   5.7135736e-01   2.3940010e+02   3.9722100e+01
   5.7135736e-01   2.4480023e+02   4.1630200e+01
   5.7135736e-01   2.5019978e+02   4.3345900e+01
   5.7135736e-01   2.5559991e+02   4.4839400e+01
   5.7135736e-01   2.6100004e+02   4.6090900e+01
   5.7135736e-01   2.6640016e+02   4.7091100e+01
   5.7135736e-01   2.7179972e+02   4.7841300e+01
   5.7135736e-01   2.7719985e+02   4.8352900e+01
   5.7135736e-01   2.8259997e+02   4.8647800e+01
