5.701100766508989670e-01 3.788947781160159423e+01
5.703141824436708252e-01 3.764909601898302327e+01
5.705182882364427943e-01 3.741098578779805450e+01
5.707223940292146525e-01 3.717515921493197339e+01
5.709264998219865106e-01 3.452338998020304928e+01
5.711306056147584798e-01 3.321813550337120802e+01
5.713347114075303379e-01 3.298065714112247093e+01
5.715388172003023071e-01 3.274549819144530005e+01
5.717429229930741652e-01 3.251267123407374982e+01
5.719470287858460233e-01 3.228218895153852230e+01
5.721511345786179925e-01 3.131493722872015084e+01
5.723552403713898507e-01 3.108499776960555394e+01
5.725593461641617088e-01 3.085742241612536318e+01
5.727634519569336780e-01 3.033224622043634966e+01
5.729675577497055361e-01 3.010723240701178938e+01
5.731716635424773942e-01 2.988460896155964974e+01
5.733757693352493634e-01 2.924187442490913114e+01
5.735798751280212215e-01 2.902024638704177306e+01
5.737839809207930797e-01 2.880102090203377685e+01
5.739880867135650488e-01 2.858421145865217028e+01
5.741921925063369070e-01 2.836983163893341242e+01
5.743962982991088762e-01 2.815789511467443873e+01
5.746004040918807343e-01 2.794841564351581908e+01
5.748045098846525924e-01 2.774140706462299732e+01
5.750086156774245616e-01 2.753688329397198231e+01
5.752127214701964197e-01 2.721399982861423084e+01
5.754168272629682779e-01 2.701259100993450701e+01
5.756209330557402470e-01 2.681368224299419722e+01
5.758250388485121052e-01 2.653939256908632061e+01
5.760291446412839633e-01 2.626734110244665743e+01
5.762332504340559325e-01 2.607322600168690840e+01
5.764373562268277906e-01 2.588162204916607223e+01
5.766414620195996488e-01 2.558615265552315776e+01
5.768455678123716179e-01 2.532083074713485615e+01
5.770496736051434761e-01 2.502967306743596865e+01
5.772537793979154452e-01 2.474728889336883952e+01
5.774578851906873034e-01 2.451594420707969846e+01
5.776619909834591615e-01 2.428147098751875888e+01
5.778660967762311307e-01 2.403924065123973008e+01
5.780702025690029888e-01 2.376746381304013056e+01
5.782743083617748470e-01 2.358517781023410009e+01
5.784784141545468161e-01 2.335023935875789647e+01
5.786825199473186743e-01 2.311473227101038219e+01
5.788866257400905324e-01 2.293707458396328036e+01
5.790907315328625016e-01 2.276181009169418346e+01
5.792948373256343597e-01 2.243246043314985627e+01
5.794989431184062179e-01 2.225812880710002162e+01
5.797030489111781870e-01 2.202280491382374095e+01
5.799071547039500452e-01 2.183385990582272385e+01
5.801112604967220143e-01 2.164476373044524848e+01
5.803153662894938725e-01 2.147723027101309157e+01
5.805194720822657306e-01 2.129731210016435838e+01
5.807235778750376998e-01 2.113405306406935225e+01
5.809276836678095579e-01 2.094834315646421530e+01
5.811317894605814161e-01 2.077062305953024079e+01
5.813358952533533852e-01 2.061315941046598255e+01
5.815400010461252434e-01 2.044323420659754476e+01
5.817441068388971015e-01 2.029001163982308498e+01
5.819482126316690707e-01 2.012242419053000120e+01
5.821523184244409288e-01 1.997337533685389133e+01
5.823564242172127869e-01 1.979369983880703643e+01
5.825605300099847561e-01 1.961652130139055927e+01
5.827646358027566142e-01 1.947240318672729487e+01
5.829687415955285834e-01 1.930400441691676861e+01
5.831728473883004416e-01 1.916362347956469847e+01
5.833769531810722997e-01 1.901554129370628843e+01
5.835810589738442689e-01 1.883737660260709035e+01
5.837851647666161270e-01 1.867257516472227152e+01
5.839892705593879851e-01 1.849789061686037783e+01
5.841933763521599543e-01 1.835167655886843363e+01
5.843974821449318124e-01 1.820413217961757013e+01
5.846015879377036706e-01 1.807423833036262195e+01
5.848056937304756397e-01 1.791150922007675206e+01
5.850097995232474979e-01 1.777624003775327921e+01
5.852139053160193560e-01 1.763786934269602114e+01
5.854180111087913252e-01 1.750875213800351560e+01
5.856221169015631833e-01 1.737863754933671601e+01
5.858262226943351525e-01 1.725012384876075089e+01
5.860303284871070106e-01 1.712436937737387765e+01
5.862344342798788688e-01 1.699637594457662715e+01
5.864385400726508379e-01 1.688188603483012074e+01
5.866426458654226961e-01 1.674234793776784969e+01
5.868467516581945542e-01 1.660586513113026896e+01
5.870508574509665234e-01 1.649032352156874026e+01
5.872549632437383815e-01 1.636672012621738403e+01
5.874590690365102397e-01 1.624578634826162116e+01
5.876631748292822088e-01 1.613996205940290096e+01
5.878672806220540670e-01 1.601909049931854057e+01
5.880713864148259251e-01 1.591558085976693881e+01
5.882754922075978943e-01 1.579090642281014389e+01
5.884795980003697524e-01 1.567986175579957298e+01
5.886837037931417216e-01 1.557050107593567745e+01
5.888878095859135797e-01 1.546130213908907258e+01
5.890919153786854379e-01 1.535465722766114638e+01
5.892960211714574070e-01 1.523921789285036787e+01
5.895001269642292652e-01 1.513047782673852382e+01
5.897042327570011233e-01 1.502462132334881595e+01
5.899083385497730925e-01 1.493094854323008391e+01
5.901124443425449506e-01 1.483335018623037982e+01
5.903165501353168088e-01 1.473614869696984897e+01
5.905206559280887779e-01 1.463299104589474986e+01
5.907247617208606361e-01 1.453617122971389186e+01
5.909288675136324942e-01 1.444462560540588392e+01
5.911329733064044634e-01 1.433815799455091877e+01
5.913370790991763215e-01 1.425015768834076013e+01
5.915411848919482907e-01 1.415288050625662919e+01
5.917452906847201488e-01 1.406466976725376306e+01
5.919493964774920070e-01 1.396250306896895843e+01
5.921535022702639761e-01 1.387437987797505734e+01
5.923576080630358343e-01 1.378024147682424427e+01
5.925617138558076924e-01 1.368764937900255418e+01
5.927658196485796616e-01 1.360056722860633904e+01
5.929699254413515197e-01 1.351199135190030987e+01
5.931740312341233778e-01 1.342524671189520546e+01
5.933781370268953470e-01 1.333086334605817491e+01
5.935822428196672051e-01 1.324951980148643393e+01
5.937863486124390633e-01 1.315959711749495931e+01
5.939904544052110325e-01 1.307414828554481012e+01
5.941945601979828906e-01 1.299202696405148139e+01
5.943986659907548598e-01 1.291631730016742807e+01
5.946027717835267179e-01 1.283624484761554996e+01
5.948068775762985760e-01 1.275559115660647258e+01
5.950109833690705452e-01 1.267534820580009658e+01
5.952150891618424033e-01 1.259535698727705899e+01
5.954191949546142615e-01 1.251609574222332455e+01
5.956233007473862306e-01 1.244725398393301141e+01
5.958274065401580888e-01 1.237891982832502258e+01
5.960315123329299469e-01 1.230988795313460393e+01
5.962356181257019161e-01 1.223352906823935804e+01
5.964397239184737742e-01 1.215913901173744627e+01
5.966438297112457434e-01 1.208552061980561732e+01
5.968479355040176015e-01 1.201597010083041539e+01
5.970520412967894597e-01 1.194529562349685925e+01
5.972561470895614288e-01 1.187056673405151308e+01
5.974602528823332870e-01 1.179727227201445849e+01
5.976643586751051451e-01 1.172607633813137973e+01
5.978684644678771143e-01 1.164874071674499412e+01
5.980725702606489724e-01 1.157281629163216685e+01
5.982766760534208306e-01 1.150199617327070989e+01
5.984807818461927997e-01 1.143086339753735992e+01
5.986848876389646579e-01 1.135975973886814927e+01
5.988889934317365160e-01 1.129109553524736498e+01
5.990930992245084852e-01 1.122142000599525424e+01
5.992972050172803433e-01 1.115467132272514483e+01
5.995013108100522015e-01 1.108738913484450173e+01
5.997054166028241706e-01 1.102140846980787181e+01
5.999095223955960288e-01 1.095278710482722850e+01
6.001136281883679979e-01 1.088444639995748986e+01
6.003177339811398561e-01 1.081846167758088484e+01
6.005218397739117142e-01 1.075535559144258180e+01
6.007259455666836834e-01 1.068496229877241710e+01
6.009300513594555415e-01 1.061928382095111623e+01
6.011341571522273997e-01 1.055704375909692594e+01
6.013382629449993688e-01 1.049073805279896021e+01
6.015423687377712270e-01 1.042760506189493164e+01
6.017464745305430851e-01 1.036179656976580610e+01
6.019505803233150543e-01 1.029930983692308466e+01
6.021546861160869124e-01 1.023648197070977162e+01
6.023587919088588816e-01 1.017326821816689808e+01
6.025628977016307397e-01 1.010922710171979233e+01
6.027670034944025979e-01 1.004763332734515124e+01
6.029711092871745670e-01 9.983195967965318829e+00
6.031752150799464252e-01 9.919950930351355112e+00
6.033793208727182833e-01 9.855353520981685378e+00
6.035834266654902525e-01 9.794264833513365076e+00
6.037875324582621106e-01 9.733853979406758228e+00
6.039916382510339687e-01 9.670776541400609716e+00
6.041957440438059379e-01 9.606695285884546465e+00
6.043998498365777960e-01 9.546453923322879120e+00
6.046039556293496542e-01 9.483383224756602559e+00
6.048080614221216234e-01 9.422597473984001937e+00
6.050121672148934815e-01 9.359752919465242016e+00
6.052162730076653396e-01 9.298554735625222278e+00
6.054203788004373088e-01 9.244374883939466159e+00
6.056244845932091669e-01 9.185833265205182840e+00
6.058285903859811361e-01 9.125290003383909720e+00
6.060326961787529942e-01 9.064444982898727687e+00
6.062368019715248524e-01 9.010983259619662178e+00
6.064409077642968215e-01 8.949572295579391934e+00
6.066450135570686797e-01 8.891139366596815918e+00
6.068491193498405378e-01 8.831604338572226709e+00
6.070532251426125070e-01 8.772384753727038742e+00
6.072573309353843651e-01 8.714073798088154632e+00
6.074614367281562233e-01 8.656656424466167010e+00
6.076655425209281924e-01 8.596208825384588081e+00
6.078696483137000506e-01 8.537142975860485095e+00
6.080737541064720197e-01 8.480660982908833745e+00
6.082778598992438779e-01 8.421899601953850123e+00
6.084819656920157360e-01 8.365560223973321996e+00
6.086860714847877052e-01 8.310285165297212728e+00
6.088901772775595633e-01 8.251098920031333606e+00
6.090942830703314215e-01 8.195692481254924999e+00
6.092983888631033906e-01 8.139792703899656701e+00
6.095024946558752488e-01 8.083144130762816459e+00
6.097066004486471069e-01 8.026296774781860321e+00
6.099107062414190761e-01 7.969751714831888378e+00
6.101148120341909342e-01 7.914142196229853710e+00
6.103189178269627924e-01 7.858956831188470993e+00
6.105230236197347615e-01 7.806675126694737621e+00
6.107271294125066197e-01 7.750909666038924506e+00
6.109312352052785888e-01 7.695609285792076371e+00
6.111353409980504470e-01 7.641532312992623588e+00
6.113394467908223051e-01 7.589348836147178368e+00
6.115435525835942743e-01 7.533949959958835763e+00
6.117476583763661324e-01 7.481594250543851743e+00
6.119517641691379906e-01 7.428038556717877050e+00
6.121558699619099597e-01 7.375339810516829964e+00
6.123599757546818179e-01 7.324880974838889003e+00
6.125640815474536760e-01 7.271674902481775504e+00
6.127681873402256452e-01 7.220373823616063724e+00
6.129722931329975033e-01 7.168412383400701415e+00
6.131763989257693614e-01 7.116657856146288097e+00
6.133805047185413306e-01 7.066888121869006945e+00
6.135846105113131888e-01 7.014496145189148102e+00
6.137887163040851579e-01 6.964680026612658281e+00
6.139928220968570161e-01 6.914001502729300697e+00
6.141969278896288742e-01 6.862212356722146467e+00
6.144010336824008434e-01 6.811193294432219325e+00
6.146051394751727015e-01 6.765205192514795129e+00
6.148092452679445596e-01 6.714218245340069835e+00
6.150133510607165288e-01 6.665867487469125052e+00
6.152174568534883869e-01 6.616271289749255047e+00
6.154215626462602451e-01 6.566293929600697687e+00
6.156256684390322143e-01 6.514959621128964429e+00
6.158297742318040724e-01 6.464664582872975629e+00
6.160338800245759305e-01 6.414723872363226498e+00
6.162379858173478997e-01 6.365861008723305403e+00
6.164420916101197578e-01 6.316933927708769048e+00
6.166461974028917270e-01 6.266967883407468243e+00
6.168503031956635851e-01 6.218699188534488442e+00
6.170544089884354433e-01 6.170019277546330727e+00
6.172585147812074124e-01 6.121730544087062853e+00
6.174626205739792706e-01 6.073000614659862073e+00
6.176667263667511287e-01 6.026948656660531256e+00
6.178708321595230979e-01 5.979673503219992803e+00
6.180749379522949560e-01 5.931904607014818254e+00
6.182790437450668142e-01 5.884574005040851041e+00
6.184831495378387833e-01 5.836622142829686055e+00
6.186872553306106415e-01 5.790602151023650279e+00
6.188913611233826106e-01 5.746005067460377980e+00
6.190954669161544688e-01 5.700358870221486463e+00
6.192995727089263269e-01 5.655896133862101216e+00
6.195036785016982961e-01 5.610084901599584839e+00
6.197077842944701542e-01 5.564534842609885956e+00
6.199118900872420124e-01 5.517593785602107559e+00
6.201159958800139815e-01 5.473658714816579618e+00
6.203201016727858397e-01 5.428025415918794394e+00
6.205242074655576978e-01 5.382714147697889473e+00
6.207283132583296670e-01 5.336276440188837178e+00
6.209324190511015251e-01 5.291146255213515559e+00
6.211365248438733833e-01 5.245847874488002383e+00
6.213406306366453524e-01 5.201228870671656068e+00
6.215447364294172106e-01 5.156691606148261720e+00
6.217488422221890687e-01 5.112096262056382123e+00
6.219529480149610379e-01 5.068797617794461807e+00
6.221570538077328960e-01 5.026942760800962695e+00
6.223611596005048652e-01 4.982605409361219095e+00
6.225652653932767233e-01 4.939545333844306718e+00
6.227693711860485815e-01 4.896621507062434375e+00
6.229734769788205506e-01 4.852385893059913080e+00
6.231775827715924088e-01 4.809279267712113892e+00
6.233816885643642669e-01 4.766283366293696311e+00
6.235857943571362361e-01 4.725191834325212170e+00
6.237899001499080942e-01 4.682899242614094071e+00
6.239940059426799523e-01 4.641312434679022658e+00
6.241981117354519215e-01 4.599196795815540639e+00
6.244022175282237797e-01 4.557934993442342098e+00
6.246063233209957488e-01 4.516994582198388564e+00
6.248104291137676070e-01 4.476807954881906859e+00
6.250145349065394651e-01 4.436007295700876263e+00
6.252186406993114343e-01 4.393555815277738752e+00
6.254227464920832924e-01 4.353314944984353119e+00
6.256268522848551505e-01 4.312437237280041913e+00
6.258309580776271197e-01 4.271982945706152002e+00
6.260350638703989778e-01 4.232397159984409463e+00
6.262391696631708360e-01 4.192161106741789212e+00
6.264432754559428052e-01 4.153760813217527215e+00
6.266473812487146633e-01 4.113878263852123851e+00
6.268514870414865214e-01 4.075004043340204163e+00
6.270555928342584906e-01 4.036366548308064850e+00
6.272596986270303487e-01 3.998131755717397873e+00
6.274638044198022069e-01 3.958618245794594426e+00
6.276679102125741760e-01 3.920226097078689076e+00
6.278720160053460342e-01 3.881962140299942465e+00
6.280761217981180033e-01 3.843761255734023941e+00
6.282802275908898615e-01 3.806001248956167426e+00
6.284843333836617196e-01 3.767877456174865358e+00
6.286884391764336888e-01 3.731477719939593651e+00
6.288925449692055469e-01 3.693596812546434460e+00
6.290966507619774051e-01 3.656643352355102294e+00
6.293007565547493742e-01 3.620572951187602584e+00
6.295048623475212324e-01 3.583854242693207404e+00
6.297089681402930905e-01 3.546340994562970916e+00
6.299130739330650597e-01 3.510847781292197212e+00
6.301171797258369178e-01 3.474998214631864535e+00
6.303212855186088870e-01 3.439240808806863559e+00
6.305253913113807451e-01 3.404111715716032549e+00
6.307294971041526033e-01 3.368916209168827169e+00
6.309336028969245724e-01 3.333255173631543666e+00
6.311377086896964306e-01 3.297619404950137945e+00
6.313418144824682887e-01 3.262503438565555136e+00
6.315459202752402579e-01 3.228547900147283656e+00
6.317500260680121160e-01 3.194582207806401897e+00
6.319541318607839742e-01 3.160740483028387615e+00
6.321582376535559433e-01 3.127329914174495684e+00
6.323623434463278015e-01 3.094082788942869477e+00
6.325664492390996596e-01 3.060956804756152394e+00
6.327705550318716288e-01 3.028484074616594413e+00
6.329746608246434869e-01 2.996059659372354744e+00
6.331787666174153451e-01 2.964520519878443672e+00
6.333828724101873142e-01 2.932809119082461891e+00
6.335869782029591724e-01 2.901037131689435000e+00
6.337910839957311415e-01 2.869615253973010205e+00
6.339951897885029997e-01 2.838860519504347035e+00
6.341992955812748578e-01 2.808037965574144312e+00
6.344034013740468270e-01 2.777494030643390843e+00
6.346075071668186851e-01 2.746899468110655107e+00
6.348116129595905432e-01 2.715936682455268425e+00
6.350157187523625124e-01 2.685833320208263597e+00
6.352198245451343706e-01 2.655914213831307880e+00
6.354239303379063397e-01 2.626598083042636755e+00
6.356280361306781979e-01 2.597050335495338036e+00
6.358321419234500560e-01 2.567465547226913891e+00
6.360362477162220252e-01 2.539109655875391613e+00
6.362403535089938833e-01 2.510370650724410790e+00
6.364444593017657414e-01 2.480887341581340610e+00
6.366485650945377106e-01 2.452427822056396423e+00
6.368526708873095687e-01 2.424058144579797069e+00
6.370567766800814269e-01 2.396579647167351723e+00
6.372608824728533961e-01 2.368744482932195528e+00
6.374649882656252542e-01 2.340990859227552789e+00
6.376690940583971123e-01 2.313938011209479839e+00
6.378731998511690815e-01 2.287142545505039148e+00
6.380773056439409396e-01 2.260133743196784284e+00
6.382814114367127978e-01 2.233862262235391860e+00
6.384855172294847669e-01 2.207883515990933354e+00
6.386896230222566251e-01 2.182147444458018448e+00
6.388937288150284832e-01 2.155898591907185136e+00
6.390978346078004524e-01 2.129986559281507041e+00
6.393019404005723105e-01 2.104682014151512792e+00
6.395060461933442797e-01 2.079268572992941877e+00
6.397101519861161378e-01 2.054087117176364607e+00
6.399142577788879960e-01 2.029050383643990596e+00
6.401183635716599651e-01 2.004241347973101384e+00
6.403224693644318233e-01 1.979243176656581005e+00
6.405265751572036814e-01 1.954706072795295402e+00
6.407306809499756506e-01 1.930106693115624106e+00
6.409347867427475087e-01 1.905467903092064486e+00
6.411388925355194779e-01 1.881404751085268279e+00
6.413429983282913360e-01 1.857642799915824039e+00
6.415471041210631942e-01 1.833251015461534683e+00
6.417512099138351633e-01 1.810267578338516259e+00
6.419553157066070215e-01 1.786351192050380954e+00
6.421594214993788796e-01 1.762590391874229390e+00
6.423635272921508488e-01 1.739524866870413522e+00
6.425676330849227069e-01 1.716329186698698939e+00
6.427717388776945651e-01 1.693677233636291302e+00
6.429758446704665342e-01 1.670955376760099531e+00
6.431799504632383924e-01 1.648199756238705183e+00
6.433840562560102505e-01 1.625736960032662326e+00
6.435881620487822197e-01 1.603502204873620940e+00
6.437922678415540778e-01 1.581013703707665252e+00
6.439963736343259360e-01 1.559122213909392318e+00
6.442004794270979051e-01 1.537130574726593091e+00
6.444045852198697633e-01 1.514948315382834032e+00
6.446086910126416214e-01 1.493317784510483248e+00
6.448127968054135906e-01 1.471464738015616280e+00
6.450169025981854487e-01 1.450282596611694563e+00
6.452210083909574179e-01 1.428907565641110322e+00
6.454251141837292760e-01 1.407863185242399506e+00
6.456292199765011341e-01 1.387202560725586231e+00
6.458333257692731033e-01 1.365934231623396222e+00
6.460374315620449615e-01 1.345361762231816138e+00
6.462415373548168196e-01 1.325169788198857557e+00
6.464456431475887888e-01 1.304590285914198233e+00
6.466497489403606469e-01 1.284114643960019286e+00
6.468538547331326161e-01 1.264027066280818623e+00
6.470579605259044742e-01 1.243860071855684257e+00
6.472620663186763323e-01 1.223917898045792763e+00
6.474661721114483015e-01 1.204065696852845591e+00
6.476702779042201596e-01 1.184146836430445493e+00
6.478743836969920178e-01 1.165146591326895020e+00
6.480784894897639870e-01 1.145248529420372474e+00
6.482825952825358451e-01 1.125933896943764889e+00
6.484867010753077032e-01 1.106983130807987159e+00
6.486908068680796724e-01 1.087814005650056037e+00
6.488949126608515305e-01 1.069137430281010381e+00
6.490990184536233887e-01 1.050352726010884474e+00
6.493031242463953578e-01 1.031982692052973771e+00
6.495072300391672160e-01 1.013592692827494979e+00
6.497113358319390741e-01 9.948621124267461591e-01
6.499154416247110433e-01 9.767386352336596689e-01
6.501195474174829014e-01 9.590117116942720177e-01
6.503236532102548706e-01 9.410173040354252727e-01
6.505277590030267287e-01 9.231759286354952465e-01
6.507318647957985869e-01 9.056957864621156817e-01
6.509359705885705560e-01 8.884374427485234316e-01
6.511400763813424142e-01 8.714540254515498185e-01
6.513441821741142723e-01 8.541719204593053449e-01
6.515482879668862415e-01 8.371521683234905975e-01
6.517523937596580996e-01 8.202767521809396500e-01
6.519564995524299578e-01 8.038593853793998267e-01
6.521606053452019269e-01 7.876087969956310220e-01
6.523647111379737851e-01 7.709812457424062293e-01
6.525688169307457542e-01 7.549505902598242502e-01
6.527729227235176124e-01 7.387591056392864841e-01
6.529770285162894705e-01 7.226097924529809591e-01
6.531811343090614397e-01 7.069672526858001849e-01
6.533852401018332978e-01 6.914160546542411634e-01
6.535893458946051560e-01 6.763008971383923651e-01
6.537934516873771251e-01 6.609583562725911410e-01
6.539975574801489833e-01 6.457951113953458444e-01
6.542016632729208414e-01 6.308006394360324842e-01
6.544057690656928106e-01 6.162973685116770461e-01
6.546098748584646687e-01 6.017632544157175412e-01
6.548139806512365269e-01 5.873983421032697994e-01
6.550180864440084960e-01 5.732727863681778002e-01
6.552221922367803542e-01 5.594840397902856033e-01
6.554262980295522123e-01 5.458820992056395704e-01
6.556304038223241815e-01 5.320829973764367171e-01
6.558345096150960396e-01 5.186457808831651528e-01
6.560386154078680088e-01 5.055851871885435056e-01
6.562427212006398669e-01 4.927331841945933322e-01
6.564468269934117250e-01 4.798239045216303733e-01
6.566509327861836942e-01 4.670937932799700820e-01
6.568550385789555524e-01 4.544198536682226286e-01
6.570591443717274105e-01 4.419343515386066623e-01
6.572632501644993797e-01 4.295523635552657149e-01
6.574673559572712378e-01 4.171085268454670647e-01
6.576714617500432070e-01 4.053548445389947297e-01
6.578755675428150651e-01 3.934858681802697600e-01
6.580796733355869232e-01 3.818130609362871408e-01
6.582837791283588924e-01 3.705073700730215358e-01
6.584878849211307505e-01 3.592155302674875927e-01
6.586919907139026087e-01 3.481345866597210792e-01
6.588960965066745779e-01 3.368984028141552289e-01
6.591002022994464360e-01 3.262973553271522054e-01
6.593043080922182941e-01 3.156741770388963864e-01
6.595084138849902633e-01 3.056664209675087340e-01
6.597125196777621214e-01 2.953387144737739112e-01
6.599166254705339796e-01 2.855133632747894890e-01
6.601207312633059487e-01 2.756773769942140739e-01
6.603248370560778069e-01 2.659968652443157611e-01
6.605289428488496650e-01 2.569556636671686545e-01
6.607330486416216342e-01 2.476961591901085946e-01
6.609371544343934923e-01 2.388192637853458200e-01
6.611412602271653505e-01 2.302699406619146683e-01
6.613453660199373196e-01 2.215019977643239435e-01
6.615494718127091778e-01 2.129728318779868512e-01
6.617535776054811469e-01 2.044509276722648872e-01
6.619576833982530051e-01 1.962401044865149102e-01
6.621617891910248632e-01 1.883129787601630634e-01
6.623658949837968324e-01 1.803767488431163857e-01
6.625700007765686905e-01 1.729842109581649634e-01
6.627741065693405487e-01 1.658042253629430918e-01
6.629782123621125178e-01 1.584778324660275073e-01
6.631823181548843760e-01 1.514516598945241377e-01
6.633864239476563451e-01 1.446302848924478912e-01
6.635905297404282033e-01 1.379860578910057922e-01
6.637946355332000614e-01 1.315926980567029003e-01
6.639987413259720306e-01 1.250620317245367541e-01
6.642028471187438887e-01 1.188602993090376175e-01
6.644069529115157469e-01 1.128956098201228248e-01
6.646110587042877160e-01 1.066579406557753990e-01
6.648151644970595742e-01 1.009594961649285666e-01
6.650192702898314323e-01 9.578614953241741670e-02
6.652233760826034015e-01 9.010563241638083753e-02
6.654274818753752596e-01 8.477800724600685622e-02
6.656315876681471178e-01 7.960840212652275927e-02
6.658356934609190869e-01 7.463265899404473991e-02
6.660397992536909451e-01 7.013708313321863341e-02
6.662439050464628032e-01 6.544490356738569270e-02
6.664480108392347724e-01 6.102047318400418557e-02
6.666521166320066305e-01 5.659728608615880591e-02
6.668562224247784886e-01 5.257401769097745647e-02
6.670603282175504578e-01 4.855562107054153115e-02
6.672644340103223159e-01 4.469644001080310541e-02
6.674685398030942851e-01 4.108330894440310327e-02
6.676726455958661433e-01 3.744009702837570314e-02
6.678767513886380014e-01 3.413094383176357161e-02
6.680808571814099706e-01 3.101809821031067602e-02
6.682849629741818287e-01 2.771172224910532778e-02
6.684890687669536868e-01 2.487173528622525775e-02
6.686931745597256560e-01 2.237224175005002660e-02
6.688972803524975141e-01 1.982373199097578129e-02
6.691013861452694833e-01 1.747842351298942165e-02
6.693054919380413414e-01 1.518747641992467153e-02
6.695095977308131996e-01 1.277406491423785373e-02
6.697137035235851688e-01 1.089182473808640930e-02
6.699178093163570269e-01 8.687307517427959869e-03
6.701219151091288850e-01 7.577552160060336932e-03
6.703260209019008542e-01 6.233671179510419207e-03
6.705301266946727123e-01 5.045851827916265561e-03
6.707342324874445705e-01 3.727158288159304958e-03
6.709383382802165396e-01 2.734200926111396771e-03
6.711424440729883978e-01 1.884687600955327726e-03
6.713465498657602559e-01 1.124905856662457597e-03
6.715506556585322251e-01 6.170821566875638823e-04
6.717547614513040832e-01 5.662477469264821190e-04
6.719588672440759414e-01 3.944592542717600589e-04
6.721629730368479105e-01 1.809670532705750753e-04
6.723670788296197687e-01 -0.000000000000000000e+00
6.725711846223916268e-01 2.323835180901813121e-04
6.727752904151635960e-01 7.707765797279680312e-04
6.729793962079354541e-01 1.023249085731853854e-03
6.731835020007074233e-01 1.735203953058115115e-03
6.733876077934792814e-01 2.724461045832814177e-03
6.735917135862511396e-01 3.737959715842401748e-03
6.737958193790231087e-01 4.796685465348350316e-03
6.739999251717949669e-01 6.022994056380810875e-03
6.742040309645668250e-01 7.377845677415627128e-03
6.744081367573387942e-01 9.061127631146696088e-03
6.746122425501106523e-01 1.067780080824410824e-02
6.748163483428826215e-01 1.265418531649953153e-02
6.750204541356544796e-01 1.474039134680964203e-02
6.752245599284263378e-01 1.700029799058391453e-02
6.754286657211983069e-01 1.929533250921254550e-02
6.756327715139701651e-01 2.192892762352178018e-02
6.758368773067420232e-01 2.445784448200039735e-02
6.760409830995139924e-01 2.726232546674657586e-02
6.762450888922858505e-01 3.038792317768514856e-02
6.764491946850577087e-01 3.350958496040808143e-02
6.766533004778296778e-01 3.663912482242316637e-02
6.768574062706015360e-01 4.028818994661569064e-02
6.770615120633733941e-01 4.356264532062117945e-02
6.772656178561453633e-01 4.738178855584673776e-02
6.774697236489172214e-01 5.118695953085941608e-02
6.776738294416890795e-01 5.498804030036256313e-02
6.778779352344610487e-01 5.908134524132821475e-02
6.780820410272329068e-01 6.320402014570011828e-02
6.782861468200048760e-01 6.751473592253626199e-02
6.784902526127767342e-01 7.208941060404434886e-02
6.786943584055485923e-01 7.652387891861495151e-02
6.788984641983205615e-01 8.130303425476523294e-02
6.791025699910924196e-01 8.629319453729804301e-02
6.793066757838642777e-01 9.139795569083733473e-02
6.795107815766362469e-01 9.660285528956844003e-02
6.797148873694081050e-01 1.018029529344161854e-01
6.799189931621799632e-01 1.070475504234813524e-01
6.801230989549519323e-01 1.128162141328770268e-01
6.803272047477237905e-01 1.184118991828164019e-01
6.805313105404957597e-01 1.243114208201781812e-01
6.807354163332676178e-01 1.300709890844538030e-01
6.809395221260394759e-01 1.358870593056436538e-01
6.811436279188114451e-01 1.421487740532048905e-01
6.813477337115833032e-01 1.483291816905690230e-01
6.815518395043551614e-01 1.547545454304066204e-01
6.817559452971271305e-01 1.613478077810343025e-01
6.819600510898989887e-01 1.681674050191821479e-01
6.821641568826708468e-01 1.753319010365222974e-01
6.823682626754428160e-01 1.822542960439621218e-01
6.825723684682146741e-01 1.896586632464137001e-01
6.827764742609865323e-01 1.970429748984941498e-01
6.829805800537585014e-01 2.042631600734688413e-01
6.831846858465303596e-01 2.117111073071782368e-01
6.833887916393022177e-01 2.194641104192414371e-01
6.835928974320741869e-01 2.271016159805625545e-01
6.837970032248460450e-01 2.349894704476740426e-01
6.840011090176180142e-01 2.432482047580745710e-01
6.842052148103898723e-01 2.511849236321334611e-01
6.844093206031617305e-01 2.595318255854021650e-01
6.846134263959336996e-01 2.681076089201500090e-01
6.848175321887055578e-01 2.765672033699563825e-01
6.850216379814774159e-01 2.854112063961354306e-01
6.852257437742493851e-01 2.942566214423065207e-01
6.854298495670212432e-01 3.029335273519121463e-01
6.856339553597932124e-01 3.122919222702358333e-01
6.858380611525650705e-01 3.216510877668052881e-01
6.860421669453369287e-01 3.312519221518778756e-01
6.862462727381088978e-01 3.409344877262612261e-01
6.864503785308807560e-01 3.507108172769747290e-01
6.866544843236526141e-01 3.606554757100616793e-01
6.868585901164245833e-01 3.708886551396699538e-01
6.870626959091964414e-01 3.808153649754417724e-01
6.872668017019682996e-01 3.910804322746192496e-01
6.874709074947402687e-01 4.014883961332124107e-01
6.876750132875121269e-01 4.122197821752308644e-01
6.878791190802839850e-01 4.230094258785301320e-01
6.880832248730559542e-01 4.344478415416380690e-01
6.882873306658278123e-01 4.457415419493960806e-01
6.884914364585996704e-01 4.570895490053855093e-01
6.886955422513716396e-01 4.685259297950852830e-01
6.888996480441434977e-01 4.799410592461952896e-01
6.891037538369153559e-01 4.917100427610420765e-01
6.893078596296873251e-01 5.035658901234449925e-01
6.895119654224591832e-01 5.156398285236956092e-01
6.897160712152311524e-01 5.276282761451098757e-01
6.899201770080030105e-01 5.398770148125199286e-01
6.901242828007748686e-01 5.521613387367199088e-01
6.903283885935468378e-01 5.650320930049237411e-01
6.905324943863186959e-01 5.778994777415200623e-01
6.907366001790905541e-01 5.908123265222749998e-01
6.909407059718625232e-01 6.041430408932401130e-01
6.911448117646343814e-01 6.173728964200307923e-01
6.913489175574063506e-01 6.311466098136689906e-01
6.915530233501782087e-01 6.444865849412386716e-01
6.917571291429500668e-01 6.581233364780390005e-01
6.919612349357220360e-01 6.719223112682323196e-01
6.921653407284938941e-01 6.862492348508234530e-01
6.923694465212657523e-01 7.005575723527608378e-01
6.925735523140377214e-01 7.150668611357489102e-01
6.927776581068095796e-01 7.298723721002259301e-01
6.929817638995814377e-01 7.446541223660045894e-01
6.931858696923534069e-01 7.596744840874191107e-01
6.933899754851252650e-01 7.748862348925148469e-01
6.935940812778971232e-01 7.904860559208712889e-01
6.937981870706690923e-01 8.063679804967196496e-01
6.940022928634409505e-01 8.218622992762496526e-01
6.942063986562128086e-01 8.382610041694629199e-01
6.944105044489847778e-01 8.543853544092291363e-01
6.946146102417566359e-01 8.702427828965147993e-01
6.948187160345284941e-01 8.860935810340130336e-01
6.950228218273004632e-01 9.027333841308325946e-01
6.952269276200723214e-01 9.192332802613104592e-01
6.954310334128441795e-01 9.361795193630325640e-01
6.956351392056161487e-01 9.532150198384586881e-01
6.958392449983880068e-01 9.705024952509704317e-01
6.960433507911599760e-01 9.875027566768056486e-01
6.962474565839318341e-01 1.004843847827705083e+00
6.964515623767038033e-01 1.022662253695606704e+00
6.966556681694756614e-01 1.040584093540527055e+00
6.968597739622475196e-01 1.058783171230041731e+00
6.970638797550194887e-01 1.077030276223542415e+00
6.972679855477913469e-01 1.095599527600875422e+00
6.974720913405632050e-01 1.114153269260514056e+00
6.976761971333351742e-01 1.132751337409384274e+00
6.978803029261070323e-01 1.151564834720647967e+00
6.980844087188788905e-01 1.170360240976382027e+00
6.982885145116508596e-01 1.189291869581272421e+00
6.984926203044227178e-01 1.208456880497098762e+00
6.986967260971945759e-01 1.227976695545041297e+00
6.989008318899665451e-01 1.247586832801998780e+00
6.991049376827384032e-01 1.267231664517234790e+00
6.993090434755102613e-01 1.287761990988721239e+00
6.995131492682822305e-01 1.308283138658917766e+00
6.997172550610540886e-01 1.328454469623784551e+00
6.999213608538259468e-01 1.349337113096515273e+00
7.001254666465979160e-01 1.369783356863115920e+00
7.003295724393697741e-01 1.390305380204211128e+00
7.005336782321416322e-01 1.411605932132510510e+00
7.007377840249136014e-01 1.432677935881740305e+00
7.009418898176854595e-01 1.453967900738481145e+00
7.011459956104573177e-01 1.475433074488879948e+00
7.013501014032292868e-01 1.496862296036862494e+00
7.015542071960011450e-01 1.518619620984969387e+00
7.017583129887731141e-01 1.540345743944731227e+00
7.019624187815449723e-01 1.563068947363936312e+00
7.021665245743169415e-01 1.585267000706120033e+00
7.023706303670887996e-01 1.607832063685742829e+00
7.025747361598606577e-01 1.630358151766404085e+00
7.027788419526326269e-01 1.652815131785620117e+00
7.029829477454044850e-01 1.675595464487172670e+00
7.031870535381763432e-01 1.698633436307154243e+00
7.033911593309483123e-01 1.721556946595678372e+00
7.035952651237201705e-01 1.745188775334074904e+00
7.037993709164920286e-01 1.768663735578354990e+00
7.040034767092639978e-01 1.791597735941051317e+00
7.042075825020358559e-01 1.815084572437078769e+00
7.044116882948077141e-01 1.838897548011767080e+00
7.046157940875796832e-01 1.862628704364329035e+00
7.048198998803515414e-01 1.886741924302380413e+00
7.050240056731233995e-01 1.910451456191718966e+00
7.052281114658953687e-01 1.935911082024640573e+00
7.054322172586672268e-01 1.960144246316530170e+00
7.056363230514390850e-01 1.984632840900541595e+00
7.058404288442110541e-01 2.008940477111955669e+00
7.060445346369829123e-01 2.033648317723257826e+00
7.062486404297547704e-01 2.058510046140775707e+00
7.064527462225267396e-01 2.083651647295063469e+00
7.066568520152985977e-01 2.109386581839795216e+00
7.068609578080705669e-01 2.134499630871633968e+00
7.070650636008424250e-01 2.160103041142095393e+00
7.072691693936142832e-01 2.185491144340277803e+00
7.074732751863862523e-01 2.211372439283147528e+00
7.076773809791581105e-01 2.237638726128841959e+00
7.078814867719300796e-01 2.263773637888417678e+00
7.080855925647019378e-01 2.290231388434911697e+00
7.082896983574737959e-01 2.317114136818446912e+00
7.084938041502457651e-01 2.343651167881751540e+00
7.086979099430176232e-01 2.370435702776657383e+00
7.089020157357894814e-01 2.397221636882122642e+00
7.091061215285614505e-01 2.424588066754644888e+00
7.093102273213333087e-01 2.451729487063885049e+00
7.095143331141051668e-01 2.479604262213674026e+00
7.097184389068771360e-01 2.506859033931223557e+00
7.099225446996489941e-01 2.535020161853166254e+00
7.101266504924208522e-01 2.562844640843119137e+00
7.103307562851928214e-01 2.591310278473789364e+00
7.105348620779646795e-01 2.620060884148568192e+00
7.107389678707365377e-01 2.648360064678304315e+00
7.109430736635085069e-01 2.677023648735736838e+00
7.111471794562803650e-01 2.706003840886756606e+00
7.113512852490522231e-01 2.734543874164343968e+00
7.115553910418241923e-01 2.762618471980818668e+00
7.117594968345960504e-01 2.791573154444362270e+00
7.119636026273679086e-01 2.821275282737645274e+00
7.121677084201398777e-01 2.851162931618988150e+00
7.123718142129117359e-01 2.881188807332017099e+00
7.125759200056837050e-01 2.911119267314622228e+00
7.127800257984555632e-01 2.941479354901020304e+00
7.129841315912274213e-01 2.971043137532999090e+00
7.131882373839993905e-01 3.001516748938717338e+00
7.133923431767712486e-01 3.032753735678383578e+00
7.135964489695432178e-01 3.064111616396764770e+00
7.138005547623150759e-01 3.095163587263208171e+00
7.140046605550869341e-01 3.126445884406475972e+00
7.142087663478589032e-01 3.157937047980534651e+00
7.144128721406307614e-01 3.188803569971407903e+00
7.146169779334026195e-01 3.220279230587435482e+00
7.148210837261745887e-01 3.252446404751426545e+00
7.150251895189464468e-01 3.284970661001791914e+00
7.152292953117183050e-01 3.317234284574768211e+00
7.154334011044902741e-01 3.349791667219246261e+00
7.156375068972621323e-01 3.383112984653608546e+00
7.158416126900339904e-01 3.416550805570591098e+00
7.160457184828059596e-01 3.450083361179072217e+00
7.162498242755778177e-01 3.483464725637619441e+00
7.164539300683496759e-01 3.517585529042559944e+00
7.166580358611216450e-01 3.551597401556624956e+00
7.168621416538935032e-01 3.585171779389813906e+00
7.170662474466653613e-01 3.619724931684536795e+00
7.172703532394373305e-01 3.653403661402968350e+00
7.174744590322091886e-01 3.687797118959904363e+00
7.176785648249810468e-01 3.722366967373924584e+00
7.178826706177530159e-01 3.757778038330191084e+00
7.180867764105248741e-01 3.793078561163882423e+00
7.182908822032968432e-01 3.827957365279833102e+00
7.184949879960687014e-01 3.862309689291303805e+00
7.186990937888406705e-01 3.898144703009864820e+00
7.189031995816125287e-01 3.934320427440757051e+00
7.191073053743843868e-01 3.969518790202274605e+00
7.193114111671563560e-01 4.003796601463373683e+00
7.195155169599282141e-01 4.039951550085173260e+00
7.197196227527000723e-01 4.075700673691850184e+00
7.199237285454720414e-01 4.111304207645627429e+00
7.201278343382438996e-01 4.147874333640650057e+00
7.203319401310157577e-01 4.185284361572318979e+00
7.205360459237877269e-01 4.221403850321608253e+00
7.207401517165595850e-01 4.259082706813868135e+00
7.209442575093314431e-01 4.295885713222765467e+00
7.211483633021034123e-01 4.332504003912387880e+00
7.213524690948752705e-01 4.369796388711697510e+00
7.215565748876471286e-01 4.407080914943210637e+00
7.217606806804190978e-01 4.445044987785496282e+00
7.219647864731909559e-01 4.483451681439325043e+00
7.221688922659628140e-01 4.521064704855483285e+00
7.223729980587347832e-01 4.560388718964187404e+00
7.225771038515066413e-01 4.597985985912505846e+00
7.227812096442784995e-01 4.634692423580830223e+00
7.229853154370504686e-01 4.673559174474235967e+00
7.231894212298223268e-01 4.712199425013041676e+00
7.233935270225941849e-01 4.749201153440210099e+00
7.235976328153661541e-01 4.786998733585156707e+00
7.238017386081380122e-01 4.825903665718029423e+00
7.240058444009099814e-01 4.864300552335974359e+00
7.242099501936818395e-01 4.903546585529919177e+00
7.244140559864538087e-01 4.943009952684096930e+00
7.246181617792256668e-01 4.981893002667737491e+00
7.248222675719975250e-01 5.020477610326146589e+00
7.250263733647694941e-01 5.060287767437491979e+00
7.252304791575413523e-01 5.100470129694410382e+00
7.254345849503132104e-01 5.141462082137617351e+00
7.256386907430851796e-01 5.179599229522174220e+00
7.258427965358570377e-01 5.218941048006835892e+00
7.260469023286288959e-01 5.259126364776955498e+00
7.262510081214008650e-01 5.299833226059169178e+00
7.264551139141727232e-01 5.341644229600004401e+00
7.266592197069445813e-01 5.381703072625106721e+00
7.268633254997165505e-01 5.423122734062364891e+00
7.270674312924884086e-01 5.464542169229700264e+00
7.272715370852602668e-01 5.505748626045251726e+00
7.274756428780322359e-01 5.546552238663078782e+00
7.276797486708040941e-01 5.588551943375414943e+00
7.278838544635759522e-01 5.630390996245496993e+00
7.280879602563479214e-01 5.671180462305786207e+00
7.282920660491197795e-01 5.712565090976022830e+00
7.284961718418916377e-01 5.755046693307081185e+00
7.287002776346636068e-01 5.797684528990092012e+00
7.289043834274354650e-01 5.839873968881371447e+00
7.291084892202073231e-01 5.883187471348713338e+00
7.293125950129792923e-01 5.926429460396266613e+00
7.295167008057511504e-01 5.968735617851257835e+00
7.297208065985231196e-01 6.012152284474305830e+00
7.299249123912949777e-01 6.058225807575314370e+00
7.301290181840669469e-01 6.103855428963735896e+00
7.303331239768388050e-01 6.147764615164748037e+00
7.305372297696106632e-01 6.193100626098448913e+00
7.307413355623826323e-01 6.235867573062109592e+00
7.309454413551544905e-01 6.281026274692227851e+00
7.311495471479263486e-01 6.324130839018649475e+00
7.313536529406983178e-01 6.368650751225800377e+00
7.315577587334701759e-01 6.415411369647209483e+00
7.317618645262420340e-01 6.460839776886881936e+00
7.319659703190140032e-01 6.507044598261654045e+00
7.321700761117858614e-01 6.553788392543376418e+00
7.323741819045577195e-01 6.599350216741036057e+00
7.325782876973296887e-01 6.646076763549825017e+00
7.327823934901015468e-01 6.693652837299106650e+00
7.329864992828734049e-01 6.742338980212339905e+00
7.331906050756453741e-01 6.789248997217236514e+00
7.333947108684172322e-01 6.838504582841167689e+00
7.335988166611890904e-01 6.887310283635827091e+00
7.338029224539610595e-01 6.935779236259675962e+00
7.340070282467329177e-01 6.983536016192534390e+00
7.342111340395047758e-01 7.032727995622437334e+00
7.344152398322767450e-01 7.082204132116304507e+00
7.346193456250486031e-01 7.128631704361892751e+00
7.348234514178205723e-01 7.175727757199187096e+00
7.350275572105924304e-01 7.226187907991770132e+00
7.352316630033642886e-01 7.274131449936238170e+00
7.354357687961362577e-01 7.325894050347058872e+00
7.356398745889081159e-01 7.376325527239604440e+00
7.358439803816800850e-01 7.425450681982059820e+00
7.360480861744519432e-01 7.478332592646931509e+00
7.362521919672238013e-01 7.531398630684783768e+00
7.364562977599957705e-01 7.581515029380439863e+00
7.366604035527676286e-01 7.633169138713291169e+00
7.368645093455394868e-01 7.686243284249704821e+00
7.370686151383114559e-01 7.740506809781455999e+00
7.372727209310833141e-01 7.790007896340484628e+00
7.374768267238551722e-01 7.842662613783613068e+00
7.376809325166271414e-01 7.895998244478025896e+00
7.378850383093989995e-01 7.950652218864209253e+00
7.380891441021708577e-01 8.001391656401064978e+00
7.382932498949428268e-01 8.056645070864664859e+00
7.384973556877146850e-01 8.109747324956032344e+00
7.387014614804865431e-01 8.163871356088311160e+00
7.389055672732585123e-01 8.218191913458980480e+00
7.391096730660303704e-01 8.271813607374143729e+00
7.393137788588022286e-01 8.328701336134935573e+00
7.395178846515741977e-01 8.384325287830963092e+00
7.397219904443460559e-01 8.438754150161129175e+00
7.399260962371179140e-01 8.494301203765246555e+00
7.401302020298898832e-01 8.551773431479929855e+00
7.403343078226617413e-01 8.609482998246781094e+00
7.405384136154337105e-01 8.662956156338220026e+00
7.407425194082055686e-01 8.718754565746072771e+00
7.409466252009774268e-01 8.771962627259140888e+00
7.411507309937493959e-01 8.832026634403241871e+00
7.413548367865212541e-01 8.891506576517715033e+00
7.415589425792932232e-01 8.946988775179571363e+00
7.417630483720650814e-01 9.004758489345096706e+00
7.419671541648369395e-01 9.060402390771892911e+00
7.421712599576089087e-01 9.120070445067927523e+00
7.423753657503807668e-01 9.177652177458970328e+00
7.425794715431526249e-01 9.238952748714401864e+00
7.427835773359245941e-01 9.295238225292290934e+00
7.429876831286964523e-01 9.353053737020674774e+00
7.431917889214683104e-01 9.411113025427235712e+00
7.433958947142402796e-01 9.468183422485342504e+00
7.436000005070121377e-01 9.526740372339304486e+00
7.438041062997839958e-01 9.585849713487981205e+00
7.440082120925559650e-01 9.644393752247950147e+00
7.442123178853278231e-01 9.705347232946376579e+00
7.444164236780996813e-01 9.764037827259976154e+00
7.446205294708716504e-01 9.826798590976057568e+00
7.448246352636435086e-01 9.888059592128803033e+00
7.450287410564153667e-01 9.951183714720770013e+00
7.452328468491873359e-01 1.001261749695130554e+01
7.454369526419591940e-01 1.007797273871827493e+01
7.456410584347310522e-01 1.013674294855740321e+01
7.458451642275030213e-01 1.019899322615408366e+01
7.460492700202748795e-01 1.026468332577459464e+01
7.462533758130468486e-01 1.033187206536077518e+01
7.464574816058187068e-01 1.039719729368751189e+01
7.466615873985906759e-01 1.046532763170701408e+01
7.468656931913625341e-01 1.053648733928942072e+01
7.470697989841343922e-01 1.060458283705498772e+01
7.472739047769063614e-01 1.067054894327564085e+01
7.474780105696782195e-01 1.073580339508204062e+01
7.476821163624500777e-01 1.080657714225734267e+01
7.478862221552220468e-01 1.087340513800209862e+01
7.480903279479939050e-01 1.094373256558133001e+01
7.482944337407657631e-01 1.101845293370394430e+01
7.484985395335377323e-01 1.108777110795359100e+01
7.487026453263095904e-01 1.115673075933211500e+01
7.489067511190814486e-01 1.122611034346110515e+01
7.491108569118534177e-01 1.129777681071867868e+01
7.493149627046252759e-01 1.137277984199997505e+01
7.495190684973971340e-01 1.144428379251013617e+01
7.497231742901691032e-01 1.152288946859621355e+01
7.499272800829409613e-01 1.159986620935607782e+01
7.501313858757128195e-01 1.167707020817757346e+01
7.503354916684847886e-01 1.175278058945510828e+01
7.505395974612566468e-01 1.183181445198581194e+01
7.507437032540285049e-01 1.191046846965780759e+01
7.509478090468004741e-01 1.198526758507691525e+01
7.511519148395723322e-01 1.206307756915053986e+01
7.513560206323441903e-01 1.214392199434486841e+01
7.515601264251161595e-01 1.222676859808324501e+01
7.517642322178880177e-01 1.230794646697617978e+01
7.519683380106599868e-01 1.239416092000621283e+01
7.521724438034318450e-01 1.247981485583954964e+01
7.523765495962038141e-01 1.256743241916597142e+01
7.525806553889756723e-01 1.265819021121510346e+01
7.527847611817475304e-01 1.274303499042535393e+01
7.529888669745194996e-01 1.283321831979272964e+01
7.531929727672913577e-01 1.291942385230952439e+01
7.533970785600632158e-01 1.300926246598541702e+01
7.536011843528351850e-01 1.311115827241663467e+01
7.538052901456070432e-01 1.321267157871849207e+01
7.540093959383789013e-01 1.330708586906688851e+01
7.542135017311508705e-01 1.340186986791058565e+01
7.544176075239227286e-01 1.350209870727579720e+01
7.546217133166945867e-01 1.361135209413740021e+01
7.548258191094665559e-01 1.371175340996722625e+01
7.550299249022384140e-01 1.381344611930021493e+01
7.552340306950102722e-01 1.391664506019638736e+01
7.554381364877822413e-01 1.402255814596297512e+01
7.556422422805540995e-01 1.412309776162175190e+01
7.558463480733259576e-01 1.423241114097307936e+01
7.560504538660979268e-01 1.433254559122987359e+01
7.562545596588697849e-01 1.443849316633901303e+01
7.564586654516416431e-01 1.455362342240618112e+01
7.566627712444136122e-01 1.465921828965785778e+01
7.568668770371854704e-01 1.477353997978048028e+01
7.570709828299573285e-01 1.487925161602945323e+01
7.572750886227292977e-01 1.499155180487963790e+01
7.574791944155011558e-01 1.510828667225847433e+01
7.576833002082731250e-01 1.522410874004902404e+01
7.578874060010449831e-01 1.534984841983856718e+01
7.580915117938169523e-01 1.548366537864302650e+01
7.582956175865888104e-01 1.560569684753983033e+01
7.584997233793606686e-01 1.572612296370157381e+01
7.587038291721326377e-01 1.586245997979060185e+01
7.589079349649044959e-01 1.599964595504137677e+01
7.591120407576763540e-01 1.612840329935114525e+01
7.593161465504483232e-01 1.626571117996045857e+01
7.595202523432201813e-01 1.640198701368130330e+01
7.597243581359920395e-01 1.654026439303837748e+01
7.599284639287640086e-01 1.668004973931727974e+01
7.601325697215358668e-01 1.683113422133486026e+01
7.603366755143077249e-01 1.697155616284469204e+01
7.605407813070796941e-01 1.711088483267940674e+01
7.607448870998515522e-01 1.724963578739555814e+01
7.609489928926234104e-01 1.741411060565147295e+01
7.611530986853953795e-01 1.757430377506116059e+01
7.613572044781672377e-01 1.772040686387414610e+01
7.615613102709390958e-01 1.787509122537292328e+01
7.617654160637110650e-01 1.802128200350676934e+01
7.619695218564829231e-01 1.818090097766362234e+01
7.621736276492547812e-01 1.834125098787489350e+01
7.623777334420267504e-01 1.852002141997328266e+01
7.625818392347986086e-01 1.869421041201053058e+01
7.627859450275705777e-01 1.887111642478148710e+01
7.629900508203424359e-01 1.903048004617206246e+01
7.631941566131142940e-01 1.921528409383679303e+01
7.633982624058862632e-01 1.940132784802251820e+01
7.636023681986581213e-01 1.958547135928926508e+01
7.638064739914300905e-01 1.976030612929269381e+01
7.640105797842019486e-01 1.993209514782232716e+01
7.642146855769738067e-01 2.010001642631100793e+01
7.644187913697457759e-01 2.026033793733697763e+01
7.646228971625176341e-01 2.044704496819745287e+01
7.648270029552894922e-01 2.063117963143661626e+01
7.650311087480614614e-01 2.080672120631542299e+01
7.652352145408333195e-01 2.097432705953081822e+01
7.654393203336051776e-01 2.115962437769626447e+01
7.656434261263771468e-01 2.136887438420676233e+01
7.658475319191490049e-01 2.156460663846629444e+01
7.660516377119208631e-01 2.179963569268310053e+01
7.662557435046928322e-01 2.202070715897710684e+01
7.664598492974646904e-01 2.228390445998746117e+01
7.666639550902365485e-01 2.255658608808520427e+01
7.668680608830085177e-01 2.275010305428987678e+01
7.670721666757803758e-01 2.295008436200773971e+01
7.672762724685522340e-01 2.315449260434739998e+01
7.674803782613242031e-01 2.336127165039199838e+01
7.676844840540960613e-01 2.366435725313471394e+01
7.678885898468679194e-01 2.387968549165488241e+01
7.680926956396398886e-01 2.408889701692602259e+01
7.682968014324117467e-01 2.427468602227184391e+01
7.685009072251837159e-01 2.455900991759079233e+01
7.687050130179555740e-01 2.479015820180604379e+01
7.689091188107274322e-01 2.511630154131362147e+01
7.691132246034994013e-01 2.539352890798679141e+01
7.693173303962712595e-01 2.562825451872663152e+01
7.695214361890432286e-01 2.581928120373240887e+01
7.697255419818150868e-01 2.608950069406693473e+01
7.699296477745869449e-01 2.637492953334389867e+01
7.701337535673589141e-01 2.672575113230894317e+01
7.703378593601307722e-01 2.701070142834666044e+01
7.705419651529026304e-01 2.733700179742502456e+01
7.707460709456745995e-01 2.753155446648001003e+01
7.709501767384464577e-01 2.780950755143723185e+01
7.711542825312183158e-01 2.809572712062363564e+01
7.713583883239902850e-01 2.829453510152281126e+01
7.715624941167621431e-01 2.849584255837363145e+01
7.717665999095340013e-01 2.889036285322899644e+01
7.719707057023059704e-01 2.909334523517724236e+01
7.721748114950778286e-01 2.929883332107728222e+01
7.723789172878496867e-01 2.950681368532145044e+01
7.725830230806216559e-01 2.992568356444559896e+01
7.727871288733935140e-01 3.013546715447077418e+01
7.729912346661653721e-01 3.034774035540335291e+01
7.731953404589373413e-01 3.056248960314757923e+01
7.733994462517091995e-01 3.123393754367259589e+01
7.736035520444810576e-01 3.144760925002153940e+01
7.738076578372530268e-01 3.207263888621727688e+01
7.740117636300248849e-01 3.228593956429737233e+01
7.742158694227968541e-01 3.250177463282437884e+01
7.744199752155687122e-01 3.272012989306180941e+01
7.746240810083406814e-01 3.294099121758491577e+01
7.748281868011125395e-01 3.316434455540510839e+01
7.750322925938843976e-01 3.339017593670586592e+01
7.752363983866563668e-01 3.361847147718306417e+01
7.754405041794282250e-01 3.384921738198323027e+01
7.756446099722000831e-01 3.408239994923390981e+01
7.758487157649720523e-01 3.431800557316065436e+01
7.760528215577439104e-01 3.455602074678544255e+01
7.762569273505157685e-01 3.595323413930270817e+01
7.764610331432877377e-01 3.619059763927428719e+01
7.766651389360595958e-01 3.643034676572748509e+01
7.768692447288314540e-01 3.880335675293920872e+01
7.770733505216034231e-01 3.903957771039573288e+01
7.772774563143752813e-01 3.927816966666989629e+01
7.774815621071471394e-01 3.951911984146353518e+01
7.776856678999191086e-01 3.976241555850129572e+01
7.778897736926909667e-01 4.000804424422103978e+01
7.780938794854628249e-01 8.289306334778564178e+01
7.782979852782347940e-01 8.289306334778564178e+01
7.785020910710066522e-01 8.289306334778564178e+01
7.787061968637785103e-01 8.289306334778564178e+01
7.789103026565504795e-01 8.289306334778564178e+01
