6.526698384730552638e-01 8.289306334778564178e+01
6.527164747514188070e-01 8.289306334778564178e+01
6.527631110297824613e-01 8.289306334778564178e+01
6.528097473081460045e-01 3.707901688625346992e+01
6.528563835865096587e-01 3.681000826034242124e+01
6.529030198648732020e-01 3.408640708158110044e+01
6.529496561432367452e-01 3.381928244333161615e+01
6.529962924216003994e-01 3.355496308812422512e+01
6.530429286999639427e-01 3.329346557316601007e+01
6.530895649783275969e-01 3.303480660824574500e+01
6.531362012566911401e-01 3.277900305699873940e+01
6.531828375350546834e-01 3.252607193738619884e+01
6.532294738134183376e-01 3.227603042140189871e+01
6.532761100917818808e-01 3.202889583401719875e+01
6.533227463701454241e-01 3.178468565137435675e+01
6.533693826485090783e-01 3.154341749823721841e+01
6.534160189268726215e-01 3.130510914470777095e+01
6.534626552052362758e-01 3.060409698929790423e+01
6.535092914835998190e-01 3.036598436205751739e+01
6.535559277619633622e-01 3.013081881437094367e+01
6.536025640403270165e-01 2.989861798581937435e+01
6.536492003186905597e-01 2.966939963002536018e+01
6.536958365970542140e-01 2.878700488211534747e+01
6.537424728754177572e-01 2.855381620813159316e+01
6.537891091537813004e-01 2.832353675084855738e+01
6.538357454321449547e-01 2.809618367071861300e+01
6.538823817105084979e-01 2.768869449207587863e+01
6.539290179888721521e-01 2.746408006259262535e+01
6.539756542672356954e-01 2.696602088679494358e+01
6.540222905455992386e-01 2.674230541434590691e+01
6.540689268239628928e-01 2.652149033951170054e+01
6.541155631023264361e-01 2.630359251448843949e+01
6.541621993806900903e-01 2.608862882257261973e+01
6.542088356590536335e-01 2.587661616554678190e+01
6.542554719374171768e-01 2.566757145067366608e+01
6.543021082157808310e-01 2.546151157733814330e+01
6.543487444941443743e-01 2.517407718319860521e+01
6.543953807725079175e-01 2.497198179910612836e+01
6.544420170508715717e-01 2.477287992963905694e+01
6.544886533292351150e-01 2.457678772296584668e+01
6.545352896075987692e-01 2.438372124857091450e+01
6.545819258859623124e-01 2.414038310037678059e+01
6.546285621643258557e-01 2.395190567692509731e+01
6.546751984426895099e-01 2.376646484373421586e+01
6.547218347210530531e-01 2.358407554179167676e+01
6.547684709994167074e-01 2.340475255730470749e+01
6.548151072777802506e-01 2.322851050806285755e+01
6.548617435561437938e-01 2.292428871928387935e+01
6.549083798345074481e-01 2.274996271660424796e+01
6.549550161128709913e-01 2.257863890629014847e+01
6.550016523912346456e-01 2.241032847657869098e+01
6.550482886695981888e-01 2.224504235976750621e+01
6.550949249479617320e-01 2.203460710125766653e+01
6.551415612263253863e-01 2.175910611620127355e+01
6.551881975046889295e-01 2.152444625117330190e+01
6.552348337830525837e-01 2.133682298748309947e+01
6.552814700614161270e-01 2.117699698695408372e+01
6.553281063397796702e-01 2.092121798783394127e+01
6.553747426181433244e-01 2.076340315594791264e+01
6.554213788965068677e-01 2.060829099541759390e+01
6.554680151748704109e-01 2.045588304252325074e+01
6.555146514532340651e-01 2.030618060577228690e+01
6.555612877315976084e-01 2.014207863776222140e+01
6.556079240099612626e-01 1.999712206321820673e+01
6.556545602883248058e-01 1.985485302113598038e+01
6.557011965666883491e-01 1.971527164148507794e+01
6.557478328450520033e-01 1.957837787989543443e+01
6.557944691234155465e-01 1.944417152999843523e+01
6.558411054017792008e-01 1.931265223649941376e+01
6.558877416801427440e-01 1.915910099753785190e+01
6.559343779585062872e-01 1.903188014626086044e+01
6.559810142368699415e-01 1.890730649927157359e+01
6.560276505152334847e-01 1.878537836370318104e+01
6.560742867935971390e-01 1.864108089734335039e+01
6.561209230719606822e-01 1.850732528973181346e+01
6.561675593503242254e-01 1.839140446298227261e+01
6.562141956286878797e-01 1.825313340112406735e+01
6.562608319070514229e-01 1.813269556198978094e+01
6.563074681854149661e-01 1.801474976128593752e+01
6.563541044637786204e-01 1.789794566674738974e+01
6.564007407421421636e-01 1.779121913120427223e+01
6.564473770205058178e-01 1.767953577328934855e+01
6.564940132988693611e-01 1.756972881301960854e+01
6.565406495772329043e-01 1.745424194460564493e+01
6.565872858555965585e-01 1.732102703552613221e+01
6.566339221339601018e-01 1.722347234682677808e+01
6.566805584123237560e-01 1.706285444757101999e+01
6.567271946906872992e-01 1.694291803950898867e+01
6.567738309690508425e-01 1.684777686172862587e+01
6.568204672474144967e-01 1.674481660808115180e+01
6.568671035257780400e-01 1.662107257637298474e+01
6.569137398041416942e-01 1.653012278055947348e+01
6.569603760825052374e-01 1.643682134751416157e+01
6.570070123608687807e-01 1.633955057653519205e+01
6.570536486392324349e-01 1.622598279050616554e+01
6.571002849175959781e-01 1.613048175217284808e+01
6.571469211959596324e-01 1.603149038329128473e+01
6.571935574743231756e-01 1.593995658636151447e+01
6.572401937526867188e-01 1.583617576946898353e+01
6.572868300310503731e-01 1.572051127634453138e+01
6.573334663094139163e-01 1.563428456638161457e+01
6.573801025877774595e-01 1.554856685224351409e+01
6.574267388661411138e-01 1.544847185617751428e+01
6.574733751445046570e-01 1.536734323167777028e+01
6.575200114228683113e-01 1.528337066891981522e+01
6.575666477012318545e-01 1.520303071787081173e+01
6.576132839795953977e-01 1.511201318528621407e+01
6.576599202579590520e-01 1.502268445060076907e+01
6.577065565363225952e-01 1.492056988333388290e+01
6.577531928146862494e-01 1.482471896979546777e+01
6.577998290930497927e-01 1.472331004595872628e+01
6.578464653714133359e-01 1.464690678974823967e+01
6.578931016497769901e-01 1.455652247117051701e+01
6.579397379281405334e-01 1.448411196505671406e+01
6.579863742065041876e-01 1.440217829202145161e+01
6.580330104848677308e-01 1.431964195384893301e+01
6.580796467632312741e-01 1.423978958990224974e+01
6.581262830415949283e-01 1.416030789686776181e+01
6.581729193199584715e-01 1.408495659781808307e+01
6.582195555983221258e-01 1.399611969406790735e+01
6.582661918766856690e-01 1.391178972558383187e+01
6.583128281550492122e-01 1.382965440889044828e+01
6.583594644334128665e-01 1.375239563770876927e+01
6.584061007117764097e-01 1.367872085649507596e+01
6.584527369901399529e-01 1.359699917886999287e+01
6.584993732685036072e-01 1.351479867788095568e+01
6.585460095468671504e-01 1.344441805185147309e+01
6.585926458252308047e-01 1.336412794115473446e+01
6.586392821035943479e-01 1.329173239931032313e+01
6.586859183819578911e-01 1.321036303230974873e+01
6.587325546603215454e-01 1.312683254804533028e+01
6.587791909386850886e-01 1.304633140919557022e+01
6.588258272170487428e-01 1.297116180068614710e+01
6.588724634954122861e-01 1.289676410646537619e+01
6.589190997737758293e-01 1.281834314052812118e+01
6.589657360521394835e-01 1.273376884168509449e+01
6.590123723305030268e-01 1.266475497441136433e+01
6.590590086088666810e-01 1.258278030931869829e+01
6.591056448872302242e-01 1.249961682751178316e+01
6.591522811655937675e-01 1.241298311510306185e+01
6.591989174439574217e-01 1.233367953116380100e+01
6.592455537223209650e-01 1.225631849328260969e+01
6.592921900006846192e-01 1.217167020943899836e+01
6.593388262790481624e-01 1.209695735091450075e+01
6.593854625574117057e-01 1.202192840442589805e+01
6.594320988357753599e-01 1.194791416954580043e+01
6.594787351141389031e-01 1.187483492228000337e+01
6.595253713925024464e-01 1.179628882651464750e+01
6.595720076708661006e-01 1.172093209288260418e+01
6.596186439492296438e-01 1.164732898152502294e+01
6.596652802275932981e-01 1.157523834477754932e+01
6.597119165059568413e-01 1.149465549196899339e+01
6.597585527843203845e-01 1.142071138765392213e+01
6.598051890626840388e-01 1.134493839490051492e+01
6.598518253410475820e-01 1.127203424019691447e+01
6.598984616194112363e-01 1.120167230712183937e+01
6.599450978977747795e-01 1.112833362156290384e+01
6.599917341761383227e-01 1.105470896793739577e+01
6.600383704545019770e-01 1.098007479143113940e+01
6.600850067328655202e-01 1.090569059472429814e+01
6.601316430112291744e-01 1.083245493490932176e+01
6.601782792895927177e-01 1.076127032410843576e+01
6.602249155679562609e-01 1.069467654621339570e+01
6.602715518463199151e-01 1.061852323669928566e+01
6.603181881246834584e-01 1.055391702525788489e+01
6.603648244030471126e-01 1.048229122454444884e+01
6.604114606814106558e-01 1.040653441337021512e+01
6.604580969597741991e-01 1.033221473390070422e+01
6.605047332381378533e-01 1.026156212254421973e+01
6.605513695165013965e-01 1.019222940279530754e+01
6.605980057948649398e-01 1.012418643144610897e+01
6.606446420732285940e-01 1.005476009986480435e+01
6.606912783515921372e-01 9.986293544935678668e+00
6.607379146299557915e-01 9.914657700545276953e+00
6.607845509083193347e-01 9.849577232089837153e+00
6.608311871866828779e-01 9.782527633561157288e+00
6.608778234650465322e-01 9.718627121095900989e+00
6.609244597434100754e-01 9.652604945529146718e+00
6.609710960217737297e-01 9.588767895908276273e+00
6.610177323001372729e-01 9.520691885608966842e+00
6.610643685785008161e-01 9.451550902033291734e+00
6.611110048568644704e-01 9.391981906152210513e+00
6.611576411352280136e-01 9.326693854969741793e+00
6.612042774135916678e-01 9.264381624780250846e+00
6.612509136919552111e-01 9.203392614703082231e+00
6.612975499703187543e-01 9.143691830645380492e+00
6.613441862486824085e-01 9.078725742393389808e+00
6.613908225270459518e-01 9.021612999482586659e+00
6.614374588054094950e-01 8.958454433192395427e+00
6.614840950837731492e-01 8.897729253264014204e+00
6.615307313621366925e-01 8.838751756922587077e+00
6.615773676405003467e-01 8.779083995877821067e+00
6.616240039188638900e-01 8.718234591538941203e+00
6.616706401972274332e-01 8.659046311651424688e+00
6.617172764755910874e-01 8.596826300070283366e+00
6.617639127539546307e-01 8.542484507673025362e+00
6.618105490323182849e-01 8.483219170729649150e+00
6.618571853106818281e-01 8.422497600876489798e+00
6.619038215890453714e-01 8.366171783281423302e+00
6.619504578674090256e-01 8.311066593265188374e+00
6.619970941457725688e-01 8.258414925159765829e+00
6.620437304241362231e-01 8.204897125301961580e+00
6.620903667024997663e-01 8.151230638466975265e+00
6.621370029808633095e-01 8.095891773621042731e+00
6.621836392592269638e-01 8.044644718907278502e+00
6.622302755375905070e-01 7.993723106769343723e+00
6.622769118159541613e-01 7.946460845734631739e+00
6.623235480943177045e-01 7.893665028607608214e+00
6.623701843726812477e-01 7.841414232045738508e+00
6.624168206510449020e-01 7.791626919207249813e+00
6.624634569294084452e-01 7.739757315961017348e+00
6.625100932077720994e-01 7.690603966654522949e+00
6.625567294861356427e-01 7.644645557403952907e+00
6.626033657644991859e-01 7.597928934588075833e+00
6.626500020428628401e-01 7.550411917859747746e+00
6.626966383212263834e-01 7.501341759976539514e+00
6.627432745995899266e-01 7.456668835177587162e+00
6.627899108779535808e-01 7.408188225485382361e+00
6.628365471563171241e-01 7.360962019222750286e+00
6.628831834346807783e-01 7.316070656444813025e+00
6.629298197130443215e-01 7.266751517237215019e+00
6.629764559914078648e-01 7.221973196429521735e+00
6.630230922697715190e-01 7.176329206925679216e+00
6.630697285481350622e-01 7.129152109353642963e+00
6.631163648264987165e-01 7.084532989902260880e+00
6.631630011048622597e-01 7.037263989545308185e+00
6.632096373832258029e-01 6.991670852708824491e+00
6.632562736615894572e-01 6.945648799872497392e+00
6.633029099399530004e-01 6.901444020459974737e+00
6.633495462183166547e-01 6.856134125894834064e+00
6.633961824966801979e-01 6.811761721699893357e+00
6.634428187750437411e-01 6.768104207782123183e+00
6.634894550534073954e-01 6.725513763109512766e+00
6.635360913317709386e-01 6.682663232830794442e+00
6.635827276101344818e-01 6.637579014501644004e+00
6.636293638884981361e-01 6.593488197273030593e+00
6.636760001668616793e-01 6.550950490159729078e+00
6.637226364452253335e-01 6.507768872941952942e+00
6.637692727235888768e-01 6.466048199324007761e+00
6.638159090019524200e-01 6.420788033096913594e+00
6.638625452803160742e-01 6.377123155622039796e+00
6.639091815586796175e-01 6.332917699962683500e+00
6.639558178370432717e-01 6.290109023540325417e+00
6.640024541154068149e-01 6.250358471488011602e+00
6.640490903937703582e-01 6.206759072248396514e+00
6.640957266721340124e-01 6.168544986272867625e+00
6.641423629504975557e-01 6.127309326207685203e+00
6.641889992288612099e-01 6.083471493738423774e+00
6.642356355072247531e-01 6.040461584938956463e+00
6.642822717855882964e-01 5.998250674047341136e+00
6.643289080639519506e-01 5.955868069866952830e+00
6.643755443423154938e-01 5.913275101962466529e+00
6.644221806206791481e-01 5.871179693730210758e+00
6.644688168990426913e-01 5.829651332587596713e+00
6.645154531774062345e-01 5.789487215254830232e+00
6.645620894557698888e-01 5.747912858530152214e+00
6.646087257341334320e-01 5.704638907299241168e+00
6.646553620124969752e-01 5.663395289186729187e+00
6.647019982908606295e-01 5.623080671746321535e+00
6.647486345692241727e-01 5.580136750207651097e+00
6.647952708475878270e-01 5.537919840591160714e+00
6.648419071259513702e-01 5.497277811867216535e+00
6.648885434043149134e-01 5.455105350905113504e+00
6.649351796826785677e-01 5.412088042429253676e+00
6.649818159610421109e-01 5.369389316554872948e+00
6.650284522394057651e-01 5.327352749237529217e+00
6.650750885177693084e-01 5.285645806059334539e+00
6.651217247961328516e-01 5.246188398748903303e+00
6.651683610744965058e-01 5.206376854820909728e+00
6.652149973528600491e-01 5.166747205342363536e+00
6.652616336312237033e-01 5.123109031921938339e+00
6.653082699095872465e-01 5.082467691169253676e+00
6.653549061879507898e-01 5.038659728923938985e+00
6.654015424663144440e-01 4.997548118257089556e+00
6.654481787446779872e-01 4.956267936815118347e+00
6.654948150230416415e-01 4.914827539801214229e+00
6.655414513014051847e-01 4.873373972316037417e+00
6.655880875797687279e-01 4.831264230710825558e+00
6.656347238581323822e-01 4.790640700282263964e+00
6.656813601364959254e-01 4.749810462487160656e+00
6.657279964148594686e-01 4.707941674010157840e+00
6.657746326932231229e-01 4.667069124092028787e+00
6.658212689715866661e-01 4.625707799009501464e+00
6.658679052499503204e-01 4.584804022962466696e+00
6.659145415283138636e-01 4.544581933624265879e+00
6.659611778066774068e-01 4.502718773684637910e+00
6.660078140850410611e-01 4.462482995797921959e+00
6.660544503634046043e-01 4.420720829069873403e+00
6.661010866417682585e-01 4.381344023424403211e+00
6.661477229201318018e-01 4.341816741833093296e+00
6.661943591984953450e-01 4.302307622638545936e+00
6.662409954768589992e-01 4.261921729445057316e+00
6.662876317552225425e-01 4.220819863263779226e+00
6.663342680335861967e-01 4.180573059845531958e+00
6.663809043119497399e-01 4.141269435468591276e+00
6.664275405903132832e-01 4.100602881949016343e+00
6.664741768686769374e-01 4.062100596319980106e+00
6.665208131470404807e-01 4.022474809114043204e+00
6.665674494254041349e-01 3.983365739385387183e+00
6.666140857037676781e-01 3.944731207899987879e+00
6.666607219821312214e-01 3.905368135385614892e+00
6.667073582604948756e-01 3.867685950789347515e+00
6.667539945388584188e-01 3.828377988803202570e+00
6.668006308172219621e-01 3.789017642450319023e+00
6.668472670955856163e-01 3.750388991174453679e+00
6.668939033739491595e-01 3.711884178956156521e+00
6.669405396523128138e-01 3.673799677279484310e+00
6.669871759306763570e-01 3.635638587255137111e+00
6.670338122090399002e-01 3.597869799812791314e+00
6.670804484874035545e-01 3.560151241500954189e+00
6.671270847657670977e-01 3.523988249417337570e+00
6.671737210441307520e-01 3.486846919026651115e+00
6.672203573224942952e-01 3.449583061644847515e+00
6.672669936008578384e-01 3.411702363714321784e+00
6.673136298792214927e-01 3.374945025779999774e+00
6.673602661575850359e-01 3.339009179241294145e+00
6.674069024359486901e-01 3.302394614799847972e+00
6.674535387143122334e-01 3.267529240943959135e+00
6.675001749926757766e-01 3.231379972430468150e+00
6.675468112710394308e-01 3.195855580705292187e+00
6.675934475494029741e-01 3.160522422253741581e+00
6.676400838277666283e-01 3.125716797076273146e+00
6.676867201061301715e-01 3.091076139314906435e+00
6.677333563844937148e-01 3.056046408611412080e+00
6.677799926628573690e-01 3.020678604450837135e+00
6.678266289412209122e-01 2.986123393259745740e+00
6.678732652195844555e-01 2.951710780504407605e+00
6.679199014979481097e-01 2.917034055765698408e+00
6.679665377763116529e-01 2.883043953657589142e+00
6.680131740546753072e-01 2.848174942054010561e+00
6.680598103330388504e-01 2.814080233601303327e+00
6.681064466114023936e-01 2.780665061302474594e+00
6.681530828897660479e-01 2.747257183470934727e+00
6.681997191681295911e-01 2.713403541272191521e+00
6.682463554464932454e-01 2.680861689421096372e+00
6.682929917248567886e-01 2.648161870999059087e+00
6.683396280032203318e-01 2.615392182452406455e+00
6.683862642815839861e-01 2.583238041419738007e+00
6.684329005599475293e-01 2.551390461948498611e+00
6.684795368383111835e-01 2.520417534656919312e+00
6.685261731166747268e-01 2.488819631851101555e+00
6.685728093950382700e-01 2.457161368097382059e+00
6.686194456734019242e-01 2.425367091737253400e+00
6.686660819517654675e-01 2.393338378514659137e+00
6.687127182301291217e-01 2.361422657804513658e+00
6.687593545084926649e-01 2.331070580805498338e+00
6.688059907868562082e-01 2.300693211435665297e+00
6.688526270652198624e-01 2.270197329617652304e+00
6.688992633435834056e-01 2.240074546697075064e+00
6.689458996219469489e-01 2.209882591963556298e+00
6.689925359003106031e-01 2.180069767916688495e+00
6.690391721786741464e-01 2.151134793570112169e+00
6.690858084570378006e-01 2.121591814933554421e+00
6.691324447354013438e-01 2.093367252852232685e+00
6.691790810137648871e-01 2.064026919480768552e+00
6.692257172921285413e-01 2.035553891048252684e+00
6.692723535704920845e-01 2.007610411404875617e+00
6.693189898488557388e-01 1.979147798053543239e+00
6.693656261272192820e-01 1.950918655917313504e+00
6.694122624055828252e-01 1.923089366538559997e+00
6.694588986839464795e-01 1.895100693010846493e+00
6.695055349623100227e-01 1.867302776300296729e+00
6.695521712406736770e-01 1.840658286085401940e+00
6.695988075190372202e-01 1.813233390687034374e+00
6.696454437974007634e-01 1.786517653188265831e+00
6.696920800757644177e-01 1.759585862013204549e+00
6.697387163541279609e-01 1.733006620921125895e+00
6.697853526324915041e-01 1.707511888879633677e+00
6.698319889108551584e-01 1.681223582804312056e+00
6.698786251892187016e-01 1.656411018232690546e+00
6.699252614675823558e-01 1.631398786573134307e+00
6.699718977459458991e-01 1.606734363347108285e+00
6.700185340243094423e-01 1.581891252088269750e+00
6.700651703026730965e-01 1.556925460542957884e+00
6.701118065810366398e-01 1.533004452142222807e+00
6.701584428594002940e-01 1.508570308369089785e+00
6.702050791377638372e-01 1.485151754266444746e+00
6.702517154161273805e-01 1.461377359734682857e+00
6.702983516944910347e-01 1.437741750435372445e+00
6.703449879728545779e-01 1.415178737222118510e+00
6.703916242512182322e-01 1.392236616533403026e+00
6.704382605295817754e-01 1.369139689612564048e+00
6.704848968079453186e-01 1.346669902663331753e+00
6.705315330863089729e-01 1.324274166628808702e+00
6.705781693646725161e-01 1.302944026413848766e+00
6.706248056430361704e-01 1.281265396193064676e+00
6.706714419213997136e-01 1.259660962303623677e+00
6.707180781997632568e-01 1.238272739563102798e+00
6.707647144781269111e-01 1.217352333473713522e+00
6.708113507564904543e-01 1.196368741786140388e+00
6.708579870348541085e-01 1.175405149531911109e+00
6.709046233132176518e-01 1.155029627330611985e+00
6.709512595915811950e-01 1.134649870063857202e+00
6.709978958699448492e-01 1.114981079715517520e+00
6.710445321483083925e-01 1.095654650323278689e+00
6.710911684266719357e-01 1.075673958795519525e+00
6.711378047050355899e-01 1.056080543858814780e+00
6.711844409833991332e-01 1.036278852202901835e+00
6.712310772617627874e-01 1.017666090639720355e+00
6.712777135401263306e-01 9.987690517345545471e-01
6.713243498184898739e-01 9.805154122436607889e-01
6.713709860968535281e-01 9.619521591864619303e-01
6.714176223752170714e-01 9.429231960220768594e-01
6.714642586535807256e-01 9.247652811798393602e-01
6.715108949319442688e-01 9.064787765173615286e-01
6.715575312103078121e-01 8.886540927684907221e-01
6.716041674886714663e-01 8.713115492700422848e-01
6.716508037670350095e-01 8.535708066008258488e-01
6.716974400453986638e-01 8.366332933302692565e-01
6.717440763237622070e-01 8.190339265545881764e-01
6.717907126021257502e-01 8.018502980491776233e-01
6.718373488804894045e-01 7.848535418669395636e-01
6.718839851588529477e-01 7.682747461160938096e-01
6.719306214372164909e-01 7.511848487676802133e-01
6.719772577155801452e-01 7.346537966916799611e-01
6.720238939939436884e-01 7.187869679454411687e-01
6.720705302723073427e-01 7.027681482694821957e-01
6.721171665506708859e-01 6.869720688588785151e-01
6.721638028290344291e-01 6.713143169263922072e-01
6.722104391073980834e-01 6.554930950611722595e-01
6.722570753857616266e-01 6.401270541015806614e-01
6.723037116641252808e-01 6.245236927790295267e-01
6.723503479424888241e-01 6.096269976337387320e-01
6.723969842208523673e-01 5.949088338293716527e-01
6.724436204992160215e-01 5.804719519485449508e-01
6.724902567775795648e-01 5.655255300981805178e-01
6.725368930559432190e-01 5.508348041346708968e-01
6.725835293343067622e-01 5.364175160448081403e-01
6.726301656126703055e-01 5.228153322485993293e-01
6.726768018910339597e-01 5.093764459178188320e-01
6.727234381693975029e-01 4.955027824696205951e-01
6.727700744477611572e-01 4.827582662290076376e-01
6.728167107261247004e-01 4.696893679817190081e-01
6.728633470044882436e-01 4.567762118853933018e-01
6.729099832828518979e-01 4.440685575356541070e-01
6.729566195612154411e-01 4.314128694417004306e-01
6.730032558395789843e-01 4.191327192802353219e-01
6.730498921179426386e-01 4.070006138934913476e-01
6.730965283963061818e-01 3.950963595016435126e-01
6.731431646746698361e-01 3.836965486601249253e-01
6.731898009530333793e-01 3.721187784704526602e-01
6.732364372313969225e-01 3.608790013886565284e-01
6.732830735097605768e-01 3.498289576968097170e-01
6.733297097881241200e-01 3.388062592224670988e-01
6.733763460664877742e-01 3.281017110725227282e-01
6.734229823448513175e-01 3.174987882437665943e-01
6.734696186232148607e-01 3.074697529745666347e-01
6.735162549015785149e-01 2.967647177964520266e-01
6.735628911799420582e-01 2.864068483966323853e-01
6.736095274583057124e-01 2.763501587826175387e-01
6.736561637366692556e-01 2.667975296086988468e-01
6.737028000150327989e-01 2.574531447620380109e-01
6.737494362933964531e-01 2.485204196215723138e-01
6.737960725717599964e-01 2.396385183378050288e-01
6.738427088501235396e-01 2.309057419264668176e-01
6.738893451284871938e-01 2.220387755781729200e-01
6.739359814068507371e-01 2.137919461557737377e-01
6.739826176852143913e-01 2.053135537652552300e-01
6.740292539635779345e-01 1.970226256455103186e-01
6.740758902419414778e-01 1.889201907660874868e-01
6.741225265203051320e-01 1.806000733467275354e-01
6.741691627986686752e-01 1.727014409517649285e-01
6.742157990770323295e-01 1.652459760793714150e-01
6.742624353553958727e-01 1.577443229058373142e-01
6.743090716337594159e-01 1.502774618422257624e-01
6.743557079121230702e-01 1.428536927686173685e-01
6.744023441904866134e-01 1.360941069490335387e-01
6.744489804688502677e-01 1.289030339871486963e-01
6.744956167472138109e-01 1.222268416276689612e-01
6.745422530255773541e-01 1.155841233787664735e-01
6.745888893039410084e-01 1.092332398993377807e-01
6.746355255823045516e-01 1.031547116305634865e-01
6.746821618606682058e-01 9.747512511416409065e-02
6.747287981390317491e-01 9.128922331208512431e-02
6.747754344173952923e-01 8.528659723574283369e-02
6.748220706957589465e-01 7.975698871403130719e-02
6.748687069741224898e-01 7.416351207007571000e-02
6.749153432524861440e-01 6.915443947563895688e-02
6.749619795308496872e-01 6.419343192441577528e-02
6.750086158092132305e-01 5.904106442978578756e-02
6.750552520875768847e-01 5.434651449273836255e-02
6.751018883659404279e-01 4.969164218337308869e-02
6.751485246443039712e-01 4.554741389673137159e-02
6.751951609226676254e-01 4.132258892314844001e-02
6.752417972010311686e-01 3.748497856486295021e-02
6.752884334793948229e-01 3.358824417167592669e-02
6.753350697577583661e-01 2.985044698230036181e-02
6.753817060361219093e-01 2.630460460905644643e-02
6.754283423144855636e-01 2.351829607094679808e-02
6.754749785928491068e-01 2.042731159050119316e-02
6.755216148712127611e-01 1.729536816145513245e-02
6.755682511495763043e-01 1.474637246412171220e-02
6.756148874279398475e-01 1.231398195205459650e-02
6.756615237063035018e-01 9.873844402644875451e-03
6.757081599846670450e-01 7.672139015992797927e-03
6.757547962630306992e-01 5.816759976223610969e-03
6.758014325413942425e-01 3.972383798300882334e-03
6.758480688197577857e-01 2.792407261947522056e-03
6.758947050981214399e-01 1.573335459128502286e-03
6.759413413764849832e-01 1.158511083646275976e-03
6.759879776548485264e-01 4.319644901447886477e-04
6.760346139332121806e-01 6.632491194238878849e-05
6.760812502115757239e-01 -0.000000000000000000e+00
6.761278864899393781e-01 6.996371013791742848e-04
6.761745227683029213e-01 9.900098299129224833e-04
6.762211590466664646e-01 1.526082055443691741e-03
6.762677953250301188e-01 2.918224613847508926e-03
6.763144316033936621e-01 4.051225100130105040e-03
6.763610678817573163e-01 5.577954424311012092e-03
6.764077041601208595e-01 7.615981636655645703e-03
6.764543404384844028e-01 9.414836916554630147e-03
6.765009767168480570e-01 1.191007154601002316e-02
6.765476129952116002e-01 1.432531449750870829e-02
6.765942492735752545e-01 1.708416724501199760e-02
6.766408855519387977e-01 2.003500113626342088e-02
6.766875218303023409e-01 2.357041955406403988e-02
6.767341581086659952e-01 2.732465749660228232e-02
6.767807943870295384e-01 3.126299823368332981e-02
6.768274306653931927e-01 3.512160330929750551e-02
6.768740669437567359e-01 3.950468793319985433e-02
6.769207032221202791e-01 4.444448460832892828e-02
6.769673395004839334e-01 4.926258962230867927e-02
6.770139757788474766e-01 5.458173821747489690e-02
6.770606120572111308e-01 5.985790176690926334e-02
6.771072483355746741e-01 6.565490551746513970e-02
6.771538846139382173e-01 7.168371913827580044e-02
6.772005208923018715e-01 7.760121936305219847e-02
6.772471571706654148e-01 8.419343170862270131e-02
6.772937934490289580e-01 9.023714809917568469e-02
6.773404297273926122e-01 9.704037506817485281e-02
6.773870660057561555e-01 1.038307900568003761e-01
6.774337022841198097e-01 1.111144568192423687e-01
6.774803385624833529e-01 1.186149331500082477e-01
6.775269748408468962e-01 1.260155694165963070e-01
6.775736111192105504e-01 1.339988697718752786e-01
6.776202473975740936e-01 1.413431708271730980e-01
6.776668836759377479e-01 1.492315251860621417e-01
6.777135199543012911e-01 1.573487079164571367e-01
6.777601562326648343e-01 1.660482202201156721e-01
6.778067925110284886e-01 1.748276801234122380e-01
6.778534287893920318e-01 1.841224853675947903e-01
6.779000650677556861e-01 1.930909045230005394e-01
6.779467013461192293e-01 2.019695867187809302e-01
6.779933376244827725e-01 2.110375609050109957e-01
6.780399739028464268e-01 2.208545751478759034e-01
6.780866101812099700e-01 2.307775971215432209e-01
6.781332464595735132e-01 2.407376901993165952e-01
6.781798827379371675e-01 2.505508902966421259e-01
6.782265190163007107e-01 2.605550827247728463e-01
6.782731552946643649e-01 2.707875849959013870e-01
6.783197915730279082e-01 2.809304531641382274e-01
6.783664278513914514e-01 2.913658142286147390e-01
6.784130641297551056e-01 3.015384289428642561e-01
6.784597004081186489e-01 3.123325058489731521e-01
6.785063366864823031e-01 3.232945234510782861e-01
6.785529729648458463e-01 3.343877935570925275e-01
6.785996092432093896e-01 3.456787954777425509e-01
6.786462455215730438e-01 3.565182914305309314e-01
6.786928817999365871e-01 3.678912328733502379e-01
6.787395180783002413e-01 3.788023629927417257e-01
6.787861543566637845e-01 3.902799064935899565e-01
6.788327906350273278e-01 4.016909788977416351e-01
6.788794269133909820e-01 4.127959015376630458e-01
6.789260631917545252e-01 4.245433690311625763e-01
6.789726994701181795e-01 4.359315719352655494e-01
6.790193357484817227e-01 4.478059740359038865e-01
6.790659720268452659e-01 4.599045502682649333e-01
6.791126083052089202e-01 4.719217497433778052e-01
6.791592445835724634e-01 4.840595661190869592e-01
6.792058808619360066e-01 4.961144380314607139e-01
6.792525171402996609e-01 5.085602880063752051e-01
6.792991534186632041e-01 5.209414951909111524e-01
6.793457896970268584e-01 5.331670170081443949e-01
6.793924259753904016e-01 5.454335250626285436e-01
6.794390622537539448e-01 5.581212398161988775e-01
6.794856985321175991e-01 5.708212358918935969e-01
6.795323348104811423e-01 5.834356640040331277e-01
6.795789710888447965e-01 5.959419115592181626e-01
6.796256073672083398e-01 6.089099920101751495e-01
6.796722436455718830e-01 6.216098783586850862e-01
6.797188799239355372e-01 6.348156797843494958e-01
6.797655162022990805e-01 6.482730589515639519e-01
6.798121524806627347e-01 6.614566451032751759e-01
6.798587887590262779e-01 6.740979034566597639e-01
6.799054250373898212e-01 6.879160759151421445e-01
6.799520613157534754e-01 7.011947482490696881e-01
6.799986975941170186e-01 7.146189543377224895e-01
6.800453338724805619e-01 7.276672316568183474e-01
6.800919701508442161e-01 7.416713872913639483e-01
6.801386064292077593e-01 7.553794032454875795e-01
6.801852427075714136e-01 7.683035655351715398e-01
6.802318789859349568e-01 7.816624494978818838e-01
6.802785152642985000e-01 7.949958645591181927e-01
6.803251515426621543e-01 8.088502003367324944e-01
6.803717878210256975e-01 8.230376301102364511e-01
6.804184240993893518e-01 8.370653947777427772e-01
6.804650603777528950e-01 8.508633771083828901e-01
6.805116966561164382e-01 8.645791701719629518e-01
6.805583329344800925e-01 8.788575631899498974e-01
6.806049692128436357e-01 8.928188979883421306e-01
6.806516054912072899e-01 9.068420759414570487e-01
6.806982417695708332e-01 9.209970370065152512e-01
6.807448780479343764e-01 9.352907578934475108e-01
6.807915143262980306e-01 9.499774881547154992e-01
6.808381506046615739e-01 9.644700279641759133e-01
6.808847868830252281e-01 9.790299399156009441e-01
6.809314231613887713e-01 9.943935461602059211e-01
6.809780594397523146e-01 1.009950251426340095e+00
6.810246957181159688e-01 1.025138549826489776e+00
6.810713319964795120e-01 1.040127647228905383e+00
6.811179682748431663e-01 1.055116711810284658e+00
6.811646045532067095e-01 1.070273982180416361e+00
6.812112408315702528e-01 1.085491352702107060e+00
6.812578771099339070e-01 1.100807940404935126e+00
6.813045133882974502e-01 1.116544095775096945e+00
6.813511496666609935e-01 1.132116143510652595e+00
6.813977859450246477e-01 1.148588210048667513e+00
6.814444222233881909e-01 1.164325324304222642e+00
6.814910585017518452e-01 1.180135179467188156e+00
6.815376947801153884e-01 1.196596585124138468e+00
6.815843310584789316e-01 1.213026056054837154e+00
6.816309673368425859e-01 1.229607823882381767e+00
6.816776036152061291e-01 1.246293075176650111e+00
6.817242398935697834e-01 1.263323670613214711e+00
6.817708761719333266e-01 1.280645395033218614e+00
6.818175124502968698e-01 1.297399391214499875e+00
6.818641487286605241e-01 1.314273535737537912e+00
6.819107850070240673e-01 1.331222372654484065e+00
6.819574212853877215e-01 1.348664007234814166e+00
6.820040575637512648e-01 1.366233521089092351e+00
6.820506938421148080e-01 1.384217392035373306e+00
6.820973301204784622e-01 1.401913793351643900e+00
6.821439663988420055e-01 1.420347827335314950e+00
6.821906026772055487e-01 1.438653029378790693e+00
6.822372389555692029e-01 1.457274944265223526e+00
6.822838752339327462e-01 1.475511932818562411e+00
6.823305115122964004e-01 1.494584448474340022e+00
6.823771477906599436e-01 1.513263032562652155e+00
6.824237840690234869e-01 1.532545314498635625e+00
6.824704203473871411e-01 1.551968487657926277e+00
6.825170566257506843e-01 1.571281950146598883e+00
6.825636929041143386e-01 1.590498234944299094e+00
6.826103291824778818e-01 1.610445775613601471e+00
6.826569654608414250e-01 1.630121385343788587e+00
6.827036017392050793e-01 1.649642469232772246e+00
6.827502380175686225e-01 1.669307264248897749e+00
6.827968742959322768e-01 1.689529768109727659e+00
6.828435105742958200e-01 1.708919369229021878e+00
6.828901468526593632e-01 1.729344212432113226e+00
6.829367831310230175e-01 1.749925571050216178e+00
6.829834194093865607e-01 1.770920605269189707e+00
6.830300556877502149e-01 1.791516489415647229e+00
6.830766919661137582e-01 1.812495623726996019e+00
6.831233282444773014e-01 1.834433122798666549e+00
6.831699645228409556e-01 1.856018974313805137e+00
6.832166008012044989e-01 1.877325446898264305e+00
6.832632370795681531e-01 1.897769649821495985e+00
6.833098733579316963e-01 1.919448350627226629e+00
6.833565096362952396e-01 1.941074618115935513e+00
6.834031459146588938e-01 1.963195903367755513e+00
6.834497821930224370e-01 1.985211094558654521e+00
6.834964184713859803e-01 2.006941093063411508e+00
6.835430547497496345e-01 2.029072162454045536e+00
6.835896910281131778e-01 2.050961742317831682e+00
6.836363273064768320e-01 2.073495829447211225e+00
6.836829635848403752e-01 2.095821173502964818e+00
6.837295998632039185e-01 2.118929591291700998e+00
6.837762361415675727e-01 2.142204898379458822e+00
6.838228724199311159e-01 2.164988391130663103e+00
6.838695086982947702e-01 2.188940672417117206e+00
6.839161449766583134e-01 2.212541403463445189e+00
6.839627812550218566e-01 2.236446093135655566e+00
6.840094175333855109e-01 2.260688964698567727e+00
6.840560538117490541e-01 2.284749147972779504e+00
6.841026900901125973e-01 2.308748033675836808e+00
6.841493263684762516e-01 2.333279971254061280e+00
6.841959626468397948e-01 2.358025970157030304e+00
6.842425989252034491e-01 2.383076477179494557e+00
6.842892352035669923e-01 2.408420284068297335e+00
6.843358714819305355e-01 2.434370594610497207e+00
6.843825077602941898e-01 2.459499111971971796e+00
6.844291440386577330e-01 2.485458652422147807e+00
6.844757803170213872e-01 2.511771432092533729e+00
6.845224165953849305e-01 2.538424340854696926e+00
6.845690528737484737e-01 2.565235477763917249e+00
6.846156891521121279e-01 2.592296954385634233e+00
6.846623254304756712e-01 2.619818555810535798e+00
6.847089617088393254e-01 2.648359883166294892e+00
6.847555979872028686e-01 2.676493625445430791e+00
6.848022342655664119e-01 2.704883813173591278e+00
6.848488705439300661e-01 2.732927386006168469e+00
6.848955068222936093e-01 2.762019067843805242e+00
6.849421431006572636e-01 2.791033970092269723e+00
6.849887793790208068e-01 2.820426441565846432e+00
6.850354156573843500e-01 2.850783742129011866e+00
6.850820519357480043e-01 2.880552478937592031e+00
6.851286882141115475e-01 2.910067669777901767e+00
6.851753244924752018e-01 2.939276244087233980e+00
6.852219607708387450e-01 2.969344843239476450e+00
6.852685970492022882e-01 3.000142746593648102e+00
6.853152333275659425e-01 3.031666310582980639e+00
6.853618696059294857e-01 3.063721134717089623e+00
6.854085058842931399e-01 3.094868237036991321e+00
6.854551421626566832e-01 3.125401676959854491e+00
6.855017784410202264e-01 3.157343106123958520e+00
6.855484147193838806e-01 3.189744168584048634e+00
6.855950509977474239e-01 3.223070064803882140e+00
6.856416872761109671e-01 3.256576211723377856e+00
6.856883235544746213e-01 3.289877603616754964e+00
6.857349598328381646e-01 3.323505692735225114e+00
6.857815961112018188e-01 3.357224992149260068e+00
6.858282323895653620e-01 3.391222150619668696e+00
6.858748686679289053e-01 3.424917595970065065e+00
6.859215049462925595e-01 3.459892662760053472e+00
6.859681412246561028e-01 3.494220790161292278e+00
6.860147775030197570e-01 3.529522810090284235e+00
6.860614137813833002e-01 3.566379036883845277e+00
6.861080500597468435e-01 3.601691843783473512e+00
6.861546863381104977e-01 3.638136727650788327e+00
6.862013226164740409e-01 3.674785121592575976e+00
6.862479588948375842e-01 3.710740027062412683e+00
6.862945951732012384e-01 3.748294683842435582e+00
6.863412314515647816e-01 3.783530748245870434e+00
6.863878677299284359e-01 3.821553550068040650e+00
6.864345040082919791e-01 3.858245517135339586e+00
6.864811402866555223e-01 3.895999553883014777e+00
6.865277765650191766e-01 3.932658135481771122e+00
6.865744128433827198e-01 3.971084463937316400e+00
6.866210491217463741e-01 4.010440601307665887e+00
6.866676854001099173e-01 4.048061416014272496e+00
6.867143216784734605e-01 4.085923476126786191e+00
6.867609579568371148e-01 4.125317627216642080e+00
6.868075942352006580e-01 4.165234580388827546e+00
6.868542305135643122e-01 4.202658859436954053e+00
6.869008667919278555e-01 4.241781940417144625e+00
6.869475030702913987e-01 4.280957412144818619e+00
6.869941393486550529e-01 4.320919199634677632e+00
6.870407756270185962e-01 4.361651599717338179e+00
6.870874119053822504e-01 4.401958671510813659e+00
6.871340481837457936e-01 4.441565891446601633e+00
6.871806844621093369e-01 4.480392376970751656e+00
6.872273207404729911e-01 4.520577872131364749e+00
6.872739570188365343e-01 4.561547365800462828e+00
6.873205932972001886e-01 4.601898256016559330e+00
6.873672295755637318e-01 4.642917338750124578e+00
6.874138658539272750e-01 4.683331273271693185e+00
6.874605021322909293e-01 4.723341177596916296e+00
6.875071384106544725e-01 4.762495030506188165e+00
6.875537746890180157e-01 4.804132438320634080e+00
6.876004109673816700e-01 4.847136676979962644e+00
6.876470472457452132e-01 4.888053604503777905e+00
6.876936835241088675e-01 4.929932323497960844e+00
6.877403198024724107e-01 4.971707466764768490e+00
6.877869560808359539e-01 5.012319936152305644e+00
6.878335923591996082e-01 5.053385441996876892e+00
6.878802286375631514e-01 5.096092155403333379e+00
6.879268649159268056e-01 5.137700911811564630e+00
6.879735011942903489e-01 5.179517325806750172e+00
6.880201374726538921e-01 5.222472017908041053e+00
6.880667737510175463e-01 5.263959458127533964e+00
6.881134100293810896e-01 5.307815003293002043e+00
6.881600463077447438e-01 5.350189032322361982e+00
6.882066825861082870e-01 5.392245399311897280e+00
6.882533188644718303e-01 5.435978645578580348e+00
6.882999551428354845e-01 5.478633744935115679e+00
6.883465914211990277e-01 5.521602784636896466e+00
6.883932276995625710e-01 5.562556042145589963e+00
6.884398639779262252e-01 5.605601924673488945e+00
6.884865002562897685e-01 5.648456923429054477e+00
6.885331365346534227e-01 5.693094095184331849e+00
6.885797728130169659e-01 5.735978747389083310e+00
6.886264090913805092e-01 5.780326861821160733e+00
6.886730453697441634e-01 5.824651636142727185e+00
6.887196816481077066e-01 5.868224430966254346e+00
6.887663179264713609e-01 5.913189832046142236e+00
6.888129542048349041e-01 5.956964615911579664e+00
6.888595904831984473e-01 6.002286219577104731e+00
6.889062267615621016e-01 6.046984591996384495e+00
6.889528630399256448e-01 6.091269355376995875e+00
6.889994993182892991e-01 6.135538972571973559e+00
6.890461355966528423e-01 6.180406206470171249e+00
6.890927718750163855e-01 6.225615765240582355e+00
6.891394081533800398e-01 6.268532259520878114e+00
6.891860444317435830e-01 6.313700088658274368e+00
6.892326807101072372e-01 6.359892979823638548e+00
6.892793169884707805e-01 6.407918219098276857e+00
6.893259532668343237e-01 6.454356683233917202e+00
6.893725895451979779e-01 6.500004699503684868e+00
6.894192258235615212e-01 6.543735803606463008e+00
6.894658621019251754e-01 6.587871278012213061e+00
6.895124983802887186e-01 6.634803180110046661e+00
6.895591346586522619e-01 6.681441314406453280e+00
6.896057709370159161e-01 6.729285791729462396e+00
6.896524072153794593e-01 6.777221239205442060e+00
6.896990434937430026e-01 6.824945006268655412e+00
6.897456797721066568e-01 6.872391650649591455e+00
6.897923160504702000e-01 6.921849193357235031e+00
6.898389523288338543e-01 6.971481676220869339e+00
6.898855886071973975e-01 7.020215000929009186e+00
6.899322248855609407e-01 7.071543859950303990e+00
6.899788611639245950e-01 7.122989114593570648e+00
6.900254974422881382e-01 7.172842034455982230e+00
6.900721337206517925e-01 7.222651521627449611e+00
6.901187699990153357e-01 7.277337871931297997e+00
6.901654062773788789e-01 7.332088439434690130e+00
6.902120425557425332e-01 7.383712773241069449e+00
6.902586788341060764e-01 7.435207360868909099e+00
6.903053151124696196e-01 7.489841839729555417e+00
6.903519513908332739e-01 7.538803287473533565e+00
6.903985876691968171e-01 7.592288056141157426e+00
6.904452239475604713e-01 7.645757535887628187e+00
6.904918602259240146e-01 7.698922457674095554e+00
6.905384965042875578e-01 7.752581047157040217e+00
6.905851327826512120e-01 7.805320186669027827e+00
6.906317690610147553e-01 7.862359703878630590e+00
6.906784053393784095e-01 7.924176578744456911e+00
6.907250416177419527e-01 7.978989079101604709e+00
6.907716778961054960e-01 8.036157760080152812e+00
6.908183141744691502e-01 8.095289473880782793e+00
6.908649504528326935e-01 8.154964171960921604e+00
6.909115867311963477e-01 8.218248393677091812e+00
6.909582230095598909e-01 8.278456478823784437e+00
6.910048592879234342e-01 8.342489401350146494e+00
6.910514955662870884e-01 8.404028043163036088e+00
6.910981318446506316e-01 8.465108046489858040e+00
6.911447681230142859e-01 8.526371652574933790e+00
6.911914044013778291e-01 8.588071415421451249e+00
6.912380406797413723e-01 8.652605323878900023e+00
6.912846769581050266e-01 8.715890571948147425e+00
6.913313132364685698e-01 8.781805669064796760e+00
6.913779495148322241e-01 8.848497347888585551e+00
6.914245857931957673e-01 8.912429144115954216e+00
6.914712220715593105e-01 8.982084814141854778e+00
6.915178583499229648e-01 9.050262805523393794e+00
6.915644946282865080e-01 9.117446321759219430e+00
6.916111309066501622e-01 9.185534552407432329e+00
6.916577671850137055e-01 9.256122479964345118e+00
6.917044034633772487e-01 9.326049316466820116e+00
6.917510397417409029e-01 9.392384321496050958e+00
6.917976760201044462e-01 9.466560184020950786e+00
6.918443122984679894e-01 9.536939336447026960e+00
6.918909485768316436e-01 9.608142761507959762e+00
6.919375848551951869e-01 9.681415648864689416e+00
6.919842211335588411e-01 9.755757304419610421e+00
6.920308574119223843e-01 9.828014789312103261e+00
6.920774936902859276e-01 9.899530746430722061e+00
6.921241299686495818e-01 9.971254710300037516e+00
6.921707662470131250e-01 1.004434135800738126e+01
6.922174025253767793e-01 1.012026983747420772e+01
6.922640388037403225e-01 1.019956178029150884e+01
6.923106750821038657e-01 1.027578505053916302e+01
6.923573113604675200e-01 1.035386727975611265e+01
6.924039476388310632e-01 1.043466691714136907e+01
6.924505839171946064e-01 1.051396301620311036e+01
6.924972201955582607e-01 1.058009805279736071e+01
6.925438564739218039e-01 1.066386454917872406e+01
6.925904927522854582e-01 1.074852723816125888e+01
6.926371290306490014e-01 1.083003934216251984e+01
6.926837653090125446e-01 1.090924629249061262e+01
6.927304015873761989e-01 1.099299767708421705e+01
6.927770378657397421e-01 1.107475143505777737e+01
6.928236741441033963e-01 1.116278654642789014e+01
6.928703104224669396e-01 1.123377746781588016e+01
6.929169467008304828e-01 1.131657844502418797e+01
6.929635829791941370e-01 1.139900883786448915e+01
6.930102192575576803e-01 1.147827164990506965e+01
6.930568555359213345e-01 1.155977233667126391e+01
6.931034918142848777e-01 1.164512944853326992e+01
6.931501280926484210e-01 1.173090466617536087e+01
6.931967643710120752e-01 1.181809834156208261e+01
6.932434006493756184e-01 1.190952330392484981e+01
6.932900369277392727e-01 1.199577001995148073e+01
6.933366732061028159e-01 1.207788882772387318e+01
6.933833094844663592e-01 1.216817167318892068e+01
6.934299457628300134e-01 1.225279535547260679e+01
6.934765820411935566e-01 1.233357930226905097e+01
6.935232183195572109e-01 1.242539447370977967e+01
6.935698545979207541e-01 1.251547821001768490e+01
6.936164908762842973e-01 1.260111971943209852e+01
6.936631271546479516e-01 1.270291356455712517e+01
6.937097634330114948e-01 1.279368219339195356e+01
6.937563997113750380e-01 1.289616126753352887e+01
6.938030359897386923e-01 1.298000925196532940e+01
6.938496722681022355e-01 1.307025783082055170e+01
6.938963085464658898e-01 1.316124091087771220e+01
6.939429448248294330e-01 1.325913722998696720e+01
6.939895811031929762e-01 1.334776320906338754e+01
6.940362173815566305e-01 1.343169983075497242e+01
6.940828536599201737e-01 1.352801485647795410e+01
6.941294899382838279e-01 1.362639272885039610e+01
6.941761262166473712e-01 1.371776832661521439e+01
6.942227624950109144e-01 1.380905823623526629e+01
6.942693987733745686e-01 1.391485431882162516e+01
6.943160350517381119e-01 1.400694860003694586e+01
6.943626713301017661e-01 1.410446019969962350e+01
6.944093076084653093e-01 1.420364924409039986e+01
6.944559438868288526e-01 1.428776503551742749e+01
6.945025801651925068e-01 1.437956449878443443e+01
6.945492164435560500e-01 1.448236969554762688e+01
6.945958527219195933e-01 1.458313443694885159e+01
6.946424890002832475e-01 1.467689696835904556e+01
6.946891252786467907e-01 1.478330661287528969e+01
6.947357615570104450e-01 1.487796892927628711e+01
6.947823978353739882e-01 1.497314113089060861e+01
6.948290341137375314e-01 1.507174365689885676e+01
6.948756703921011857e-01 1.517671073556107686e+01
6.949223066704647289e-01 1.528579435311998580e+01
6.949689429488283832e-01 1.538363152037599235e+01
6.950155792271919264e-01 1.547832113266444232e+01
6.950622155055554696e-01 1.559074261562168751e+01
6.951088517839191239e-01 1.570115130031815376e+01
6.951554880622826671e-01 1.579418889371696366e+01
6.952021243406463213e-01 1.590471062602922991e+01
6.952487606190098646e-01 1.601693520022717010e+01
6.952953968973734078e-01 1.611850970432226759e+01
6.953420331757370620e-01 1.623944437768899363e+01
6.953886694541006053e-01 1.633054924419969822e+01
6.954353057324642595e-01 1.642510408957530288e+01
6.954819420108278027e-01 1.654544770429947675e+01
6.955285782891913460e-01 1.663402876273720210e+01
6.955752145675550002e-01 1.674594420569520636e+01
6.956218508459185434e-01 1.685081099359820911e+01
6.956684871242821977e-01 1.694182755556062858e+01
6.957151234026457409e-01 1.704818624438694386e+01
6.957617596810092842e-01 1.714140681922475196e+01
6.958083959593729384e-01 1.726780185662460099e+01
6.958550322377364816e-01 1.737152805967633640e+01
6.959016685161000249e-01 1.748821661033084851e+01
6.959483047944636791e-01 1.759700232693287347e+01
6.959949410728272223e-01 1.770910686358486075e+01
6.960415773511908766e-01 1.780745234646067132e+01
6.960882136295544198e-01 1.790738983361704584e+01
6.961348499079179630e-01 1.802213736862070093e+01
6.961814861862816173e-01 1.813450774322744508e+01
6.962281224646451605e-01 1.824898416315829053e+01
6.962747587430088148e-01 1.835398458671294364e+01
6.963213950213723580e-01 1.850170820315784681e+01
6.963680312997359012e-01 1.863193478520284430e+01
6.964146675780995555e-01 1.876972612930541473e+01
6.964613038564630987e-01 1.887762951567473735e+01
6.965079401348267529e-01 1.898735542515835562e+01
6.965545764131902962e-01 1.915474895381242249e+01
6.966012126915538394e-01 1.929368082164706877e+01
6.966478489699174936e-01 1.940553522534262498e+01
6.966944852482810369e-01 1.953689169857142360e+01
6.967411215266445801e-01 1.966808905659234696e+01
6.967877578050082343e-01 1.980295038825239828e+01
6.968343940833717776e-01 1.999223607330958785e+01
6.968810303617354318e-01 2.016633150344120295e+01
6.969276666400989750e-01 2.030368075056101418e+01
6.969743029184625183e-01 2.041975708416691404e+01
6.970209391968261725e-01 2.053802667284085004e+01
6.970675754751897157e-01 2.065849691272200772e+01
6.971142117535533700e-01 2.080429301380477725e+01
6.971608480319169132e-01 2.092824337791843092e+01
6.972074843102804564e-01 2.105444713832504178e+01
6.972541205886441107e-01 2.118291311990144621e+01
6.973007568670076539e-01 2.134151507881985665e+01
6.973473931453713082e-01 2.147343178916765183e+01
6.973940294237348514e-01 2.160767040045492138e+01
6.974406657020983946e-01 2.178031016221353511e+01
6.974873019804620489e-01 2.198466941096818417e+01
6.975339382588255921e-01 2.212198171985745887e+01
6.975805745371892463e-01 2.226176918020694728e+01
6.976272108155527896e-01 2.240404170166961251e+01
6.976738470939163328e-01 2.268534442752689628e+01
6.977204833722799870e-01 2.282740405814891105e+01
6.977671196506435303e-01 2.316745409511328191e+01
6.978137559290071845e-01 2.330718238731913772e+01
6.978603922073707277e-01 2.353036867498930818e+01
6.979070284857342710e-01 2.372222968614983074e+01
6.979536647640979252e-01 2.386567020789808780e+01
6.980003010424614684e-01 2.410456133860837724e+01
6.980469373208250117e-01 2.425057874404700087e+01
6.980935735991886659e-01 2.439983634419294845e+01
6.981402098775522092e-01 2.465018269623350733e+01
6.981868461559158634e-01 2.480214198170417461e+01
6.982334824342794066e-01 2.495745139658504286e+01
6.982801187126429499e-01 2.511609693474490612e+01
6.983267549910066041e-01 2.527806430125694348e+01
6.983733912693701473e-01 2.544333892707556544e+01
6.984200275477338016e-01 2.561190598408204622e+01
6.984666638260973448e-01 2.578375040044030442e+01
6.985133001044608880e-01 2.595885687620360116e+01
6.985599363828245423e-01 2.613720989911290005e+01
6.986065726611880855e-01 2.631879376052783570e+01
6.986532089395516287e-01 2.650359257143188785e+01
6.986998452179152830e-01 2.669159027845432774e+01
6.987464814962788262e-01 2.688277067985264068e+01
6.987931177746424805e-01 2.707711744140079446e+01
6.988397540530060237e-01 2.743044530046358886e+01
6.988863903313695669e-01 2.762701053642465254e+01
6.989330266097332212e-01 2.782679378243843615e+01
6.989796628880967644e-01 2.802977598815920857e+01
6.990262991664604186e-01 2.823593809368035679e+01
6.990729354448239619e-01 2.844526104321255744e+01
6.991195717231875051e-01 2.865772579833759437e+01
6.991662080015511593e-01 2.887331335080276773e+01
6.992128442799147026e-01 2.909200473482334459e+01
6.992594805582783568e-01 2.931378103886322961e+01
6.993061168366419000e-01 2.953862341686651405e+01
6.993527531150054433e-01 2.976651309891510877e+01
6.993993893933690975e-01 2.999743140129000096e+01
6.994460256717326407e-01 3.023135973591599779e+01
6.994926619500962950e-01 3.046827961917186300e+01
6.995392982284598382e-01 3.070817268004981315e+01
6.995859345068233814e-01 3.095102066764995996e+01
6.996325707851870357e-01 3.119680545799705129e+01
6.996792070635505789e-01 3.144550906016802472e+01
6.997258433419142332e-01 3.169711362172013480e+01
6.997724796202777764e-01 3.195160143341031400e+01
6.998191158986413196e-01 3.220895493319692804e+01
6.998657521770049739e-01 3.246915670951560173e+01
6.999123884553685171e-01 3.498873858713077567e+01
6.999590247337320603e-01 3.524084063958163426e+01
7.000056610120957146e-01 3.549580210611282638e+01
7.000522972904592578e-01 3.575360612245759029e+01
7.000989335688229120e-01 3.601423597818775590e+01
7.001455698471864553e-01 3.627767511544894319e+01
7.001922061255499985e-01 3.654390712689578891e+01
7.002388424039136527e-01 3.681291575281037609e+01
7.002854786822771960e-01 8.289306334778564178e+01
7.003321149606408502e-01 8.289306334778564178e+01
7.003787512390043934e-01 8.289306334778564178e+01
