5.651838079515998370e-01 3.456212563811367744e+01
5.653382076565898195e-01 3.434767430696413015e+01
5.654926073615798021e-01 3.413538119797295423e+01
5.656470070665697847e-01 3.392525743549703066e+01
5.658014067715597673e-01 3.371731422748354845e+01
5.659558064765497498e-01 3.351156286863454881e+01
5.661102061815397324e-01 3.330801474313005883e+01
5.662646058865297150e-01 3.310668132692200771e+01
5.664190055915196975e-01 3.290757418960949110e+01
5.665734052965096801e-01 3.271070499590479130e+01
5.667278050014995516e-01 3.251608550669825348e+01
5.668822047064895342e-01 3.232372757972915878e+01
5.670366044114795168e-01 3.213364316986884006e+01
5.671910041164694993e-01 3.194584432902148308e+01
5.673454038214594819e-01 3.083884401854910351e+01
5.674998035264494645e-01 3.064202876079498239e+01
5.676542032314394470e-01 3.044735928848202633e+01
5.678086029364294296e-01 3.025484640156253846e+01
5.679630026414194122e-01 3.006450099200126402e+01
5.681174023464093947e-01 2.987633404189662656e+01
5.682718020513993773e-01 2.969035662125362052e+01
5.684262017563893599e-01 2.950657988541194854e+01
5.685806014613793424e-01 2.932501507213323322e+01
5.687350011663693250e-01 2.914567349835154531e+01
5.688894008713593076e-01 2.896856655659178159e+01
5.690438005763492901e-01 2.879370571106105459e+01
5.691982002813392727e-01 2.862110249341868595e+01
5.693525999863292553e-01 2.845076849823119858e+01
5.695069996913192378e-01 2.828271537811930258e+01
5.696613993963091094e-01 2.791458673707526472e+01
5.698157991012990919e-01 2.774641630011318938e+01
5.699701988062890745e-01 2.758046680772206116e+01
5.701245985112790571e-01 2.741674866470969008e+01
5.702789982162690396e-01 2.725527229943969587e+01
5.704333979212590222e-01 2.709604815776999587e+01
5.705877976262490048e-01 2.693908669676759615e+01
5.707421973312389873e-01 2.678439837821378688e+01
5.708965970362289699e-01 2.663199366191502548e+01
5.710509967412189525e-01 2.648188299883565477e+01
5.712053964462089350e-01 2.633407682406967965e+01
5.713597961511989176e-01 2.605695273970417247e+01
5.715141958561889002e-01 2.590988963982712789e+01
5.716685955611788827e-01 2.565545324155465678e+01
5.718229952661688653e-01 2.550961473359341269e+01
5.719773949711588479e-01 2.536594768496631147e+01
5.721317946761488304e-01 2.502191405195693008e+01
5.722861943811388130e-01 2.487654357196415944e+01
5.724405940861287956e-01 2.473322134928661598e+01
5.725949937911186671e-01 2.459195230698173518e+01
5.727493934961086497e-01 2.445274132243677201e+01
5.729037932010986323e-01 2.423353956927813968e+01
5.730581929060886148e-01 2.409589017625824425e+01
5.732125926110785974e-01 2.396025155099802006e+01
5.733669923160685800e-01 2.377002146575875585e+01
5.735213920210585625e-01 2.358969035319737273e+01
5.736757917260485451e-01 2.337131195027427921e+01
5.738301914310385277e-01 2.319502217648754439e+01
5.739845911360285102e-01 2.301444418518215684e+01
5.741389908410184928e-01 2.288161566457065277e+01
5.742933905460084754e-01 2.275061531507150647e+01
5.744477902509984579e-01 2.262144553161241944e+01
5.746021899559884405e-01 2.249410876797975689e+01
5.747565896609784231e-01 2.236860753725739670e+01
5.749109893659684056e-01 2.224494441226359598e+01
5.750653890709583882e-01 2.209176767009640230e+01
5.752197887759483708e-01 2.197071050089640920e+01
5.753741884809383533e-01 2.176633901400973770e+01
5.755285881859282249e-01 2.164597998010872715e+01
5.756829878909182074e-01 2.147576429751299898e+01
5.758373875959081900e-01 2.132756006088310841e+01
5.759917873008981726e-01 2.120961140270880207e+01
5.761461870058881551e-01 2.109335089769962224e+01
5.763005867108781377e-01 2.095990735876564770e+01
5.764549864158681203e-01 2.084635974956124116e+01
5.766093861208581028e-01 2.071664916312208504e+01
5.767637858258480854e-01 2.057831259368199284e+01
5.769181855308380680e-01 2.046814841064807666e+01
5.770725852358280505e-01 2.035962406047871553e+01
5.772269849408180331e-01 2.023350199255513360e+01
5.773813846458080157e-01 2.011354493560863332e+01
5.775357843507979982e-01 1.997046761897300726e+01
5.776901840557879808e-01 1.986581111800818533e+01
5.778445837607779634e-01 1.974137049266809640e+01
5.779989834657679459e-01 1.963906575050827641e+01
5.781533831707579285e-01 1.952717082919839342e+01
5.783077828757479111e-01 1.942755784954913167e+01
5.784621825807377826e-01 1.930941080316005909e+01
5.786165822857277652e-01 1.920068010872335407e+01
5.787709819907177478e-01 1.906419651214119071e+01
5.789253816957077303e-01 1.895638662114247452e+01
5.790797814006977129e-01 1.883714688343081534e+01
5.792341811056876955e-01 1.871671243015051189e+01
5.793885808106776780e-01 1.862171791914729369e+01
5.795429805156676606e-01 1.850377873850592891e+01
5.796973802206576432e-01 1.839232514654240447e+01
5.798517799256476257e-01 1.829050214651067208e+01
5.800061796306376083e-01 1.816729663110004012e+01
5.801605793356275909e-01 1.807613545432481672e+01
5.803149790406175734e-01 1.797354067506586617e+01
5.804693787456075560e-01 1.785929199986542315e+01
5.806237784505975386e-01 1.777065212653015180e+01
5.807781781555875211e-01 1.766462481825214681e+01
5.809325778605775037e-01 1.756034271310833006e+01
5.810869775655674863e-01 1.745772867607836076e+01
5.812413772705573578e-01 1.735624951504978952e+01
5.813957769755473404e-01 1.725881826185604595e+01
5.815501766805373229e-01 1.715674685387976695e+01
5.817045763855273055e-01 1.706121473653888643e+01
5.818589760905172881e-01 1.696317703603347482e+01
5.820133757955072706e-01 1.686978341976174534e+01
5.821677755004972532e-01 1.677654378843044114e+01
5.823221752054872358e-01 1.668677541174999135e+01
5.824765749104772183e-01 1.659213360693485839e+01
5.826309746154672009e-01 1.650560274679228456e+01
5.827853743204571835e-01 1.642072714195374772e+01
5.829397740254471660e-01 1.633139564268465094e+01
5.830941737304371486e-01 1.623141537850004568e+01
5.832485734354271312e-01 1.613249642324438327e+01
5.834029731404171137e-01 1.602979297409290993e+01
5.835573728454070963e-01 1.593656696808305639e+01
5.837117725503970789e-01 1.585488028627923995e+01
5.838661722553870614e-01 1.576578367336349373e+01
5.840205719603770440e-01 1.567900704021359459e+01
5.841749716653670266e-01 1.559466230997578862e+01
5.843293713703568981e-01 1.550619060946971395e+01
5.844837710753468807e-01 1.542291250841515549e+01
5.846381707803368633e-01 1.534050602344594338e+01
5.847925704853268458e-01 1.526703111748008901e+01
5.849469701903168284e-01 1.518649786567370796e+01
5.851013698953068110e-01 1.509650021788594643e+01
5.852557696002967935e-01 1.501035162399569778e+01
5.854101693052867761e-01 1.491558342257309633e+01
5.855645690102767587e-01 1.483425199657908955e+01
5.857189687152667412e-01 1.475042696487575355e+01
5.858733684202567238e-01 1.465700010342198922e+01
5.860277681252467064e-01 1.456293376741168899e+01
5.861821678302366889e-01 1.448138355511186681e+01
5.863365675352266715e-01 1.440180386725129935e+01
5.864909672402166541e-01 1.431410838408608122e+01
5.866453669452066366e-01 1.422614551181679943e+01
5.867997666501966192e-01 1.414372636210444334e+01
5.869541663551866018e-01 1.406428182629977819e+01
5.871085660601764733e-01 1.397544844327489955e+01
5.872629657651664559e-01 1.389490382698875770e+01
5.874173654701564384e-01 1.381777680939121566e+01
5.875717651751464210e-01 1.373448309796867939e+01
5.877261648801364036e-01 1.365321170136173734e+01
5.878805645851263861e-01 1.357238748510791559e+01
5.880349642901163687e-01 1.349837704648011538e+01
5.881893639951063513e-01 1.341345577665528843e+01
5.883437637000963338e-01 1.333047557034427122e+01
5.884981634050863164e-01 1.325214829020717211e+01
5.886525631100762990e-01 1.317592943383299975e+01
5.888069628150662815e-01 1.310331453385904865e+01
5.889613625200562641e-01 1.302299455995817112e+01
5.891157622250462467e-01 1.294406476005449846e+01
5.892701619300362292e-01 1.286496762917543357e+01
5.894245616350262118e-01 1.278708316496050479e+01
5.895789613400161944e-01 1.271423744495429631e+01
5.897333610450061769e-01 1.263675487003910014e+01
5.898877607499961595e-01 1.255971229046625304e+01
5.900421604549861421e-01 1.248320794794200772e+01
5.901965601599760136e-01 1.240025572288228517e+01
5.903509598649659962e-01 1.233051799086999090e+01
5.905053595699559787e-01 1.225471289776696082e+01
5.906597592749459613e-01 1.218586773484977925e+01
5.908141589799359439e-01 1.211467058778925043e+01
5.909685586849259264e-01 1.204412743017626397e+01
5.911229583899159090e-01 1.197471387812024446e+01
5.912773580949058916e-01 1.190349785564865570e+01
5.914317577998958742e-01 1.183232599179928890e+01
5.915861575048858567e-01 1.175776687569907430e+01
5.917405572098758393e-01 1.170368852672007698e+01
5.918949569148658219e-01 1.163442524487193097e+01
5.920493566198558044e-01 1.156046324010179838e+01
5.922037563248457870e-01 1.148962950244190928e+01
5.923581560298357696e-01 1.142169285498381193e+01
5.925125557348257521e-01 1.134218758177189379e+01
5.926669554398157347e-01 1.126914431948109474e+01
5.928213551448057173e-01 1.120182938459778477e+01
5.929757548497955888e-01 1.113238861776245159e+01
5.931301545547855714e-01 1.106720591013248445e+01
5.932845542597755539e-01 1.099604478367602844e+01
5.934389539647655365e-01 1.092802262346622477e+01
5.935933536697555191e-01 1.086104829453649145e+01
5.937477533747455016e-01 1.079580764663743686e+01
5.939021530797354842e-01 1.073165146595648523e+01
5.940565527847254668e-01 1.066417289121410406e+01
5.942109524897154493e-01 1.060167455342384457e+01
5.943653521947054319e-01 1.053714610785501549e+01
5.945197518996954145e-01 1.047332428663674797e+01
5.946741516046853970e-01 1.040775113551235975e+01
5.948285513096753796e-01 1.034668840518095934e+01
5.949829510146653622e-01 1.029661929158083034e+01
5.951373507196553447e-01 1.023225100943595223e+01
5.952917504246453273e-01 1.016701186730290019e+01
5.954461501296353099e-01 1.010236826949314448e+01
5.956005498346252924e-01 1.003689247139692142e+01
5.957549495396152750e-01 9.978464559432209668e+00
5.959093492446052576e-01 9.919832190003276651e+00
5.960637489495951291e-01 9.857971496828460189e+00
5.962181486545851117e-01 9.797157196470413609e+00
5.963725483595750942e-01 9.735886317738327023e+00
5.965269480645650768e-01 9.677940886631445139e+00
5.966813477695550594e-01 9.617084548871359218e+00
5.968357474745450419e-01 9.559259030964792458e+00
5.969901471795350245e-01 9.502803504990673389e+00
5.971445468845250071e-01 9.446192435065652759e+00
5.972989465895149896e-01 9.393103944463014443e+00
5.974533462945049722e-01 9.330703697833149235e+00
5.976077459994949548e-01 9.274485909690977081e+00
5.977621457044849373e-01 9.219554727206569211e+00
5.979165454094749199e-01 9.163185145514995966e+00
5.980709451144649025e-01 9.108426722537506848e+00
5.982253448194548850e-01 9.053505482970544804e+00
5.983797445244448676e-01 8.998164022932479966e+00
5.985341442294348502e-01 8.944104380151898681e+00
5.986885439344248327e-01 8.889017112484351557e+00
5.988429436394147043e-01 8.835998791418390397e+00
5.989973433444046869e-01 8.787245580859925909e+00
5.991517430493946694e-01 8.733356095512657902e+00
5.993061427543846520e-01 8.683062825479685998e+00
5.994605424593746346e-01 8.628685226582250678e+00
5.996149421643646171e-01 8.579668678783335167e+00
5.997693418693545997e-01 8.533773258573475573e+00
5.999237415743445823e-01 8.483394854525847961e+00
6.000781412793345648e-01 8.433735966581098253e+00
6.002325409843245474e-01 8.384892628326166886e+00
6.003869406893145300e-01 8.332761567691040483e+00
6.005413403943045125e-01 8.287496643355943604e+00
6.006957400992944951e-01 8.237822816048394614e+00
6.008501398042844777e-01 8.188917046143309619e+00
6.010045395092744602e-01 8.142176861565483037e+00
6.011589392142644428e-01 8.095676644638723829e+00
6.013133389192544254e-01 8.049704357943385347e+00
6.014677386242444079e-01 8.002704758533170093e+00
6.016221383292343905e-01 7.957771827551861854e+00
6.017765380342243731e-01 7.909686445285828427e+00
6.019309377392142446e-01 7.863403373815597952e+00
6.020853374442042272e-01 7.816409238650250835e+00
6.022397371491942097e-01 7.770775440743987517e+00
6.023941368541841923e-01 7.725203985363630288e+00
6.025485365591741749e-01 7.677201750147630399e+00
6.027029362641641574e-01 7.634240369539832649e+00
6.028573359691541400e-01 7.589570700171702988e+00
6.030117356741441226e-01 7.546670448354192651e+00
6.031661353791341051e-01 7.501716217062785574e+00
6.033205350841240877e-01 7.458253260650923089e+00
6.034749347891140703e-01 7.415127820519334279e+00
6.036293344941040528e-01 7.368934300836260221e+00
6.037837341990940354e-01 7.323830558787612688e+00
6.039381339040840180e-01 7.279710320022417136e+00
6.040925336090740005e-01 7.236216482656570470e+00
6.042469333140639831e-01 7.193260529162811778e+00
6.044013330190539657e-01 7.150592937616820244e+00
6.045557327240439482e-01 7.107332147309401549e+00
6.047101324290338198e-01 7.063196387439155899e+00
6.048645321340238024e-01 7.019454165236315824e+00
6.050189318390137849e-01 6.977418371676871622e+00
6.051733315440037675e-01 6.933966463560653715e+00
6.053277312489937501e-01 6.889830238943603469e+00
6.054821309539837326e-01 6.848359081133690296e+00
6.056365306589737152e-01 6.804647604866680410e+00
6.057909303639636978e-01 6.761969169876218544e+00
6.059453300689536803e-01 6.719183735384739009e+00
6.060997297739436629e-01 6.676469310808806235e+00
6.062541294789336455e-01 6.634505932806209927e+00
6.064085291839236280e-01 6.594051128475146406e+00
6.065629288889136106e-01 6.551632365002883596e+00
6.067173285939035932e-01 6.508954892626488409e+00
6.068717282988935757e-01 6.468027722373911104e+00
6.070261280038835583e-01 6.424680024713049775e+00
6.071805277088735409e-01 6.384027050397603098e+00
6.073349274138635234e-01 6.342770319803960000e+00
6.074893271188535060e-01 6.300001843202753804e+00
6.076437268238434886e-01 6.258769741299834877e+00
6.077981265288333601e-01 6.214579543202516376e+00
6.079525262338233427e-01 6.171856112300620367e+00
6.081069259388133252e-01 6.131107291494542366e+00
6.082613256438033078e-01 6.088289291957869054e+00
6.084157253487932904e-01 6.046167766688880008e+00
6.085701250537832729e-01 6.004371040159779405e+00
6.087245247587732555e-01 5.964334097696340820e+00
6.088789244637632381e-01 5.923581763435843861e+00
6.090333241687532206e-01 5.881538089391939117e+00
6.091877238737432032e-01 5.841324983152525796e+00
6.093421235787331858e-01 5.799459398100753837e+00
6.094965232837231683e-01 5.757722833412331376e+00
6.096509229887131509e-01 5.715830321427682215e+00
6.098053226937031335e-01 5.673619883381475049e+00
6.099597223986931160e-01 5.632222333701150774e+00
6.101141221036830986e-01 5.590244640898410111e+00
6.102685218086730812e-01 5.548742356228333783e+00
6.104229215136630637e-01 5.508315494293559489e+00
6.105773212186529353e-01 5.466753084391693385e+00
6.107317209236429179e-01 5.426804212774731795e+00
6.108861206286329004e-01 5.385495832275641881e+00
6.110405203336228830e-01 5.345550919980854410e+00
6.111949200386128656e-01 5.305647129058615796e+00
6.113493197436028481e-01 5.264412687184633732e+00
6.115037194485928307e-01 5.224611383329709646e+00
6.116581191535828133e-01 5.184287382248836451e+00
6.118125188585727958e-01 5.143000310981491907e+00
6.119669185635627784e-01 5.103313439340056767e+00
6.121213182685527610e-01 5.062960833536246597e+00
6.122757179735427435e-01 5.022167196397738564e+00
6.124301176785327261e-01 4.981615196208034391e+00
6.125845173835227087e-01 4.942165723557567780e+00
6.127389170885126912e-01 4.902724339703847356e+00
6.128933167935026738e-01 4.864383353245359309e+00
6.130477164984926564e-01 4.826719460344199852e+00
6.132021162034826389e-01 4.788169660644869374e+00
6.133565159084726215e-01 4.749875616954460256e+00
6.135109156134626041e-01 4.712435703984134250e+00
6.136653153184524756e-01 4.674755498788553787e+00
6.138197150234424582e-01 4.636547563464452182e+00
6.139741147284324407e-01 4.598896752841992175e+00
6.141285144334224233e-01 4.561608809490336647e+00
6.142829141384124059e-01 4.524433666253561803e+00
6.144373138434023884e-01 4.486449789049304471e+00
6.145917135483923710e-01 4.448622675227122514e+00
6.147461132533823536e-01 4.412333130045750451e+00
6.149005129583723361e-01 4.375451687431509917e+00
6.150549126633623187e-01 4.337600307251770815e+00
6.152093123683523013e-01 4.300953234327036689e+00
6.153637120733422838e-01 4.264343714273360675e+00
6.155181117783322664e-01 4.227897807772651007e+00
6.156725114833222490e-01 4.191115955892422029e+00
6.158269111883122315e-01 4.155213768593924328e+00
6.159813108933022141e-01 4.119475532806228024e+00
6.161357105982921967e-01 4.083819614972122203e+00
6.162901103032821792e-01 4.048259541751911605e+00
6.164445100082720508e-01 4.011932163519497330e+00
6.165989097132620333e-01 3.977252100430873405e+00
6.167533094182520159e-01 3.942976430939036714e+00
6.169077091232419985e-01 3.907758117355256022e+00
6.170621088282319811e-01 3.872681412491415731e+00
6.172165085332219636e-01 3.838117383151641970e+00
6.173709082382119462e-01 3.803729347682461182e+00
6.175253079432019288e-01 3.770078190072558399e+00
6.176797076481919113e-01 3.735998490638985814e+00
6.178341073531818939e-01 3.703377186611356731e+00
6.179885070581718765e-01 3.669766565948085812e+00
6.181429067631618590e-01 3.636077404884939135e+00
6.182973064681518416e-01 3.602787822217548452e+00
6.184517061731418242e-01 3.569600935963668231e+00
6.186061058781318067e-01 3.536819919522365741e+00
6.187605055831217893e-01 3.503816138309669537e+00
6.189149052881117719e-01 3.471878764953915120e+00
6.190693049931017544e-01 3.440082953898039531e+00
6.192237046980917370e-01 3.408664865147010836e+00
6.193781044030817196e-01 3.377963114679444878e+00
6.195325041080715911e-01 3.345561409072163706e+00
6.196869038130615737e-01 3.314409167576057857e+00
6.198413035180515562e-01 3.283189628387790826e+00
6.199957032230415388e-01 3.252311823055594076e+00
6.201501029280315214e-01 3.223076465720572603e+00
6.203045026330215039e-01 3.193233750461780485e+00
6.204589023380114865e-01 3.162474387087524708e+00
6.206133020430014691e-01 3.132762366294135514e+00
6.207677017479914516e-01 3.102446029799162286e+00
6.209221014529814342e-01 3.073460921408841973e+00
6.210765011579714168e-01 3.043945010073202173e+00
6.212309008629613993e-01 3.014671382465357485e+00
6.213853005679513819e-01 2.985442607005043936e+00
6.215397002729413645e-01 2.956553028114348614e+00
6.216940999779313470e-01 2.928074195539072111e+00
6.218484996829213296e-01 2.899094265774261991e+00
6.220028993879113122e-01 2.870840623743566411e+00
6.221572990929012947e-01 2.842563842447389355e+00
6.223116987978911663e-01 2.814783893231876721e+00
6.224660985028811488e-01 2.786232490712079457e+00
6.226204982078711314e-01 2.758095870258834736e+00
6.227748979128611140e-01 2.730634280994026497e+00
6.229292976178510965e-01 2.703926118954311342e+00
6.230836973228410791e-01 2.677080868946027703e+00
6.232380970278310617e-01 2.650708670175944803e+00
6.233924967328210442e-01 2.623476618019005446e+00
6.235468964378110268e-01 2.596261547304789197e+00
6.237012961428010094e-01 2.570405012035752446e+00
6.238556958477909919e-01 2.544340141374975328e+00
6.240100955527809745e-01 2.518512461765848975e+00
6.241644952577709571e-01 2.492090548557960972e+00
6.243188949627609396e-01 2.466426188602722114e+00
6.244732946677509222e-01 2.440259729545820377e+00
6.246276943727409048e-01 2.414524291150744961e+00
6.247820940777308873e-01 2.388928530183984655e+00
6.249364937827208699e-01 2.363167866415952112e+00
6.250908934877108525e-01 2.338862155454633829e+00
6.252452931927008350e-01 2.313899957192058654e+00
6.253996928976907066e-01 2.288757376488913309e+00
6.255540926026806892e-01 2.263794044285352580e+00
6.257084923076706717e-01 2.239235481151645502e+00
6.258628920126606543e-01 2.214802505587369019e+00
6.260172917176506369e-01 2.190698875235643772e+00
6.261716914226406194e-01 2.166596314670556023e+00
6.263260911276306020e-01 2.142566189912014529e+00
6.264804908326205846e-01 2.118176147839891943e+00
6.266348905376105671e-01 2.094153061249969916e+00
6.267892902426005497e-01 2.070237310578012746e+00
6.269436899475905323e-01 2.046685179122981868e+00
6.270980896525805148e-01 2.023249746902842094e+00
6.272524893575704974e-01 1.999473230079190644e+00
6.274068890625604800e-01 1.975930191920124201e+00
6.275612887675504625e-01 1.952601019871490706e+00
6.277156884725404451e-01 1.929218377702397680e+00
6.278700881775304277e-01 1.906358659576023129e+00
6.280244878825202992e-01 1.884146776293060821e+00
6.281788875875102818e-01 1.861224917492648290e+00
6.283332872925002643e-01 1.838613148940779762e+00
6.284876869974902469e-01 1.816150453738268444e+00
6.286420867024802295e-01 1.793649020434951558e+00
6.287964864074702120e-01 1.771506370773859196e+00
6.289508861124601946e-01 1.749698526829624790e+00
6.291052858174501772e-01 1.727647905555449226e+00
6.292596855224401597e-01 1.705877612956074652e+00
6.294140852274301423e-01 1.683840878520249440e+00
6.295684849324201249e-01 1.662274017370056534e+00
6.297228846374101074e-01 1.640520086254891430e+00
6.298772843424000900e-01 1.619040997618687250e+00
6.300316840473900726e-01 1.597692787386023383e+00
6.301860837523800551e-01 1.577113484716818448e+00
6.303404834573700377e-01 1.555702487533420664e+00
6.304948831623600203e-01 1.534673682630399716e+00
6.306492828673500028e-01 1.514079934062331656e+00
6.308036825723399854e-01 1.493466236734406039e+00
6.309580822773299680e-01 1.473244924885765084e+00
6.311124819823199505e-01 1.452803672072946251e+00
6.312668816873098221e-01 1.432644388940022884e+00
6.314212813922998047e-01 1.412582474135689825e+00
6.315756810972897872e-01 1.392742972007530167e+00
6.317300808022797698e-01 1.372545594937580216e+00
6.318844805072697524e-01 1.352721593751101015e+00
6.320388802122597349e-01 1.333332084234036818e+00
6.321932799172497175e-01 1.313883661886772636e+00
6.323476796222397001e-01 1.294769033441271811e+00
6.325020793272296826e-01 1.276081706207989441e+00
6.326564790322196652e-01 1.256850784325883819e+00
6.328108787372096478e-01 1.238825995997071550e+00
6.329652784421996303e-01 1.220303520322324919e+00
6.331196781471896129e-01 1.201848927109992138e+00
6.332740778521795955e-01 1.183489611670267561e+00
6.334284775571695780e-01 1.165211966816571687e+00
6.335828772621595606e-01 1.147159038772952000e+00
6.337372769671495432e-01 1.129223609561745834e+00
6.338916766721394147e-01 1.111216736890798806e+00
6.340460763771293973e-01 1.093391543891001572e+00
6.342004760821193798e-01 1.075696575096495744e+00
6.343548757871093624e-01 1.058374413519956203e+00
6.345092754920993450e-01 1.040879908999811532e+00
6.346636751970893275e-01 1.023836544463074372e+00
6.348180749020793101e-01 1.006588581450739817e+00
6.349724746070692927e-01 9.897365400936993796e-01
6.351268743120592752e-01 9.732698351921854618e-01
6.352812740170492578e-01 9.563607562959970387e-01
6.354356737220392404e-01 9.403995097661300706e-01
6.355900734270292229e-01 9.243044693453150717e-01
6.357444731320192055e-01 9.080605912461929830e-01
6.358988728370091881e-01 8.921658582494906842e-01
6.360532725419991706e-01 8.764411647139666028e-01
6.362076722469891532e-01 8.607479615940509809e-01
6.363620719519791358e-01 8.447557313798955692e-01
6.365164716569691183e-01 8.290459332768725931e-01
6.366708713619591009e-01 8.136136803413507312e-01
6.368252710669490835e-01 7.979905701711926813e-01
6.369796707719390660e-01 7.828693303439903106e-01
6.371340704769289376e-01 7.682680414304500216e-01
6.372884701819189202e-01 7.534845088531929580e-01
6.374428698869089027e-01 7.389852336366234953e-01
6.375972695918988853e-01 7.244473898184443650e-01
6.377516692968888679e-01 7.102910115471242625e-01
6.379060690018788504e-01 6.963952952608134517e-01
6.380604687068688330e-01 6.821753622632398262e-01
6.382148684118588156e-01 6.685376758272714159e-01
6.383692681168487981e-01 6.549261417611152991e-01
6.385236678218387807e-01 6.418534867284613199e-01
6.386780675268287633e-01 6.284015076821442003e-01
6.388324672318187458e-01 6.149866878720550156e-01
6.389868669368087284e-01 6.018819932623001856e-01
6.391412666417987110e-01 5.887939025656083736e-01
6.392956663467886935e-01 5.759548960627610681e-01
6.394500660517786761e-01 5.632493016548189013e-01
6.396044657567686587e-01 5.507289173522048609e-01
6.397588654617585302e-01 5.384194842671344849e-01
6.399132651667485128e-01 5.263786028566878050e-01
6.400676648717384953e-01 5.142617692685735875e-01
6.402220645767284779e-01 5.023418267134970305e-01
6.403764642817184605e-01 4.904878123393293654e-01
6.405308639867084430e-01 4.786228872677815716e-01
6.406852636916984256e-01 4.668995401957336533e-01
6.408396633966884082e-01 4.550303382829044008e-01
6.409940631016783907e-01 4.437834102772116873e-01
6.411484628066683733e-01 4.324583822819852430e-01
6.413028625116583559e-01 4.213940786134653393e-01
6.414572622166483384e-01 4.106170992785551088e-01
6.416116619216383210e-01 3.996286304096839936e-01
6.417660616266283036e-01 3.890950731003869345e-01
6.419204613316182861e-01 3.786705937215663065e-01
6.420748610366082687e-01 3.683565738230921704e-01
6.422292607415982513e-01 3.583538164764702993e-01
6.423836604465882338e-01 3.484184907926396457e-01
6.425380601515782164e-01 3.385862731649236235e-01
6.426924598565681990e-01 3.290615230726313678e-01
6.428468595615581815e-01 3.196350022359614740e-01
6.430012592665480531e-01 3.103022629384197262e-01
6.431556589715380357e-01 3.010755112445036019e-01
6.433100586765280182e-01 2.919901404225300756e-01
6.434644583815180008e-01 2.832290770566742166e-01
6.436188580865079834e-01 2.745048129064578402e-01
6.437732577914979659e-01 2.658534077645542948e-01
6.439276574964879485e-01 2.570734850472741750e-01
6.440820572014779311e-01 2.490120298713917601e-01
6.442364569064679136e-01 2.405755079291042320e-01
6.443908566114578962e-01 2.323793501590754595e-01
6.445452563164478788e-01 2.246574625999626373e-01
6.446996560214378613e-01 2.168868287185609089e-01
6.448540557264278439e-01 2.090696254791792608e-01
6.450084554314178265e-01 2.015780384217492893e-01
6.451628551364078090e-01 1.940517948664814973e-01
6.453172548413977916e-01 1.867539244084077676e-01
6.454716545463877742e-01 1.796929500906373767e-01
6.456260542513776457e-01 1.725838030682159963e-01
6.457804539563676283e-01 1.658892505733282063e-01
6.459348536613576108e-01 1.591256753264170820e-01
6.460892533663475934e-01 1.527640811611216676e-01
6.462436530713375760e-01 1.462556285342284657e-01
6.463980527763275585e-01 1.400929548950914094e-01
6.465524524813175411e-01 1.335885572185516179e-01
6.467068521863075237e-01 1.272810081692563600e-01
6.468612518912975062e-01 1.214252646837619687e-01
6.470156515962874888e-01 1.153940110220114112e-01
6.471700513012774714e-01 1.100836661783447384e-01
6.473244510062674539e-01 1.047619849771368461e-01
6.474788507112574365e-01 9.933813240316649584e-02
6.476332504162474191e-01 9.394778303444224765e-02
6.477876501212374016e-01 8.888778016306622676e-02
6.479420498262273842e-01 8.389315983791446885e-02
6.480964495312173668e-01 7.896138970047364425e-02
6.482508492362073493e-01 7.411310147140924565e-02
6.484052489411973319e-01 6.963563740875472474e-02
6.485596486461873145e-01 6.507945186542765659e-02
6.487140483511772970e-01 6.088515729940034010e-02
6.488684480561671686e-01 5.681323240636431543e-02
6.490228477611571511e-01 5.288698006819912006e-02
6.491772474661471337e-01 4.895532138718660525e-02
6.493316471711371163e-01 4.523359168351977211e-02
6.494860468761270988e-01 4.162413823631055942e-02
6.496404465811170814e-01 3.808411979449665558e-02
6.497948462861070640e-01 3.486266344106931508e-02
6.499492459910970465e-01 3.183118631839954721e-02
6.501036456960870291e-01 2.902881362550293470e-02
6.502580454010770117e-01 2.614272741733850158e-02
6.504124451060669942e-01 2.359980988121701539e-02
6.505668448110569768e-01 2.096910115650240866e-02
6.507212445160469594e-01 1.846197740290955042e-02
6.508756442210369419e-01 1.601731138463036858e-02
6.510300439260269245e-01 1.401284149412182489e-02
6.511844436310169071e-01 1.220532156740578890e-02
6.513388433360068897e-01 1.047895223355129433e-02
6.514932430409967612e-01 8.863378237034433629e-03
6.516476427459867438e-01 7.157906932223299760e-03
6.518020424509767263e-01 5.633327354071140936e-03
6.519564421559667089e-01 4.367076111310606683e-03
6.521108418609566915e-01 3.443934890909712380e-03
6.522652415659466740e-01 2.308887934963563086e-03
6.524196412709366566e-01 1.494674686980862477e-03
6.525740409759266392e-01 1.053773746259165610e-03
6.527284406809166217e-01 5.357285818854325967e-04
6.528828403859066043e-01 3.360522009361922055e-04
6.530372400908965869e-01 -0.000000000000000000e+00
6.531916397958865694e-01 4.177142635832687561e-05
6.533460395008765520e-01 7.073915109094139548e-05
6.535004392058665346e-01 2.712442658283139717e-04
6.536548389108565171e-01 7.282339395352322798e-04
6.538092386158464997e-01 1.318003875614857413e-03
6.539636383208364823e-01 1.992636437531321823e-03
6.541180380258264648e-01 3.267931282192015376e-03
6.542724377308164474e-01 4.230838475070541720e-03
6.544268374358064300e-01 5.735589939738335898e-03
6.545812371407964125e-01 7.216488149704694023e-03
6.547356368457862841e-01 9.108247881148164721e-03
6.548900365507762666e-01 1.068778451497666079e-02
6.550444362557662492e-01 1.288153892332772818e-02
6.551988359607562318e-01 1.520659326766091862e-02
6.553532356657462143e-01 1.754225129781603748e-02
6.555076353707361969e-01 1.987340513120939081e-02
6.556620350757261795e-01 2.230420002359913279e-02
6.558164347807161620e-01 2.522218846541681922e-02
6.559708344857061446e-01 2.832447126791703962e-02
6.561252341906961272e-01 3.163605137842149390e-02
6.562796338956861097e-01 3.518434178422550490e-02
6.564340336006760923e-01 3.878245322975401588e-02
6.565884333056660749e-01 4.278058851633730758e-02
6.567428330106560574e-01 4.701898053439558522e-02
6.568972327156460400e-01 5.107979937672980919e-02
6.570516324206360226e-01 5.583907500213031866e-02
6.572060321256260051e-01 6.053373804395034002e-02
6.573604318306158767e-01 6.542801562195348086e-02
6.575148315356058593e-01 7.046022734527747355e-02
6.576692312405958418e-01 7.550789306690128266e-02
6.578236309455858244e-01 8.098584092453994798e-02
6.579780306505758070e-01 8.662095358452077953e-02
6.581324303555657895e-01 9.261569290332492821e-02
6.582868300605557721e-01 9.862909780199197174e-02
6.584412297655457547e-01 1.047196397343200247e-01
6.585956294705357372e-01 1.108461976429246654e-01
6.587500291755257198e-01 1.174487117718717860e-01
6.589044288805157024e-01 1.244987632433718905e-01
6.590588285855056849e-01 1.315520798008883441e-01
6.592132282904956675e-01 1.386692866433509586e-01
6.593676279954856501e-01 1.461807020474614194e-01
6.595220277004756326e-01 1.539392030872190620e-01
6.596764274054656152e-01 1.614294474213320285e-01
6.598308271104555978e-01 1.694712234236156467e-01
6.599852268154455803e-01 1.775901815990477972e-01
6.601396265204355629e-01 1.859736107980611286e-01
6.602940262254255455e-01 1.944084447655486381e-01
6.604484259304155280e-01 2.028544587951441880e-01
6.606028256354053996e-01 2.117635095668698730e-01
6.607572253403953821e-01 2.206866325934258855e-01
6.609116250453853647e-01 2.301870319314905933e-01
6.610660247503753473e-01 2.396474889250886642e-01
6.612204244553653298e-01 2.494057319585168409e-01
6.613748241603553124e-01 2.594329844813513808e-01
6.615292238653452950e-01 2.699565263994851971e-01
6.616836235703352775e-01 2.804357249991624723e-01
6.618380232753252601e-01 2.911233396389529271e-01
6.619924229803152427e-01 3.018321658541486818e-01
6.621468226853052252e-01 3.127831902600904379e-01
6.623012223902952078e-01 3.239588276694649327e-01
6.624556220952851904e-01 3.354040013401776710e-01
6.626100218002751729e-01 3.469258570168141653e-01
6.627644215052651555e-01 3.587303210196578496e-01
6.629188212102551381e-01 3.708395783189271655e-01
6.630732209152451206e-01 3.829344762285713522e-01
6.632276206202349922e-01 3.952906638125556205e-01
6.633820203252249748e-01 4.076462624887760566e-01
6.635364200302149573e-01 4.202456945310547032e-01
6.636908197352049399e-01 4.332742291480952690e-01
6.638452194401949225e-01 4.464022295607122381e-01
6.639996191451849050e-01 4.598395527508302716e-01
6.641540188501748876e-01 4.732091650002477889e-01
6.643084185551648702e-01 4.870417440902003459e-01
6.644628182601548527e-01 5.011268944546176662e-01
6.646172179651448353e-01 5.152217323196229826e-01
6.647716176701348179e-01 5.293858127126488400e-01
6.649260173751248004e-01 5.437864900008591018e-01
6.650804170801147830e-01 5.584583786709054198e-01
6.652348167851047656e-01 5.731114595220891950e-01
6.653892164900947481e-01 5.882791745725522992e-01
6.655436161950847307e-01 6.030361514421490599e-01
6.656980159000747133e-01 6.181329243140170071e-01
6.658524156050646958e-01 6.333665857447229319e-01
6.660068153100546784e-01 6.488801514568741657e-01
6.661612150150446610e-01 6.643400188476862311e-01
6.663156147200346435e-01 6.803335794324052443e-01
6.664700144250245151e-01 6.960337793905719828e-01
6.666244141300144976e-01 7.124207845455277077e-01
6.667788138350044802e-01 7.288237566405640910e-01
6.669332135399944628e-01 7.452167202969420812e-01
6.670876132449844453e-01 7.621788105516261735e-01
6.672420129499744279e-01 7.790480864771996972e-01
6.673964126549644105e-01 7.961530605199966804e-01
6.675508123599543930e-01 8.135981444848481292e-01
6.677052120649443756e-01 8.309678299123958167e-01
6.678596117699343582e-01 8.484579679183374967e-01
6.680140114749243407e-01 8.666012204584035983e-01
6.681684111799143233e-01 8.845803968775841630e-01
6.683228108849043059e-01 9.027516248369346075e-01
6.684772105898942884e-01 9.216205887280661813e-01
6.686316102948842710e-01 9.396360073481887509e-01
6.687860099998742536e-01 9.583255098838524555e-01
6.689404097048641251e-01 9.775222478758119893e-01
6.690948094098541077e-01 9.962613113617390104e-01
6.692492091148440903e-01 1.015717454995942459e+00
6.694036088198340728e-01 1.034990338639288909e+00
6.695580085248240554e-01 1.054286590620350017e+00
6.697124082298140380e-01 1.074436774342681034e+00
6.698668079348040205e-01 1.094203129270013397e+00
6.700212076397940031e-01 1.114261484865266993e+00
6.701756073447839857e-01 1.134374714485024249e+00
6.703300070497739682e-01 1.154922635275858367e+00
6.704844067547639508e-01 1.175698549314833308e+00
6.706388064597539334e-01 1.196249254678339646e+00
6.707932061647439159e-01 1.217243699780954591e+00
6.709476058697338985e-01 1.238653849449655509e+00
6.711020055747238811e-01 1.260184388525210641e+00
6.712564052797138636e-01 1.281517878139325051e+00
6.714108049847038462e-01 1.302858108758490507e+00
6.715652046896938288e-01 1.324935024378654402e+00
6.717196043946838113e-01 1.346642815574910834e+00
6.718740040996737939e-01 1.369077826425258992e+00
6.720284038046637765e-01 1.390997964259874875e+00
6.721828035096537590e-01 1.413379909543865720e+00
6.723372032146436306e-01 1.436380404601490746e+00
6.724916029196336131e-01 1.459215403983374904e+00
6.726460026246235957e-01 1.482206222490402014e+00
6.728004023296135783e-01 1.505579405638859392e+00
6.729548020346035608e-01 1.529276970992268225e+00
6.731092017395935434e-01 1.552600978130403986e+00
6.732636014445835260e-01 1.576313238909532899e+00
6.734180011495735085e-01 1.600693500734544639e+00
6.735724008545634911e-01 1.625168291295016720e+00
6.737268005595534737e-01 1.648572987623502906e+00
6.738812002645434562e-01 1.673526857166990345e+00
6.740355999695334388e-01 1.698501560368407937e+00
6.741899996745234214e-01 1.723994174187654771e+00
6.743443993795134039e-01 1.749854573616989706e+00
6.744987990845033865e-01 1.775534020869712792e+00
6.746531987894933691e-01 1.801413653612280008e+00
6.748075984944832406e-01 1.827077036531897791e+00
6.749619981994732232e-01 1.853289326897019640e+00
6.751163979044632057e-01 1.879987324069837928e+00
6.752707976094531883e-01 1.906638340461296988e+00
6.754251973144431709e-01 1.933127400131800622e+00
6.755795970194331534e-01 1.960115184638253849e+00
6.757339967244231360e-01 1.987596985274359795e+00
6.758883964294131186e-01 2.015470948651488126e+00
6.760427961344031011e-01 2.043047761378831595e+00
6.761971958393930837e-01 2.071450363999800093e+00
6.763515955443830663e-01 2.099806955923073204e+00
6.765059952493730488e-01 2.128559213432611674e+00
6.766603949543630314e-01 2.157173224735957184e+00
6.768147946593530140e-01 2.186069729551868956e+00
6.769691943643429966e-01 2.215542323908984201e+00
6.771235940693329791e-01 2.245513683642360814e+00
6.772779937743229617e-01 2.275004637202326041e+00
6.774323934793129443e-01 2.304906574266241570e+00
6.775867931843029268e-01 2.334810533521040288e+00
6.777411928892929094e-01 2.365236194151870919e+00
6.778955925942828920e-01 2.396496850003466239e+00
6.780499922992728745e-01 2.427307178364684681e+00
6.782043920042627461e-01 2.458755294607282149e+00
6.783587917092527286e-01 2.490565367608703617e+00
6.785131914142427112e-01 2.523029971305020602e+00
6.786675911192326938e-01 2.554921417731836453e+00
6.788219908242226763e-01 2.587225224729917894e+00
6.789763905292126589e-01 2.619839098095249508e+00
6.791307902342026415e-01 2.652569342677490560e+00
6.792851899391926240e-01 2.685932982055910578e+00
6.794395896441826066e-01 2.720292194189808388e+00
6.795939893491725892e-01 2.754279967647329741e+00
6.797483890541625717e-01 2.788781418585640104e+00
6.799027887591525543e-01 2.823880503606379211e+00
6.800571884641425369e-01 2.858939165063792309e+00
6.802115881691325194e-01 2.894250605538789323e+00
6.803659878741225020e-01 2.929994571373702339e+00
6.805203875791124846e-01 2.965628795067597245e+00
6.806747872841023561e-01 3.002423094633693612e+00
6.808291869890923387e-01 3.038086207386945681e+00
6.809835866940823212e-01 3.075071920103440437e+00
6.811379863990723038e-01 3.112052066621541879e+00
6.812923861040622864e-01 3.149478491052290607e+00
6.814467858090522689e-01 3.187270659379863424e+00
6.816011855140422515e-01 3.225437575024826309e+00
6.817555852190322341e-01 3.263475307260006009e+00
6.819099849240222166e-01 3.302912442588846975e+00
6.820643846290121992e-01 3.340850304779094948e+00
6.822187843340021818e-01 3.380118746835925059e+00
6.823731840389921643e-01 3.419011407811741510e+00
6.825275837439821469e-01 3.459134593715272210e+00
6.826819834489721295e-01 3.499399029679228779e+00
6.828363831539621120e-01 3.539106622825790804e+00
6.829907828589520946e-01 3.579788390243181073e+00
6.831451825639420772e-01 3.621701461719700976e+00
6.832995822689320597e-01 3.663184345211735859e+00
6.834539819739220423e-01 3.705232286345967907e+00
6.836083816789120249e-01 3.747745439124241074e+00
6.837627813839020074e-01 3.790381892422689525e+00
6.839171810888919900e-01 3.832800292701604938e+00
6.840715807938818616e-01 3.875973686552172115e+00
6.842259804988718441e-01 3.918096806890871697e+00
6.843803802038618267e-01 3.962102391467226870e+00
6.845347799088518093e-01 4.006975578038595387e+00
6.846891796138417918e-01 4.051131727067480703e+00
6.848435793188317744e-01 4.095695115755505711e+00
6.849979790238217570e-01 4.140546102476827528e+00
6.851523787288117395e-01 4.185807272710593274e+00
6.853067784338017221e-01 4.232393619105104143e+00
6.854611781387917047e-01 4.277108283491672047e+00
6.856155778437816872e-01 4.322772159282213700e+00
6.857699775487716698e-01 4.369313625100318177e+00
6.859243772537616524e-01 4.416552959244040011e+00
6.860787769587516349e-01 4.464892752829449307e+00
6.862331766637416175e-01 4.512400867156117990e+00
6.863875763687316001e-01 4.560169729449852660e+00
6.865419760737214716e-01 4.607338905881642077e+00
6.866963757787114542e-01 4.656072932541836629e+00
6.868507754837014367e-01 4.705472863796731353e+00
6.870051751886914193e-01 4.755373727045223653e+00
6.871595748936814019e-01 4.804799171158079751e+00
6.873139745986713844e-01 4.855943171949101966e+00
6.874683743036613670e-01 4.906240528625706254e+00
6.876227740086513496e-01 4.957740590354095644e+00
6.877771737136413321e-01 5.008118621552690719e+00
6.879315734186313147e-01 5.060990001431767915e+00
6.880859731236212973e-01 5.113492511664758489e+00
6.882403728286112798e-01 5.165751872374674036e+00
6.883947725336012624e-01 5.219113276179836447e+00
6.885491722385912450e-01 5.272477682756018247e+00
6.887035719435812275e-01 5.327008529514404955e+00
6.888579716485712101e-01 5.380086661069635845e+00
6.890123713535611927e-01 5.434906064479368304e+00
6.891667710585511752e-01 5.488785173969069398e+00
6.893211707635411578e-01 5.543971398777919113e+00
6.894755704685311404e-01 5.600023004264088833e+00
6.896299701735211229e-01 5.656452896548714193e+00
6.897843698785111055e-01 5.711446182195135002e+00
6.899387695835009771e-01 5.768323373645464436e+00
6.900931692884909596e-01 5.824146483277580444e+00
6.902475689934809422e-01 5.881518040879359255e+00
6.904019686984709248e-01 5.937669039292453377e+00
6.905563684034609073e-01 5.995627802903636727e+00
6.907107681084508899e-01 6.053971135028727524e+00
6.908651678134408725e-01 6.112799119349850763e+00
6.910195675184308550e-01 6.172916052842140289e+00
6.911739672234208376e-01 6.233110579960968067e+00
6.913283669284108202e-01 6.289583770941153951e+00
6.914827666334008027e-01 6.350116440905207327e+00
6.916371663383907853e-01 6.410589875682352279e+00
6.917915660433807679e-01 6.473119751339003081e+00
6.919459657483707504e-01 6.535278003675570879e+00
6.921003654533607330e-01 6.595199923532821806e+00
6.922547651583506045e-01 6.658308832828994994e+00
6.924091648633405871e-01 6.720762527525617536e+00
6.925635645683305697e-01 6.784950589814207511e+00
6.927179642733205522e-01 6.848816863760521123e+00
6.928723639783105348e-01 6.910954906321828517e+00
6.930267636833005174e-01 6.974578068870084024e+00
6.931811633882904999e-01 7.040168888871325414e+00
6.933355630932804825e-01 7.106602467641772058e+00
6.934899627982704651e-01 7.173794696010726391e+00
6.936443625032604476e-01 7.240359464646171084e+00
6.937987622082504302e-01 7.308711724852567926e+00
6.939531619132404128e-01 7.372968989104498050e+00
6.941075616182303953e-01 7.443546560399683543e+00
6.942619613232203779e-01 7.511558025115239623e+00
6.944163610282103605e-01 7.580689457786573549e+00
6.945707607332003430e-01 7.651788301194390129e+00
6.947251604381903256e-01 7.719106309170238767e+00
6.948795601431803082e-01 7.789095197925551162e+00
6.950339598481702907e-01 7.854725968951838944e+00
6.951883595531602733e-01 7.924648585191445882e+00
6.953427592581502559e-01 7.996746463619061274e+00
6.954971589631402384e-01 8.068691992986389394e+00
6.956515586681302210e-01 8.140479718051796709e+00
6.958059583731202036e-01 8.213306881607081777e+00
6.959603580781100751e-01 8.287060152072012187e+00
6.961147577831000577e-01 8.359750373452362382e+00
6.962691574880900403e-01 8.436808061084816401e+00
6.964235571930800228e-01 8.512715385227625831e+00
6.965779568980700054e-01 8.586581592018790232e+00
6.967323566030599880e-01 8.663370729864050546e+00
6.968867563080499705e-01 8.738454301176952654e+00
6.970411560130399531e-01 8.815778866943199787e+00
6.971955557180299357e-01 8.895256923514361702e+00
6.973499554230199182e-01 8.971433441407057785e+00
6.975043551280099008e-01 9.050183106378019815e+00
6.976587548329998834e-01 9.127878005427668029e+00
6.978131545379898659e-01 9.207803258502597288e+00
6.979675542429798485e-01 9.287429255376663306e+00
6.981219539479697200e-01 9.366185687189842568e+00
6.982763536529597026e-01 9.449384732229717088e+00
6.984307533579496852e-01 9.531070659606671214e+00
6.985851530629396677e-01 9.610914626307817343e+00
6.987395527679296503e-01 9.691728943167563060e+00
6.988939524729196329e-01 9.776987554380793810e+00
6.990483521779096154e-01 9.863611975061628456e+00
6.992027518828995980e-01 9.948551243328553895e+00
6.993571515878895806e-01 1.003480109500797823e+01
6.995115512928795631e-01 1.012033595258937169e+01
6.996659509978695457e-01 1.021030029689216434e+01
6.998203507028595283e-01 1.029910895300631068e+01
6.999747504078495108e-01 1.038586984446407691e+01
7.001291501128394934e-01 1.047488315523634661e+01
7.002835498178294760e-01 1.056515720770956079e+01
7.004379495228194585e-01 1.065326862296067389e+01
7.005923492278094411e-01 1.074255482246048743e+01
7.007467489327994237e-01 1.083385649452218225e+01
7.009011486377894062e-01 1.092505931840086753e+01
7.010555483427793888e-01 1.101394246560928813e+01
7.012099480477693714e-01 1.110212731734505098e+01
7.013643477527593539e-01 1.120459880153783949e+01
7.015187474577493365e-01 1.129523265707769752e+01
7.016731471627393191e-01 1.138770361825833000e+01
7.018275468677291906e-01 1.148172273914241259e+01
7.019819465727191732e-01 1.157404798964254944e+01
7.021363462777091557e-01 1.166800680929779510e+01
7.022907459826991383e-01 1.176343809887769787e+01
7.024451456876891209e-01 1.186443794714070243e+01
7.025995453926791035e-01 1.196103332595077262e+01
7.027539450976690860e-01 1.205892705447049806e+01
7.029083448026590686e-01 1.215920933146476202e+01
7.030627445076490512e-01 1.226222781410636564e+01
7.032171442126390337e-01 1.236330306077123886e+01
7.033715439176290163e-01 1.246697718998177606e+01
7.035259436226189989e-01 1.256505095640189396e+01
7.036803433276089814e-01 1.266948420509850592e+01
7.038347430325989640e-01 1.276901585928443872e+01
7.039891427375888355e-01 1.287181367775095708e+01
7.041435424425788181e-01 1.297229031676517685e+01
7.042979421475688007e-01 1.307966974829087725e+01
7.044523418525587832e-01 1.318904089980954453e+01
7.046067415575487658e-01 1.329614312912246099e+01
7.047611412625387484e-01 1.340119309352816046e+01
7.049155409675287309e-01 1.351886887330087994e+01
7.050699406725187135e-01 1.363096576277854233e+01
7.052243403775086961e-01 1.374645377854982087e+01
7.053787400824986786e-01 1.386013058942795872e+01
7.055331397874886612e-01 1.396662298476542929e+01
7.056875394924786438e-01 1.408267110728530547e+01
7.058419391974686263e-01 1.419435736007152471e+01
7.059963389024586089e-01 1.431062412445437282e+01
7.061507386074485915e-01 1.442066511397693418e+01
7.063051383124385740e-01 1.453755403823084613e+01
7.064595380174285566e-01 1.465723919015264798e+01
7.066139377224185392e-01 1.476915029979248395e+01
7.067683374274085217e-01 1.489453569318033388e+01
7.069227371323985043e-01 1.502481087768682322e+01
7.070771368373884869e-01 1.514455672488280058e+01
7.072315365423784694e-01 1.527165716910325699e+01
7.073859362473684520e-01 1.539030650537992351e+01
7.075403359523584346e-01 1.551063244949126840e+01
7.076947356573483061e-01 1.563468542875502187e+01
7.078491353623382887e-01 1.575919785649876559e+01
7.080035350673282712e-01 1.588411407986326651e+01
7.081579347723182538e-01 1.600702498178882749e+01
7.083123344773082364e-01 1.613377511466135061e+01
7.084667341822982189e-01 1.629147646743504296e+01
7.086211338872882015e-01 1.641880523286950222e+01
7.087755335922781841e-01 1.655926013059178814e+01
7.089299332972681666e-01 1.668996606836363128e+01
7.090843330022581492e-01 1.682315567198201478e+01
7.092387327072481318e-01 1.697140478583746770e+01
7.093931324122381143e-01 1.710921775846227177e+01
7.095475321172280969e-01 1.723449811247587249e+01
7.097019318222180795e-01 1.740514447044741075e+01
7.098563315272079510e-01 1.754356910576086293e+01
7.100107312321979336e-01 1.770011497932420852e+01
7.101651309371879162e-01 1.784861943276010265e+01
7.103195306421778987e-01 1.798269120851045599e+01
7.104739303471678813e-01 1.814508746416390395e+01
7.106283300521578639e-01 1.830806806015343469e+01
7.107827297571478464e-01 1.843517409379576222e+01
7.109371294621378290e-01 1.860538177318910869e+01
7.110915291671278116e-01 1.874132949486003241e+01
7.112459288721177941e-01 1.889189608169628443e+01
7.114003285771077767e-01 1.904152332170110995e+01
7.115547282820977593e-01 1.921361974170163833e+01
7.117091279870877418e-01 1.936791611161881121e+01
7.118635276920777244e-01 1.955239147358138041e+01
7.120179273970677070e-01 1.969883574558848238e+01
7.121723271020576895e-01 1.983743431409847346e+01
7.123267268070476721e-01 2.001670045371089657e+01
7.124811265120376547e-01 2.017631156743962961e+01
7.126355262170276372e-01 2.037962134778492995e+01
7.127899259220176198e-01 2.055455480421803216e+01
7.129443256270076024e-01 2.071603868294722872e+01
7.130987253319975849e-01 2.093265475183126156e+01
7.132531250369875675e-01 2.114672856959934322e+01
7.134075247419775501e-01 2.130444287251199853e+01
7.135619244469674216e-01 2.147386090399570335e+01
7.137163241519574042e-01 2.162399228151489794e+01
7.138707238569473867e-01 2.184407641752058993e+01
7.140251235619373693e-01 2.203684733818528585e+01
7.141795232669273519e-01 2.226776294841697279e+01
7.143339229719173344e-01 2.244377476037746533e+01
7.144883226769073170e-01 2.261383908883851035e+01
7.146427223818972996e-01 2.277167534181438313e+01
7.147971220868872821e-01 2.294772613453368493e+01
7.149515217918772647e-01 2.310994007014309304e+01
7.151059214968672473e-01 2.329149785880093759e+01
7.152603212018572298e-01 2.345806083938094488e+01
7.154147209068472124e-01 2.367515611406233234e+01
7.155691206118371950e-01 2.384528732539606111e+01
7.157235203168270665e-01 2.401781409119655919e+01
7.158779200218170491e-01 2.424703857551140374e+01
7.160323197268070317e-01 2.442305404111420231e+01
7.161867194317970142e-01 2.460145835774731893e+01
7.163411191367869968e-01 2.478224048202184093e+01
7.164955188417769794e-01 2.503300788599649351e+01
7.166499185467669619e-01 2.521708086281959993e+01
7.168043182517569445e-01 2.540352300779407813e+01
7.169587179567469271e-01 2.559232278179305808e+01
7.171131176617369096e-01 2.578346860952931863e+01
7.172675173667268922e-01 2.601765104603911283e+01
7.174219170717168748e-01 2.636051554986913814e+01
7.175763167767068573e-01 2.655525167732391267e+01
7.177307164816968399e-01 2.686030320155865070e+01
7.178851161866868225e-01 2.705786626051825294e+01
7.180395158916768050e-01 2.739157787110148234e+01
7.181939155966667876e-01 2.771611264843586042e+01
7.183483153016567702e-01 2.791650690895947307e+01
7.185027150066467527e-01 2.811926963052674466e+01
7.186571147116367353e-01 2.832438827160424921e+01
7.188115144166267179e-01 2.853185032292163115e+01
7.189659141216167004e-01 2.915134957455117259e+01
7.191203138266066830e-01 2.935787158254370155e+01
7.192747135315965545e-01 2.956676285152539663e+01
7.194291132365865371e-01 2.977801062080786920e+01
7.195835129415765197e-01 2.999160218833879554e+01
7.197379126465665022e-01 3.053093490985130387e+01
7.198923123515564848e-01 3.074557147975075821e+01
7.200467120565464674e-01 3.096254818275282261e+01
7.202011117615364499e-01 3.118185238070659437e+01
7.203555114665264325e-01 3.140347151532193237e+01
7.205099111715164151e-01 3.221800806377569160e+01
7.206643108765063976e-01 3.243923648460740594e+01
7.208187105814963802e-01 3.266277883286302597e+01
7.209731102864863628e-01 3.288862271434691564e+01
7.211275099914763453e-01 3.311675582788350880e+01
7.212819096964663279e-01 3.334716596689963808e+01
7.214363094014563105e-01 3.357984102064174436e+01
7.215907091064461820e-01 3.502845773209018887e+01
7.217451088114361646e-01 3.526046791518663781e+01
7.218995085164261472e-01 3.549472541560383121e+01
7.220539082214161297e-01 3.573121847332847523e+01
7.222083079264061123e-01 3.596993542452785420e+01
7.223627076313960949e-01 3.814226322728087837e+01
7.225171073363860774e-01 3.838296172998200007e+01
7.226715070413760600e-01 8.289306334778564178e+01
7.228259067463660426e-01 8.289306334778564178e+01
7.229803064513560251e-01 8.289306334778564178e+01
7.231347061563460077e-01 8.289306334778564178e+01
