6.402401303837644830e-01 3.514622068861930870e+01
6.402838311881894340e-01 3.491486463269706775e+01
6.403275319926143849e-01 3.468573043207544515e+01
6.403712327970393359e-01 3.445882978383623652e+01
6.404149336014642868e-01 3.423417447006123382e+01
6.404586344058892378e-01 3.401177636146696415e+01
6.405023352103141887e-01 3.379164742053993109e+01
6.405460360147391397e-01 3.357379970418733706e+01
6.405897368191640906e-01 3.335824536591606915e+01
6.406334376235890415e-01 3.314499665755148072e+01
6.406771384280139925e-01 3.293406593050580256e+01
6.407208392324389434e-01 3.272546563660508667e+01
6.407645400368638944e-01 3.251920832848227860e+01
6.408082408412888453e-01 3.231530665954326054e+01
6.408519416457137963e-01 3.211377338351199739e+01
6.408956424501387472e-01 3.191462135356015040e+01
6.409393432545636982e-01 3.171786352102633444e+01
6.409830440589886491e-01 3.152351293372962715e+01
6.410267448634136001e-01 3.133158273388192328e+01
6.410704456678385510e-01 3.049071822421363720e+01
6.411141464722635019e-01 3.029338583683148300e+01
6.411578472766884529e-01 3.009836620384945860e+01
6.412015480811134038e-01 2.990567112516809090e+01
6.412452488855383548e-01 2.971531247122024055e+01
6.412889496899631947e-01 2.952730217887401665e+01
6.413326504943881456e-01 2.934165224697966678e+01
6.413763512988130966e-01 2.915837473156759785e+01
6.414200521032380475e-01 2.897748174070519411e+01
6.414637529076629985e-01 2.879898542902115466e+01
6.415074537120879494e-01 2.862289799190673634e+01
6.415511545165129004e-01 2.844923165940435439e+01
6.415948553209378513e-01 2.798012750542461191e+01
6.416385561253628023e-01 2.780461201264180815e+01
6.416822569297877532e-01 2.744322263295453013e+01
6.417259577342127042e-01 2.726816361484311813e+01
6.417696585386376551e-01 2.675722543238578055e+01
6.418133593430626060e-01 2.657929273365299139e+01
6.418570601474875570e-01 2.624053574943997091e+01
6.419007609519125079e-01 2.594729814347403618e+01
6.419444617563374589e-01 2.576983937297518779e+01
6.419881625607624098e-01 2.559449527630894394e+01
6.420318633651873608e-01 2.532935118264080998e+01
6.420755641696123117e-01 2.515618444937049603e+01
6.421192649740372627e-01 2.498513008374900579e+01
6.421629657784622136e-01 2.475495764851840619e+01
6.422066665828871646e-01 2.458669059231532472e+01
6.422503673873121155e-01 2.428044716339556430e+01
6.422940681917370664e-01 2.411300113628041686e+01
6.423377689961620174e-01 2.394763551567588777e+01
6.423814698005869683e-01 2.378436008514211508e+01
6.424251706050119193e-01 2.353886516459243339e+01
6.424688714094368702e-01 2.323350434393651298e+01
6.425125722138618212e-01 2.307062519433716474e+01
6.425562730182867721e-01 2.290977112071768929e+01
6.425999738227117231e-01 2.275095164826327476e+01
6.426436746271366740e-01 2.254728016943050406e+01
6.426873754315616249e-01 2.239128244474461837e+01
6.427310762359865759e-01 2.223732378296875822e+01
6.427747770404115268e-01 2.208541368047865561e+01
6.428184778448364778e-01 2.193556165520579881e+01
6.428621786492614287e-01 2.178777724123190751e+01
6.429058794536863797e-01 2.164206998364316803e+01
6.429495802581113306e-01 2.144363273919174873e+01
6.429932810625362816e-01 2.130042479361550178e+01
6.430369818669612325e-01 2.115928335947033290e+01
6.430806826713861835e-01 2.099731396749035639e+01
6.431243834758111344e-01 2.079648892556778250e+01
6.431680842802360853e-01 2.060107592902758000e+01
6.432117850846610363e-01 2.046358998912110039e+01
6.432554858890859872e-01 2.032810111267696129e+01
6.432991866935108272e-01 2.017633916553873163e+01
6.433428874979357781e-01 2.004425798970060058e+01
6.433865883023607291e-01 1.986285142725594355e+01
6.434302891067856800e-01 1.969046518760920250e+01
6.434739899112106309e-01 1.951822597326525610e+01
6.435176907156355819e-01 1.936389115984589893e+01
6.435613915200605328e-01 1.920678158896216559e+01
6.436050923244854838e-01 1.904048135813352616e+01
6.436487931289104347e-01 1.890054488962561408e+01
6.436924939333353857e-01 1.877553847225851769e+01
6.437361947377603366e-01 1.862413048982940111e+01
6.437798955421852876e-01 1.848134558443890185e+01
6.438235963466102385e-01 1.833081269412614134e+01
6.438672971510351895e-01 1.817888022557310279e+01
6.439109979554601404e-01 1.804888949625670946e+01
6.439546987598850913e-01 1.789577736421309950e+01
6.439983995643100423e-01 1.777068884812655725e+01
6.440421003687349932e-01 1.763894031370756821e+01
6.440858011731599442e-01 1.749172013873449316e+01
6.441295019775848951e-01 1.737596873963918753e+01
6.441732027820098461e-01 1.724727253251134584e+01
6.442169035864347970e-01 1.713442367075215245e+01
6.442606043908597480e-01 1.701698075861202142e+01
6.443043051952846989e-01 1.688288867388096293e+01
6.443480059997096498e-01 1.676216483013710956e+01
6.443917068041346008e-01 1.660006090769703491e+01
6.444354076085595517e-01 1.647883361421089887e+01
6.444791084129845027e-01 1.635625462022050414e+01
6.445228092174094536e-01 1.620628922019409046e+01
6.445665100218344046e-01 1.610004637310908748e+01
6.446102108262593555e-01 1.598854202848315786e+01
6.446539116306843065e-01 1.587676368316537356e+01
6.446976124351092574e-01 1.576373741438935916e+01
6.447413132395342084e-01 1.564812910335091622e+01
6.447850140439591593e-01 1.552223775363855118e+01
6.448287148483841102e-01 1.541657307215364625e+01
6.448724156528090612e-01 1.531376167802791954e+01
6.449161164572340121e-01 1.521089937674945070e+01
6.449598172616589631e-01 1.509335648217711778e+01
6.450035180660839140e-01 1.499284159883325174e+01
6.450472188705088650e-01 1.488742561818655474e+01
6.450909196749338159e-01 1.478791740890661366e+01
6.451346204793587669e-01 1.466398060911304668e+01
6.451783212837837178e-01 1.456520765637498194e+01
6.452220220882086688e-01 1.446655359851237499e+01
6.452657228926336197e-01 1.435888920839306415e+01
6.453094236970585706e-01 1.426511803926645250e+01
6.453531245014834106e-01 1.416088161202030449e+01
6.453968253059083615e-01 1.405450613605100862e+01
6.454405261103333125e-01 1.395978792344348207e+01
6.454842269147582634e-01 1.385094725558409579e+01
6.455279277191832144e-01 1.375342506207138804e+01
6.455716285236081653e-01 1.364689231756712218e+01
6.456153293280331162e-01 1.355522256382828594e+01
6.456590301324580672e-01 1.345989280439394342e+01
6.457027309368830181e-01 1.335394430107508512e+01
6.457464317413079691e-01 1.325562535645749129e+01
6.457901325457329200e-01 1.316497846777796710e+01
6.458338333501578710e-01 1.308029882966108381e+01
6.458775341545828219e-01 1.299105702981255028e+01
6.459212349590077729e-01 1.290083654282326897e+01
6.459649357634327238e-01 1.280477923578217769e+01
6.460086365678576747e-01 1.272527380563343691e+01
6.460523373722826257e-01 1.264371446126439658e+01
6.460960381767075766e-01 1.256126384870341717e+01
6.461397389811325276e-01 1.248010923864972632e+01
6.461834397855574785e-01 1.240340574860753264e+01
6.462271405899824295e-01 1.232761674665374585e+01
6.462708413944073804e-01 1.225005052438793385e+01
6.463145421988323314e-01 1.216193392073111923e+01
6.463582430032572823e-01 1.208321128971045155e+01
6.464019438076822333e-01 1.200318853104385397e+01
6.464456446121071842e-01 1.192575308590822125e+01
6.464893454165321351e-01 1.184703570117215676e+01
6.465330462209570861e-01 1.176803631440646036e+01
6.465767470253820370e-01 1.168997054611010000e+01
6.466204478298069880e-01 1.161534150517781505e+01
6.466641486342319389e-01 1.153417425354156833e+01
6.467078494386568899e-01 1.145425580798311493e+01
6.467515502430818408e-01 1.137999610723245603e+01
6.467952510475067918e-01 1.130664679691925301e+01
6.468389518519317427e-01 1.123864366694575523e+01
6.468826526563566937e-01 1.116349116966950739e+01
6.469263534607816446e-01 1.109101402454712115e+01
6.469700542652065955e-01 1.102438692834870970e+01
6.470137550696315465e-01 1.095488041725947603e+01
6.470574558740564974e-01 1.087948678074775977e+01
6.471011566784814484e-01 1.080661915619053914e+01
6.471448574829063993e-01 1.073987686900933802e+01
6.471885582873313503e-01 1.067148683529045172e+01
6.472322590917563012e-01 1.060769731031912677e+01
6.472759598961812522e-01 1.054011152745169255e+01
6.473196607006062031e-01 1.047009222460910749e+01
6.473633615050311541e-01 1.040441074231365981e+01
6.474070623094559940e-01 1.033666210741942315e+01
6.474507631138809449e-01 1.027067527390477863e+01
6.474944639183058959e-01 1.020710771734960076e+01
6.475381647227308468e-01 1.014391213116037527e+01
6.475818655271557978e-01 1.007966617988027913e+01
6.476255663315807487e-01 1.001972028508431123e+01
6.476692671360056996e-01 9.957839827466486327e+00
6.477129679404306506e-01 9.898786029140429932e+00
6.477566687448556015e-01 9.837946789110109336e+00
6.478003695492805525e-01 9.788818295209258835e+00
6.478440703537055034e-01 9.726816733778251844e+00
6.478877711581304544e-01 9.666174488053302483e+00
6.479314719625554053e-01 9.607700719743787587e+00
6.479751727669803563e-01 9.551498329592037706e+00
6.480188735714053072e-01 9.489901005126242239e+00
6.480625743758302582e-01 9.431451953279342604e+00
6.481062751802552091e-01 9.373766911602498197e+00
6.481499759846801600e-01 9.315916238312121678e+00
6.481936767891051110e-01 9.259330867678141175e+00
6.482373775935300619e-01 9.202403468006721710e+00
6.482810783979550129e-01 9.144168829634091722e+00
6.483247792023799638e-01 9.089134416602702160e+00
6.483684800068049148e-01 9.031762517041663330e+00
6.484121808112298657e-01 8.978596751564692724e+00
6.484558816156548167e-01 8.925122343176193240e+00
6.484995824200797676e-01 8.869514617649507215e+00
6.485432832245047186e-01 8.818471978905678910e+00
6.485869840289296695e-01 8.763951000505279865e+00
6.486306848333546204e-01 8.715106360820072950e+00
6.486743856377795714e-01 8.666619696515445170e+00
6.487180864422045223e-01 8.617941599369649097e+00
6.487617872466294733e-01 8.566885797882711984e+00
6.488054880510544242e-01 8.515204717060242956e+00
6.488491888554793752e-01 8.465338877465207190e+00
6.488928896599043261e-01 8.415330787306141147e+00
6.489365904643292771e-01 8.367385228885950710e+00
6.489802912687542280e-01 8.320792244554414907e+00
6.490239920731791790e-01 8.274260683775608527e+00
6.490676928776041299e-01 8.227334743841982601e+00
6.491113936820290808e-01 8.179366520967562337e+00
6.491550944864540318e-01 8.132008005398919437e+00
6.491987952908789827e-01 8.083886717502480224e+00
6.492424960953039337e-01 8.041542433783256172e+00
6.492861968997288846e-01 7.996008075325433673e+00
6.493298977041538356e-01 7.951135189570140760e+00
6.493735985085787865e-01 7.904842950766137299e+00
6.494172993130036264e-01 7.865683471143862349e+00
6.494610001174285774e-01 7.821329578227916635e+00
6.495047009218535283e-01 7.778948941779174397e+00
6.495484017262784793e-01 7.734385170659387576e+00
6.495921025307034302e-01 7.690800987055943061e+00
6.496358033351283812e-01 7.645638848427774192e+00
6.496795041395533321e-01 7.604388803350271786e+00
6.497232049439782831e-01 7.558423251540745014e+00
6.497669057484032340e-01 7.513151756138451987e+00
6.498106065528281849e-01 7.471923875946655969e+00
6.498543073572531359e-01 7.431861266547064027e+00
6.498980081616780868e-01 7.392840038440021466e+00
6.499417089661030378e-01 7.350698306125145187e+00
6.499854097705279887e-01 7.309345717248674212e+00
6.500291105749529397e-01 7.266605576209425266e+00
6.500728113793778906e-01 7.227687023910079667e+00
6.501165121838028416e-01 7.188508737021417794e+00
6.501602129882277925e-01 7.146397841913074700e+00
6.502039137926527435e-01 7.105397586459157644e+00
6.502476145970776944e-01 7.063990922870821088e+00
6.502913154015026453e-01 7.021216032625924974e+00
6.503350162059275963e-01 6.981219198612869548e+00
6.503787170103525472e-01 6.941825009575753214e+00
6.504224178147774982e-01 6.902474014061056096e+00
6.504661186192024491e-01 6.861212093103407739e+00
6.505098194236274001e-01 6.821995808295707953e+00
6.505535202280523510e-01 6.784034814252405177e+00
6.505972210324773020e-01 6.747218542580723621e+00
6.506409218369022529e-01 6.706300436745838311e+00
6.506846226413272039e-01 6.668761865894742513e+00
6.507283234457521548e-01 6.630462776298249317e+00
6.507720242501771057e-01 6.595254060257238926e+00
6.508157250546020567e-01 6.560034649722065403e+00
6.508594258590270076e-01 6.522209605487752526e+00
6.509031266634519586e-01 6.484719602209096045e+00
6.509468274678769095e-01 6.447900950019187505e+00
6.509905282723018605e-01 6.410232028808035665e+00
6.510342290767268114e-01 6.374432176658274329e+00
6.510779298811517624e-01 6.338525675701672135e+00
6.511216306855767133e-01 6.303396397415720109e+00
6.511653314900016642e-01 6.267586552803009248e+00
6.512090322944266152e-01 6.232791663658308501e+00
6.512527330988515661e-01 6.196580048949265063e+00
6.512964339032765171e-01 6.162265374762076142e+00
6.513401347077014680e-01 6.125372156590183081e+00
6.513838355121264190e-01 6.089394227892989342e+00
6.514275363165513699e-01 6.056438401045921793e+00
6.514712371209762098e-01 6.023168687246023723e+00
6.515149379254011608e-01 5.988889897804615892e+00
6.515586387298261117e-01 5.954038788885822164e+00
6.516023395342510627e-01 5.921161668976552939e+00
6.516460403386760136e-01 5.887070507748953574e+00
6.516897411431009646e-01 5.854054579168145089e+00
6.517334419475259155e-01 5.819778422912811777e+00
6.517771427519508665e-01 5.783739485418822213e+00
6.518208435563758174e-01 5.750565460386991568e+00
6.518645443608007684e-01 5.715969015024691124e+00
6.519082451652257193e-01 5.682985101937114258e+00
6.519519459696506702e-01 5.650991240181649111e+00
6.519956467740756212e-01 5.616068651210788687e+00
6.520393475785005721e-01 5.585358067346168909e+00
6.520830483829255231e-01 5.552915008973241306e+00
6.521267491873504740e-01 5.517531466723134770e+00
6.521704499917754250e-01 5.485585170413567191e+00
6.522141507962003759e-01 5.452154011715796500e+00
6.522578516006253269e-01 5.417521742228206705e+00
6.523015524050502778e-01 5.384058806061530866e+00
6.523452532094752288e-01 5.350346176086501870e+00
6.523889540139001797e-01 5.317639358077311584e+00
6.524326548183251306e-01 5.286041330830059337e+00
6.524763556227500816e-01 5.251957948328114689e+00
6.525200564271750325e-01 5.219668836191531547e+00
6.525637572315999835e-01 5.186076250266426158e+00
6.526074580360249344e-01 5.153412623954229055e+00
6.526511588404498854e-01 5.120675185678488006e+00
6.526948596448748363e-01 5.088907675259723540e+00
6.527385604492997873e-01 5.056403438867913103e+00
6.527822612537247382e-01 5.025206972373569947e+00
6.528259620581496891e-01 4.992609846929346951e+00
6.528696628625746401e-01 4.959209234281646062e+00
6.529133636669995910e-01 4.928151040094762791e+00
6.529570644714245420e-01 4.893724356084073079e+00
6.530007652758494929e-01 4.860533967943527323e+00
6.530444660802744439e-01 4.829347509069558342e+00
6.530881668846993948e-01 4.796918224079832704e+00
6.531318676891243458e-01 4.765965501552991590e+00
6.531755684935492967e-01 4.733430421594645665e+00
6.532192692979742477e-01 4.701569113309484571e+00
6.532629701023991986e-01 4.668924140525539279e+00
6.533066709068241495e-01 4.637340514581466344e+00
6.533503717112491005e-01 4.606064178304309920e+00
6.533940725156740514e-01 4.573843638605179507e+00
6.534377733200990024e-01 4.540593226807779104e+00
6.534814741245238423e-01 4.507314508779466600e+00
6.535251749289487933e-01 4.474839866989062998e+00
6.535688757333737442e-01 4.441223100566178417e+00
6.536125765377986951e-01 4.409049839412749527e+00
6.536562773422236461e-01 4.375723185798930714e+00
6.536999781466485970e-01 4.342580251247934342e+00
6.537436789510735480e-01 4.309833369833456551e+00
6.537873797554984989e-01 4.276243168982791332e+00
6.538310805599234499e-01 4.242290989149337221e+00
6.538747813643484008e-01 4.209260494354283288e+00
6.539184821687733518e-01 4.176249648432989403e+00
6.539621829731983027e-01 4.145367350571014242e+00
6.540058837776232536e-01 4.112956308965726393e+00
6.540495845820482046e-01 4.080376519417804104e+00
6.540932853864731555e-01 4.048817410955235729e+00
6.541369861908981065e-01 4.017141831362282645e+00
6.541806869953230574e-01 3.985059363198403481e+00
6.542243877997480084e-01 3.952172238196678844e+00
6.542680886041729593e-01 3.920182304439575383e+00
6.543117894085979103e-01 3.889467717577558492e+00
6.543554902130228612e-01 3.858481279151530607e+00
6.543991910174478122e-01 3.827388735533622910e+00
6.544428918218727631e-01 3.795968103125656690e+00
6.544865926262977140e-01 3.764169781489864697e+00
6.545302934307226650e-01 3.733192400834362878e+00
6.545739942351476159e-01 3.702447188771057274e+00
6.546176950395725669e-01 3.671204672590163920e+00
6.546613958439975178e-01 3.640772671579100450e+00
6.547050966484224688e-01 3.610870172140555834e+00
6.547487974528474197e-01 3.581126587502413194e+00
6.547924982572723707e-01 3.550750744410041460e+00
6.548361990616973216e-01 3.520233482481728515e+00
6.548798998661222726e-01 3.490300424846906946e+00
6.549236006705472235e-01 3.460473479671260399e+00
6.549673014749721744e-01 3.431073237223640326e+00
6.550110022793971254e-01 3.401496623170982669e+00
6.550547030838220763e-01 3.372846416291749527e+00
6.550984038882470273e-01 3.343411984130350678e+00
6.551421046926719782e-01 3.313910715872736557e+00
6.551858054970969292e-01 3.284672082228030199e+00
6.552295063015218801e-01 3.255944323741287949e+00
6.552732071059468311e-01 3.226713926064492366e+00
6.553169079103717820e-01 3.198106358084417788e+00
6.553606087147967330e-01 3.169387684805460736e+00
6.554043095192216839e-01 3.141442710983396225e+00
6.554480103236466348e-01 3.113177402188442411e+00
6.554917111280715858e-01 3.085619683505826494e+00
6.555354119324964257e-01 3.057526229794775396e+00
6.555791127369213767e-01 3.030048169068905395e+00
6.556228135413463276e-01 3.001641693594908844e+00
6.556665143457712785e-01 2.974683359984963360e+00
6.557102151501962295e-01 2.947747377900577614e+00
6.557539159546211804e-01 2.920363769519445540e+00
6.557976167590461314e-01 2.892753225435146458e+00
6.558413175634710823e-01 2.865975035075984945e+00
6.558850183678960333e-01 2.839000226942598015e+00
6.559287191723209842e-01 2.812540245529756344e+00
6.559724199767459352e-01 2.786088100947734070e+00
6.560161207811708861e-01 2.760562448453071749e+00
6.560598215855958371e-01 2.734351424026447486e+00
6.561035223900207880e-01 2.708325909861022396e+00
6.561472231944457389e-01 2.683026983793885822e+00
6.561909239988706899e-01 2.656851729113983041e+00
6.562346248032956408e-01 2.631542315290661183e+00
6.562783256077205918e-01 2.605742677394138340e+00
6.563220264121455427e-01 2.580077426642272354e+00
6.563657272165704937e-01 2.555629699502099950e+00
6.564094280209954446e-01 2.530740536016855557e+00
6.564531288254203956e-01 2.505938521849178535e+00
6.564968296298453465e-01 2.481140525201912084e+00
6.565405304342702975e-01 2.457145566649296509e+00
6.565842312386952484e-01 2.433210556108607037e+00
6.566279320431201993e-01 2.408728861720647263e+00
6.566716328475451503e-01 2.384448629988005219e+00
6.567153336519701012e-01 2.360531858853827103e+00
6.567590344563950522e-01 2.336993607731861378e+00
6.568027352608200031e-01 2.313178794743919298e+00
6.568464360652449541e-01 2.290147999698186609e+00
6.568901368696699050e-01 2.266398320808785893e+00
6.569338376740948560e-01 2.243379850820022003e+00
6.569775384785198069e-01 2.221144211842153382e+00
6.570212392829447579e-01 2.198526743379712656e+00
6.570649400873697088e-01 2.175519521788711774e+00
6.571086408917946597e-01 2.153127172172971449e+00
6.571523416962196107e-01 2.130459954723176619e+00
6.571960425006445616e-01 2.108592983552272759e+00
6.572397433050695126e-01 2.086394103231704378e+00
6.572834441094944635e-01 2.064956448307785575e+00
6.573271449139194145e-01 2.043171173959739573e+00
6.573708457183443654e-01 2.021405318590937750e+00
6.574145465227693164e-01 2.000174394318972482e+00
6.574582473271942673e-01 1.978409270639144513e+00
6.575019481316191072e-01 1.956732211851031522e+00
6.575456489360440582e-01 1.935568063453402488e+00
6.575893497404690091e-01 1.914477278458255105e+00
6.576330505448939601e-01 1.894476398056077482e+00
6.576767513493189110e-01 1.874319509427938790e+00
6.577204521537438620e-01 1.854037095903874555e+00
6.577641529581688129e-01 1.834009350040377573e+00
6.578078537625937638e-01 1.814175445186867686e+00
6.578515545670187148e-01 1.794530783881216340e+00
6.578952553714436657e-01 1.775403082301395763e+00
6.579389561758686167e-01 1.756973527754135178e+00
6.579826569802935676e-01 1.737212951562745022e+00
6.580263577847185186e-01 1.717959077809164903e+00
6.580700585891434695e-01 1.699229399572109944e+00
6.581137593935684205e-01 1.681040706965146292e+00
6.581574601979933714e-01 1.661916685361701118e+00
6.582011610024183224e-01 1.643079094854459798e+00
6.582448618068432733e-01 1.624987978054921456e+00
6.582885626112682242e-01 1.607194481164007316e+00
6.583322634156931752e-01 1.589029564533105399e+00
6.583759642201181261e-01 1.570862337390805497e+00
6.584196650245430771e-01 1.552780391798485482e+00
6.584633658289680280e-01 1.535042363116178032e+00
6.585070666333929790e-01 1.517105869681939057e+00
6.585507674378179299e-01 1.499772911494379635e+00
6.585944682422428809e-01 1.481907628957832124e+00
6.586381690466678318e-01 1.464672759583101058e+00
6.586818698510927828e-01 1.447536234664089205e+00
6.587255706555177337e-01 1.430556810793038869e+00
6.587692714599426846e-01 1.413473062824638804e+00
6.588129722643676356e-01 1.396637122394265962e+00
6.588566730687925865e-01 1.380056772420856559e+00
6.589003738732175375e-01 1.363785118046260791e+00
6.589440746776424884e-01 1.346551196140666429e+00
6.589877754820674394e-01 1.329768180464422800e+00
6.590314762864923903e-01 1.313674432853115137e+00
6.590751770909173413e-01 1.296630544713358146e+00
6.591188778953422922e-01 1.280196488129810239e+00
6.591625786997672432e-01 1.264265173916790275e+00
6.592062795041921941e-01 1.248345246107339879e+00
6.592499803086171450e-01 1.231962417068156901e+00
6.592936811130420960e-01 1.215709427594466652e+00
6.593373819174670469e-01 1.199675547799332387e+00
6.593810827218919979e-01 1.184487233676988271e+00
6.594247835263169488e-01 1.169032850928692691e+00
6.594684843307418998e-01 1.153287716136224716e+00
6.595121851351668507e-01 1.137616202205128157e+00
6.595558859395918017e-01 1.122128803327934188e+00
6.595995867440166416e-01 1.106867304092835180e+00
6.596432875484415925e-01 1.092103791230379262e+00
6.596869883528665435e-01 1.077021260406884728e+00
6.597306891572914944e-01 1.061645334239973426e+00
6.597743899617164454e-01 1.047314510687330946e+00
6.598180907661413963e-01 1.032193090557114612e+00
6.598617915705663473e-01 1.017019437088245937e+00
6.599054923749912982e-01 1.002425041687300844e+00
6.599491931794162491e-01 9.873628666059848236e-01
6.599928939838412001e-01 9.730128767469197193e-01
6.600365947882661510e-01 9.580080704354029253e-01
6.600802955926911020e-01 9.433304175540366820e-01
6.601239963971160529e-01 9.290106056193200290e-01
6.601676972015410039e-01 9.143503079704262682e-01
6.602113980059659548e-01 9.003543244520921807e-01
6.602550988103909058e-01 8.862233925657293510e-01
6.602987996148158567e-01 8.718142961726558227e-01
6.603425004192408077e-01 8.575221324792695610e-01
6.603862012236657586e-01 8.433070078113135137e-01
6.604299020280907095e-01 8.298147653496024123e-01
6.604736028325156605e-01 8.158089268599276744e-01
6.605173036369406114e-01 8.025406988760520610e-01
6.605610044413655624e-01 7.888747877564604716e-01
6.606047052457905133e-01 7.760366331904199333e-01
6.606484060502154643e-01 7.633842693232468779e-01
6.606921068546404152e-01 7.500501712432112722e-01
6.607358076590653662e-01 7.368280028011242599e-01
6.607795084634903171e-01 7.240710203130560352e-01
6.608232092679152681e-01 7.114504982390884580e-01
6.608669100723402190e-01 6.989249781875465084e-01
6.609106108767651699e-01 6.860847182636852226e-01
6.609543116811901209e-01 6.735379077438230500e-01
6.609980124856150718e-01 6.613340461460276432e-01
6.610417132900400228e-01 6.491132064378171140e-01
6.610854140944649737e-01 6.375880993937379504e-01
6.611291148988899247e-01 6.259600270675780287e-01
6.611728157033148756e-01 6.145126212435582103e-01
6.612165165077398266e-01 6.033573639276392786e-01
6.612602173121647775e-01 5.922286643073846335e-01
6.613039181165897284e-01 5.808790821587975772e-01
6.613476189210146794e-01 5.697668138593431353e-01
6.613913197254396303e-01 5.585907578121602768e-01
6.614350205298645813e-01 5.482237808536017942e-01
6.614787213342895322e-01 5.382489836452607479e-01
6.615224221387144832e-01 5.274925360648737849e-01
6.615661229431393231e-01 5.171620660746928388e-01
6.616098237475642740e-01 5.070748638851415580e-01
6.616535245519892250e-01 4.973101338129014004e-01
6.616972253564141759e-01 4.874037859596782041e-01
6.617409261608391269e-01 4.773326773189733307e-01
6.617846269652640778e-01 4.676677197765361504e-01
6.618283277696890288e-01 4.585297952562274459e-01
6.618720285741139797e-01 4.498340723871070979e-01
6.619157293785389307e-01 4.405614139234688698e-01
6.619594301829638816e-01 4.317039169266895793e-01
6.620031309873888326e-01 4.223679708762144713e-01
6.620468317918137835e-01 4.134586905254406530e-01
6.620905325962387344e-01 4.047832979177000134e-01
6.621342334006636854e-01 3.956378458287889699e-01
6.621779342050886363e-01 3.870502733072034296e-01
6.622216350095135873e-01 3.787344855385668674e-01
6.622653358139385382e-01 3.706008496979313893e-01
6.623090366183634892e-01 3.626548077734952358e-01
6.623527374227884401e-01 3.545928679123035998e-01
6.623964382272133911e-01 3.467525176465131587e-01
6.624401390316383420e-01 3.389150503254305669e-01
6.624838398360632929e-01 3.313683283773168897e-01
6.625275406404882439e-01 3.234485933209803044e-01
6.625712414449131948e-01 3.160550890368190591e-01
6.626149422493381458e-01 3.086297628475366261e-01
6.626586430537630967e-01 3.015546968042112086e-01
6.627023438581880477e-01 2.942226222881593745e-01
6.627460446626129986e-01 2.873869698233125214e-01
6.627897454670379496e-01 2.805411055316685554e-01
6.628334462714629005e-01 2.737851632282947145e-01
6.628771470758878515e-01 2.669455877659678844e-01
6.629208478803128024e-01 2.605309573704331916e-01
6.629645486847377533e-01 2.537633006157386517e-01
6.630082494891627043e-01 2.471372146797008174e-01
6.630519502935876552e-01 2.409826374332069976e-01
6.630956510980126062e-01 2.347081959582292265e-01
6.631393519024375571e-01 2.285439364113633354e-01
6.631830527068625081e-01 2.224686796510108033e-01
6.632267535112874590e-01 2.162820609093117075e-01
6.632704543157124100e-01 2.106416842765034270e-01
6.633141551201373609e-01 2.052537230035554328e-01
6.633578559245623119e-01 1.993940574485890405e-01
6.634015567289872628e-01 1.940534662678205791e-01
6.634452575334122137e-01 1.888741161033818117e-01
6.634889583378371647e-01 1.833692732612750287e-01
6.635326591422621156e-01 1.779951872380048650e-01
6.635763599466870666e-01 1.731553623845011880e-01
6.636200607511120175e-01 1.678377234340891200e-01
6.636637615555369685e-01 1.629905478641131555e-01
6.637074623599618084e-01 1.581289635513113967e-01
6.637511631643867593e-01 1.531993563209076425e-01
6.637948639688117103e-01 1.486842997753641260e-01
6.638385647732366612e-01 1.439833743961635715e-01
6.638822655776616122e-01 1.391715387858676600e-01
6.639259663820865631e-01 1.349026387271647087e-01
6.639696671865115141e-01 1.304366902904851300e-01
6.640133679909364650e-01 1.260561665580721691e-01
6.640570687953614160e-01 1.218385787693186811e-01
6.641007695997863669e-01 1.177498113124623852e-01
6.641444704042113178e-01 1.138288731555544969e-01
6.641881712086362688e-01 1.094987335128501382e-01
6.642318720130612197e-01 1.050764291842485321e-01
6.642755728174861707e-01 1.015048029982230787e-01
6.643192736219111216e-01 9.778381998326614311e-02
6.643629744263360726e-01 9.439637536387454619e-02
6.644066752307610235e-01 9.064238871596724811e-02
6.644503760351859745e-01 8.731577049836621029e-02
6.644940768396109254e-01 8.416758154277166615e-02
6.645377776440358764e-01 8.138987341309880663e-02
6.645814784484608273e-01 7.850007247744333894e-02
6.646251792528857782e-01 7.500790255304562448e-02
6.646688800573107292e-01 7.195916332841256757e-02
6.647125808617356801e-01 6.934210726235508215e-02
6.647562816661606311e-01 6.670168354237508701e-02
6.647999824705855820e-01 6.418060824522421604e-02
6.648436832750105330e-01 6.146890443014053906e-02
6.648873840794354839e-01 5.874512150423306933e-02
6.649310848838604349e-01 5.617665460865582661e-02
6.649747856882853858e-01 5.387698937067694760e-02
6.650184864927103368e-01 5.204958785122221210e-02
6.650621872971352877e-01 4.988859247114026813e-02
6.651058881015602386e-01 4.798963975775551172e-02
6.651495889059851896e-01 4.566856323593605771e-02
6.651932897104101405e-01 4.346210130332942706e-02
6.652369905148350915e-01 4.155537464092440986e-02
6.652806913192600424e-01 3.875065772787225638e-02
6.653243921236849934e-01 3.655809702102980757e-02
6.653680929281099443e-01 3.469478941883102907e-02
6.654117937325348953e-01 3.314667161491243602e-02
6.654554945369598462e-01 3.115908777247847206e-02
6.654991953413847972e-01 2.925247993381391298e-02
6.655428961458097481e-01 2.716938478463653064e-02
6.655865969502346990e-01 2.536891914717354438e-02
6.656302977546596500e-01 2.417370985050505336e-02
6.656739985590844899e-01 2.225665105101690480e-02
6.657176993635094409e-01 2.048980159155917857e-02
6.657614001679343918e-01 1.884855256435368984e-02
6.658051009723593427e-01 1.768560303216923021e-02
6.658488017767842937e-01 1.587820321772092855e-02
6.658925025812092446e-01 1.427597324343105219e-02
6.659362033856341956e-01 1.319442108930659469e-02
6.659799041900591465e-01 1.182315991426687724e-02
6.660236049944840975e-01 1.072713618226497738e-02
6.660673057989090484e-01 9.775593708093024276e-03
6.661110066033339994e-01 8.443667852966027856e-03
6.661547074077589503e-01 7.206836944068447867e-03
6.661984082121839013e-01 5.930667774175824719e-03
6.662421090166088522e-01 5.418575705801954336e-03
6.662858098210338031e-01 4.851840929802477692e-03
6.663295106254587541e-01 4.113748812208685261e-03
6.663732114298837050e-01 3.750403767047171683e-03
6.664169122343086560e-01 3.108531007670516447e-03
6.664606130387336069e-01 2.442034093691280040e-03
6.665043138431585579e-01 1.499843194519196593e-03
6.665480146475835088e-01 8.461737146538535420e-04
6.665917154520084598e-01 5.168448760166490050e-04
6.666354162564334107e-01 7.714391885334139897e-04
6.666791170608583617e-01 7.304631936912391434e-04
6.667228178652833126e-01 4.008144680001151576e-04
6.667665186697082635e-01 1.373819867952931072e-04
6.668102194741332145e-01 3.761296897220247498e-05
6.668539202785581654e-01 -0.000000000000000000e+00
6.668976210829831164e-01 2.544673364532410017e-04
6.669413218874080673e-01 4.702161625797356701e-04
6.669850226918330183e-01 4.899873154322886837e-04
6.670287234962579692e-01 3.618963059331835232e-04
6.670724243006829202e-01 1.100389014320736448e-03
6.671161251051078711e-01 1.830156266873005349e-03
6.671598259095328221e-01 2.680550320568349069e-03
6.672035267139577730e-01 3.635948412426058107e-03
6.672472275183827239e-01 4.185267600330514794e-03
6.672909283228076749e-01 5.294651657991790439e-03
6.673346291272326258e-01 6.277295055361188300e-03
6.673783299316575768e-01 7.447435253207730470e-03
6.674220307360825277e-01 8.809163580274703351e-03
6.674657315405074787e-01 1.068380216172008616e-02
6.675094323449324296e-01 1.234746476693746910e-02
6.675531331493573806e-01 1.407463011177534883e-02
6.675968339537823315e-01 1.596972215051710095e-02
6.676405347582072825e-01 1.776194027966226940e-02
6.676842355626322334e-01 1.994172118555704101e-02
6.677279363670571843e-01 2.201080466759722243e-02
6.677716371714820243e-01 2.433871623756232727e-02
6.678153379759069752e-01 2.665930921835817438e-02
6.678590387803319262e-01 2.905349424781535767e-02
6.679027395847568771e-01 3.181419597819548639e-02
6.679464403891818280e-01 3.470384050530270909e-02
6.679901411936067790e-01 3.781522223955089551e-02
6.680338419980317299e-01 4.084681272836695326e-02
6.680775428024566809e-01 4.367304729028798765e-02
6.681212436068816318e-01 4.718618919277089291e-02
6.681649444113065828e-01 5.040413287793003849e-02
6.682086452157315337e-01 5.376241604951971509e-02
6.682523460201564847e-01 5.737192196220772950e-02
6.682960468245814356e-01 6.088713500496121395e-02
6.683397476290063866e-01 6.472455572258731249e-02
6.683834484334313375e-01 6.875679082039341805e-02
6.684271492378562884e-01 7.268015926015229666e-02
6.684708500422812394e-01 7.685938334678482642e-02
6.685145508467061903e-01 8.141687444575157473e-02
6.685582516511311413e-01 8.613341634422791437e-02
6.686019524555560922e-01 9.069329966867546722e-02
6.686456532599810432e-01 9.573933405058283885e-02
6.686893540644059941e-01 1.006625837305605425e-01
6.687330548688309451e-01 1.054852355885924214e-01
6.687767556732558960e-01 1.102982138282620900e-01
6.688204564776808470e-01 1.153629958323172944e-01
6.688641572821057979e-01 1.211518447454482394e-01
6.689078580865307488e-01 1.268078062135969408e-01
6.689515588909556998e-01 1.325956055369958142e-01
6.689952596953806507e-01 1.383870600508094739e-01
6.690389604998056017e-01 1.445394187378628292e-01
6.690826613042305526e-01 1.510579626991014057e-01
6.691263621086555036e-01 1.567100652064390143e-01
6.691700629130804545e-01 1.634228557365358381e-01
6.692137637175054055e-01 1.698073309734343672e-01
6.692574645219303564e-01 1.763483290336536335e-01
6.693011653263553074e-01 1.833626131097860767e-01
6.693448661307802583e-01 1.908577953498143687e-01
6.693885669352052092e-01 1.985006204990913681e-01
6.694322677396301602e-01 2.058891121043792682e-01
6.694759685440551111e-01 2.134645309556478798e-01
6.695196693484800621e-01 2.210082347456508722e-01
6.695633701529050130e-01 2.291545308742298503e-01
6.696070709573299640e-01 2.373818868992331466e-01
6.696507717617549149e-01 2.460903467358686036e-01
6.696944725661798659e-01 2.548075348785568406e-01
6.697381733706047058e-01 2.636114524346231391e-01
6.697818741750296567e-01 2.732600214108755199e-01
6.698255749794546077e-01 2.829727793877477859e-01
6.698692757838795586e-01 2.928341066274447457e-01
6.699129765883045096e-01 3.024270269569787617e-01
6.699566773927294605e-01 3.122603382055305632e-01
6.700003781971544115e-01 3.227945707500370354e-01
6.700440790015793624e-01 3.335588564621438379e-01
6.700877798060043133e-01 3.438203345843382497e-01
6.701314806104292643e-01 3.546375550172902180e-01
6.701751814148542152e-01 3.659956652767529239e-01
6.702188822192791662e-01 3.776850491551651534e-01
6.702625830237041171e-01 3.898632414342861896e-01
6.703062838281290681e-01 4.018381438309207021e-01
6.703499846325540190e-01 4.144030331432163594e-01
6.703936854369789700e-01 4.268906396807725101e-01
6.704373862414039209e-01 4.395691345765016522e-01
6.704810870458288719e-01 4.527686875874820660e-01
6.705247878502538228e-01 4.662870702926295574e-01
6.705684886546787737e-01 4.790889750327873564e-01
6.706121894591037247e-01 4.931283321430037225e-01
6.706558902635286756e-01 5.072145387167422692e-01
6.706995910679536266e-01 5.212735533097178076e-01
6.707432918723785775e-01 5.360064313024213156e-01
6.707869926768035285e-01 5.506117279459349367e-01
6.708306934812284794e-01 5.656573292698390265e-01
6.708743942856534304e-01 5.807667476717451871e-01
6.709180950900783813e-01 5.960266365919795195e-01
6.709617958945033322e-01 6.114387571105978081e-01
6.710054966989282832e-01 6.276353105087327799e-01
6.710491975033532341e-01 6.438797278825361126e-01
6.710928983077781851e-01 6.602002442384860004e-01
6.711365991122031360e-01 6.770321482898719045e-01
6.711802999166280870e-01 6.941512375266319923e-01
6.712240007210530379e-01 7.109677610350226828e-01
6.712677015254779889e-01 7.287911718077061396e-01
6.713114023299029398e-01 7.464034164654015369e-01
6.713551031343278908e-01 7.641539426325166806e-01
6.713988039387528417e-01 7.830314409151425403e-01
6.714425047431777926e-01 8.017282548965689593e-01
6.714862055476027436e-01 8.208486928295649632e-01
6.715299063520276945e-01 8.409061130383479465e-01
6.715736071564526455e-01 8.600129581750822760e-01
6.716173079608775964e-01 8.799950277098302909e-01
6.716610087653025474e-01 9.003272629039593689e-01
6.717047095697274983e-01 9.210364208288946974e-01
6.717484103741524493e-01 9.417763981770729265e-01
6.717921111785774002e-01 9.628866900496487746e-01
6.718358119830022401e-01 9.847471098606497275e-01
6.718795127874271911e-01 1.007105848770850187e+00
6.719232135918521420e-01 1.029339505829009571e+00
6.719669143962770930e-01 1.052075723094686444e+00
6.720106152007020439e-01 1.074947800903262474e+00
6.720543160051269949e-01 1.098778909008415905e+00
6.720980168095519458e-01 1.122312473338989536e+00
6.721417176139768968e-01 1.146434048651308046e+00
6.721854184184018477e-01 1.170161970871530288e+00
6.722291192228267986e-01 1.194764360663488123e+00
6.722728200272517496e-01 1.220613749268189885e+00
6.723165208316767005e-01 1.246696738806232663e+00
6.723602216361016515e-01 1.272085855865414006e+00
6.724039224405266024e-01 1.298116862300481511e+00
6.724476232449515534e-01 1.324593232746533289e+00
6.724913240493765043e-01 1.351930236922820106e+00
6.725350248538014553e-01 1.379696170353754692e+00
6.725787256582264062e-01 1.407910887470399386e+00
6.726224264626513571e-01 1.436668829962806093e+00
6.726661272670763081e-01 1.464465298432487961e+00
6.727098280715012590e-01 1.493528374809707904e+00
6.727535288759262100e-01 1.522545826398578939e+00
6.727972296803511609e-01 1.553271006999554116e+00
6.728409304847761119e-01 1.584313402105987922e+00
6.728846312892010628e-01 1.615983619180226594e+00
6.729283320936260138e-01 1.648565615026047704e+00
6.729720328980509647e-01 1.681243335765769231e+00
6.730157337024759157e-01 1.714291392461619212e+00
6.730594345069008666e-01 1.746703690515911900e+00
6.731031353113258175e-01 1.781494012690612250e+00
6.731468361157507685e-01 1.816068976473817598e+00
6.731905369201757194e-01 1.850959254309362478e+00
6.732342377246006704e-01 1.886813787489226124e+00
6.732779385290256213e-01 1.922370142964846540e+00
6.733216393334505723e-01 1.959601128090428412e+00
6.733653401378755232e-01 1.996606021254675678e+00
6.734090409423004742e-01 2.034604089048459130e+00
6.734527417467254251e-01 2.072812749825351020e+00
6.734964425511503761e-01 2.111851080523849511e+00
6.735401433555753270e-01 2.151386977717340443e+00
6.735838441600002779e-01 2.190851793432328609e+00
6.736275449644252289e-01 2.231977389466901940e+00
6.736712457688501798e-01 2.273544676249366514e+00
6.737149465732751308e-01 2.315438893396000619e+00
6.737586473776999707e-01 2.358527736034345512e+00
6.738023481821249216e-01 2.401974917426659140e+00
6.738460489865498726e-01 2.446046781844720908e+00
6.738897497909748235e-01 2.490312684410977084e+00
6.739334505953997745e-01 2.535170117910360510e+00
6.739771513998247254e-01 2.581090654349179836e+00
6.740208522042496764e-01 2.626586198398747740e+00
6.740645530086746273e-01 2.674020209483753518e+00
6.741082538130995783e-01 2.720754021250607391e+00
6.741519546175245292e-01 2.769719269785218430e+00
6.741956554219494802e-01 2.818784927600936463e+00
6.742393562263744311e-01 2.868856233318543669e+00
6.742830570307993820e-01 2.918830615443800180e+00
6.743267578352243330e-01 2.969444803291029888e+00
6.743704586396492839e-01 3.021955787536455329e+00
6.744141594440742349e-01 3.074802513379718771e+00
6.744578602484991858e-01 3.128092735833898796e+00
6.745015610529241368e-01 3.182106467580326559e+00
6.745452618573490877e-01 3.236444888760824590e+00
6.745889626617740387e-01 3.292140256948505872e+00
6.746326634661989896e-01 3.348775813174008409e+00
6.746763642706239406e-01 3.405683119320175312e+00
6.747200650750488915e-01 3.462651997507360857e+00
6.747637658794738424e-01 3.520306472396165010e+00
6.748074666838987934e-01 3.579064515615582920e+00
6.748511674883237443e-01 3.634939945845081954e+00
6.748948682927486953e-01 3.694697076792271773e+00
6.749385690971736462e-01 3.755204460253647181e+00
6.749822699015985972e-01 3.817005304940949806e+00
6.750259707060235481e-01 3.878638676938909846e+00
6.750696715104484991e-01 3.941472548140057430e+00
6.751133723148734500e-01 4.004681489523667537e+00
6.751570731192984010e-01 4.068792242487263344e+00
6.752007739237233519e-01 4.133947547029074521e+00
6.752444747281483028e-01 4.200189804046869924e+00
6.752881755325732538e-01 4.266698608008801408e+00
6.753318763369982047e-01 4.334398414473048078e+00
6.753755771414231557e-01 4.402795588424724293e+00
6.754192779458481066e-01 4.471565329466433703e+00
6.754629787502730576e-01 4.541223285977780577e+00
6.755066795546980085e-01 4.611679791194679190e+00
6.755503803591229595e-01 4.683048189193145028e+00
6.755940811635479104e-01 4.755042656453706051e+00
6.756377819679728614e-01 4.827198511359986455e+00
6.756814827723978123e-01 4.901435570830694921e+00
6.757251835768227632e-01 4.976776251421456188e+00
6.757688843812477142e-01 5.051800843615691150e+00
6.758125851856726651e-01 5.128316678855280308e+00
6.758562859900976161e-01 5.205870866531778773e+00
6.758999867945225670e-01 5.283741518464704079e+00
6.759436875989474069e-01 5.362987338734665599e+00
6.759873884033723579e-01 5.443070670941934530e+00
6.760310892077973088e-01 5.524019128068208495e+00
6.760747900122222598e-01 5.605839018996873868e+00
6.761184908166472107e-01 5.688607797979495118e+00
6.761621916210721617e-01 5.771728649197504168e+00
6.762058924254971126e-01 5.856321773697791500e+00
6.762495932299220636e-01 5.941917206918089889e+00
6.762932940343470145e-01 6.027338427617317862e+00
6.763369948387719655e-01 6.115717524775522662e+00
6.763806956431969164e-01 6.204089833899393724e+00
6.764243964476218673e-01 6.294579331726296800e+00
6.764680972520468183e-01 6.385229691729964685e+00
6.765117980564717692e-01 6.475305842452645955e+00
6.765554988608967202e-01 6.567269276254855903e+00
6.765991996653216711e-01 6.660775281478946042e+00
6.766429004697466221e-01 6.756206857818909839e+00
6.766866012741715730e-01 6.852195080275512495e+00
6.767303020785965240e-01 6.945978051135125675e+00
6.767740028830214749e-01 7.045871500737499460e+00
6.768177036874464259e-01 7.144564385955870733e+00
6.768614044918713768e-01 7.246581750281344547e+00
6.769051052962963277e-01 7.347690766956488595e+00
6.769488061007212787e-01 7.447744275007203818e+00
6.769925069051462296e-01 7.549810071298165504e+00
6.770362077095711806e-01 7.652104239510470585e+00
6.770799085139961315e-01 7.758237852483530261e+00
6.771236093184210825e-01 7.864303437927165241e+00
6.771673101228460334e-01 7.973066761975601047e+00
6.772110109272709844e-01 8.081211760691756396e+00
6.772547117316959353e-01 8.188978605870877558e+00
6.772984125361208863e-01 8.300930485154783156e+00
6.773421133405458372e-01 8.411258211446467570e+00
6.773858141449707881e-01 8.524481970366258210e+00
6.774295149493957391e-01 8.637472035358383593e+00
6.774732157538206900e-01 8.750686361452638451e+00
6.775169165582456410e-01 8.862732118096792178e+00
6.775606173626705919e-01 8.979962025910809942e+00
6.776043181670955429e-01 9.097777445962220710e+00
6.776480189715204938e-01 9.216968821812629997e+00
6.776917197759454448e-01 9.334486112677652159e+00
6.777354205803703957e-01 9.461779508663418881e+00
6.777791213847953466e-01 9.587533922654895235e+00
6.778228221892201866e-01 9.711218982352205487e+00
6.778665229936451375e-01 9.834396777823041447e+00
6.779102237980700885e-01 9.958398995245879348e+00
6.779539246024950394e-01 1.008421359919610261e+01
6.779976254069199904e-01 1.021026219153595704e+01
6.780413262113449413e-01 1.034077094490128346e+01
6.780850270157698922e-01 1.047406855402775072e+01
6.781287278201948432e-01 1.060475243756799024e+01
6.781724286246197941e-01 1.073812867297409568e+01
6.782161294290447451e-01 1.088173429137520820e+01
6.782598302334696960e-01 1.101905468710566183e+01
6.783035310378946470e-01 1.115891841784521255e+01
6.783472318423195979e-01 1.129751132634239674e+01
6.783909326467445489e-01 1.143862521816624778e+01
6.784346334511694998e-01 1.158475678579640622e+01
6.784783342555944508e-01 1.173333964381267513e+01
6.785220350600194017e-01 1.188346095324874696e+01
6.785657358644443526e-01 1.203525924846196382e+01
6.786094366688693036e-01 1.218578749330273148e+01
6.786531374732942545e-01 1.233601603439714722e+01
6.786968382777192055e-01 1.248844402701317335e+01
6.787405390821441564e-01 1.264946583699265226e+01
6.787842398865691074e-01 1.280641079144888650e+01
6.788279406909940583e-01 1.296899684826773758e+01
6.788716414954190093e-01 1.313337313448215582e+01
6.789153422998439602e-01 1.329209506550003539e+01
6.789590431042689112e-01 1.345169944393824757e+01
6.790027439086938621e-01 1.362199093370390557e+01
6.790464447131188130e-01 1.378044866376231958e+01
6.790901455175437640e-01 1.394331694629221197e+01
6.791338463219687149e-01 1.411678778962510172e+01
6.791775471263936659e-01 1.428220545475138969e+01
6.792212479308186168e-01 1.446193400121748951e+01
6.792649487352435678e-01 1.464044127049970889e+01
6.793086495396685187e-01 1.481920067052007006e+01
6.793523503440934697e-01 1.499995419818132270e+01
6.793960511485184206e-01 1.519504898986258290e+01
6.794397519529433715e-01 1.538199750708920277e+01
6.794834527573683225e-01 1.556585967345040977e+01
6.795271535617932734e-01 1.574829859781900332e+01
6.795708543662182244e-01 1.592860661044679560e+01
6.796145551706431753e-01 1.611972289244102186e+01
6.796582559750681263e-01 1.630905345935964945e+01
6.797019567794930772e-01 1.650257557821493037e+01
6.797456575839180282e-01 1.671525356312993793e+01
6.797893583883429791e-01 1.690095552505423981e+01
6.798330591927679301e-01 1.711710421091261836e+01
6.798767599971928810e-01 1.731163470336545274e+01
6.799204608016178319e-01 1.750550045473801930e+01
6.799641616060427829e-01 1.770150109087463974e+01
6.800078624104676228e-01 1.792975818584536185e+01
6.800515632148925738e-01 1.815220654203678308e+01
6.800952640193175247e-01 1.839820967259863238e+01
6.801389648237424757e-01 1.862816092542340840e+01
6.801826656281674266e-01 1.886032382608765801e+01
6.802263664325923775e-01 1.907757476534460750e+01
6.802700672370173285e-01 1.927430418209194229e+01
6.803137680414422794e-01 1.958649039657514379e+01
6.803574688458672304e-01 1.984609328345680268e+01
6.804011696502921813e-01 2.012549319113585611e+01
6.804448704547171323e-01 2.033986320780586610e+01
6.804885712591420832e-01 2.057606337767763094e+01
6.805322720635670342e-01 2.078789211989761299e+01
6.805759728679919851e-01 2.101261680252220287e+01
6.806196736724169360e-01 2.126099104676222140e+01
6.806633744768418870e-01 2.147031745792931900e+01
6.807070752812668379e-01 2.179656193644123618e+01
6.807507760856917889e-01 2.199559135514444108e+01
6.807944768901167398e-01 2.224761654929036325e+01
6.808381776945416908e-01 2.255126634968074129e+01
6.808818784989666417e-01 2.277826423481525708e+01
6.809255793033915927e-01 2.306510538685828493e+01
6.809692801078165436e-01 2.332252459771439135e+01
6.810129809122414946e-01 2.362799110772035149e+01
6.810566817166664455e-01 2.388874924615486250e+01
6.811003825210913964e-01 2.419567078298051754e+01
6.811440833255163474e-01 2.458636808088078141e+01
6.811877841299412983e-01 2.486904180016018273e+01
6.812314849343662493e-01 2.523567861151176928e+01
6.812751857387912002e-01 2.545136292209732787e+01
6.813188865432161512e-01 2.576199661877044278e+01
6.813625873476411021e-01 2.600071635453617347e+01
6.814062881520660531e-01 2.625569255573466165e+01
6.814499889564910040e-01 2.669905233402269573e+01
6.814936897609159550e-01 2.701462970605067682e+01
6.815373905653409059e-01 2.731899707528925703e+01
6.815810913697658568e-01 2.754753900276955036e+01
6.816247921741908078e-01 2.782676806048343821e+01
6.816684929786157587e-01 2.820772469993633180e+01
6.817121937830407097e-01 2.844282128962784739e+01
6.817558945874656606e-01 2.914534931408180185e+01
6.817995953918906116e-01 2.938094561179734754e+01
6.818432961963155625e-01 2.985266518155910376e+01
6.818869970007404024e-01 3.009169651998763939e+01
6.819306978051653534e-01 3.033378915855035984e+01
6.819743986095903043e-01 3.065513389844816672e+01
6.820180994140152553e-01 3.090260253853325167e+01
6.820618002184402062e-01 3.115311230719947488e+01
6.821055010228651572e-01 3.140665381840367232e+01
6.821492018272901081e-01 3.166321743907281672e+01
6.821929026317150591e-01 3.223414951911571791e+01
6.822366034361400100e-01 3.249493335490952006e+01
6.822803042405649609e-01 3.275871791870721950e+01
6.823240050449899119e-01 3.356825929735445868e+01
6.823677058494148628e-01 3.383593888671202166e+01
6.824114066538398138e-01 3.410659324875387455e+01
6.824551074582647647e-01 3.438021108288574368e+01
6.824988082626897157e-01 3.833273029304064039e+01
6.825425090671146666e-01 4.122310534298617313e+01
6.825862098715396176e-01 4.149581059459678301e+01
6.826299106759645685e-01 4.177143870663368830e+01
6.826736114803895195e-01 8.289306334778564178e+01
6.827173122848144704e-01 8.289306334778564178e+01
6.827610130892394213e-01 8.289306334778564178e+01
6.828047138936643723e-01 8.289306334778564178e+01
6.828484146980893232e-01 8.289306334778564178e+01
6.828921155025142742e-01 8.289306334778564178e+01
6.829358163069392251e-01 8.289306334778564178e+01
6.829795171113641761e-01 8.289306334778564178e+01
6.830232179157891270e-01 8.289306334778564178e+01
6.830669187202140780e-01 8.289306334778564178e+01
6.831106195246390289e-01 8.289306334778564178e+01
6.831543203290639799e-01 8.289306334778564178e+01
6.831980211334889308e-01 8.289306334778564178e+01
6.832417219379138817e-01 8.289306334778564178e+01
6.832854227423388327e-01 8.289306334778564178e+01
6.833291235467637836e-01 8.289306334778564178e+01
6.833728243511887346e-01 8.289306334778564178e+01
6.834165251556136855e-01 8.289306334778564178e+01
6.834602259600386365e-01 8.289306334778564178e+01
6.835039267644635874e-01 8.289306334778564178e+01
6.835476275688885384e-01 8.289306334778564178e+01
6.835913283733134893e-01 8.289306334778564178e+01
6.836350291777384403e-01 8.289306334778564178e+01
6.836787299821633912e-01 8.289306334778564178e+01
6.837224307865883421e-01 8.289306334778564178e+01
6.837661315910132931e-01 8.289306334778564178e+01
6.838098323954382440e-01 8.289306334778564178e+01
6.838535331998631950e-01 8.289306334778564178e+01
6.838972340042881459e-01 8.289306334778564178e+01
6.839409348087130969e-01 8.289306334778564178e+01
6.839846356131380478e-01 8.289306334778564178e+01
6.840283364175629988e-01 8.289306334778564178e+01
6.840720372219878387e-01 8.289306334778564178e+01
6.841157380264127896e-01 8.289306334778564178e+01
6.841594388308377406e-01 8.289306334778564178e+01
6.842031396352626915e-01 8.289306334778564178e+01
6.842468404396876425e-01 8.289306334778564178e+01
6.842905412441125934e-01 8.289306334778564178e+01
6.843342420485375444e-01 8.289306334778564178e+01
6.843779428529624953e-01 8.289306334778564178e+01
6.844216436573874462e-01 8.289306334778564178e+01
6.844653444618123972e-01 8.289306334778564178e+01
6.845090452662373481e-01 8.289306334778564178e+01
6.845527460706622991e-01 8.289306334778564178e+01
6.845964468750872500e-01 8.289306334778564178e+01
6.846401476795122010e-01 8.289306334778564178e+01
6.846838484839371519e-01 8.289306334778564178e+01
6.847275492883621029e-01 8.289306334778564178e+01
6.847712500927870538e-01 8.289306334778564178e+01
6.848149508972120048e-01 8.289306334778564178e+01
6.848586517016369557e-01 8.289306334778564178e+01
6.849023525060619066e-01 8.289306334778564178e+01
6.849460533104868576e-01 8.289306334778564178e+01
