2.444663875862920499e-01 3.672440008718935900e+01
2.445759725582558053e-01 3.648794762869929542e+01
2.446855575302195607e-01 3.625379198404430525e+01
2.447951425021833161e-01 3.602194539764558101e+01
2.449047274741470714e-01 3.579242020736585772e+01
2.450143124461108268e-01 3.556522884825825770e+01
2.451238974180745822e-01 3.534038385577756713e+01
2.452334823900383376e-01 3.511789786846924954e+01
2.453430673620021207e-01 3.489778363014981721e+01
2.454526523339658761e-01 3.468005399159025615e+01
2.455622373059296315e-01 3.446472191171286426e+01
2.456718222778933869e-01 3.425180045831043429e+01
2.457814072498571423e-01 3.404130280829561883e+01
2.458909922218208977e-01 3.383324224748746900e+01
2.460005771937846530e-01 3.362763216994123638e+01
2.461101621657484084e-01 3.342448607682703710e+01
2.462197471377121638e-01 3.322381757486252951e+01
2.463293321096759192e-01 3.302564037430431654e+01
2.464389170816396746e-01 3.209083608411555133e+01
2.465485020536034300e-01 3.188632428241215777e+01
2.466580870255671853e-01 3.168418854085425451e+01
2.467676719975309407e-01 3.111297992300385573e+01
2.468772569694946961e-01 3.023247694745778702e+01
2.469868419414584515e-01 3.002219467650923335e+01
2.470964269134222346e-01 2.981418494315119361e+01
2.472060118853859900e-01 2.960846063142530937e+01
2.473155968573497454e-01 2.940503473038350890e+01
2.474251818293135008e-01 2.920392032870260479e+01
2.475347668012772562e-01 2.900513060891217876e+01
2.476443517732410116e-01 2.863856581946266999e+01
2.477539367452047669e-01 2.844146197290413269e+01
2.478635217171685223e-01 2.824668508324569061e+01
2.479731066891322777e-01 2.805424853497444460e+01
2.480826916610960331e-01 2.764981902622637477e+01
2.481922766330597885e-01 2.745790973309066985e+01
2.483018616050235439e-01 2.726832138253100979e+01
2.484114465769872993e-01 2.708106728164272070e+01
2.485210315489510546e-01 2.677173011614777209e+01
2.486306165209148100e-01 2.658651827344222340e+01
2.487402014928785654e-01 2.632477627988579982e+01
2.488497864648423485e-01 2.605681463190876812e+01
2.489593714368061039e-01 2.580791845428537457e+01
2.490689564087698593e-01 2.562685254069744545e+01
2.491785413807336147e-01 2.544808610872004451e+01
2.492881263526973701e-01 2.527163179909596025e+01
2.493977113246611255e-01 2.490811567964975026e+01
2.495072962966248808e-01 2.473172503376006048e+01
2.496168812685886362e-01 2.455760240012606133e+01
2.497264662405523916e-01 2.438575974644123079e+01
2.498360512125161470e-01 2.421620901292611094e+01
2.499456361844799024e-01 2.401075360744102127e+01
2.500552211564436855e-01 2.384480318386396647e+01
2.501648061284074132e-01 2.364702788353010732e+01
2.502743911003711963e-01 2.345485438914725407e+01
2.503839760723349239e-01 2.329405711897521414e+01
2.504935610442987071e-01 2.310845526813013251e+01
2.506031460162624347e-01 2.295148773987452628e+01
2.507127309882262178e-01 2.279682697541821312e+01
2.508223159601899455e-01 2.262027245212050985e+01
2.509319009321537286e-01 2.240419485538936684e+01
2.510414859041174562e-01 2.217503496252349748e+01
2.511510708760812394e-01 2.200315499148332776e+01
2.512606558480450225e-01 2.185413965451463625e+01
2.513702408200087501e-01 2.170734968457102809e+01
2.514798257919725333e-01 2.154693660660242216e+01
2.515894107639362609e-01 2.136407044142717737e+01
2.516989957359000440e-01 2.119967220224763338e+01
2.518085807078637717e-01 2.104112322639680954e+01
2.519181656798275548e-01 2.090228714090782347e+01
2.520277506517912824e-01 2.075331617629704795e+01
2.521373356237550656e-01 2.056981479328425522e+01
2.522469205957187932e-01 2.042453608217332217e+01
2.523565055676825764e-01 2.025895017746941207e+01
2.524660905396463040e-01 2.009983472727885356e+01
2.525756755116100871e-01 1.996940024793895319e+01
2.526852604835738147e-01 1.983011312472724441e+01
2.527948454555375979e-01 1.967995369070692746e+01
2.529044304275013255e-01 1.950701029464943659e+01
2.530140153994651087e-01 1.937357518603730711e+01
2.531236003714288918e-01 1.922468615615948195e+01
2.532331853433926194e-01 1.908508523570226956e+01
2.533427703153564026e-01 1.893305603748381927e+01
2.534523552873201302e-01 1.880511524336757745e+01
2.535619402592839133e-01 1.865910860628758172e+01
2.536715252312476410e-01 1.851976126807521439e+01
2.537811102032114241e-01 1.840338078341696360e+01
2.538906951751751517e-01 1.827808227706299959e+01
2.540002801471389349e-01 1.815110710639801539e+01
2.541098651191026625e-01 1.802736513790447859e+01
2.542194500910664456e-01 1.790875849100459050e+01
2.543290350630301733e-01 1.779935597553595272e+01
2.544386200349939564e-01 1.767079070952177844e+01
2.545482050069576840e-01 1.755563386193478692e+01
2.546577899789214672e-01 1.742540915185764305e+01
2.547673749508852503e-01 1.730877581497297868e+01
2.548769599228489779e-01 1.718978832871310658e+01
2.549865448948127611e-01 1.707917430186299512e+01
2.550961298667764887e-01 1.696247162302656974e+01
2.552057148387402719e-01 1.684566800110420459e+01
2.553152998107039995e-01 1.672552353391467861e+01
2.554248847826677826e-01 1.659836264909320036e+01
2.555344697546315103e-01 1.649424942468503374e+01
2.556440547265952934e-01 1.637682228123631489e+01
2.557536396985590210e-01 1.626397685429412121e+01
2.558632246705228042e-01 1.614740436629630338e+01
2.559728096424865318e-01 1.601834860840006058e+01
2.560823946144503149e-01 1.591281588304953765e+01
2.561919795864140426e-01 1.580918144282162174e+01
2.563015645583778257e-01 1.571411690415444795e+01
2.564111495303416088e-01 1.560683835429152744e+01
2.565207345023053365e-01 1.550078568683828451e+01
2.566303194742691196e-01 1.539076569634470637e+01
2.567399044462328472e-01 1.529163866527250981e+01
2.568494894181966304e-01 1.519156603306381292e+01
2.569590743901603580e-01 1.508728252442216444e+01
2.570686593621241411e-01 1.499563075609782992e+01
2.571782443340878688e-01 1.489446650199228550e+01
2.572878293060516519e-01 1.479463367964550713e+01
2.573974142780153795e-01 1.471094424795235156e+01
2.575069992499791627e-01 1.461498546461537629e+01
2.576165842219428903e-01 1.451320189521263515e+01
2.577261691939066734e-01 1.441947444845027881e+01
2.578357541658704011e-01 1.431712772747617279e+01
2.579453391378341842e-01 1.422263440064826590e+01
2.580549241097979118e-01 1.413128031066741386e+01
2.581645090817616950e-01 1.402990144913354875e+01
2.582740940537254781e-01 1.394815681342964453e+01
2.583836790256892058e-01 1.385265731004778011e+01
2.584932639976529889e-01 1.375867072716490647e+01
2.586028489696167165e-01 1.367005472386828480e+01
2.587124339415804997e-01 1.358004285996506866e+01
2.588220189135442273e-01 1.349153210044594609e+01
2.589316038855080104e-01 1.339931011429105645e+01
2.590411888574717381e-01 1.330606666739633681e+01
2.591507738294355212e-01 1.320705073326416823e+01
2.592603588013992488e-01 1.312191204241521625e+01
2.593699437733630320e-01 1.303477690871805095e+01
2.594795287453267596e-01 1.295014902432447812e+01
2.595891137172905427e-01 1.286691282742713938e+01
2.596986986892542704e-01 1.277791724078222657e+01
2.598082836612180535e-01 1.269812490104621894e+01
2.599178686331818366e-01 1.261444099599888347e+01
2.600274536051455643e-01 1.253269410608949030e+01
2.601370385771093474e-01 1.245188148112734972e+01
2.602466235490730750e-01 1.237229202578316922e+01
2.603562085210368582e-01 1.228959162131167027e+01
2.604657934930005858e-01 1.220867114884231164e+01
2.605753784649643690e-01 1.212128515222549829e+01
2.606849634369280966e-01 1.203965253139370795e+01
2.607945484088918797e-01 1.196049920149601142e+01
2.609041333808556073e-01 1.188515027726052509e+01
2.610137183528193905e-01 1.180502508605852441e+01
2.611233033247831181e-01 1.172561311667579353e+01
2.612328882967469013e-01 1.164648878225217565e+01
2.613424732687106289e-01 1.156567305577244120e+01
2.614520582406744120e-01 1.148609054232713689e+01
2.615616432126381952e-01 1.140803770413678109e+01
2.616712281846019228e-01 1.132539395857712883e+01
2.617808131565657059e-01 1.124799807342346902e+01
2.618903981285294336e-01 1.116685513924832129e+01
2.619999831004932167e-01 1.108903850555183723e+01
2.621095680724569443e-01 1.101135487599664131e+01
2.622191530444207275e-01 1.093395265081365686e+01
2.623287380163844551e-01 1.085931913357078571e+01
2.624383229883482382e-01 1.078420392532415306e+01
2.625479079603119659e-01 1.070599859369400875e+01
2.626574929322757490e-01 1.062874948637687389e+01
2.627670779042394766e-01 1.055532196490888808e+01
2.628766628762032598e-01 1.048186387162112077e+01
2.629862478481669874e-01 1.040526726205221486e+01
2.630958328201307705e-01 1.032810839416445603e+01
2.632054177920944982e-01 1.026683552738409411e+01
2.633150027640582813e-01 1.019132470006552005e+01
2.634245877360220645e-01 1.011355927844076419e+01
2.635341727079857921e-01 1.003975665403817530e+01
2.636437576799495752e-01 9.965753819795292401e+00
2.637533426519133029e-01 9.889970302613770414e+00
2.638629276238770860e-01 9.813462110516530501e+00
2.639725125958408136e-01 9.742241307914424553e+00
2.640820975678045968e-01 9.670875495693714186e+00
2.641916825397683244e-01 9.601424703228774504e+00
2.643012675117321075e-01 9.528871011075676023e+00
2.644108524836958352e-01 9.456669133287471496e+00
2.645204374556596183e-01 9.387662188708665312e+00
2.646300224276233459e-01 9.314897427861945189e+00
2.647396073995871291e-01 9.245263895635476459e+00
2.648491923715509122e-01 9.176232877498977203e+00
2.649587773435146398e-01 9.107614857211920878e+00
2.650683623154784230e-01 9.036074095401078310e+00
2.651779472874421506e-01 8.968820925571590053e+00
2.652875322594059337e-01 8.901822286658713779e+00
2.653971172313696614e-01 8.837303681146075007e+00
2.655067022033334445e-01 8.769140034691995211e+00
2.656162871752971721e-01 8.702322939441671679e+00
2.657258721472609553e-01 8.641766389208628496e+00
2.658354571192246829e-01 8.581250721071226550e+00
2.659450420911884660e-01 8.513193780129972410e+00
2.660546270631521937e-01 8.447094339427474452e+00
2.661642120351159768e-01 8.381691229232222540e+00
2.662737970070797044e-01 8.315998428466837566e+00
2.663833819790434876e-01 8.251864011635147378e+00
2.664929669510072152e-01 8.185708207468698205e+00
2.666025519229709984e-01 8.123831000184932094e+00
2.667121368949347815e-01 8.060761718181522539e+00
2.668217218668985091e-01 7.999598092747656430e+00
2.669313068388622923e-01 7.937424406203613891e+00
2.670408918108260199e-01 7.876897978972599468e+00
2.671504767827898030e-01 7.815634311854918082e+00
2.672600617547535307e-01 7.754091667072264826e+00
2.673696467267173138e-01 7.692720163565278213e+00
2.674792316986810414e-01 7.631957393529576805e+00
2.675888166706448246e-01 7.570681314734565959e+00
2.676984016426085522e-01 7.511741911960257312e+00
2.678079866145723353e-01 7.453270061616048991e+00
2.679175715865360630e-01 7.395686829350142766e+00
2.680271565584998461e-01 7.336971964144765934e+00
2.681367415304635737e-01 7.279301621340642292e+00
2.682463265024273569e-01 7.220916273801463170e+00
2.683559114743910845e-01 7.166356017524324606e+00
2.684654964463548676e-01 7.109159302384795431e+00
2.685750814183186508e-01 7.050709110262880941e+00
2.686846663902823784e-01 6.991962985467451652e+00
2.687942513622461616e-01 6.935333868172915750e+00
2.689038363342098892e-01 6.880945237699500616e+00
2.690134213061736723e-01 6.825293392146232208e+00
2.691230062781373999e-01 6.769621828996528201e+00
2.692325912501011831e-01 6.716151349521071623e+00
2.693421762220649107e-01 6.662140807852451552e+00
2.694517611940286939e-01 6.608300291286810513e+00
2.695613461659924215e-01 6.553412846387154822e+00
2.696709311379562046e-01 6.499334598237954452e+00
2.697805161099199323e-01 6.447148419846496559e+00
2.698901010818837154e-01 6.396843627691866985e+00
2.699996860538474985e-01 6.345884287847439076e+00
2.701092710258112262e-01 6.294653689049331646e+00
2.702188559977750093e-01 6.243247532387004028e+00
2.703284409697387369e-01 6.191897882959747079e+00
2.704380259417025201e-01 6.142082128805458119e+00
2.705476109136662477e-01 6.092115980723295188e+00
2.706571958856300308e-01 6.042922002543248183e+00
2.707667808575937585e-01 5.994876618985327532e+00
2.708763658295575416e-01 5.946524072896955282e+00
2.709859508015212692e-01 5.897635883627431852e+00
2.710955357734850524e-01 5.849915626629922372e+00
2.712051207454487800e-01 5.801613621756556149e+00
2.713147057174125631e-01 5.754597871122492769e+00
2.714242906893762908e-01 5.709467729862662821e+00
2.715338756613400739e-01 5.663050065770882213e+00
2.716434606333038015e-01 5.616103955289601046e+00
2.717530456052675847e-01 5.570294117746231954e+00
2.718626305772313678e-01 5.526109630988201182e+00
2.719722155491950955e-01 5.480447371143283952e+00
2.720818005211588786e-01 5.435106487219629301e+00
2.721913854931226062e-01 5.390306294866886283e+00
2.723009704650863894e-01 5.346869456395494602e+00
2.724105554370501170e-01 5.302107247781273180e+00
2.725201404090139001e-01 5.258804945540599185e+00
2.726297253809776278e-01 5.215427415801242361e+00
2.727393103529414109e-01 5.172286983533610716e+00
2.728488953249051385e-01 5.128986291464294744e+00
2.729584802968689217e-01 5.086600220231501268e+00
2.730680652688326493e-01 5.044082698273195220e+00
2.731776502407964324e-01 5.002064667478092197e+00
2.732872352127602156e-01 4.959971730616655528e+00
2.733968201847239432e-01 4.919236339442607964e+00
2.735064051566877263e-01 4.878959345266527414e+00
2.736159901286514540e-01 4.839364463599362232e+00
2.737255751006152371e-01 4.799234615037617502e+00
2.738351600725789647e-01 4.759330897442215935e+00
2.739447450445427479e-01 4.719315053514724134e+00
2.740543300165064755e-01 4.680771268402780905e+00
2.741639149884702586e-01 4.641775858101899743e+00
2.742734999604339863e-01 4.603911561532371799e+00
2.743830849323977694e-01 4.566299459848327302e+00
2.744926699043614970e-01 4.527061654605764929e+00
2.746022548763252802e-01 4.489377582497609431e+00
2.747118398482890078e-01 4.451298872575804033e+00
2.748214248202527910e-01 4.413357705252898278e+00
2.749310097922165186e-01 4.376777651442947281e+00
2.750405947641803017e-01 4.338718373775733106e+00
2.751501797361440849e-01 4.300812741440713793e+00
2.752597647081078125e-01 4.263812996254047860e+00
2.753693496800715956e-01 4.227453219529198059e+00
2.754789346520353233e-01 4.191282327637453342e+00
2.755885196239991064e-01 4.155201467108276425e+00
2.756981045959628340e-01 4.119365049445647742e+00
2.758076895679266172e-01 4.083201602671689301e+00
2.759172745398903448e-01 4.047977616543272816e+00
2.760268595118541279e-01 4.012173222428730313e+00
2.761364444838178556e-01 3.976907610645568525e+00
2.762460294557816387e-01 3.942569223223840069e+00
2.763556144277453663e-01 3.906522627027827710e+00
2.764651993997091495e-01 3.871909626813237359e+00
2.765747843716729326e-01 3.837657518209452334e+00
2.766843693436366602e-01 3.803875717508091725e+00
2.767939543156003879e-01 3.769897372246637790e+00
2.769035392875641710e-01 3.735657461098837562e+00
2.770131242595279542e-01 3.701456360407513912e+00
2.771227092314916818e-01 3.668332357896051388e+00
2.772322942034554649e-01 3.634457298019043492e+00
2.773418791754191925e-01 3.601547913252957756e+00
2.774514641473829757e-01 3.568446995069324945e+00
2.775610491193467033e-01 3.535871646889838793e+00
2.776706340913104865e-01 3.503150145710391072e+00
2.777802190632742141e-01 3.470829491577471781e+00
2.778898040352379972e-01 3.438974504733900428e+00
2.779993890072017249e-01 3.407145982900410708e+00
2.781089739791655080e-01 3.375734437191623805e+00
2.782185589511292356e-01 3.342977630178542992e+00
2.783281439230930188e-01 3.310991942676376532e+00
2.784377288950568019e-01 3.279422724450555382e+00
2.785473138670205295e-01 3.247633795778126498e+00
2.786568988389842572e-01 3.216290204477109338e+00
2.787664838109480403e-01 3.184316679045416265e+00
2.788760687829118234e-01 3.152658560565610557e+00
2.789856537548755511e-01 3.121487115190983541e+00
2.790952387268393342e-01 3.090473750664996633e+00
2.792048236988030618e-01 3.059379016943309271e+00
2.793144086707668450e-01 3.029181118826073771e+00
2.794239936427305726e-01 2.998458094649798511e+00
2.795335786146943557e-01 2.968835023200002254e+00
2.796431635866580834e-01 2.938302834137197284e+00
2.797527485586218665e-01 2.908217291225017931e+00
2.798623335305855941e-01 2.877894221167296873e+00
2.799719185025493773e-01 2.848136008235524042e+00
2.800815034745131049e-01 2.818396934197044068e+00
2.801910884464768881e-01 2.789238043088376084e+00
2.803006734184406712e-01 2.759998703896857197e+00
2.804102583904043988e-01 2.731291615502368320e+00
2.805198433623681820e-01 2.702141287920430734e+00
2.806294283343319096e-01 2.673278924661325551e+00
2.807390133062956927e-01 2.644741554486092827e+00
2.808485982782594204e-01 2.616600946839215958e+00
2.809581832502232035e-01 2.588116715586582739e+00
2.810677682221869311e-01 2.559482008141994669e+00
2.811773531941507143e-01 2.531009410531735337e+00
2.812869381661144419e-01 2.502733973288975733e+00
2.813965231380782250e-01 2.474658204219255975e+00
2.815061081100419527e-01 2.446955279238259617e+00
2.816156930820057358e-01 2.419166916664007072e+00
2.817252780539695189e-01 2.391229996704305805e+00
2.818348630259332466e-01 2.363406550898149661e+00
2.819444479978969742e-01 2.336340094148296576e+00
2.820540329698607573e-01 2.309173071575080005e+00
2.821636179418245405e-01 2.281782137443428393e+00
2.822732029137882681e-01 2.255039543480024999e+00
2.823827878857520512e-01 2.228349470450497805e+00
2.824923728577157789e-01 2.201651732229210623e+00
2.826019578296795620e-01 2.175062292554976739e+00
2.827115428016432896e-01 2.148939448285587694e+00
2.828211277736070728e-01 2.122710176040600416e+00
2.829307127455708004e-01 2.096238820161774097e+00
2.830402977175345836e-01 2.069836763377381761e+00
2.831498826894983112e-01 2.043356329043668929e+00
2.832594676614620943e-01 2.018023508943197264e+00
2.833690526334258220e-01 1.992554300024077296e+00
2.834786376053896051e-01 1.967009668792578658e+00
2.835882225773533882e-01 1.942155651508878478e+00
2.836978075493171159e-01 1.916579721609328102e+00
2.838073925212808990e-01 1.891718952293640177e+00
2.839169774932446266e-01 1.866677254010501885e+00
2.840265624652084098e-01 1.842725230531257807e+00
2.841361474371721374e-01 1.817896535014113191e+00
2.842457324091359205e-01 1.793181285001485881e+00
2.843553173810996482e-01 1.769512879046214904e+00
2.844649023530634313e-01 1.745692466968399303e+00
2.845744873250271589e-01 1.721624781231052115e+00
2.846840722969909421e-01 1.696951431858467085e+00
2.847936572689546697e-01 1.673650461230279385e+00
2.849032422409184528e-01 1.650409486844959694e+00
2.850128272128821805e-01 1.627325557814324197e+00
2.851224121848459636e-01 1.603997386846211182e+00
2.852319971568096912e-01 1.581715278762970689e+00
2.853415821287734744e-01 1.559101005716812871e+00
2.854511671007372575e-01 1.537067473350013591e+00
2.855607520727009851e-01 1.514549363509842816e+00
2.856703370446647683e-01 1.492340894845707755e+00
2.857799220166284959e-01 1.470251701818522161e+00
2.858895069885922791e-01 1.448403029753183358e+00
2.859990919605560067e-01 1.426931654203995148e+00
2.861086769325197898e-01 1.405492101793074156e+00
2.862182619044835175e-01 1.384430857889774380e+00
2.863278468764473006e-01 1.363308451593151505e+00
2.864374318484110282e-01 1.343082044825739230e+00
2.865470168203748114e-01 1.322462107206528570e+00
2.866566017923385390e-01 1.301900234247960642e+00
2.867661867643023221e-01 1.281672135647907940e+00
2.868757717362661053e-01 1.261225194592840104e+00
2.869853567082298329e-01 1.241193229188919611e+00
2.870949416801935605e-01 1.221105111062387838e+00
2.872045266521573437e-01 1.201573018478949928e+00
2.873141116241211268e-01 1.182135308530896767e+00
2.874236965960848544e-01 1.162624016472497024e+00
2.875332815680486376e-01 1.143439263762481728e+00
2.876428665400123652e-01 1.124872466646348323e+00
2.877524515119761483e-01 1.106024718811208674e+00
2.878620364839398760e-01 1.086858038455972952e+00
2.879716214559036591e-01 1.068447341649935378e+00
2.880812064278673867e-01 1.050425259263529032e+00
2.881907913998311699e-01 1.032167303652901325e+00
2.883003763717948975e-01 1.013957038728837690e+00
2.884099613437586807e-01 9.959970092265926223e-01
2.885195463157224083e-01 9.783737497721213261e-01
2.886291312876861914e-01 9.609155243875525665e-01
2.887387162596499746e-01 9.432407183821105434e-01
2.888483012316137022e-01 9.257448027274154390e-01
2.889578862035774853e-01 9.090688160106994431e-01
2.890674711755412130e-01 8.919818084066828412e-01
2.891770561475049961e-01 8.750916876379742915e-01
2.892866411194687237e-01 8.584109193416623595e-01
2.893962260914325069e-01 8.415188184864558218e-01
2.895058110633962345e-01 8.255964986722704735e-01
2.896153960353600176e-01 8.092484669624459004e-01
2.897249810073237453e-01 7.931317701801992026e-01
2.898345659792875284e-01 7.772098446828586971e-01
2.899441509512512560e-01 7.617722790459852122e-01
2.900537359232150392e-01 7.464092669174363648e-01
2.901633208951788223e-01 7.311957628366482220e-01
2.902729058671425499e-01 7.161934695752719682e-01
2.903824908391062776e-01 7.009139578801467652e-01
2.904920758110700607e-01 6.859724142239568279e-01
2.906016607830338438e-01 6.715858079708795225e-01
2.907112457549975715e-01 6.570706433680016945e-01
2.908208307269613546e-01 6.427033931723901139e-01
2.909304156989250822e-01 6.282631347838025793e-01
2.910400006708888654e-01 6.142378289454489826e-01
2.911495856428525930e-01 6.003931485786596634e-01
2.912591706148163762e-01 5.867176685707271577e-01
2.913687555867801038e-01 5.731749791619417111e-01
2.914783405587438869e-01 5.599315854912164658e-01
2.915879255307076146e-01 5.469810296083591483e-01
2.916975105026713977e-01 5.338038237870315061e-01
2.918070954746351253e-01 5.209795294226386986e-01
2.919166804465989085e-01 5.081012339850813353e-01
2.920262654185626916e-01 4.955438437074015101e-01
2.921358503905264192e-01 4.831414216466224931e-01
2.922454353624901469e-01 4.708084200568125044e-01
2.923550203344539300e-01 4.588577092332011276e-01
2.924646053064177131e-01 4.466855600227433998e-01
2.925741902783814408e-01 4.346286262009403378e-01
2.926837752503452239e-01 4.229524045090888307e-01
2.927933602223089515e-01 4.115407265871673381e-01
2.929029451942727347e-01 4.000976335531564176e-01
2.930125301662364623e-01 3.887447327418524501e-01
2.931221151382002454e-01 3.777948194839866880e-01
2.932317001101639731e-01 3.668753698672530539e-01
2.933412850821277562e-01 3.559899377763194317e-01
2.934508700540914838e-01 3.457905701927092013e-01
2.935604550260552670e-01 3.354134327507872770e-01
2.936700399980189946e-01 3.251985975387190475e-01
2.937796249699827777e-01 3.153988927115704555e-01
2.938892099419465609e-01 3.056055502312444716e-01
2.939987949139102885e-01 2.961961663062127603e-01
2.941083798858740717e-01 2.868513088092158880e-01
2.942179648578377993e-01 2.770383234756579882e-01
2.943275498298015824e-01 2.675920332403094459e-01
2.944371348017653101e-01 2.581580015974069831e-01
2.945467197737290932e-01 2.493426056898973286e-01
2.946563047456928208e-01 2.404134036953388120e-01
2.947658897176566040e-01 2.317373610969546693e-01
2.948754746896203316e-01 2.231737251288770374e-01
2.949850596615841147e-01 2.146289226875260636e-01
2.950946446335478424e-01 2.065868790630839558e-01
2.952042296055116255e-01 1.982758950927297203e-01
2.953138145774754086e-01 1.907672699260516969e-01
2.954233995494391363e-01 1.831620200910646090e-01
2.955329845214028639e-01 1.755766806837389948e-01
2.956425694933666470e-01 1.681295219246893013e-01
2.957521544653304302e-01 1.608888671667757231e-01
2.958617394372941578e-01 1.539398774582726726e-01
2.959713244092579409e-01 1.471398530353044964e-01
2.960809093812216686e-01 1.404403503309381018e-01
2.961904943531854517e-01 1.336722530303631196e-01
2.963000793251491793e-01 1.272411273863813808e-01
2.964096642971129625e-01 1.209209336537140911e-01
2.965192492690766901e-01 1.145158300950152586e-01
2.966288342410404733e-01 1.087288086848231944e-01
2.967384192130042009e-01 1.025599137944185196e-01
2.968480041849679840e-01 9.697147840191673585e-02
2.969575891569317116e-01 9.131667279730375231e-02
2.970671741288954948e-01 8.580045444665375387e-02
2.971767591008592779e-01 8.090734691971283865e-02
2.972863440728230056e-01 7.596097395171777511e-02
2.973959290447867887e-01 7.109362453353394729e-02
2.975055140167505163e-01 6.636072850620881869e-02
2.976150989887142995e-01 6.191898018830341993e-02
2.977246839606780271e-01 5.753784350773134826e-02
2.978342689326418102e-01 5.354992883954654698e-02
2.979438539046055379e-01 4.931970499823261356e-02
2.980534388765693210e-01 4.530388506190333869e-02
2.981630238485330486e-01 4.150740690011261308e-02
2.982726088204968318e-01 3.784865860143921124e-02
2.983821937924605594e-01 3.456610100175668693e-02
2.984917787644243425e-01 3.131084192874342836e-02
2.986013637363880702e-01 2.836051621929129921e-02
2.987109487083518533e-01 2.511643603058329524e-02
2.988205336803155809e-01 2.215784082208061001e-02
2.989301186522793641e-01 1.973997555844725707e-02
2.990397036242431472e-01 1.735660831773163867e-02
2.991492885962068748e-01 1.502249509895214018e-02
2.992588735681706580e-01 1.283797609343241726e-02
2.993684585401343856e-01 1.075973247431374034e-02
2.994780435120981688e-01 8.993810042547232750e-03
2.995876284840618964e-01 7.454833001829468987e-03
2.996972134560256795e-01 5.973566646002033582e-03
2.998067984279894072e-01 4.627360537170239346e-03
2.999163833999531903e-01 3.296001513014093671e-03
3.000259683719169179e-01 2.729682441428615217e-03
3.001355533438807011e-01 1.832278856302299802e-03
3.002451383158444287e-01 1.065037404017988350e-03
3.003547232878082118e-01 4.868592477911259648e-04
3.004643082597719950e-01 2.786480813682778849e-04
3.005738932317357226e-01 3.089769930705916519e-05
3.006834782036994502e-01 -0.000000000000000000e+00
3.007930631756632334e-01 2.237748769971774235e-04
3.009026481476270165e-01 3.521287520222989259e-04
3.010122331195907441e-01 9.946718323692461516e-04
3.011218180915545273e-01 1.613715399927790478e-03
3.012314030635182549e-01 2.348073813853020133e-03
3.013409880354820380e-01 3.315855037481860862e-03
3.014505730074457657e-01 4.270606199925154264e-03
3.015601579794095488e-01 5.461130189299973070e-03
3.016697429513732764e-01 6.998188259780752270e-03
3.017793279233370596e-01 8.589869529303646029e-03
3.018889128953007872e-01 1.030371506189838027e-02
3.019984978672645703e-01 1.233148926212187038e-02
3.021080828392282980e-01 1.441733288304457988e-02
3.022176678111920811e-01 1.645521584442841828e-02
3.023272527831558643e-01 1.864854109143761554e-02
3.024368377551195919e-01 2.103452374801441024e-02
3.025464227270833750e-01 2.346436921401567552e-02
3.026560076990471027e-01 2.645925840319150735e-02
3.027655926710108858e-01 2.924408619079862243e-02
3.028751776429746134e-01 3.251857437371498405e-02
3.029847626149383966e-01 3.545478493091254457e-02
3.030943475869021242e-01 3.884886344654150253e-02
3.032039325588659073e-01 4.251896879426334680e-02
3.033135175308296350e-01 4.605642306787428863e-02
3.034231025027934181e-01 4.971044657968532593e-02
3.035326874747571457e-01 5.392925745476048749e-02
3.036422724467209289e-01 5.848378870930724671e-02
3.037518574186846565e-01 6.275181263959904443e-02
3.038614423906484396e-01 6.735453380891236186e-02
3.039710273626121673e-01 7.163781885994678633e-02
3.040806123345759504e-01 7.637283175982949313e-02
3.041901973065397335e-01 8.126845700252975646e-02
3.042997822785034612e-01 8.626965241059990352e-02
3.044093672504672443e-01 9.135497318809372713e-02
3.045189522224309719e-01 9.699765649528019340e-02
3.046285371943947551e-01 1.025597054720196744e-01
3.047381221663584827e-01 1.081670959096807244e-01
3.048477071383222659e-01 1.138473536747540010e-01
3.049572921102859935e-01 1.197333716462479353e-01
3.050668770822497766e-01 1.258077917630944786e-01
3.051764620542135042e-01 1.320226990131226352e-01
3.052860470261772874e-01 1.386470259192483234e-01
3.053956319981410150e-01 1.450863391791914481e-01
3.055052169701047982e-01 1.519975013966531063e-01
3.056148019420685813e-01 1.590875626742656035e-01
3.057243869140323089e-01 1.661876976480664569e-01
3.058339718859960366e-01 1.733947754508663452e-01
3.059435568579598197e-01 1.808583516721716244e-01
3.060531418299236028e-01 1.883995901452638067e-01
3.061627268018873305e-01 1.958092878614668131e-01
3.062723117738511136e-01 2.037153929435484845e-01
3.063818967458148412e-01 2.117365024910073668e-01
3.064914817177786244e-01 2.201456185039616653e-01
3.066010666897423520e-01 2.287644115418590030e-01
3.067106516617061351e-01 2.375937262810672856e-01
3.068202366336698628e-01 2.466140569946659589e-01
3.069298216056336459e-01 2.556541004371000181e-01
3.070394065775974290e-01 2.645847220756941121e-01
3.071489915495611567e-01 2.739284883359866529e-01
3.072585765215248843e-01 2.832399290029512517e-01
3.073681614934886674e-01 2.931375100211406903e-01
3.074777464654524506e-01 3.027357536388072257e-01
3.075873314374161782e-01 3.127663772235562134e-01
3.076969164093799058e-01 3.229341174991821606e-01
3.078065013813436890e-01 3.335024575641254985e-01
3.079160863533074721e-01 3.437623986326551195e-01
3.080256713252711998e-01 3.542672056958139359e-01
3.081352562972349829e-01 3.649954992367311357e-01
3.082448412691987105e-01 3.758250339718707811e-01
3.083544262411624937e-01 3.871109330880130872e-01
3.084640112131262213e-01 3.978876227441907054e-01
3.085735961850900044e-01 4.095093309708814355e-01
3.086831811570537321e-01 4.207696667539491120e-01
3.087927661290175152e-01 4.325064826688159725e-01
3.089023511009812983e-01 4.442796536146343955e-01
3.090119360729450260e-01 4.562693771609928062e-01
3.091215210449087536e-01 4.685464401007692348e-01
3.092311060168725367e-01 4.806767198148876319e-01
3.093406909888363199e-01 4.930316763324328333e-01
3.094502759608000475e-01 5.057399619331788276e-01
3.095598609327638306e-01 5.182748821901737024e-01
3.096694459047275583e-01 5.313679430625930511e-01
3.097790308766913414e-01 5.446674586812044749e-01
3.098886158486550690e-01 5.585179601376996095e-01
3.099982008206188522e-01 5.721541176294615560e-01
3.101077857925825798e-01 5.858820314305421828e-01
3.102173707645463629e-01 5.996634501904596348e-01
3.103269557365100906e-01 6.138625149067954423e-01
3.104365407084738737e-01 6.279509343266628241e-01
3.105461256804376013e-01 6.420466192816072226e-01
3.106557106524013845e-01 6.566017398938486238e-01
3.107652956243651676e-01 6.714950515282689381e-01
3.108748805963288953e-01 6.868338141493308679e-01
3.109844655682926229e-01 7.023456255343899501e-01
3.110940505402564060e-01 7.175423805315874759e-01
3.112036355122201892e-01 7.329668357131309264e-01
3.113132204841839168e-01 7.484475119467050019e-01
3.114228054561476999e-01 7.639690482125931492e-01
3.115323904281114276e-01 7.799715342138821006e-01
3.116419754000752107e-01 7.957361883371786293e-01
3.117515603720389383e-01 8.121487772024340579e-01
3.118611453440027215e-01 8.286592294633248201e-01
3.119707303159664491e-01 8.454021352317762084e-01
3.120803152879302322e-01 8.622310241381768714e-01
3.121899002598940154e-01 8.788748256031253536e-01
3.122994852318577430e-01 8.963652481293619134e-01
3.124090702038214706e-01 9.133210974572372187e-01
3.125186551757852538e-01 9.305009820710142820e-01
3.126282401477490369e-01 9.482928079602367388e-01
3.127378251197127645e-01 9.659621032488902026e-01
3.128474100916764922e-01 9.835826543368737518e-01
3.129569950636402753e-01 1.001132632187136773e+00
3.130665800356040585e-01 1.018958316179201740e+00
3.131761650075677861e-01 1.037410920810436954e+00
3.132857499795315692e-01 1.055689871973007232e+00
3.133953349514952968e-01 1.074654995421297832e+00
3.135049199234590800e-01 1.093228837907335604e+00
3.136145048954228076e-01 1.111993821817575334e+00
3.137240898673865908e-01 1.130991138763851378e+00
3.138336748393503184e-01 1.149830740793252204e+00
3.139432598113141015e-01 1.169281227776085785e+00
3.140528447832778847e-01 1.188610951845349151e+00
3.141624297552416123e-01 1.208273277122153821e+00
3.142720147272053399e-01 1.227975502605642033e+00
3.143815996991691231e-01 1.247434703998955285e+00
3.144911846711329062e-01 1.267463872563896699e+00
3.146007696430966338e-01 1.287363927675717390e+00
3.147103546150604170e-01 1.308204533784415036e+00
3.148199395870241446e-01 1.329002061107762644e+00
3.149295245589879277e-01 1.349813895876455838e+00
3.150391095309516554e-01 1.370816448110532049e+00
3.151486945029154385e-01 1.391957237271661318e+00
3.152582794748791661e-01 1.413186610753254469e+00
3.153678644468429493e-01 1.434656181744305314e+00
3.154774494188067324e-01 1.456247564018691820e+00
3.155870343907704600e-01 1.477363862644908599e+00
3.156966193627341877e-01 1.499396203199894195e+00
3.158062043346979708e-01 1.520788334839088263e+00
3.159157893066617540e-01 1.542731341364943276e+00
3.160253742786254816e-01 1.564855574957257689e+00
3.161349592505892092e-01 1.587011090244073053e+00
3.162445442225529924e-01 1.609276831310404221e+00
3.163541291945167755e-01 1.632039972548098516e+00
3.164637141664805031e-01 1.655292287752762492e+00
3.165732991384442863e-01 1.678232047767618695e+00
3.166828841104080139e-01 1.701186437699984122e+00
3.167924690823717970e-01 1.724493359532763170e+00
3.169020540543355247e-01 1.747938842378022217e+00
3.170116390262993078e-01 1.771160657778913627e+00
3.171212239982630354e-01 1.794658740058064472e+00
3.172308089702268186e-01 1.818395660643876033e+00
3.173403939421906017e-01 1.842032003863676159e+00
3.174499789141543293e-01 1.866011879739937207e+00
3.175595638861180570e-01 1.890603605278231569e+00
3.176691488580818401e-01 1.915681066885760675e+00
3.177787338300456232e-01 1.940443521679896755e+00
3.178883188020093509e-01 1.964979931880814545e+00
3.179979037739730785e-01 1.990050419755543976e+00
3.181074887459368616e-01 2.014566567825540222e+00
3.182170737179006448e-01 2.040032537044285998e+00
3.183266586898643724e-01 2.065197570363721535e+00
3.184362436618281555e-01 2.090838738707989641e+00
3.185458286337918832e-01 2.116211832065281406e+00
3.186554136057556663e-01 2.141867277032224681e+00
3.187649985777193939e-01 2.167528372020341543e+00
3.188745835496831771e-01 2.194333207539986397e+00
3.189841685216469047e-01 2.219735660251288767e+00
3.190937534936106879e-01 2.246288301637799023e+00
3.192033384655744710e-01 2.272759262176819561e+00
3.193129234375381986e-01 2.299346014930129023e+00
3.194225084095019263e-01 2.325764642351770384e+00
3.195320933814657094e-01 2.352885066017398774e+00
3.196416783534294925e-01 2.380197434986655036e+00
3.197512633253932202e-01 2.407011249669343211e+00
3.198608482973570033e-01 2.434599225262366051e+00
3.199704332693207309e-01 2.462192137079973087e+00
3.200800182412845141e-01 2.489723235525079570e+00
3.201896032132482417e-01 2.517575437808352135e+00
3.202991881852120248e-01 2.545903452903524489e+00
3.204087731571757525e-01 2.573447017187090680e+00
3.205183581291395356e-01 2.601599833136943651e+00
3.206279431011033187e-01 2.629821835193800084e+00
3.207375280730670464e-01 2.658322284444585737e+00
3.208471130450307740e-01 2.686808590162413690e+00
3.209566980169945571e-01 2.715817725392794646e+00
3.210662829889583403e-01 2.745051858961112590e+00
3.211758679609220679e-01 2.774093594022776887e+00
3.212854529328857955e-01 2.804137804069619655e+00
3.213950379048495787e-01 2.833518668033923937e+00
3.215046228768133618e-01 2.863963265686202853e+00
3.216142078487770894e-01 2.893837171852974066e+00
3.217237928207408726e-01 2.923767315208413375e+00
3.218333777927046002e-01 2.953913432199677835e+00
3.219429627646683834e-01 2.985029978303502141e+00
3.220525477366321110e-01 3.015850438111317366e+00
3.221621327085958941e-01 3.046927510385554871e+00
3.222717176805596218e-01 3.077280195053958778e+00
3.223813026525234049e-01 3.108691254780941993e+00
3.224908876244871880e-01 3.139182288079610750e+00
3.226004725964509157e-01 3.170145992627449782e+00
3.227100575684146433e-01 3.201871611915979354e+00
3.228196425403784264e-01 3.233513329573802775e+00
3.229292275123422096e-01 3.265850610376159757e+00
3.230388124843059372e-01 3.298392814743854817e+00
3.231483974562697203e-01 3.330237363270541540e+00
3.232579824282334480e-01 3.362959396370660325e+00
3.233675674001972311e-01 3.396327616416914719e+00
3.234771523721609587e-01 3.428373856683497145e+00
3.235867373441247419e-01 3.461259207769204593e+00
3.236963223160884695e-01 3.494567029158589300e+00
3.238059072880522526e-01 3.529137237602430144e+00
3.239154922600159803e-01 3.563690450695871093e+00
3.240250772319797634e-01 3.597795344250006355e+00
3.241346622039434910e-01 3.631804542738426900e+00
3.242442471759072742e-01 3.666077077033897513e+00
3.243538321478710573e-01 3.700321732342382930e+00
3.244634171198347850e-01 3.735154631109401269e+00
3.245730020917985126e-01 3.768926706572954810e+00
3.246825870637622957e-01 3.803613990391986555e+00
3.247921720357260789e-01 3.839779902292052238e+00
3.249017570076898065e-01 3.874910436761449084e+00
3.250113419796535896e-01 3.911717766788802120e+00
3.251209269516173173e-01 3.948033624865137536e+00
3.252305119235811004e-01 3.984002300110332406e+00
3.253400968955448280e-01 4.020848166366453036e+00
3.254496818675086112e-01 4.057443403352321454e+00
3.255592668394723388e-01 4.092398726183199997e+00
3.256688518114361219e-01 4.128528601689938959e+00
3.257784367833999051e-01 4.165576876603634737e+00
3.258880217553636327e-01 4.202674233824652106e+00
3.259976067273273603e-01 4.240583001553996034e+00
3.261071916992911435e-01 4.277389340665691542e+00
3.262167766712549266e-01 4.316128310481353481e+00
3.263263616432186542e-01 4.353541499435491069e+00
3.264359466151823819e-01 4.392976988069515976e+00
3.265455315871461650e-01 4.431660234280709432e+00
3.266551165591099481e-01 4.470746960451118746e+00
3.267647015310736758e-01 4.507736570076416704e+00
3.268742865030374589e-01 4.546269344832109205e+00
3.269838714750011865e-01 4.585928776152486286e+00
3.270934564469649697e-01 4.625845498780154941e+00
3.272030414189286973e-01 4.666682382707027621e+00
3.273126263908924805e-01 4.706768388536775483e+00
3.274222113628562081e-01 4.747040355772216280e+00
3.275317963348199912e-01 4.787692630445421926e+00
3.276413813067837744e-01 4.828531723691757094e+00
3.277509662787475020e-01 4.868016838661676005e+00
3.278605512507112296e-01 4.909475460701956173e+00
3.279701362226750128e-01 4.950826958397144928e+00
3.280797211946387959e-01 4.992138998393349958e+00
3.281893061666025235e-01 5.033542323484997638e+00
3.282988911385663067e-01 5.075727711916843354e+00
3.284084761105300343e-01 5.117170620902232514e+00
3.285180610824938174e-01 5.160016991776350537e+00
3.286276460544575451e-01 5.201371751415249989e+00
3.287372310264213282e-01 5.243448868332894364e+00
3.288468159983850558e-01 5.285626365280192474e+00
3.289564009703488390e-01 5.328104593299105574e+00
3.290659859423126221e-01 5.370701821697762668e+00
3.291755709142763497e-01 5.413647872459864452e+00
3.292851558862400774e-01 5.454886782818816116e+00
3.293947408582038605e-01 5.498467779677163492e+00
3.295043258301676437e-01 5.542415238099628993e+00
3.296139108021313713e-01 5.585346915590009509e+00
3.297234957740950989e-01 5.628431743313039526e+00
3.298330807460588820e-01 5.670951521375107163e+00
3.299426657180226652e-01 5.712758640581213854e+00
3.300522506899863928e-01 5.756750028663684127e+00
3.301618356619501760e-01 5.800129804041399773e+00
3.302714206339139036e-01 5.844075643452835145e+00
3.303810056058776867e-01 5.888343048137546276e+00
3.304905905778414144e-01 5.933124277390018797e+00
3.306001755498051975e-01 5.979227514866956028e+00
3.307097605217689251e-01 6.023073637157512650e+00
3.308193454937327083e-01 6.068560018781371745e+00
3.309289304656964914e-01 6.113845515956560561e+00
3.310385154376602190e-01 6.159376942901213070e+00
3.311481004096239467e-01 6.206202240152588701e+00
3.312576853815877298e-01 6.251575317563734302e+00
3.313672703535515129e-01 6.298244553737344376e+00
3.314768553255152406e-01 6.346315484642440552e+00
3.315864402974789682e-01 6.392001697006630678e+00
3.316960252694427513e-01 6.439437354284536674e+00
3.318056102414065345e-01 6.486992502209480094e+00
3.319151952133702621e-01 6.536059299250178256e+00
3.320247801853340452e-01 6.583714113524210099e+00
3.321343651572977729e-01 6.632267640567834022e+00
3.322439501292615560e-01 6.681930200460560521e+00
3.323535351012252836e-01 6.729478356622693447e+00
3.324631200731890668e-01 6.777533558634869060e+00
3.325727050451527944e-01 6.826030702618838930e+00
3.326822900171165776e-01 6.875932076156029638e+00
3.327918749890803607e-01 6.926751843635517325e+00
3.329014599610440883e-01 6.975096010791150825e+00
3.330110449330078159e-01 7.023826622194598635e+00
3.331206299049715991e-01 7.071448072507906524e+00
3.332302148769353822e-01 7.120510219343836766e+00
3.333397998488991099e-01 7.172599641076691235e+00
3.334493848208628930e-01 7.224222022678962851e+00
3.335589697928266206e-01 7.274685671453449132e+00
3.336685547647904038e-01 7.322877343990217724e+00
3.337781397367541314e-01 7.370866249345939814e+00
3.338877247087179145e-01 7.421784714721904486e+00
3.339973096806816422e-01 7.472856631286064477e+00
3.341068946526454253e-01 7.524943904300846143e+00
3.342164796246092084e-01 7.575711233550106449e+00
3.343260645965729361e-01 7.627077165134306114e+00
3.344356495685366637e-01 7.680308196721439273e+00
3.345452345405004468e-01 7.735118294187676824e+00
3.346548195124642300e-01 7.789441971399360121e+00
3.347644044844279576e-01 7.845014650245047072e+00
3.348739894563916852e-01 7.901189145314074125e+00
3.349835744283554684e-01 7.956052172343904161e+00
3.350931594003192515e-01 8.010826103304490076e+00
3.352027443722829791e-01 8.066531724908800882e+00
3.353123293442467623e-01 8.120213317136242281e+00
3.354219143162104899e-01 8.172438882521863235e+00
3.355314992881742731e-01 8.228935309195566816e+00
3.356410842601380007e-01 8.287347196444592612e+00
3.357506692321017838e-01 8.343607613894924668e+00
3.358602542040655115e-01 8.394310612991077392e+00
3.359698391760292946e-01 8.453765146731125668e+00
3.360794241479930777e-01 8.508990116322944885e+00
3.361890091199568054e-01 8.563199449883319048e+00
3.362985940919205330e-01 8.619997023816605264e+00
3.364081790638843161e-01 8.677706240128742365e+00
3.365177640358480993e-01 8.733954097830391561e+00
3.366273490078118269e-01 8.790863590214025081e+00
3.367369339797756100e-01 8.849944399726064503e+00
3.368465189517393377e-01 8.908315930898504931e+00
3.369561039237031208e-01 8.959755999623396860e+00
3.370656888956668484e-01 9.016607446083328981e+00
3.371752738676306316e-01 9.075502371080947484e+00
3.372848588395943592e-01 9.135650596748343233e+00
3.373944438115581423e-01 9.194960882993992612e+00
3.375040287835218700e-01 9.257994406358026396e+00
3.376136137554856531e-01 9.317638574227324000e+00
3.377231987274493807e-01 9.380064559554444514e+00
3.378327836994131639e-01 9.438913908939806419e+00
3.379423686713769470e-01 9.498739879752774229e+00
3.380519536433406746e-01 9.561570960062871549e+00
3.381615386153044023e-01 9.624279639478508841e+00
3.382711235872681854e-01 9.687381623859781854e+00
3.383807085592319686e-01 9.751144415915700137e+00
3.384902935311956962e-01 9.814573220269737774e+00
3.385998785031594793e-01 9.876202094433516265e+00
3.387094634751232070e-01 9.941838098233880316e+00
3.388190484470869901e-01 1.000526587806025347e+01
3.389286334190507177e-01 1.006743759812225747e+01
3.390382183910145009e-01 1.013213029771881146e+01
3.391478033629782285e-01 1.019602508253110251e+01
3.392573883349420116e-01 1.025987885337975847e+01
3.393669733069057948e-01 1.033022593133870082e+01
3.394765582788695224e-01 1.039683896407293595e+01
3.395861432508332500e-01 1.046118704678846179e+01
3.396957282227970332e-01 1.052937462251413514e+01
3.398053131947608163e-01 1.059668920291117722e+01
3.399148981667245439e-01 1.066065084365606275e+01
3.400244831386882716e-01 1.072642731724132936e+01
3.401340681106520547e-01 1.079405665778688572e+01
3.402436530826158378e-01 1.085839321975160487e+01
3.403532380545795655e-01 1.092735571314754495e+01
3.404628230265433486e-01 1.099226593971974886e+01
3.405724079985070762e-01 1.106081371208835940e+01
3.406819929704708594e-01 1.113087833073074862e+01
3.407915779424345870e-01 1.119885517072973791e+01
3.409011629143983702e-01 1.126525194605654256e+01
3.410107478863620978e-01 1.133517884347143934e+01
3.411203328583258809e-01 1.140343600229487109e+01
3.412299178302896641e-01 1.147886884084747194e+01
3.413395028022533917e-01 1.155048456122868750e+01
3.414490877742171193e-01 1.162665207045892046e+01
3.415586727461809025e-01 1.170033482008629022e+01
3.416682577181446856e-01 1.177046670064904710e+01
3.417778426901084132e-01 1.184451344630803149e+01
3.418874276620721964e-01 1.192039041231436158e+01
3.419970126340359240e-01 1.199435798774275064e+01
3.421065976059997071e-01 1.206627390005409772e+01
3.422161825779634348e-01 1.213920744859583145e+01
3.423257675499272179e-01 1.221055776124950931e+01
3.424353525218909455e-01 1.229181592537694812e+01
3.425449374938547287e-01 1.236912969781931615e+01
3.426545224658185118e-01 1.244472408024748589e+01
3.427641074377822394e-01 1.251652110039671761e+01
3.428736924097459671e-01 1.259100325772048912e+01
3.429832773817097502e-01 1.266739822511434710e+01
3.430928623536735333e-01 1.274689140525569719e+01
3.432024473256372610e-01 1.282509947671386286e+01
3.433120322976009886e-01 1.290762927532441040e+01
3.434216172695647717e-01 1.298498193976610970e+01
3.435312022415285549e-01 1.307487646212041099e+01
3.436407872134922825e-01 1.315876294122349499e+01
3.437503721854560657e-01 1.323607528785891319e+01
3.438599571574197933e-01 1.332037048029142312e+01
3.439695421293835764e-01 1.339502628053991806e+01
3.440791271013473041e-01 1.348279035487220412e+01
3.441887120733110872e-01 1.356963945283090567e+01
3.442982970452748148e-01 1.365128935191370729e+01
3.444078820172385980e-01 1.373562269168321670e+01
3.445174669892023811e-01 1.383141221506912188e+01
3.446270519611661087e-01 1.391802148465996858e+01
3.447366369331298364e-01 1.400426277455847845e+01
3.448462219050936195e-01 1.408791589471617733e+01
3.449558068770574026e-01 1.417674515367814614e+01
3.450653918490211303e-01 1.427273061799987985e+01
3.451749768209848579e-01 1.436119892908925877e+01
3.452845617929486410e-01 1.445694419909639095e+01
3.453941467649124242e-01 1.454702814582656778e+01
3.455037317368761518e-01 1.463619584750773761e+01
3.456133167088399349e-01 1.473061164784896349e+01
3.457229016808036626e-01 1.484162052265679677e+01
3.458324866527674457e-01 1.494433833147164314e+01
3.459420716247311733e-01 1.504381871547225202e+01
3.460516565966949565e-01 1.513945748968416538e+01
3.461612415686586841e-01 1.523117076292610150e+01
3.462708265406224672e-01 1.533180531919025569e+01
3.463804115125862504e-01 1.544259099095083698e+01
3.464899964845499780e-01 1.553621819954810768e+01
3.465995814565137056e-01 1.564407574300845383e+01
3.467091664284774888e-01 1.576146632982972307e+01
3.468187514004412719e-01 1.586328856159044953e+01
3.469283363724049996e-01 1.597520846480170675e+01
3.470379213443687827e-01 1.608158367969602054e+01
3.471475063163325103e-01 1.620145351598577932e+01
3.472570912882962935e-01 1.631052073733271257e+01
3.473666762602600211e-01 1.642732559790780300e+01
3.474762612322238042e-01 1.654271801879542636e+01
3.475858462041875319e-01 1.667221370912865552e+01
3.476954311761513150e-01 1.678767028324482169e+01
3.478050161481150981e-01 1.690250314757741634e+01
3.479146011200788258e-01 1.703221575971928914e+01
3.480241860920425534e-01 1.715734680149021329e+01
3.481337710640063365e-01 1.728076600292181553e+01
3.482433560359701197e-01 1.743407164422140809e+01
3.483529410079338473e-01 1.755583993076685800e+01
3.484625259798975749e-01 1.768201303793019719e+01
3.485721109518613581e-01 1.782296421729028424e+01
3.486816959238251412e-01 1.796148863178485655e+01
3.487912808957888688e-01 1.810197661434180816e+01
3.489008658677526520e-01 1.825718191323194262e+01
3.490104508397163796e-01 1.840492104987534105e+01
3.491200358116801628e-01 1.857145167561232668e+01
3.492296207836438904e-01 1.872027520019146252e+01
3.493392057556076735e-01 1.889107697074171810e+01
3.494487907275714011e-01 1.904370258998864784e+01
3.495583756995351843e-01 1.919125889793655659e+01
3.496679606714989674e-01 1.934700167022539574e+01
3.497775456434626951e-01 1.949830440779743768e+01
3.498871306154264227e-01 1.963682913591036794e+01
3.499967155873902058e-01 1.978633026608822831e+01
3.501063005593539890e-01 1.993825039954838019e+01
3.502158855313177166e-01 2.009310335428626004e+01
3.503254705032814997e-01 2.025806229338007114e+01
3.504350554752452274e-01 2.040774024963958766e+01
3.505446404472090105e-01 2.058811349562578030e+01
3.506542254191727381e-01 2.074196523154840222e+01
3.507638103911365213e-01 2.091995186768535575e+01
3.508733953631002489e-01 2.107822826221186219e+01
3.509829803350640320e-01 2.127611725536629805e+01
3.510925653070277597e-01 2.143838697832921270e+01
3.512021502789915428e-01 2.160321436095090775e+01
3.513117352509552704e-01 2.178762045445569129e+01
3.514213202229190536e-01 2.198134631506330550e+01
3.515309051948828367e-01 2.217557987328583025e+01
3.516404901668465643e-01 2.234883701359440167e+01
3.517500751388102920e-01 2.252464142641754208e+01
3.518596601107740751e-01 2.274728201661964988e+01
3.519692450827378583e-01 2.296121438011234872e+01
3.520788300547015859e-01 2.322417120737852159e+01
3.521884150266653690e-01 2.340623807596121964e+01
3.522979999986290967e-01 2.359087550605773487e+01
3.524075849705928798e-01 2.377807045562285992e+01
3.525171699425566074e-01 2.400443336262382132e+01
3.526267549145203906e-01 2.426445192413716256e+01
3.527363398864841182e-01 2.453729164620466818e+01
3.528459248584479013e-01 2.473076855875618563e+01
3.529555098304116845e-01 2.492680693529421987e+01
3.530650948023754121e-01 2.512539249495194937e+01
3.531746797743391397e-01 2.539631846934751991e+01
3.532842647463029229e-01 2.568401903379480089e+01
3.533938497182667060e-01 2.588743287602083853e+01
3.535034346902304336e-01 2.609337910459802856e+01
3.536130196621941613e-01 2.630184299443179796e+01
3.537226046341579444e-01 2.651280986417506824e+01
3.538321896061217275e-01 2.672626508344688645e+01
3.539417745780854552e-01 2.705032777911307562e+01
3.540513595500492383e-01 2.726728891738021687e+01
3.541609445220129659e-01 2.748671016865001349e+01
3.542705294939767491e-01 2.770857706147700483e+01
3.543801144659404767e-01 2.805462641419710934e+01
3.544896994379042598e-01 2.828007877356908040e+01
3.545992844098679875e-01 2.850794329284553541e+01
3.547088693818317706e-01 2.873820583053587896e+01
3.548184543537955538e-01 2.970009806553848364e+01
3.549280393257592814e-01 2.992924366653971546e+01
3.550376242977230090e-01 3.060805902853256910e+01
3.551472092696867922e-01 3.122798636423772933e+01
3.552567942416505753e-01 3.178846360100968838e+01
3.553663792136143029e-01 3.201828777794695924e+01
3.554759641855780861e-01 3.225048878052353984e+01
3.555855491575418137e-01 3.248505332503564347e+01
3.556951341295055968e-01 3.272196823773512619e+01
3.558047191014693245e-01 3.296122045458935190e+01
3.559143040734331076e-01 3.510769061289455095e+01
3.560238890453968352e-01 3.773697334626861277e+01
3.561334740173606184e-01 3.796416470535127274e+01
3.562430589893243460e-01 3.819368989560275196e+01
3.563526439612881291e-01 3.842553648196945915e+01
3.564622289332518568e-01 3.865969212658811927e+01
3.565718139052156399e-01 3.889614458503690742e+01
