2.447711598176979253e-01 3.598061673224772505e+01
2.448821590851948116e-01 3.577239215000411576e+01
2.449931583526917256e-01 3.556621321085496135e+01
2.451041576201886119e-01 3.536209021722093127e+01
2.452151568876855259e-01 3.516003354468552544e+01
2.453261561551824121e-01 3.496005364491163192e+01
2.454371554226792984e-01 3.476216104817257246e+01
2.455481546901762124e-01 3.456636636550878450e+01
2.456591539576730987e-01 3.437268029051950435e+01
2.457701532251700127e-01 3.418111360079787886e+01
2.458811524926668990e-01 3.399167715901693043e+01
2.459921517601637853e-01 3.287819235981994836e+01
2.461031510276606993e-01 3.268191994839803982e+01
2.462141502951575855e-01 3.248769352780555408e+01
2.463251495626544996e-01 3.229552341891427858e+01
2.464361488301513858e-01 3.210542002846429455e+01
2.465471480976482721e-01 3.191739384832175475e+01
2.466581473651451861e-01 3.173145545442234550e+01
2.467691466326420724e-01 3.154761550540384363e+01
2.468801459001389864e-01 3.136588474093072421e+01
2.469911451676358727e-01 3.118627397971413373e+01
2.471021444351327867e-01 3.100879411723031609e+01
2.472131437026296730e-01 3.083345612314092676e+01
2.473241429701265592e-01 3.066027103841879509e+01
2.474351422376234733e-01 3.007581409602855160e+01
2.475461415051203595e-01 2.989925601768160490e+01
2.476571407726172735e-01 2.948378923374655614e+01
2.477681400401141598e-01 2.930698426230056697e+01
2.478791393076110461e-01 2.913220397418048435e+01
2.479901385751079601e-01 2.895945820777848212e+01
2.481011378426048464e-01 2.878875686217812202e+01
2.482121371101017604e-01 2.862010989287404072e+01
2.483231363775986467e-01 2.845352730724730250e+01
2.484341356450955329e-01 2.828901915980492987e+01
2.485451349125924470e-01 2.812659554719276400e+01
2.486561341800893332e-01 2.796626660299162026e+01
2.487671334475862472e-01 2.780804249230759595e+01
2.488781327150831335e-01 2.765193340616813700e+01
2.489891319825800198e-01 2.749794955573638333e+01
2.491001312500769338e-01 2.734610116635712629e+01
2.492111305175738201e-01 2.674806302937561853e+01
2.493221297850707341e-01 2.658941723027631809e+01
2.494331290525676204e-01 2.643272169767688951e+01
2.495441283200645066e-01 2.611814819062849935e+01
2.496551275875614206e-01 2.589651992978052775e+01
2.497661268550583069e-01 2.574025538122544177e+01
2.498771261225552209e-01 2.553297787737319169e+01
2.499881253900521072e-01 2.537920987737076572e+01
2.500991246575490212e-01 2.522732683286113087e+01
2.502101239250458797e-01 2.507733650088456301e+01
2.503211231925427938e-01 2.488187059180530625e+01
2.504321224600397078e-01 2.464059321727458496e+01
2.505431217275366218e-01 2.449261475190098025e+01
2.506541209950334803e-01 2.428124274799733229e+01
2.507651202625303943e-01 2.399917033688389978e+01
2.508761195300273084e-01 2.381946304708472795e+01
2.509871187975241669e-01 2.361902831137135905e+01
2.510981180650210809e-01 2.336334488999057157e+01
2.512091173325179949e-01 2.311439756235194665e+01
2.513201166000148534e-01 2.296609502750480658e+01
2.514311158675117674e-01 2.275069440561160050e+01
2.515421151350086815e-01 2.258123360356475473e+01
2.516531144025055955e-01 2.241428484553588873e+01
2.517641136700024540e-01 2.225008051001996989e+01
2.518751129374993680e-01 2.204271775070392181e+01
2.519861122049962820e-01 2.189934671987132120e+01
2.520971114724931406e-01 2.172850826385613132e+01
2.522081107399900546e-01 2.155780238299390561e+01
2.523191100074869686e-01 2.139508701702254001e+01
2.524301092749838826e-01 2.124146020153206393e+01
2.525411085424807411e-01 2.103653833942681572e+01
2.526521078099776552e-01 2.087950445438563563e+01
2.527631070774745692e-01 2.072533629688773615e+01
2.528741063449714277e-01 2.056486003365654369e+01
2.529851056124683417e-01 2.042998285920693746e+01
2.530961048799652557e-01 2.028591390441503250e+01
2.532071041474621143e-01 2.011911551538482357e+01
2.533181034149590283e-01 1.996346682095883551e+01
2.534291026824559423e-01 1.981500585269747816e+01
2.535401019499528563e-01 1.968556147816197921e+01
2.536511012174497148e-01 1.953781832224247594e+01
2.537621004849466289e-01 1.938872076456445015e+01
2.538730997524435429e-01 1.925251731008511058e+01
2.539840990199404014e-01 1.909240290466262735e+01
2.540950982874373154e-01 1.893550457083546945e+01
2.542060975549342294e-01 1.880456101776480793e+01
2.543170968224310879e-01 1.864495828529990717e+01
2.544280960899280020e-01 1.848754144288689005e+01
2.545390953574249160e-01 1.835261811955890465e+01
2.546500946249218300e-01 1.822326994469603534e+01
2.547610938924186885e-01 1.810402963279031496e+01
2.548720931599156025e-01 1.797420709206179978e+01
2.549830924274125166e-01 1.783225842606922029e+01
2.550940916949093751e-01 1.769237951093748151e+01
2.552050909624062891e-01 1.756963315043623552e+01
2.553160902299032031e-01 1.744785912112667603e+01
2.554270894974000616e-01 1.731187151458106399e+01
2.555380887648969757e-01 1.718802479640998726e+01
2.556490880323938897e-01 1.707029005858558079e+01
2.557600872998908037e-01 1.694542549260371089e+01
2.558710865673876622e-01 1.682277850560831922e+01
2.559820858348845762e-01 1.668820269991155314e+01
2.560930851023814903e-01 1.657366403806607380e+01
2.562040843698783488e-01 1.644092913727488536e+01
2.563150836373752628e-01 1.631100485108696674e+01
2.564260829048721768e-01 1.620260850209788828e+01
2.565370821723690353e-01 1.607873507224322296e+01
2.566480814398659493e-01 1.596787191386470361e+01
2.567590807073628634e-01 1.585189376936449612e+01
2.568700799748597774e-01 1.573972366448421845e+01
2.569810792423566359e-01 1.561280194085415296e+01
2.570920785098535499e-01 1.550320880811556279e+01
2.572030777773504640e-01 1.538779594461525413e+01
2.573140770448473225e-01 1.527546258442079363e+01
2.574250763123442365e-01 1.516064233646093307e+01
2.575360755798411505e-01 1.505733244189651820e+01
2.576470748473380645e-01 1.496064183155302274e+01
2.577580741148349230e-01 1.486217422578977398e+01
2.578690733823318371e-01 1.475808048123683847e+01
2.579800726498287511e-01 1.464880754568336840e+01
2.580910719173256096e-01 1.454414388202118325e+01
2.582020711848225236e-01 1.443847377388000375e+01
2.583130704523194376e-01 1.434492499230314877e+01
2.584240697198162962e-01 1.424377225834362370e+01
2.585350689873132102e-01 1.414581481224751336e+01
2.586460682548101242e-01 1.404465353673854544e+01
2.587570675223070382e-01 1.394171113665500172e+01
2.588680667898038967e-01 1.384123593967853338e+01
2.589790660573008108e-01 1.374146778295055782e+01
2.590900653247977248e-01 1.363970140654931384e+01
2.592010645922945833e-01 1.354108056692120954e+01
2.593120638597914973e-01 1.344241115744837067e+01
2.594230631272884113e-01 1.334925704890983589e+01
2.595340623947852698e-01 1.325834621647291378e+01
2.596450616622821839e-01 1.316742771775213328e+01
2.597560609297790979e-01 1.307195892708006824e+01
2.598670601972760119e-01 1.297860764078962248e+01
2.599780594647728704e-01 1.289102214997185669e+01
2.600890587322697844e-01 1.280585613707635240e+01
2.602000579997666985e-01 1.271490665223312355e+01
2.603110572672635570e-01 1.262968258917958764e+01
2.604220565347604710e-01 1.253867552655111517e+01
2.605330558022573850e-01 1.245073829134057419e+01
2.606440550697542990e-01 1.236928201258705506e+01
2.607550543372511576e-01 1.228369690308994677e+01
2.608660536047480716e-01 1.219377590055779237e+01
2.609770528722449856e-01 1.211048930996068940e+01
2.610880521397418441e-01 1.202450844477540670e+01
2.611990514072387581e-01 1.194243320894952731e+01
2.613100506747356722e-01 1.186112541545973187e+01
2.614210499422325307e-01 1.178291586434110627e+01
2.615320492097294447e-01 1.170640297262309382e+01
2.616430484772263587e-01 1.162254070897708935e+01
2.617540477447232727e-01 1.153929405031178845e+01
2.618650470122201313e-01 1.146173793751233561e+01
2.619760462797170453e-01 1.138687933093645199e+01
2.620870455472139593e-01 1.131007329271282202e+01
2.621980448147108178e-01 1.122974179992938737e+01
2.623090440822077318e-01 1.115407719022224775e+01
2.624200433497046459e-01 1.107817116637510324e+01
2.625310426172015044e-01 1.100417479058432946e+01
2.626420418846984184e-01 1.093052866628848463e+01
2.627530411521953324e-01 1.085574181499348789e+01
2.628640404196922464e-01 1.077805477900497522e+01
2.629750396871891049e-01 1.070666128217172108e+01
2.630860389546860190e-01 1.063799705628551173e+01
2.631970382221829330e-01 1.056854740931705194e+01
2.633080374896797915e-01 1.049780953592129862e+01
2.634190367571767055e-01 1.042585278579343466e+01
2.635300360246736195e-01 1.035326773585635252e+01
2.636410352921705336e-01 1.028320869785064140e+01
2.637520345596673921e-01 1.021318391051611130e+01
2.638630338271643061e-01 1.014248716626694957e+01
2.639740330946612201e-01 1.007319181796734497e+01
2.640850323621580786e-01 1.000642775001230511e+01
2.641960316296549927e-01 9.935900373340528446e+00
2.643070308971519067e-01 9.876566218348809656e+00
2.644180301646487652e-01 9.810518714231314163e+00
2.645290294321456792e-01 9.738783912755154759e+00
2.646400286996425932e-01 9.669336022420591092e+00
2.647510279671394517e-01 9.596992691341695192e+00
2.648620272346363658e-01 9.532576768609018814e+00
2.649730265021332798e-01 9.466210167131135833e+00
2.650840257696301938e-01 9.402123788639995539e+00
2.651950250371270523e-01 9.335051982322974951e+00
2.653060243046239663e-01 9.270842002217985822e+00
2.654170235721208804e-01 9.205390674129422024e+00
2.655280228396177389e-01 9.142323059647369021e+00
2.656390221071146529e-01 9.077692110651943480e+00
2.657500213746115669e-01 9.013111792534200362e+00
2.658610206421084809e-01 8.952517960623783466e+00
2.659720199096053395e-01 8.886613076277406265e+00
2.660830191771022535e-01 8.824453298028666737e+00
2.661940184445991675e-01 8.760697755696179811e+00
2.663050177120960260e-01 8.701315514706864818e+00
2.664160169795929400e-01 8.638689908401934403e+00
2.665270162470898541e-01 8.577640880797595457e+00
2.666380155145867126e-01 8.514697334178640276e+00
2.667490147820836266e-01 8.454673376720151623e+00
2.668600140495805406e-01 8.393870498144767822e+00
2.669710133170774546e-01 8.332250725078433007e+00
2.670820125845743132e-01 8.272608390177278892e+00
2.671930118520712272e-01 8.213223860237148344e+00
2.673040111195681412e-01 8.154216631843848262e+00
2.674150103870649997e-01 8.096455290835907093e+00
2.675260096545619137e-01 8.036561765049018646e+00
2.676370089220588278e-01 7.978005522278953876e+00
2.677480081895556863e-01 7.919078748819361913e+00
2.678590074570526003e-01 7.861065424659924972e+00
2.679700067245495143e-01 7.806979186775726554e+00
2.680810059920464283e-01 7.748140594864865172e+00
2.681920052595432868e-01 7.689871354979042728e+00
2.683030045270402009e-01 7.632838895722918515e+00
2.684140037945371149e-01 7.575314453255016289e+00
2.685250030620339734e-01 7.517062790856749110e+00
2.686360023295308874e-01 7.460749246475846697e+00
2.687470015970278014e-01 7.403938128588007928e+00
2.688580008645247155e-01 7.347113665916231717e+00
2.689690001320215740e-01 7.289918388606978716e+00
2.690799993995184880e-01 7.233411411157076643e+00
2.691909986670154020e-01 7.177255107145644075e+00
2.693019979345122605e-01 7.121988235249219201e+00
2.694129972020091746e-01 7.067114262290341564e+00
2.695239964695060886e-01 7.017198299804084272e+00
2.696349957370029471e-01 6.961251443820356322e+00
2.697459950044998611e-01 6.906463049055002301e+00
2.698569942719967751e-01 6.854735581136168321e+00
2.699679935394936892e-01 6.802665258895397749e+00
2.700789928069905477e-01 6.748239587635890935e+00
2.701899920744874617e-01 6.695709568856988980e+00
2.703009913419843757e-01 6.641791930558398782e+00
2.704119906094812342e-01 6.589182153795497321e+00
2.705229898769781482e-01 6.536578594056573266e+00
2.706339891444750623e-01 6.487290733148661559e+00
2.707449884119719208e-01 6.437225997241150743e+00
2.708559876794688348e-01 6.384782964583354925e+00
2.709669869469657488e-01 6.334809152821734735e+00
2.710779862144626629e-01 6.285664781132060064e+00
2.711889854819595214e-01 6.234561565932510874e+00
2.712999847494564354e-01 6.184392322915855722e+00
2.714109840169533494e-01 6.136578275020498019e+00
2.715219832844502079e-01 6.089667423109351496e+00
2.716329825519471219e-01 6.040092809707774180e+00
2.717439818194440360e-01 5.991765604607690143e+00
2.718549810869409500e-01 5.942561024736502162e+00
2.719659803544378085e-01 5.894112149412491064e+00
2.720769796219347225e-01 5.844504476022766681e+00
2.721879788894316365e-01 5.797225422314636667e+00
2.722989781569284951e-01 5.747948434740746571e+00
2.724099774244254091e-01 5.700171503055427635e+00
2.725209766919223231e-01 5.653732151801228234e+00
2.726319759594191816e-01 5.604981378373535605e+00
2.727429752269160956e-01 5.557815641766402415e+00
2.728539744944130097e-01 5.512484560815710033e+00
2.729649737619099237e-01 5.465954138016453356e+00
2.730759730294067822e-01 5.420492035186144086e+00
2.731869722969036962e-01 5.374770856974044442e+00
2.732979715644006102e-01 5.328514275480214835e+00
2.734089708318974687e-01 5.283217968816203758e+00
2.735199700993943828e-01 5.238931107716151558e+00
2.736309693668912968e-01 5.193681386096210773e+00
2.737419686343881553e-01 5.150326956286265911e+00
2.738529679018850693e-01 5.105250520246307211e+00
2.739639671693819833e-01 5.060348424934607792e+00
2.740749664368788974e-01 5.016193397978983448e+00
2.741859657043757559e-01 4.971429753396262363e+00
2.742969649718726699e-01 4.928919256240748226e+00
2.744079642393695839e-01 4.885843774599629263e+00
2.745189635068664424e-01 4.842334653581904291e+00
2.746299627743633565e-01 4.799987477016619764e+00
2.747409620418602705e-01 4.757494815027849100e+00
2.748519613093571845e-01 4.715152107819270633e+00
2.749629605768540430e-01 4.673294053187383668e+00
2.750739598443509570e-01 4.630884699768546220e+00
2.751849591118478711e-01 4.589388829260817815e+00
2.752959583793447296e-01 4.548556086660820341e+00
2.754069576468416436e-01 4.508365150239287189e+00
2.755179569143385576e-01 4.467172940282903681e+00
2.756289561818354161e-01 4.426488594468609428e+00
2.757399554493323302e-01 4.387111890881267406e+00
2.758509547168292442e-01 4.346917867306712147e+00
2.759619539843261027e-01 4.307282906507737152e+00
2.760729532518230167e-01 4.267820394303087461e+00
2.761839525193199307e-01 4.228020569242056048e+00
2.762949517868168448e-01 4.189389584477427597e+00
2.764059510543137033e-01 4.150354145760823954e+00
2.765169503218106173e-01 4.112169590272983122e+00
2.766279495893075313e-01 4.074484530924925352e+00
2.767389488568043898e-01 4.036337895157836364e+00
2.768499481243013038e-01 3.999459802145792775e+00
2.769609473917982179e-01 3.961343957467125865e+00
2.770719466592951319e-01 3.924442686142121772e+00
2.771829459267919904e-01 3.886839528548199585e+00
2.772939451942889044e-01 3.850679842736727032e+00
2.774049444617858184e-01 3.813862469426321677e+00
2.775159437292826770e-01 3.777639878225802050e+00
2.776269429967795910e-01 3.741368610550712681e+00
2.777379422642765050e-01 3.705302706846165695e+00
2.778489415317734190e-01 3.669180303195636039e+00
2.779599407992702775e-01 3.632123695312951206e+00
2.780709400667671916e-01 3.596268784482405945e+00
2.781819393342641056e-01 3.560688223171014410e+00
2.782929386017609641e-01 3.525891206664090394e+00
2.784039378692578781e-01 3.491861535419181983e+00
2.785149371367547921e-01 3.457363519308079614e+00
2.786259364042516506e-01 3.422735893178070476e+00
2.787369356717485647e-01 3.388971870683475718e+00
2.788479349392454787e-01 3.354163111688017285e+00
2.789589342067423372e-01 3.321122152027599750e+00
2.790699334742392512e-01 3.287945058769218942e+00
2.791809327417361652e-01 3.255028295298708407e+00
2.792919320092330793e-01 3.222143316444758376e+00
2.794029312767299378e-01 3.190036744921097789e+00
2.795139305442268518e-01 3.157765638661355734e+00
2.796249298117237658e-01 3.125673098953416940e+00
2.797359290792206243e-01 3.093696961788497291e+00
2.798469283467175384e-01 3.061355583428905458e+00
2.799579276142144524e-01 3.029153279818396882e+00
2.800689268817113664e-01 2.997528240676187838e+00
2.801799261492082249e-01 2.966732932370194753e+00
2.802909254167051389e-01 2.935154424858212874e+00
2.804019246842020530e-01 2.904018485409697536e+00
2.805129239516989115e-01 2.873216328416010157e+00
2.806239232191958255e-01 2.842112455515395819e+00
2.807349224866927395e-01 2.811742361073708896e+00
2.808459217541895980e-01 2.781591647900337527e+00
2.809569210216865121e-01 2.751516482675671504e+00
2.810679202891834261e-01 2.721698567616697151e+00
2.811789195566802846e-01 2.692605754408690544e+00
2.812899188241771986e-01 2.663241473897266953e+00
2.814009180916741126e-01 2.633988090616953937e+00
2.815119173591710267e-01 2.604712985204379549e+00
2.816229166266678852e-01 2.575644654318250737e+00
2.817339158941647992e-01 2.546495109888645914e+00
2.818449151616617132e-01 2.517796940217179813e+00
2.819559144291585717e-01 2.489634967756777062e+00
2.820669136966554857e-01 2.461924311928882947e+00
2.821779129641523998e-01 2.433883103382529889e+00
2.822889122316493138e-01 2.405113778161992677e+00
2.823999114991461723e-01 2.377212526347286747e+00
2.825109107666430863e-01 2.349640255226728147e+00
2.826219100341400003e-01 2.322380353985721069e+00
2.827329093016368589e-01 2.294755130698269419e+00
2.828439085691337729e-01 2.267937687900354327e+00
2.829549078366306869e-01 2.240752512577342870e+00
2.830659071041276009e-01 2.214270969566866754e+00
2.831769063716244594e-01 2.188229518865023149e+00
2.832879056391213735e-01 2.161532355285990636e+00
2.833989049066182875e-01 2.135235765288102439e+00
2.835099041741151460e-01 2.108853287903220242e+00
2.836209034416120600e-01 2.082961996951081307e+00
2.837319027091089740e-01 2.057706330683015672e+00
2.838429019766058325e-01 2.032705561081092238e+00
2.839539012441027466e-01 2.007614518071996201e+00
2.840649005115996606e-01 1.981943842252339438e+00
2.841758997790965191e-01 1.957042142000160911e+00
2.842868990465934331e-01 1.932388936784830147e+00
2.843978983140903471e-01 1.907587913617079689e+00
2.845088975815872612e-01 1.883429312835924518e+00
2.846198968490841197e-01 1.859251181307077561e+00
2.847308961165810337e-01 1.834711077538303092e+00
2.848418953840779477e-01 1.810989196541560986e+00
2.849528946515748062e-01 1.787336101245482700e+00
2.850638939190717203e-01 1.764157572104646965e+00
2.851748931865686343e-01 1.740023884608236981e+00
2.852858924540655483e-01 1.716255005808261291e+00
2.853968917215624068e-01 1.693213998503092732e+00
2.855078909890593208e-01 1.670609393488412087e+00
2.856188902565562349e-01 1.647612964100114485e+00
2.857298895240530934e-01 1.625344622559443231e+00
2.858408887915500074e-01 1.602665476246041498e+00
2.859518880590469214e-01 1.580404813550629894e+00
2.860628873265438354e-01 1.558670329220316120e+00
2.861738865940406940e-01 1.536479314597728907e+00
2.862848858615376080e-01 1.515215204640735891e+00
2.863958851290345220e-01 1.493326147192266751e+00
2.865068843965313805e-01 1.472237887872346995e+00
2.866178836640282945e-01 1.451364343419588421e+00
2.867288829315252086e-01 1.430409838989778137e+00
2.868398821990220671e-01 1.409393054029782988e+00
2.869508814665189811e-01 1.388644612884447405e+00
2.870618807340158951e-01 1.367466866249450019e+00
2.871728800015127536e-01 1.346801726812766775e+00
2.872838792690096676e-01 1.326609170564231999e+00
2.873948785365065817e-01 1.306322891779372108e+00
2.875058778040034957e-01 1.285971145942544691e+00
2.876168770715003542e-01 1.265831275334579731e+00
2.877278763389972682e-01 1.245960898246982529e+00
2.878388756064941822e-01 1.226634959573447814e+00
2.879498748739910408e-01 1.206992531887846276e+00
2.880608741414879548e-01 1.188475241260889659e+00
2.881718734089848688e-01 1.169137949919158981e+00
2.882828726764817828e-01 1.150069797864095689e+00
2.883938719439786413e-01 1.131559063356129879e+00
2.885048712114755554e-01 1.113093505796447946e+00
2.886158704789724694e-01 1.094486956631132824e+00
2.887268697464693279e-01 1.076137728403542937e+00
2.888378690139662419e-01 1.058368377595648724e+00
2.889488682814631559e-01 1.040299904077963467e+00
2.890598675489600700e-01 1.022518391973516350e+00
2.891708668164569285e-01 1.004883151827224985e+00
2.892818660839538425e-01 9.875389043881577233e-01
2.893928653514507010e-01 9.702634686294802080e-01
2.895038646189476150e-01 9.530885041419481229e-01
2.896148638864445291e-01 9.357155825563615581e-01
2.897258631539414431e-01 9.183863984233469058e-01
2.898368624214383016e-01 9.013351133198991283e-01
2.899478616889352156e-01 8.849225887991263306e-01
2.900588609564321296e-01 8.684333097144854019e-01
2.901698602239289881e-01 8.520112144517426600e-01
2.902808594914259022e-01 8.353805857739505791e-01
2.903918587589228162e-01 8.193589540184926800e-01
2.905028580264197302e-01 8.032255218346462389e-01
2.906138572939165887e-01 7.876345910732240885e-01
2.907248565614135027e-01 7.716466695915268348e-01
2.908358558289104168e-01 7.559419899411414789e-01
2.909468550964072753e-01 7.399749988336927764e-01
2.910578543639041893e-01 7.243792822459020897e-01
2.911688536314011033e-01 7.094812358579513090e-01
2.912798528988980173e-01 6.941565481450155950e-01
2.913908521663948759e-01 6.792514692095098505e-01
2.915018514338917899e-01 6.645926310805337911e-01
2.916128507013887039e-01 6.500519504770473356e-01
2.917238499688855624e-01 6.350984131300142499e-01
2.918348492363824764e-01 6.204258862123006590e-01
2.919458485038793905e-01 6.060323245624636979e-01
2.920568477713762490e-01 5.921502377907964521e-01
2.921678470388731630e-01 5.782762873007991633e-01
2.922788463063700770e-01 5.647024315316574450e-01
2.923898455738669355e-01 5.512318579450857792e-01
2.925008448413638495e-01 5.378028867241316791e-01
2.926118441088607636e-01 5.246269956275124713e-01
2.927228433763576776e-01 5.116565975154906409e-01
2.928338426438545361e-01 4.985610643771789530e-01
2.929448419113514501e-01 4.862726055035722639e-01
2.930558411788483641e-01 4.736429974683772914e-01
2.931668404463452227e-01 4.609162672116992043e-01
2.932778397138421367e-01 4.484137917593469247e-01
2.933888389813390507e-01 4.358985538702795370e-01
2.934998382488359647e-01 4.236996585853375907e-01
2.936108375163328232e-01 4.120714100552596015e-01
2.937218367838297373e-01 4.003601460012207180e-01
2.938328360513266513e-01 3.886487381185003698e-01
2.939438353188235098e-01 3.773566107959802074e-01
2.940548345863204238e-01 3.658547211224156270e-01
2.941658338538173378e-01 3.548638402140134596e-01
2.942768331213142519e-01 3.442001554927174856e-01
2.943878323888111104e-01 3.336166080043732052e-01
2.944988316563080244e-01 3.234550748518438268e-01
2.946098309238049384e-01 3.128969231751047575e-01
2.947208301913017969e-01 3.027794882759841655e-01
2.948318294587987110e-01 2.924645013853393039e-01
2.949428287262956250e-01 2.825088496812656613e-01
2.950538279937924835e-01 2.730183066965007344e-01
2.951648272612893975e-01 2.633872943788100329e-01
2.952758265287863115e-01 2.537625814099522259e-01
2.953868257962831700e-01 2.443288218344394358e-01
2.954978250637800841e-01 2.351851356531420578e-01
2.956088243312769981e-01 2.263396578701199757e-01
2.957198235987739121e-01 2.173406765115956651e-01
2.958308228662707706e-01 2.086364677017626679e-01
2.959418221337676846e-01 1.999967871657820917e-01
2.960528214012645987e-01 1.916705588510387026e-01
2.961638206687614572e-01 1.837550079117425406e-01
2.962748199362583712e-01 1.757521799289978315e-01
2.963858192037552852e-01 1.682579649408243727e-01
2.964968184712521992e-01 1.611115592272572561e-01
2.966078177387490578e-01 1.540021657287839740e-01
2.967188170062459718e-01 1.467707583370567448e-01
2.968298162737428858e-01 1.400323217024276590e-01
2.969408155412397443e-01 1.330841143073987765e-01
2.970518148087366583e-01 1.261369043747646579e-01
2.971628140762335724e-01 1.195759030372645221e-01
2.972738133437304864e-01 1.133259885059271221e-01
2.973848126112273449e-01 1.071817406612818324e-01
2.974958118787242589e-01 1.014968042570029011e-01
2.976068111462211729e-01 9.582604445853093456e-02
2.977178104137180314e-01 9.038153742874055485e-02
2.978288096812149455e-01 8.512619916737160231e-02
2.979398089487118595e-01 7.975592083128829612e-02
2.980508082162087180e-01 7.472775856758714919e-02
2.981618074837056320e-01 6.991652676103161934e-02
2.982728067512025460e-01 6.576704893298794541e-02
2.983838060186994046e-01 6.102987058430878187e-02
2.984948052861963186e-01 5.687441315423548416e-02
2.986058045536932326e-01 5.271336132807579594e-02
2.987168038211901466e-01 4.834174002411738280e-02
2.988278030886870051e-01 4.453460737874457426e-02
2.989388023561839192e-01 4.069626458256335455e-02
2.990498016236808332e-01 3.722114145558545056e-02
2.991608008911776917e-01 3.410531452684859022e-02
2.992718001586746057e-01 3.057289747634324081e-02
2.993827994261715197e-01 2.750282667537897602e-02
2.994937986936684338e-01 2.457998021696744181e-02
2.996047979611652923e-01 2.202176864355888386e-02
2.997157972286622063e-01 1.938710811710559270e-02
2.998267964961591203e-01 1.718499937334468444e-02
2.999377957636559788e-01 1.495399968414075527e-02
3.000487950311528929e-01 1.272599806743752483e-02
3.001597942986498069e-01 1.117333007180262849e-02
3.002707935661467209e-01 9.468504435792347504e-03
3.003817928336435794e-01 7.977195062343523865e-03
3.004927921011404934e-01 6.266481226150636373e-03
3.006037913686373519e-01 5.001274989666415656e-03
3.007147906361342660e-01 3.969522816385677444e-03
3.008257899036311800e-01 3.081014754490022083e-03
3.009367891711280940e-01 2.457549230934209968e-03
3.010477884386249525e-01 1.782845216726110932e-03
3.011587877061218665e-01 1.117012011384137899e-03
3.012697869736187806e-01 3.344592881434125088e-04
3.013807862411156391e-01 2.441212800369199252e-04
3.014917855086125531e-01 1.094062055183424184e-04
3.016027847761094671e-01 -0.000000000000000000e+00
3.017137840436063811e-01 1.352333456864312871e-04
3.018247833111032397e-01 4.905381044473398813e-04
3.019357825786001537e-01 1.232679087556462711e-03
3.020467818460970677e-01 1.967398819347610569e-03
3.021577811135939262e-01 2.770098935373253163e-03
3.022687803810908402e-01 3.753922733756359740e-03
3.023797796485877543e-01 4.717067860059763994e-03
3.024907789160846683e-01 5.955075953594108837e-03
3.026017781835815268e-01 7.509930795090804558e-03
3.027127774510784408e-01 8.968929303284646146e-03
3.028237767185753548e-01 1.072680809147241558e-02
3.029347759860722133e-01 1.257543388313654351e-02
3.030457752535691274e-01 1.458815346439899449e-02
3.031567745210660414e-01 1.639312265122951084e-02
3.032677737885628999e-01 1.860695679946866229e-02
3.033787730560598139e-01 2.090819343285446261e-02
3.034897723235567280e-01 2.341774100705361350e-02
3.036007715910535865e-01 2.600619378227197326e-02
3.037117708585505005e-01 2.867948594398130394e-02
3.038227701260474145e-01 3.191326585286565626e-02
3.039337693935443285e-01 3.513591906806617232e-02
3.040447686610411870e-01 3.845807154983568732e-02
3.041557679285381011e-01 4.165338761352420371e-02
3.042667671960350151e-01 4.492039108307858963e-02
3.043777664635318736e-01 4.888294161806221172e-02
3.044887657310287876e-01 5.266882957428828393e-02
3.045997649985257016e-01 5.665205683958912664e-02
3.047107642660226157e-01 6.068671117924613612e-02
3.048217635335194742e-01 6.466923846934333198e-02
3.049327628010163882e-01 6.901602984620287817e-02
3.050437620685133022e-01 7.373525410431627791e-02
3.051547613360101607e-01 7.856248472805420213e-02
3.052657606035070748e-01 8.354228361555730842e-02
3.053767598710039888e-01 8.849519031758669441e-02
3.054877591385009028e-01 9.355785932814639216e-02
3.055987584059977613e-01 9.882744019797008728e-02
3.057097576734946753e-01 1.038093417145320302e-01
3.058207569409915894e-01 1.090691772441825941e-01
3.059317562084884479e-01 1.146340993041823075e-01
3.060427554759853619e-01 1.200963026309132681e-01
3.061537547434822759e-01 1.262974420738977865e-01
3.062647540109791344e-01 1.321818128349840082e-01
3.063757532784760484e-01 1.380627062027834917e-01
3.064867525459729625e-01 1.443739926216948133e-01
3.065977518134698210e-01 1.508045099200528427e-01
3.067087510809667350e-01 1.574872421034248238e-01
3.068197503484636490e-01 1.640736226696768996e-01
3.069307496159605630e-01 1.706359605636405263e-01
3.070417488834574216e-01 1.776688397482277526e-01
3.071527481509543356e-01 1.847261577626251594e-01
3.072637474184512496e-01 1.921730081987323147e-01
3.073747466859481081e-01 1.999928075608017608e-01
3.074857459534450221e-01 2.075905223279718992e-01
3.075967452209419362e-01 2.152360408834587402e-01
3.077077444884388502e-01 2.231308176952288835e-01
3.078187437559357087e-01 2.310332727233325167e-01
3.079297430234326227e-01 2.392329247768497369e-01
3.080407422909295367e-01 2.477376316695006908e-01
3.081517415584263953e-01 2.559996073505787506e-01
3.082627408259233093e-01 2.645415934381147860e-01
3.083737400934202233e-01 2.731548530162916100e-01
3.084847393609171373e-01 2.820319381625740474e-01
3.085957386284139958e-01 2.907169202400322616e-01
3.087067378959109099e-01 3.000823897498060000e-01
3.088177371634077684e-01 3.092989893828137493e-01
3.089287364309046824e-01 3.185698089911134789e-01
3.090397356984015964e-01 3.284484084136819471e-01
3.091507349658985104e-01 3.380553128131748575e-01
3.092617342333953689e-01 3.478537023379914550e-01
3.093727335008922830e-01 3.579725146060548369e-01
3.094837327683891970e-01 3.682118834040116750e-01
3.095947320358860555e-01 3.786280037669167431e-01
3.097057313033829695e-01 3.891040658202399860e-01
3.098167305708798835e-01 3.998193701293252800e-01
3.099277298383767976e-01 4.106059184642910087e-01
3.100387291058736561e-01 4.216289275268292336e-01
3.101497283733705701e-01 4.327757007135085709e-01
3.102607276408674841e-01 4.438977207647737400e-01
3.103717269083643426e-01 4.553066311689465406e-01
3.104827261758612567e-01 4.665041916243639619e-01
3.105937254433581707e-01 4.782644929091866004e-01
3.107047247108550847e-01 4.898110136265931280e-01
3.108157239783519432e-01 5.017665717378322343e-01
3.109267232458488572e-01 5.136704813145082094e-01
3.110377225133457157e-01 5.261156000821576306e-01
3.111487217808426298e-01 5.387840759534640034e-01
3.112597210483395438e-01 5.514476607248628426e-01
3.113707203158364578e-01 5.643636089558183855e-01
3.114817195833333718e-01 5.773182699476914204e-01
3.115927188508302303e-01 5.907479461043925184e-01
3.117037181183271444e-01 6.039978813378010791e-01
3.118147173858240029e-01 6.176086879404548702e-01
3.119257166533209169e-01 6.313344898705998132e-01
3.120367159208178309e-01 6.452499074707344073e-01
3.121477151883147449e-01 6.591489406238344451e-01
3.122587144558116035e-01 6.730565614048504841e-01
3.123697137233085175e-01 6.872010196696084483e-01
3.124807129908054315e-01 7.015458724341240293e-01
3.125917122583022900e-01 7.158908337665614852e-01
3.127027115257992040e-01 7.309565482387669899e-01
3.128137107932961181e-01 7.461834321525899760e-01
3.129247100607930321e-01 7.613766723905688316e-01
3.130357093282898906e-01 7.763298969561360785e-01
3.131467085957868046e-01 7.915916424340859736e-01
3.132577078632837186e-01 8.070666312505950790e-01
3.133687071307805772e-01 8.227306812995242025e-01
3.134797063982774912e-01 8.390762996959475473e-01
3.135907056657744052e-01 8.553973533721535016e-01
3.137017049332713192e-01 8.717318500238664392e-01
3.138127042007681777e-01 8.883072767398515479e-01
3.139237034682650918e-01 9.046360848589033443e-01
3.140347027357619503e-01 9.216024693626587716e-01
3.141457020032588643e-01 9.384781817465549514e-01
3.142567012707557783e-01 9.555107870944621329e-01
3.143677005382526923e-01 9.727775967605263308e-01
3.144786998057496064e-01 9.903530732516188095e-01
3.145896990732464649e-01 1.007780874887930889e+00
3.147006983407433789e-01 1.025410415856852220e+00
3.148116976082402374e-01 1.043137577915125513e+00
3.149226968757371514e-01 1.061312265532031507e+00
3.150336961432340654e-01 1.079627322099221187e+00
3.151446954107309795e-01 1.098303296163727572e+00
3.152556946782278380e-01 1.116840661863242490e+00
3.153666939457247520e-01 1.135261771671653541e+00
3.154776932132216660e-01 1.154055072892639755e+00
3.155886924807185245e-01 1.173326545289661960e+00
3.156996917482154386e-01 1.192411492926181316e+00
3.158106910157123526e-01 1.211764471713045133e+00
3.159216902832092666e-01 1.231409435360953042e+00
3.160326895507061251e-01 1.250909766604107798e+00
3.161436888182030391e-01 1.270894222396907303e+00
3.162546880856999532e-01 1.290653707384835869e+00
3.163656873531968117e-01 1.310435994121468717e+00
3.164766866206937257e-01 1.330247640409010890e+00
3.165876858881906397e-01 1.350737005557520742e+00
3.166986851556875537e-01 1.371013126017467609e+00
3.168096844231844122e-01 1.391043811833948540e+00
3.169206836906813263e-01 1.411555515531388361e+00
3.170316829581781848e-01 1.432789174711439628e+00
3.171426822256750988e-01 1.453969789048448202e+00
3.172536814931720128e-01 1.475617291557825395e+00
3.173646807606689269e-01 1.497111717650176033e+00
3.174756800281658409e-01 1.518625543100599495e+00
3.175866792956626994e-01 1.540215940523011806e+00
3.176976785631596134e-01 1.561861416638523403e+00
3.178086778306564719e-01 1.583636001235004587e+00
3.179196770981533859e-01 1.605448483389690928e+00
3.180306763656503000e-01 1.627550968351137328e+00
3.181416756331472140e-01 1.650048560254396168e+00
3.182526749006440725e-01 1.672663368160085318e+00
3.183636741681409865e-01 1.695549675536146550e+00
3.184746734356379005e-01 1.718050495081182349e+00
3.185856727031347591e-01 1.740478297300684041e+00
3.186966719706316731e-01 1.764089186743274640e+00
3.188076712381285871e-01 1.787393525629661140e+00
3.189186705056255011e-01 1.810919365815041759e+00
3.190296697731223596e-01 1.834532721732662131e+00
3.191406690406192737e-01 1.858294475556867553e+00
3.192516683081161877e-01 1.882465335787947502e+00
3.193626675756130462e-01 1.906212026974984042e+00
3.194736668431099602e-01 1.930445903834270283e+00
3.195846661106068742e-01 1.954968774946243659e+00
3.196956653781037883e-01 1.979728116109634284e+00
3.198066646456006468e-01 2.004100403504833761e+00
3.199176639130975608e-01 2.028933949238129753e+00
3.200286631805944193e-01 2.053653189865552786e+00
3.201396624480913333e-01 2.077965909945729273e+00
3.202506617155882473e-01 2.102805050983409085e+00
3.203616609830851614e-01 2.127884439502062630e+00
3.204726602505820199e-01 2.153031461594148155e+00
3.205836595180789339e-01 2.178729272660188343e+00
3.206946587855758479e-01 2.204364201315539340e+00
3.208056580530727064e-01 2.230532205848152927e+00
3.209166573205696205e-01 2.256187382399064134e+00
3.210276565880665345e-01 2.281931814153858706e+00
3.211386558555634485e-01 2.308012661506943619e+00
3.212496551230603070e-01 2.334162995334766233e+00
3.213606543905572210e-01 2.361174566618202242e+00
3.214716536580541351e-01 2.387991300236613768e+00
3.215826529255509936e-01 2.415575201070628619e+00
3.216936521930479076e-01 2.442269671311442902e+00
3.218046514605448216e-01 2.469318517965774618e+00
3.219156507280417356e-01 2.497108563687013394e+00
3.220266499955385942e-01 2.525009793393876656e+00
3.221376492630355082e-01 2.552534262530591125e+00
3.222486485305323667e-01 2.579851327442446163e+00
3.223596477980292807e-01 2.607854964951912713e+00
3.224706470655261947e-01 2.635487590242087119e+00
3.225816463330231088e-01 2.663876946175927074e+00
3.226926456005200228e-01 2.692421820025156176e+00
3.228036448680168813e-01 2.720829565230628244e+00
3.229146441355137953e-01 2.750425948342157145e+00
3.230256434030106538e-01 2.779808775085882200e+00
3.231366426705075678e-01 2.809480356122166622e+00
3.232476419380044819e-01 2.838392032221406680e+00
3.233586412055013959e-01 2.868117224237199725e+00
3.234696404729982544e-01 2.897758719774095937e+00
3.235806397404951684e-01 2.928335790004620964e+00
3.236916390079920824e-01 2.957427931529784448e+00
3.238026382754889410e-01 2.987710174829563581e+00
3.239136375429858550e-01 3.017964885868902769e+00
3.240246368104827690e-01 3.048270616254014964e+00
3.241356360779796830e-01 3.078692894541710690e+00
3.242466353454765415e-01 3.109779728991328263e+00
3.243576346129734556e-01 3.140063127303624579e+00
3.244686338804703696e-01 3.171809359153662022e+00
3.245796331479672281e-01 3.204288069276444606e+00
3.246906324154641421e-01 3.236444184493034282e+00
3.248016316829610561e-01 3.268403908054992701e+00
3.249126309504579702e-01 3.300052940061243056e+00
3.250236302179548287e-01 3.332232777454341655e+00
3.251346294854517427e-01 3.365576097214351137e+00
3.252456287529486012e-01 3.397775179677848811e+00
3.253566280204455152e-01 3.430008583009819922e+00
3.254676272879424292e-01 3.463101014987762127e+00
3.255786265554393433e-01 3.496321751142949186e+00
3.256896258229362573e-01 3.530617997895050042e+00
3.258006250904331158e-01 3.564922702967478596e+00
3.259116243579300298e-01 3.598877015853950034e+00
3.260226236254268883e-01 3.633256024927816519e+00
3.261336228929238024e-01 3.668003262465116876e+00
3.262446221604207164e-01 3.703284888089287019e+00
3.263556214279176304e-01 3.739151553700987396e+00
3.264666206954144889e-01 3.774194969877697758e+00
3.265776199629114029e-01 3.810255924422711882e+00
3.266886192304083170e-01 3.846014320410028553e+00
3.267996184979051755e-01 3.882222043258949817e+00
3.269106177654020895e-01 3.918435217080585176e+00
3.270216170328990035e-01 3.955102872154693916e+00
3.271326163003959175e-01 3.991948173614036754e+00
3.272436155678927761e-01 4.028322660465444294e+00
3.273546148353896901e-01 4.064479083172289897e+00
3.274656141028866041e-01 4.101483928997423867e+00
3.275766133703834626e-01 4.138961434915197302e+00
3.276876126378803766e-01 4.175889718432724607e+00
3.277986119053772907e-01 4.213254579208099315e+00
3.279096111728742047e-01 4.252061537015175752e+00
3.280206104403710632e-01 4.290649930388882538e+00
3.281316097078679772e-01 4.330375545384472780e+00
3.282426089753648357e-01 4.369277562446418628e+00
3.283536082428617497e-01 4.407134753713187081e+00
3.284646075103586638e-01 4.446717315180271690e+00
3.285756067778555778e-01 4.486888560973600448e+00
3.286866060453524918e-01 4.525378714415474235e+00
3.287976053128493503e-01 4.565145825240736421e+00
3.289086045803462643e-01 4.606078516318004468e+00
3.290196038478431229e-01 4.646093960017926072e+00
3.291306031153400369e-01 4.687124948751058895e+00
3.292416023828369509e-01 4.729154255095007642e+00
3.293526016503338649e-01 4.769365783755320720e+00
3.294636009178307234e-01 4.811319488628998720e+00
3.295746001853276375e-01 4.853110685523339463e+00
3.296855994528245515e-01 4.894689119854524151e+00
3.297965987203214100e-01 4.936633561892471711e+00
3.299075979878183240e-01 4.978363857627158495e+00
3.300185972553152380e-01 5.020686240083940710e+00
3.301295965228121521e-01 5.063139023682703410e+00
3.302405957903090106e-01 5.106750733149650223e+00
3.303515950578059246e-01 5.149837815818081310e+00
3.304625943253027831e-01 5.193149853443721042e+00
3.305735935927996971e-01 5.236243580664641684e+00
3.306845928602966111e-01 5.279231879845972308e+00
3.307955921277935252e-01 5.324086285660588835e+00
3.309065913952904392e-01 5.367304036262225075e+00
3.310175906627872977e-01 5.413008930712353894e+00
3.311285899302842117e-01 5.457428194266139343e+00
3.312395891977810702e-01 5.502826480975972601e+00
3.313505884652779843e-01 5.546992822060643924e+00
3.314615877327748983e-01 5.590095528505448108e+00
3.315725870002718123e-01 5.634664272009173303e+00
3.316835862677686708e-01 5.679662847421395711e+00
3.317945855352655848e-01 5.724658982802822926e+00
3.319055848027624989e-01 5.769821307529814369e+00
3.320165840702593574e-01 5.812582888367414213e+00
3.321275833377562714e-01 5.857592691055331535e+00
3.322385826052531854e-01 5.903637751382781573e+00
3.323495818727500994e-01 5.949337651090504053e+00
3.324605811402469580e-01 5.996388861448543217e+00
3.325715804077438720e-01 6.044538633681827200e+00
3.326825796752407860e-01 6.091151664231534646e+00
3.327935789427376445e-01 6.136989141019070004e+00
3.329045782102345585e-01 6.184592655863460742e+00
3.330155774777314726e-01 6.231305687092762113e+00
3.331265767452283866e-01 6.278223315775164792e+00
3.332375760127252451e-01 6.325498464569868418e+00
3.333485752802221591e-01 6.375027983913171603e+00
3.334595745477190176e-01 6.424345954656149438e+00
3.335705738152159316e-01 6.471702849931660673e+00
3.336815730827128457e-01 6.518571411123654791e+00
3.337925723502097597e-01 6.564744137361034682e+00
3.339035716177066737e-01 6.614000542576726538e+00
3.340145708852035322e-01 6.664029635296906839e+00
3.341255701527004462e-01 6.713488887834701657e+00
3.342365694201973048e-01 6.763747969060840859e+00
3.343475686876942188e-01 6.813129921362394370e+00
3.344585679551911328e-01 6.865070628919998086e+00
3.345695672226880468e-01 6.917035473076149188e+00
3.346805664901849053e-01 6.966594735509605840e+00
3.347915657576818194e-01 7.017651292900974447e+00
3.349025650251787334e-01 7.068917563040643337e+00
3.350135642926755919e-01 7.120559876735232940e+00
3.351245635601725059e-01 7.169026322887752656e+00
3.352355628276694199e-01 7.221523063353258109e+00
3.353465620951663340e-01 7.272817919278298682e+00
3.354575613626631925e-01 7.326026721224008220e+00
3.355685606301601065e-01 7.380078436980997303e+00
3.356795598976570205e-01 7.434272660237842167e+00
3.357905591651538790e-01 7.486762431564792486e+00
3.359015584326507931e-01 7.539507788835599023e+00
3.360125577001477071e-01 7.595249846067305022e+00
3.361235569676446211e-01 7.649492508739418994e+00
3.362345562351414796e-01 7.702826651917824563e+00
3.363455555026383936e-01 7.759581472229022836e+00
3.364565547701352521e-01 7.812426289608695562e+00
3.365675540376321662e-01 7.870155181844939563e+00
3.366785533051290802e-01 7.921075767890928709e+00
3.367895525726259942e-01 7.976141193990959444e+00
3.369005518401229082e-01 8.030897317594478224e+00
3.370115511076197667e-01 8.084584783497207994e+00
3.371225503751166808e-01 8.140996826743515768e+00
3.372335496426135393e-01 8.197781912145439165e+00
3.373445489101104533e-01 8.253011889684584546e+00
3.374555481776073673e-01 8.308297630943080492e+00
3.375665474451042813e-01 8.364272662661187852e+00
3.376775467126011399e-01 8.422696388919693078e+00
3.377885459800980539e-01 8.480077444181256752e+00
3.378995452475949679e-01 8.539511197473380832e+00
3.380105445150918264e-01 8.598365174361710217e+00
3.381215437825887404e-01 8.651143855586635567e+00
3.382325430500856545e-01 8.711110167489531264e+00
3.383435423175825685e-01 8.769508518050074031e+00
3.384545415850794270e-01 8.826776226154612104e+00
3.385655408525763410e-01 8.887820514097958480e+00
3.386765401200732550e-01 8.946933999940741344e+00
3.387875393875701135e-01 9.007781357076510176e+00
3.388985386550670276e-01 9.061424417310005808e+00
3.390095379225639416e-01 9.119777513845903627e+00
3.391205371900608556e-01 9.178492371248740511e+00
3.392315364575577141e-01 9.238075928086203703e+00
3.393425357250546281e-01 9.299062584345968219e+00
3.394535349925514867e-01 9.359233986135013339e+00
3.395645342600484007e-01 9.418300044609438260e+00
3.396755335275453147e-01 9.479397677972061231e+00
3.397865327950422287e-01 9.541036712232120465e+00
3.398975320625390872e-01 9.602462176281365558e+00
3.400085313300360013e-01 9.662344533629839916e+00
3.401195305975329153e-01 9.725630037417600349e+00
3.402305298650297738e-01 9.785269888313566256e+00
3.403415291325266878e-01 9.848500097796462072e+00
3.404525284000236018e-01 9.913706599794073426e+00
3.405635276675205159e-01 9.979231369955281039e+00
3.406745269350173744e-01 1.004465056547908652e+01
3.407855262025142884e-01 1.010668846850885316e+01
3.408965254700112024e-01 1.017114845730529638e+01
3.410075247375080609e-01 1.023651996068104886e+01
3.411185240050049750e-01 1.029965838728165117e+01
3.412295232725018890e-01 1.036775518767236193e+01
3.413405225399988030e-01 1.043295455715290387e+01
3.414515218074956615e-01 1.049995240845342437e+01
3.415625210749925755e-01 1.056637624917251905e+01
3.416735203424894340e-01 1.063020414746999442e+01
3.417845196099863481e-01 1.069739101725405916e+01
3.418955188774832621e-01 1.076109899686977123e+01
3.420065181449801761e-01 1.082807684950964067e+01
3.421175174124770901e-01 1.089612703366579183e+01
3.422285166799739486e-01 1.096085161058285529e+01
3.423395159474708627e-01 1.102768181833320682e+01
3.424505152149677212e-01 1.109711824216966747e+01
3.425615144824646352e-01 1.116568073685118812e+01
3.426725137499615492e-01 1.123346983096808671e+01
3.427835130174584632e-01 1.130508584125505855e+01
3.428945122849553218e-01 1.137479497454273591e+01
3.430055115524522358e-01 1.144505660411195969e+01
3.431165108199491498e-01 1.151614040975013964e+01
3.432275100874460083e-01 1.158179669066129414e+01
3.433385093549429223e-01 1.165175909618553085e+01
3.434495086224398364e-01 1.172021894388476859e+01
3.435605078899367504e-01 1.179334571351068206e+01
3.436715071574336089e-01 1.186721433593849362e+01
3.437825064249305229e-01 1.194257461769414341e+01
3.438935056924274369e-01 1.201182752784671059e+01
3.440045049599242954e-01 1.209508776767027705e+01
3.441155042274212095e-01 1.216795629604840911e+01
3.442265034949181235e-01 1.224726879852136641e+01
3.443375027624150375e-01 1.232401361648908455e+01
3.444485020299118960e-01 1.239843505551093372e+01
3.445595012974088100e-01 1.247148544308316254e+01
3.446705005649056686e-01 1.255365212087778737e+01
3.447814998324025826e-01 1.263038336825525931e+01
3.448924990998994966e-01 1.270424888520270912e+01
3.450034983673964106e-01 1.278170153228343864e+01
3.451144976348933247e-01 1.286448251262340570e+01
3.452254969023901832e-01 1.294875958306385755e+01
3.453364961698870972e-01 1.303372006523355964e+01
3.454474954373839557e-01 1.311391777474881515e+01
3.455584947048808697e-01 1.320209110478940673e+01
3.456694939723777837e-01 1.329087458634946906e+01
3.457804932398746978e-01 1.337499240089752028e+01
3.458914925073715563e-01 1.345736759128863014e+01
3.460024917748684703e-01 1.353704945098928647e+01
3.461134910423653843e-01 1.362327867070294118e+01
3.462244903098622428e-01 1.371613623844999097e+01
3.463354895773591569e-01 1.380435968638586353e+01
3.464464888448560709e-01 1.389159437332772740e+01
3.465574881123529849e-01 1.397565183455881765e+01
3.466684873798498434e-01 1.405781258965540381e+01
3.467794866473467574e-01 1.414244664957526076e+01
3.468904859148436715e-01 1.423504020158046757e+01
3.470014851823405300e-01 1.433261153094818319e+01
3.471124844498374440e-01 1.442182019570306295e+01
3.472234837173343580e-01 1.451777633204999773e+01
3.473344829848312720e-01 1.461485039336162473e+01
3.474454822523281305e-01 1.471317240994229358e+01
3.475564815198250446e-01 1.482603728188674808e+01
3.476674807873219031e-01 1.493600792920908127e+01
3.477784800548188171e-01 1.504391479567525991e+01
3.478894793223157311e-01 1.514515435972377233e+01
3.480004785898126451e-01 1.525394553859471714e+01
3.481114778573095592e-01 1.536942307810643271e+01
3.482224771248064177e-01 1.546687184484587796e+01
3.483334763923033317e-01 1.556655553953122784e+01
3.484444756598001902e-01 1.566753243532778583e+01
3.485554749272971042e-01 1.577510717668531193e+01
3.486664741947940183e-01 1.588735940380745859e+01
3.487774734622909323e-01 1.599735484406790320e+01
3.488884727297877908e-01 1.610613855170633002e+01
3.489994719972847048e-01 1.623271206197032512e+01
3.491104712647816188e-01 1.635021968418680061e+01
3.492214705322784774e-01 1.645578102720468650e+01
3.493324697997753914e-01 1.656028097035265390e+01
3.494434690672723054e-01 1.667288884949591221e+01
3.495544683347692194e-01 1.678426972496342628e+01
3.496654676022660779e-01 1.690666094314380885e+01
3.497764668697629920e-01 1.701760681249768936e+01
3.498874661372599060e-01 1.714155066415862194e+01
3.499984654047567645e-01 1.726461515367155997e+01
3.501094646722536785e-01 1.739095183610748663e+01
3.502204639397505925e-01 1.752272212128978524e+01
3.503314632072475066e-01 1.765412911116107608e+01
3.504424624747443651e-01 1.778429213192926284e+01
3.505534617422412791e-01 1.791521806291156338e+01
3.506644610097381376e-01 1.805736109928037436e+01
3.507754602772350516e-01 1.819468542027422586e+01
3.508864595447319656e-01 1.833533260942919441e+01
3.509974588122288797e-01 1.847783034121965073e+01
3.511084580797257382e-01 1.861224008946789965e+01
3.512194573472226522e-01 1.877000816280711604e+01
3.513304566147195662e-01 1.890165688205768291e+01
3.514414558822164247e-01 1.905064828735686433e+01
3.515524551497133388e-01 1.918574827082700196e+01
3.516634544172102528e-01 1.934686217417618082e+01
3.517744536847071668e-01 1.952455080458238257e+01
3.518854529522040253e-01 1.968468040690924070e+01
3.519964522197009393e-01 1.984702567199852652e+01
3.521074514871978534e-01 1.999876728080494459e+01
3.522184507546947119e-01 2.015515798770233502e+01
3.523294500221916259e-01 2.039617342094632590e+01
3.524404492896885399e-01 2.055881600858835512e+01
3.525514485571854539e-01 2.070486379392239584e+01
3.526624478246823124e-01 2.089983759247146722e+01
3.527734470921792265e-01 2.104874970963515679e+01
3.528844463596760850e-01 2.119976546638275750e+01
3.529954456271729990e-01 2.136637361117806577e+01
3.531064448946699130e-01 2.158006467044298304e+01
3.532174441621668270e-01 2.173545276105944879e+01
3.533284434296637411e-01 2.190785851280004337e+01
3.534394426971605996e-01 2.206708001488523863e+01
3.535504419646575136e-01 2.226239653589276912e+01
3.536614412321543721e-01 2.242498196384354969e+01
3.537724404996512861e-01 2.258966263314616896e+01
3.538834397671482002e-01 2.281522061584650984e+01
3.539944390346451142e-01 2.308172143574640600e+01
3.541054383021419727e-01 2.333788946136225206e+01
3.542164375696388867e-01 2.350536222850649892e+01
3.543274368371358007e-01 2.367498365929185411e+01
3.544384361046326593e-01 2.387511674864454392e+01
3.545494353721295733e-01 2.404840451895642417e+01
3.546604346396264873e-01 2.422381782712053422e+01
3.547714339071234013e-01 2.440134538482646676e+01
3.548824331746202598e-01 2.458097593436549033e+01
3.549934324421171739e-01 2.484033957574949625e+01
3.551044317096140879e-01 2.502273634325800344e+01
3.552154309771109464e-01 2.530063716196004719e+01
3.553264302446078604e-01 2.554138376993979520e+01
3.554374295121047744e-01 2.594600039392166835e+01
3.555484287796016885e-01 2.613051205439739988e+01
3.556594280470985470e-01 2.638400984080448097e+01
3.557704273145954610e-01 2.657169076163889798e+01
3.558814265820923195e-01 2.676149276403987898e+01
3.559924258495892335e-01 2.695340416300824060e+01
3.561034251170861475e-01 2.724070336106457546e+01
3.562144243845830616e-01 2.743552037029617452e+01
3.563254236520799756e-01 2.763242606485295028e+01
3.564364229195768341e-01 2.783140899640248023e+01
3.565474221870737481e-01 2.803245780331119974e+01
3.566584214545706066e-01 2.823556121271871433e+01
3.567694207220675207e-01 2.867197902851186697e+01
3.568804199895644347e-01 2.887684470092797184e+01
3.569914192570613487e-01 2.972914137232441689e+01
3.571024185245582072e-01 3.015710822939460556e+01
3.572134177920551212e-01 3.035959258610617795e+01
3.573244170595520353e-01 3.090716001919224354e+01
3.574354163270488938e-01 3.144525534457700289e+01
3.575464155945458078e-01 3.164758691288997028e+01
3.576574148620427218e-01 3.185200030978487362e+01
3.577684141295396358e-01 3.205848486724044477e+01
3.578794133970364943e-01 3.226703000012467015e+01
3.579904126645334084e-01 3.247762520440179657e+01
3.581014119320303224e-01 3.269026005497429566e+01
3.582124111995271809e-01 3.290492420315040079e+01
3.583234104670240949e-01 3.312160737372624908e+01
