2.864872499572490572e-01 8.289306334778564178e+01
2.865072482500377604e-01 8.289306334778564178e+01
2.865272465428265192e-01 8.289306334778564178e+01
2.865472448356152224e-01 8.289306334778564178e+01
2.865672431284039257e-01 8.289306334778564178e+01
2.865872414211926289e-01 8.289306334778564178e+01
2.866072397139813877e-01 8.289306334778564178e+01
2.866272380067700909e-01 8.289306334778564178e+01
2.866472362995587941e-01 8.289306334778564178e+01
2.866672345923474974e-01 8.289306334778564178e+01
2.866872328851362561e-01 8.289306334778564178e+01
2.867072311779249594e-01 8.289306334778564178e+01
2.867272294707136626e-01 8.289306334778564178e+01
2.867472277635023659e-01 8.289306334778564178e+01
2.867672260562911246e-01 8.289306334778564178e+01
2.867872243490798279e-01 8.289306334778564178e+01
2.868072226418685311e-01 8.289306334778564178e+01
2.868272209346572343e-01 8.289306334778564178e+01
2.868472192274459931e-01 8.289306334778564178e+01
2.868672175202346963e-01 8.289306334778564178e+01
2.868872158130233996e-01 8.289306334778564178e+01
2.869072141058121028e-01 8.289306334778564178e+01
2.869272123986008616e-01 8.289306334778564178e+01
2.869472106913895648e-01 8.289306334778564178e+01
2.869672089841782681e-01 8.289306334778564178e+01
2.869872072769669713e-01 8.289306334778564178e+01
2.870072055697557301e-01 8.289306334778564178e+01
2.870272038625444333e-01 8.289306334778564178e+01
2.870472021553331365e-01 8.289306334778564178e+01
2.870672004481218398e-01 8.289306334778564178e+01
2.870871987409105985e-01 8.289306334778564178e+01
2.871071970336993018e-01 8.289306334778564178e+01
2.871271953264880050e-01 8.289306334778564178e+01
2.871471936192767083e-01 8.289306334778564178e+01
2.871671919120654670e-01 8.289306334778564178e+01
2.871871902048541703e-01 8.289306334778564178e+01
2.872071884976428735e-01 8.289306334778564178e+01
2.872271867904315767e-01 8.289306334778564178e+01
2.872471850832203355e-01 8.289306334778564178e+01
2.872671833760090387e-01 8.289306334778564178e+01
2.872871816687977420e-01 8.289306334778564178e+01
2.873071799615864452e-01 8.289306334778564178e+01
2.873271782543752040e-01 8.289306334778564178e+01
2.873471765471639072e-01 8.289306334778564178e+01
2.873671748399526105e-01 8.289306334778564178e+01
2.873871731327413137e-01 8.289306334778564178e+01
2.874071714255300725e-01 8.289306334778564178e+01
2.874271697183187757e-01 8.289306334778564178e+01
2.874471680111074789e-01 8.289306334778564178e+01
2.874671663038962377e-01 8.289306334778564178e+01
2.874871645966849409e-01 8.289306334778564178e+01
2.875071628894736442e-01 8.289306334778564178e+01
2.875271611822623474e-01 8.289306334778564178e+01
2.875471594750511062e-01 8.289306334778564178e+01
2.875671577678398094e-01 8.289306334778564178e+01
2.875871560606285127e-01 8.289306334778564178e+01
2.876071543534172159e-01 8.289306334778564178e+01
2.876271526462059747e-01 8.289306334778564178e+01
2.876471509389946779e-01 8.289306334778564178e+01
2.876671492317833811e-01 8.289306334778564178e+01
2.876871475245720844e-01 8.289306334778564178e+01
2.877071458173608431e-01 8.289306334778564178e+01
2.877271441101495464e-01 8.289306334778564178e+01
2.877471424029382496e-01 8.289306334778564178e+01
2.877671406957269529e-01 8.289306334778564178e+01
2.877871389885157116e-01 8.289306334778564178e+01
2.878071372813044149e-01 8.289306334778564178e+01
2.878271355740931181e-01 8.289306334778564178e+01
2.878471338668818214e-01 8.289306334778564178e+01
2.878671321596705801e-01 8.289306334778564178e+01
2.878871304524592833e-01 8.289306334778564178e+01
2.879071287452479866e-01 8.289306334778564178e+01
2.879271270380366898e-01 8.289306334778564178e+01
2.879471253308254486e-01 8.289306334778564178e+01
2.879671236236141518e-01 8.289306334778564178e+01
2.879871219164028551e-01 8.289306334778564178e+01
2.880071202091915583e-01 8.289306334778564178e+01
2.880271185019803171e-01 8.289306334778564178e+01
2.880471167947690203e-01 8.289306334778564178e+01
2.880671150875577236e-01 8.289306334778564178e+01
2.880871133803464268e-01 8.289306334778564178e+01
2.881071116731351855e-01 8.289306334778564178e+01
2.881271099659238888e-01 8.289306334778564178e+01
2.881471082587125920e-01 8.289306334778564178e+01
2.881671065515012953e-01 8.289306334778564178e+01
2.881871048442900540e-01 8.289306334778564178e+01
2.882071031370787573e-01 8.289306334778564178e+01
2.882271014298674605e-01 8.289306334778564178e+01
2.882470997226561638e-01 8.289306334778564178e+01
2.882670980154449225e-01 8.289306334778564178e+01
2.882870963082336258e-01 8.289306334778564178e+01
2.883070946010223290e-01 8.289306334778564178e+01
2.883270928938110322e-01 8.289306334778564178e+01
2.883470911865997910e-01 8.289306334778564178e+01
2.883670894793884942e-01 8.289306334778564178e+01
2.883870877721771975e-01 8.289306334778564178e+01
2.884070860649659007e-01 8.289306334778564178e+01
2.884270843577546595e-01 3.374503976284993456e+01
2.884470826505433627e-01 3.219101346754547421e+01
2.884670809433320660e-01 3.026677875772478998e+01
2.884870792361208247e-01 2.912483881793803064e+01
2.885070775289095280e-01 2.820276085644882613e+01
2.885270758216982312e-01 2.760476431226148009e+01
2.885470741144869344e-01 2.670227823629468134e+01
2.885670724072756932e-01 2.609779553592829515e+01
2.885870707000643964e-01 2.544694654478777807e+01
2.886070689928530997e-01 2.486945200758913543e+01
2.886270672856418029e-01 2.439590527312448387e+01
2.886470655784305617e-01 2.387428651961819526e+01
2.886670638712192649e-01 2.334366044811584473e+01
2.886870621640079682e-01 2.283172943916350306e+01
2.887070604567966714e-01 2.233181810740588702e+01
2.887270587495854302e-01 2.184718596498851539e+01
2.887470570423741334e-01 2.141584939998986314e+01
2.887670553351628366e-01 2.104866868252905476e+01
2.887870536279515399e-01 2.072088852505829237e+01
2.888070519207402986e-01 2.030021653171271012e+01
2.888270502135290019e-01 1.991954713689855438e+01
2.888470485063177051e-01 1.956317850837716321e+01
2.888670467991064084e-01 1.921972867066795487e+01
2.888870450918951671e-01 1.889049537572046589e+01
2.889070433846838704e-01 1.857251599557583077e+01
2.889270416774725736e-01 1.821302309848313428e+01
2.889470399702612768e-01 1.787948081919229537e+01
2.889670382630500356e-01 1.757118181790368183e+01
2.889870365558387388e-01 1.727253190051904141e+01
2.890070348486274421e-01 1.699265773503420718e+01
2.890270331414161453e-01 1.671031697522181148e+01
2.890470314342049041e-01 1.643735566997569464e+01
2.890670297269936073e-01 1.616971557637361556e+01
2.890870280197823106e-01 1.590120694103097065e+01
2.891070263125710138e-01 1.564546267939761393e+01
2.891270246053597726e-01 1.538909635659808650e+01
2.891470228981484758e-01 1.512469336729577485e+01
2.891670211909371790e-01 1.487277917359375934e+01
2.891870194837258823e-01 1.463444449489922050e+01
2.892070177765146410e-01 1.439348997789672779e+01
2.892270160693033443e-01 1.414885093182770781e+01
2.892470143620920475e-01 1.391904599852113478e+01
2.892670126548807508e-01 1.368253718564114507e+01
2.892870109476695095e-01 1.345706344388325526e+01
2.893070092404582128e-01 1.323638425229168725e+01
2.893270075332469160e-01 1.301908532089458426e+01
2.893470058260356192e-01 1.280777224922183954e+01
2.893670041188243780e-01 1.260171144287931000e+01
2.893870024116130812e-01 1.240001997147522061e+01
2.894070007044017845e-01 1.219730633862796410e+01
2.894269989971904877e-01 1.200364709918520667e+01
2.894469972899792465e-01 1.181058704459796438e+01
2.894669955827679497e-01 1.162411733964210114e+01
2.894869938755566530e-01 1.143647396996951926e+01
2.895069921683454117e-01 1.125363020178662588e+01
2.895269904611341150e-01 1.107400642933143686e+01
2.895469887539228182e-01 1.090090365747878209e+01
2.895669870467115214e-01 1.072434266763328736e+01
2.895869853395002802e-01 1.055628691566391097e+01
2.896069836322889834e-01 1.038772080394310748e+01
2.896269819250776867e-01 1.022539007812517298e+01
2.896469802178663899e-01 1.006573196748863452e+01
2.896669785106551487e-01 9.907668885539470338e+00
2.896869768034438519e-01 9.752284816508682397e+00
2.897069750962325552e-01 9.601971076757738643e+00
2.897269733890212584e-01 9.454453981692594766e+00
2.897469716818100172e-01 9.309119962255840264e+00
2.897669699745987204e-01 9.169659584470792879e+00
2.897869682673874236e-01 9.029077497540823671e+00
2.898069665601761269e-01 8.893079217631276734e+00
2.898269648529648856e-01 8.759510478508007125e+00
2.898469631457535889e-01 8.629772586108153121e+00
2.898669614385422921e-01 8.500436969560791312e+00
2.898869597313309954e-01 8.375554443027731111e+00
2.899069580241197541e-01 8.253022345585197428e+00
2.899269563169084574e-01 8.132610874613481755e+00
2.899469546096971606e-01 8.013195966995743547e+00
2.899669529024858639e-01 7.895380799953784390e+00
2.899869511952746226e-01 7.785035583276072479e+00
2.900069494880633258e-01 7.676885649505319265e+00
2.900269477808520291e-01 7.568965543000067520e+00
2.900469460736407323e-01 7.464244436931723570e+00
2.900669443664294911e-01 7.360008322526398139e+00
2.900869426592181943e-01 7.259975383054271703e+00
2.901069409520068976e-01 7.161307446508451413e+00
2.901269392447956008e-01 7.066286391998516159e+00
2.901469375375843596e-01 6.971321981099139364e+00
2.901669358303730628e-01 6.880995327309267218e+00
2.901869341231617661e-01 6.789543605654879244e+00
2.902069324159504693e-01 6.702672466102328031e+00
2.902269307087392280e-01 6.617820376862094456e+00
2.902469290015279313e-01 6.534251395840011689e+00
2.902669272943166345e-01 6.452996878364680278e+00
2.902869255871053378e-01 6.374393354095020392e+00
2.903069238798940965e-01 6.297310582214971753e+00
2.903269221726827998e-01 6.221841891498317345e+00
2.903469204654715030e-01 6.148637941618142477e+00
2.903669187582602063e-01 6.076172464241023086e+00
2.903869170510489650e-01 6.007848916908224091e+00
2.904069153438376683e-01 5.940293483523781504e+00
2.904269136366263715e-01 5.874081151274348933e+00
2.904469119294151302e-01 5.808389841891747452e+00
2.904669102222038335e-01 5.745732334794061202e+00
2.904869085149925367e-01 5.684800321100818010e+00
2.905069068077812400e-01 5.625015286735088438e+00
2.905269051005699987e-01 5.566955559576556745e+00
2.905469033933587020e-01 5.510963844865392147e+00
2.905669016861474052e-01 5.455511032093219193e+00
2.905868999789361085e-01 5.401617493421889904e+00
2.906068982717248672e-01 5.348451457887819060e+00
2.906268965645135705e-01 5.296544871260466358e+00
2.906468948573022737e-01 5.245914590491007168e+00
2.906668931500909769e-01 5.198008238400524839e+00
2.906868914428797357e-01 5.149568377622991910e+00
2.907068897356684389e-01 5.102821353500985424e+00
2.907268880284571422e-01 5.056235748103935279e+00
2.907468863212458454e-01 5.011804640619518025e+00
2.907668846140346042e-01 4.967823625060710846e+00
2.907868829068233074e-01 4.924559661083267592e+00
2.908068811996120107e-01 4.882595629823977212e+00
2.908268794924007139e-01 4.840956914025104751e+00
2.908468777851894727e-01 4.802022206571766816e+00
2.908668760779781759e-01 4.762532244485154997e+00
2.908868743707668791e-01 4.723913306447202309e+00
2.909068726635555824e-01 4.685166891468025341e+00
2.909268709563443411e-01 4.647774501766162913e+00
2.909468692491330444e-01 4.610674426775871027e+00
2.909668675419217476e-01 4.574489620942424395e+00
2.909868658347104509e-01 4.539150385010156441e+00
2.910068641274992096e-01 4.504135255233493673e+00
2.910268624202879129e-01 4.469715390974999814e+00
2.910468607130766161e-01 4.436138134037953762e+00
2.910668590058653193e-01 4.402773923151673152e+00
2.910868572986540781e-01 4.368831447986003980e+00
2.911068555914427813e-01 4.336184331176247575e+00
2.911268538842314846e-01 4.302975601988486609e+00
2.911468521770201878e-01 4.270819897938005205e+00
2.911668504698089466e-01 4.240045156469079757e+00
2.911868487625976498e-01 4.209284126211678689e+00
2.912068470553863531e-01 4.178122587328536142e+00
2.912268453481750563e-01 4.147476898630525710e+00
2.912468436409638151e-01 4.116630769278139645e+00
2.912668419337525183e-01 4.086590457801869469e+00
2.912868402265412215e-01 4.057102383895233366e+00
2.913068385193299248e-01 4.028090623801372949e+00
2.913268368121186835e-01 3.998368231505180947e+00
2.913468351049073868e-01 3.969356628299552270e+00
2.913668333976960900e-01 3.940505533835135132e+00
2.913868316904848488e-01 3.911848991179789348e+00
2.914068299832735520e-01 3.884030888041206886e+00
2.914268282760622553e-01 3.855348206201747008e+00
2.914468265688509585e-01 3.827161800668304803e+00
2.914668248616397173e-01 3.799594296281366024e+00
2.914868231544284205e-01 3.771780588092565001e+00
2.915068214472171237e-01 3.743935003862770561e+00
2.915268197400058270e-01 3.716757080187712781e+00
2.915468180327945857e-01 3.689345887967696136e+00
2.915668163255832890e-01 3.662783722182020973e+00
2.915868146183719922e-01 3.636024579542132429e+00
2.916068129111606955e-01 3.612058806408255940e+00
2.916268112039494542e-01 3.586978555132007696e+00
2.916468094967381575e-01 3.562260868044963669e+00
2.916668077895268607e-01 3.537235225519592685e+00
2.916868060823155639e-01 3.512490686546612562e+00
2.917068043751043227e-01 3.487122246114889634e+00
2.917268026678930259e-01 3.462689296477474699e+00
2.917468009606817292e-01 3.437388477966001776e+00
2.917667992534704324e-01 3.412595718735703443e+00
2.917867975462591912e-01 3.388376637723861329e+00
2.918067958390478944e-01 3.363478450338252657e+00
2.918267941318365977e-01 3.339380501356569386e+00
2.918467924246253009e-01 3.316426699076577833e+00
2.918667907174140597e-01 3.292714319017794544e+00
2.918867890102027629e-01 3.270181793781377966e+00
2.919067873029914661e-01 3.247115531764240615e+00
2.919267855957801694e-01 3.223708331103575908e+00
2.919467838885689281e-01 3.199682004456756435e+00
2.919667821813576314e-01 3.174920213659159440e+00
2.919867804741463346e-01 3.152902266553524235e+00
2.920067787669350379e-01 3.130230810159201127e+00
2.920267770597237966e-01 3.107053935966337388e+00
2.920467753525124999e-01 3.083983402707966448e+00
2.920667736453012031e-01 3.060498589252452550e+00
2.920867719380899064e-01 3.037113296666070994e+00
2.921067702308786651e-01 3.016311891862333283e+00
2.921267685236673683e-01 2.994407154583694552e+00
2.921467668164560716e-01 2.971483080161835932e+00
2.921667651092447748e-01 2.948611432201629690e+00
2.921867634020335336e-01 2.926113978265497462e+00
2.922067616948222368e-01 2.903937900471422306e+00
2.922267599876109401e-01 2.881631112878346279e+00
2.922467582803996433e-01 2.858808058064731039e+00
2.922667565731884021e-01 2.836887626595158807e+00
2.922867548659771053e-01 2.814365707921589355e+00
2.923067531587658086e-01 2.792773126751075807e+00
2.923267514515545118e-01 2.771916989969317680e+00
2.923467497443432705e-01 2.749770663965299455e+00
2.923667480371319738e-01 2.727640503453080179e+00
2.923867463299206770e-01 2.705704641910914088e+00
2.924067446227094358e-01 2.685056360629345384e+00
2.924267429154981390e-01 2.663347390643878043e+00
2.924467412082868423e-01 2.642259401131125784e+00
2.924667395010755455e-01 2.620659082648579830e+00
2.924867377938643043e-01 2.598531718106579458e+00
2.925067360866530075e-01 2.577069065934608716e+00
2.925267343794417108e-01 2.555795318985460085e+00
2.925467326722304140e-01 2.534246502488273656e+00
2.925667309650191727e-01 2.513404674032687858e+00
2.925867292578078760e-01 2.492084048698910426e+00
2.926067275505965792e-01 2.470496377284046918e+00
2.926267258433852825e-01 2.449642079333648859e+00
2.926467241361740412e-01 2.428083976758625528e+00
2.926667224289627445e-01 2.407684321331936328e+00
2.926867207217514477e-01 2.387234553988253349e+00
2.927067190145401510e-01 2.366361124187362108e+00
2.927267173073289097e-01 2.345793023676653988e+00
2.927467156001176130e-01 2.325352627823406682e+00
2.927667138929063162e-01 2.304289567228031022e+00
2.927867121856950194e-01 2.284059738449040644e+00
2.928067104784837782e-01 2.263490095869522545e+00
2.928267087712724814e-01 2.242500345390672667e+00
2.928467070640611847e-01 2.221967290802082218e+00
2.928667053568498879e-01 2.201865712251478424e+00
2.928867036496386467e-01 2.181779995983409659e+00
2.929067019424273499e-01 2.160482117974073191e+00
2.929267002352160532e-01 2.139521624690806423e+00
2.929466985280047564e-01 2.118032180729785718e+00
2.929666968207935152e-01 2.097667951776306605e+00
2.929866951135822184e-01 2.077186449138590074e+00
2.930066934063709216e-01 2.057619458390331335e+00
2.930266916991596249e-01 2.037252139433431974e+00
2.930466899919483836e-01 2.017098812154032306e+00
2.930666882847370869e-01 1.996592390242273973e+00
2.930866865775257901e-01 1.976406411454008749e+00
2.931066848703144934e-01 1.956289978535935559e+00
2.931266831631032521e-01 1.936495499197825820e+00
2.931466814558919554e-01 1.916660261677250565e+00
2.931666797486806586e-01 1.896505858923059895e+00
2.931866780414693618e-01 1.876142506470183324e+00
2.932066763342581206e-01 1.856189346191822853e+00
2.932266746270468238e-01 1.836283455913780172e+00
2.932466729198355271e-01 1.817094998426057595e+00
2.932666712126242303e-01 1.797105309488181035e+00
2.932866695054129891e-01 1.777276737189923850e+00
2.933066677982016923e-01 1.757758441514058356e+00
2.933266660909903956e-01 1.738215252179985848e+00
2.933466643837791543e-01 1.718020837040217019e+00
2.933666626765678576e-01 1.699153419324539227e+00
2.933866609693565608e-01 1.679757338078947448e+00
2.934066592621452640e-01 1.660152501300018013e+00
2.934266575549340228e-01 1.641183907248350060e+00
2.934466558477227260e-01 1.621934157962194201e+00
2.934666541405114293e-01 1.602516173129187704e+00
2.934866524333001325e-01 1.583102071572383807e+00
2.935066507260888913e-01 1.564300476385021899e+00
2.935266490188775945e-01 1.545526136033695375e+00
2.935466473116662978e-01 1.527459965799130126e+00
2.935666456044550010e-01 1.508614060621789488e+00
2.935866438972437598e-01 1.490117075390282375e+00
2.936066421900324630e-01 1.471951335203246947e+00
2.936266404828211662e-01 1.454530293584827216e+00
2.936466387756098695e-01 1.436544448296982690e+00
2.936666370683986282e-01 1.418521230403216427e+00
2.936866353611873315e-01 1.400037596224195324e+00
2.937066336539760347e-01 1.381933592185323301e+00
2.937266319467647380e-01 1.364695385088901869e+00
2.937466302395534967e-01 1.347840893003988016e+00
2.937666285323422000e-01 1.330550790311282539e+00
2.937866268251309032e-01 1.313699524616653180e+00
2.938066251179196064e-01 1.296838206593835530e+00
2.938266234107083652e-01 1.280436711565222874e+00
2.938466217034970684e-01 1.263870875296360552e+00
2.938666199962857717e-01 1.248010855772054395e+00
2.938866182890744749e-01 1.231496591563896459e+00
2.939066165818632337e-01 1.215508302246155248e+00
2.939266148746519369e-01 1.199759253665868330e+00
2.939466131674406402e-01 1.183978266733659579e+00
2.939666114602293434e-01 1.169056062509338245e+00
2.939866097530181022e-01 1.153955228472029138e+00
2.940066080458068054e-01 1.138688453887476415e+00
2.940266063385955086e-01 1.123352679687974476e+00
2.940466046313842119e-01 1.108220086928388914e+00
2.940666029241729706e-01 1.093694009351237062e+00
2.940866012169616739e-01 1.079100202018358656e+00
2.941065995097503771e-01 1.064789138163563020e+00
2.941265978025390804e-01 1.050404548671876936e+00
2.941465960953278391e-01 1.036323560050004255e+00
2.941665943881165424e-01 1.022356852556365991e+00
2.941865926809052456e-01 1.008905276199778323e+00
2.942065909736939489e-01 9.950411410097909082e-01
2.942265892664827076e-01 9.818192360907662675e-01
2.942465875592714108e-01 9.683574559005315718e-01
2.942665858520601141e-01 9.556008976015409884e-01
2.942865841448488728e-01 9.428507117855766673e-01
2.943065824376375761e-01 9.304493425730618883e-01
2.943265807304262793e-01 9.174814844854926044e-01
2.943465790232149826e-01 9.043631518756110044e-01
2.943665773160037413e-01 8.918185518604880846e-01
2.943865756087924446e-01 8.795365125061791467e-01
2.944065739015811478e-01 8.671324970831245649e-01
2.944265721943698511e-01 8.553159540145449657e-01
2.944465704871586098e-01 8.430774068941071508e-01
2.944665687799473131e-01 8.306924267355429992e-01
2.944865670727360163e-01 8.183627483121997948e-01
2.945065653655247195e-01 8.070885516389298964e-01
2.945265636583134783e-01 7.952049545435910805e-01
2.945465619511021815e-01 7.836167546875774104e-01
2.945665602438908848e-01 7.718775905587680342e-01
2.945865585366795880e-01 7.604148578359777311e-01
2.946065568294683468e-01 7.496018758000235760e-01
2.946265551222570500e-01 7.383910311699086737e-01
2.946465534150457533e-01 7.272321094740992198e-01
2.946665517078344565e-01 7.161567955869871938e-01
2.946865500006232153e-01 7.053369956953293718e-01
2.947065482934119185e-01 6.937280154541611843e-01
2.947265465862006217e-01 6.828991499420583589e-01
2.947465448789893250e-01 6.715963443987869042e-01
2.947665431717780837e-01 6.603462591271440640e-01
2.947865414645667870e-01 6.488944617939833570e-01
2.948065397573554902e-01 6.376139960288768060e-01
2.948265380501441935e-01 6.268415072490813866e-01
2.948465363429329522e-01 6.157775568856294068e-01
2.948665346357216555e-01 6.049786260447175268e-01
2.948865329285103587e-01 5.937967840240115924e-01
2.949065312212990619e-01 5.827566688235623626e-01
2.949265295140878207e-01 5.719330286089382431e-01
2.949465278068765239e-01 5.614339802805777824e-01
2.949665260996652272e-01 5.502151744582451931e-01
2.949865243924539304e-01 5.396831961849158921e-01
2.950065226852426892e-01 5.284795655367844347e-01
2.950265209780313924e-01 5.173601581051341380e-01
2.950465192708200957e-01 5.067456982432213541e-01
2.950665175636087989e-01 4.952358908635761114e-01
2.950865158563975577e-01 4.841724769387241722e-01
2.951065141491862609e-01 4.730696725174010075e-01
2.951265124419749641e-01 4.619687423033717044e-01
2.951465107347636674e-01 4.514804189423218261e-01
2.951665090275524261e-01 4.404695486109416747e-01
2.951865073203411294e-01 4.296608361149628630e-01
2.952065056131298326e-01 4.191067731959250975e-01
2.952265039059185359e-01 4.084879715497871100e-01
2.952465021987072946e-01 3.982582607747001679e-01
2.952665004914959979e-01 3.881947146691349659e-01
2.952864987842847011e-01 3.771451721300214666e-01
2.953064970770734599e-01 3.666756975791837792e-01
2.953264953698621631e-01 3.563008273342890830e-01
2.953464936626508663e-01 3.461910029201958339e-01
2.953664919554395696e-01 3.358473755535593130e-01
2.953864902482283283e-01 3.257443113329491768e-01
2.954064885410170316e-01 3.155807926383843998e-01
2.954264868338057348e-01 3.058441693739430423e-01
2.954464851265944381e-01 2.958965206563473616e-01
2.954664834193831968e-01 2.863417412411531360e-01
2.954864817121719001e-01 2.764664346392890493e-01
2.955064800049606033e-01 2.668837159241003731e-01
2.955264782977493065e-01 2.579505008335533645e-01
2.955464765905380653e-01 2.487209090827874891e-01
2.955664748833267685e-01 2.398004079470550665e-01
2.955864731761154718e-01 2.307463715033997720e-01
2.956064714689041750e-01 2.221240283552865791e-01
2.956264697616929338e-01 2.137471201280015387e-01
2.956464680544816370e-01 2.053521212141244112e-01
2.956664663472703403e-01 1.976210458838429662e-01
2.956864646400590435e-01 1.893716013334457993e-01
2.957064629328478023e-01 1.812487965178141980e-01
2.957264612256365055e-01 1.736046814198465849e-01
2.957464595184252087e-01 1.657936573256416357e-01
2.957664578112139120e-01 1.585999753562716275e-01
2.957864561040026707e-01 1.515277256764673841e-01
2.958064543967913740e-01 1.445464226380186179e-01
2.958264526895800772e-01 1.380097442658645146e-01
2.958464509823687805e-01 1.309927752854390670e-01
2.958664492751575392e-01 1.243854222927796987e-01
2.958864475679462425e-01 1.182769375104684995e-01
2.959064458607349457e-01 1.121913765839316485e-01
2.959264441535236489e-01 1.066194569054392111e-01
2.959464424463124077e-01 1.011872991205904765e-01
2.959664407391011109e-01 9.591562319522073388e-02
2.959864390318898142e-01 9.099189369736888910e-02
2.960064373246785174e-01 8.655344978066918660e-02
2.960264356174672762e-01 8.200712518593672451e-02
2.960464339102559794e-01 7.729678149942256771e-02
2.960664322030446827e-01 7.270427759085773545e-02
2.960864304958333859e-01 6.923935645376404213e-02
2.961064287886221447e-01 6.573124881447206524e-02
2.961264270814108479e-01 6.226670325033207415e-02
2.961464253741995512e-01 5.909090903334115324e-02
2.961664236669882544e-01 5.577902237232100491e-02
2.961864219597770131e-01 5.214651558802937958e-02
2.962064202525657164e-01 4.902313783669717123e-02
2.962264185453544196e-01 4.626560178002335488e-02
2.962464168381431229e-01 4.388623215653000148e-02
2.962664151309318816e-01 4.157849003711715230e-02
2.962864134237205849e-01 3.924335261557772986e-02
2.963064117165092881e-01 3.734599373166244685e-02
2.963264100092980469e-01 3.555510609913623693e-02
2.963464083020867501e-01 3.349220695570134104e-02
2.963664065948754534e-01 3.183139492080979543e-02
2.963864048876641566e-01 3.036116991809731380e-02
2.964064031804529153e-01 2.881049635849453755e-02
2.964264014732416186e-01 2.722341643825035643e-02
2.964463997660303218e-01 2.610998979039251544e-02
2.964663980588190251e-01 2.501771498064346913e-02
2.964863963516077838e-01 2.363508004114225555e-02
2.965063946443964871e-01 2.318119961889821695e-02
2.965263929371851903e-01 2.283667849556444973e-02
2.965463912299738936e-01 2.189005870177465618e-02
2.965663895227626523e-01 2.127055223135000325e-02
2.965863878155513556e-01 2.118434261971545440e-02
2.966063861083400588e-01 2.076744123584488982e-02
2.966263844011287620e-01 2.029223709149666557e-02
2.966463826939175208e-01 2.024017680094265456e-02
2.966663809867062240e-01 2.005044724814442070e-02
2.966863792794949273e-01 1.957880496798986014e-02
2.967063775722836305e-01 1.891895909162773573e-02
2.967263758650723893e-01 1.838990354684191808e-02
2.967463741578610925e-01 1.796117559436806455e-02
2.967663724506497958e-01 1.758797378835897859e-02
2.967863707434384990e-01 1.729191235547526684e-02
2.968063690362272578e-01 1.687610464802622237e-02
2.968263673290159610e-01 1.645276884461149489e-02
2.968463656218046642e-01 1.617152650003581341e-02
2.968663639145933675e-01 1.663579104840481535e-02
2.968863622073821262e-01 1.633551069923080273e-02
2.969063605001708295e-01 1.551323454906875822e-02
2.969263587929595327e-01 1.491284520863699233e-02
2.969463570857482360e-01 1.466314967241944336e-02
2.969663553785369947e-01 1.429730110926555851e-02
2.969863536713256980e-01 1.402908340748441375e-02
2.970063519641144012e-01 1.339658299731193332e-02
2.970263502569031044e-01 1.268776094687787230e-02
2.970463485496918632e-01 1.190994954162040605e-02
2.970663468424805664e-01 1.158189924844231847e-02
2.970863451352692697e-01 1.097533619321292009e-02
2.971063434280579729e-01 1.002234300599460191e-02
2.971263417208467317e-01 9.527475204915552068e-03
2.971463400136354349e-01 8.643232239335179104e-03
2.971663383064241382e-01 7.934317074756098639e-03
2.971863365992128969e-01 7.266749273563944365e-03
2.972063348920016002e-01 6.768701496449256068e-03
2.972263331847903034e-01 6.438983753516384391e-03
2.972463314775790066e-01 5.504560737823944658e-03
2.972663297703677099e-01 5.201534999936800741e-03
2.972863280631564686e-01 4.194817097907257812e-03
2.973063263559451719e-01 3.809406029734123574e-03
2.973263246487338751e-01 3.131320108727906389e-03
2.973463229415226339e-01 2.266268262923789179e-03
2.973663212343113371e-01 1.663406461827364848e-03
2.973863195271000404e-01 1.379469172334698299e-03
2.974063178198887436e-01 7.302555589135100583e-04
2.974263161126775024e-01 5.690471779038584624e-04
2.974463144054662056e-01 2.508919454573826252e-04
2.974663126982549088e-01 2.984694692219724794e-05
2.974863109910436121e-01 -0.000000000000000000e+00
2.975063092838323708e-01 3.872676010391127438e-04
2.975263075766210741e-01 3.332475527188325654e-04
2.975463058694097773e-01 5.161223298192182040e-04
2.975663041621984806e-01 8.934432327016581313e-04
2.975863024549872393e-01 1.652073245648925026e-03
2.976063007477759426e-01 2.333123333155667865e-03
2.976262990405646458e-01 3.415038515701487604e-03
2.976462973333533490e-01 4.868410251807295600e-03
2.976662956261421078e-01 6.407226532249866817e-03
2.976862939189308110e-01 7.480150106952500322e-03
2.977062922117195143e-01 8.862301665469918266e-03
2.977262905045082175e-01 1.052758684391341855e-02
2.977462887972969763e-01 1.279353248648097338e-02
2.977662870900856795e-01 1.449145323074936195e-02
2.977862853828743828e-01 1.653498360200263487e-02
2.978062836756630860e-01 1.882697126142967095e-02
2.978262819684518448e-01 2.183447905003790129e-02
2.978462802612405480e-01 2.470756412295157037e-02
2.978662785540292512e-01 2.814915931429572832e-02
2.978862768468179545e-01 3.231028078535946868e-02
2.979062751396067132e-01 3.559701479949647918e-02
2.979262734323954165e-01 3.975562500882254963e-02
2.979462717251841197e-01 4.437793734239840748e-02
2.979662700179728230e-01 4.961836952262833195e-02
2.979862683107615817e-01 5.483595129215635550e-02
2.980062666035502850e-01 5.988968355884445594e-02
2.980262648963389882e-01 6.553621300071650613e-02
2.980462631891276915e-01 7.120696869133005813e-02
2.980662614819164502e-01 7.718426392313307294e-02
2.980862597747051534e-01 8.364907504615554101e-02
2.981062580674938567e-01 9.043873605713606545e-02
2.981262563602825599e-01 9.703335081475299162e-02
2.981462546530713187e-01 1.042775228522992842e-01
2.981662529458600219e-01 1.117128494394666743e-01
2.981862512386487252e-01 1.197783258003899953e-01
2.982062495314374839e-01 1.276909437728128149e-01
2.982262478242261872e-01 1.357742247895636079e-01
2.982462461170148904e-01 1.448289966902618076e-01
2.982662444098035937e-01 1.542580518615119245e-01
2.982862427025923524e-01 1.635485083871636158e-01
2.983062409953810556e-01 1.735547880385825414e-01
2.983262392881697589e-01 1.834418806008785985e-01
2.983462375809584621e-01 1.928029159625833655e-01
2.983662358737472209e-01 2.027705911331537936e-01
2.983862341665359241e-01 2.132694156759336601e-01
2.984062324593246274e-01 2.236199877115566392e-01
2.984262307521133306e-01 2.342653132885616496e-01
2.984462290449020894e-01 2.453258908932008098e-01
2.984662273376907926e-01 2.569635804516507971e-01
2.984862256304794959e-01 2.688414780914792912e-01
2.985062239232681991e-01 2.806482509136005721e-01
2.985262222160569578e-01 2.928414951224151963e-01
2.985462205088456611e-01 3.050452746361382861e-01
2.985662188016343643e-01 3.172002103855190991e-01
2.985862170944230676e-01 3.297981316589984613e-01
2.986062153872118263e-01 3.423527032926614311e-01
2.986262136800005296e-01 3.553028125028853679e-01
2.986462119727892328e-01 3.684964192832864693e-01
2.986662102655779361e-01 3.818781666356442228e-01
2.986862085583666948e-01 3.953755969452138475e-01
2.987062068511553981e-01 4.086244634713991353e-01
2.987262051439441013e-01 4.220011442929180179e-01
2.987462034367328045e-01 4.357948196763156146e-01
2.987662017295215633e-01 4.494801046590707894e-01
2.987862000223102665e-01 4.632941570013379140e-01
2.988061983150989698e-01 4.773583509126275715e-01
2.988261966078876730e-01 4.916745102080113949e-01
2.988461949006764318e-01 5.057792888018805000e-01
2.988661931934651350e-01 5.203143269678900396e-01
2.988861914862538383e-01 5.348863167024531240e-01
2.989061897790425415e-01 5.493642324441353475e-01
2.989261880718313003e-01 5.639251062666814640e-01
2.989461863646200035e-01 5.788739288754271017e-01
2.989661846574087067e-01 5.935849492570482999e-01
2.989861829501974100e-01 6.084728546805789895e-01
2.990061812429861687e-01 6.235036687743115147e-01
2.990261795357748720e-01 6.392082851353172446e-01
2.990461778285635752e-01 6.546448651428424803e-01
2.990661761213522785e-01 6.700182162499306315e-01
2.990861744141410372e-01 6.852493678238497088e-01
2.991061727069297405e-01 7.010329327476919614e-01
2.991261709997184437e-01 7.168936590985518498e-01
2.991461692925071469e-01 7.320702769478621974e-01
2.991661675852959057e-01 7.475303415360242676e-01
2.991861658780846089e-01 7.631275506024141064e-01
2.992061641708733122e-01 7.793962042913025190e-01
2.992261624636620709e-01 7.955906290237929612e-01
2.992461607564507742e-01 8.120360118464055033e-01
2.992661590492394774e-01 8.282865916923308758e-01
2.992861573420281807e-01 8.447119351362432083e-01
2.993061556348169394e-01 8.611936262320336599e-01
2.993261539276056427e-01 8.773317558164799301e-01
2.993461522203943459e-01 8.941887100502965424e-01
2.993661505131830491e-01 9.111285724451980705e-01
2.993861488059718079e-01 9.285868967361018411e-01
2.994061470987605111e-01 9.456119707198130664e-01
2.994261453915492144e-01 9.627701450237488023e-01
2.994461436843379176e-01 9.798353575221988576e-01
2.994661419771266764e-01 9.975190804848961257e-01
2.994861402699153796e-01 1.015090008946883282e+00
2.995061385627040829e-01 1.032782516990870203e+00
2.995261368554927861e-01 1.051172038780604723e+00
2.995461351482815449e-01 1.069552853594631037e+00
2.995661334410702481e-01 1.087844276190272907e+00
2.995861317338589513e-01 1.106374637646867942e+00
2.996061300266476546e-01 1.125074269321338027e+00
2.996261283194364133e-01 1.144222610758154790e+00
2.996461266122251166e-01 1.163588876016673712e+00
2.996661249050138198e-01 1.182696543012703438e+00
2.996861231978025231e-01 1.201529466391468404e+00
2.997061214905912818e-01 1.220896750249555351e+00
2.997261197833799851e-01 1.241107970741833988e+00
2.997461180761686883e-01 1.260828181930343073e+00
2.997661163689573915e-01 1.280248962032398907e+00
2.997861146617461503e-01 1.300240053563437748e+00
2.998061129545348535e-01 1.321240719169217037e+00
2.998261112473235568e-01 1.341739369240321000e+00
2.998461095401122600e-01 1.362786591306188955e+00
2.998661078329010188e-01 1.384574063332375093e+00
2.998861061256897220e-01 1.406546613222169784e+00
2.999061044184784253e-01 1.428480660390422319e+00
2.999261027112671285e-01 1.450599866346568678e+00
2.999461010040558873e-01 1.472511194356332265e+00
2.999660992968445905e-01 1.494702134523123505e+00
2.999860975896332937e-01 1.517527986642362325e+00
3.000060958824219970e-01 1.540150078389213029e+00
3.000260941752107557e-01 1.562947649204708966e+00
3.000460924679994590e-01 1.586263936553071963e+00
3.000660907607881622e-01 1.610398690719289094e+00
3.000860890535769210e-01 1.634370240366550098e+00
3.001060873463656242e-01 1.658113310326431611e+00
3.001260856391543275e-01 1.681958369954958732e+00
3.001460839319430307e-01 1.706221098585142704e+00
3.001660822247317340e-01 1.731562522972874385e+00
3.001860805175204927e-01 1.756891992928839352e+00
3.002060788103091959e-01 1.782669078488547720e+00
3.002260771030978992e-01 1.808398335507371835e+00
3.002460753958866579e-01 1.834412378140070077e+00
3.002660736886753612e-01 1.860571279275004652e+00
3.002860719814640644e-01 1.887106288622291350e+00
3.003060702742527677e-01 1.913444202773310510e+00
3.003260685670415264e-01 1.940385345582945398e+00
3.003460668598302297e-01 1.967810812210714078e+00
3.003660651526189329e-01 1.995688482747394854e+00
3.003860634454076362e-01 2.022924049883090714e+00
3.004060617381963949e-01 2.050545552288413287e+00
3.004260600309850981e-01 2.079588301365119296e+00
3.004460583237738014e-01 2.107556865201526186e+00
3.004660566165625046e-01 2.136846328455474620e+00
3.004860549093512634e-01 2.166100482720792364e+00
3.005060532021399666e-01 2.195774742810890690e+00
3.005260514949286699e-01 2.225970524143596752e+00
3.005460497877173731e-01 2.255292309566541586e+00
3.005660480805061319e-01 2.285414183717088044e+00
3.005860463732948351e-01 2.315561951471197588e+00
3.006060446660835384e-01 2.346649804998133693e+00
3.006260429588722416e-01 2.377500797720836445e+00
3.006460412516610003e-01 2.408396271964471591e+00
3.006660395444497036e-01 2.439632809268564184e+00
3.006860378372384068e-01 2.470358761902514910e+00
3.007060361300271101e-01 2.502462520457214623e+00
3.007260344228158688e-01 2.535152390047282989e+00
3.007460327156045721e-01 2.567786514850865842e+00
3.007660310083932753e-01 2.600201653641177835e+00
3.007860293011819786e-01 2.633497129281237470e+00
3.008060275939707373e-01 2.665815812817000197e+00
3.008260258867594406e-01 2.699369528877603841e+00
3.008460241795481438e-01 2.732567499468365302e+00
3.008660224723368470e-01 2.767367223712821289e+00
3.008860207651256058e-01 2.802918650813973400e+00
3.009060190579143090e-01 2.837919350596404655e+00
3.009260173507030123e-01 2.873224843314817978e+00
3.009460156434917155e-01 2.909390360291656652e+00
3.009660139362804743e-01 2.944970467639736800e+00
3.009860122290691775e-01 2.982059236250691914e+00
3.010060105218578808e-01 3.016798829201575494e+00
3.010260088146465840e-01 3.054905650717396615e+00
3.010460071074353428e-01 3.091633031520101493e+00
3.010660054002240460e-01 3.129246932908722467e+00
3.010860036930127492e-01 3.168753555373196029e+00
3.011060019858015080e-01 3.207217291261891479e+00
3.011260002785902112e-01 3.245606884314994112e+00
3.011459985713789145e-01 3.284649505569753547e+00
3.011659968641676177e-01 3.323425191072221896e+00
3.011859951569563765e-01 3.363835850236502889e+00
3.012059934497450797e-01 3.403494388422717787e+00
3.012259917425337830e-01 3.444452820266226123e+00
3.012459900353224862e-01 3.486278453705038416e+00
3.012659883281112450e-01 3.528232893972656381e+00
3.012859866208999482e-01 3.570136335650842874e+00
3.013059849136886514e-01 3.611132721675675228e+00
3.013259832064773547e-01 3.654696034024804696e+00
3.013459814992661134e-01 3.697873413962978084e+00
3.013659797920548167e-01 3.740225937796517908e+00
3.013859780848435199e-01 3.784297544765193422e+00
3.014059763776322232e-01 3.829130192479013761e+00
3.014259746704209819e-01 3.873090488417824329e+00
3.014459729632096852e-01 3.916342828994732628e+00
3.014659712559983884e-01 3.962006810690317238e+00
3.014859695487870916e-01 4.006751591595417494e+00
3.015059678415758504e-01 4.053192259334379877e+00
3.015259661343645536e-01 4.102110442433604121e+00
3.015459644271532569e-01 4.147825087584761761e+00
3.015659627199419601e-01 4.195747965643609412e+00
3.015859610127307189e-01 4.244329238360977641e+00
3.016059593055194221e-01 4.291432246603656075e+00
3.016259575983081254e-01 4.337546317361890225e+00
3.016459558910968286e-01 4.385133494282102973e+00
3.016659541838855874e-01 4.432800526066579039e+00
3.016859524766742906e-01 4.482444371601989275e+00
3.017059507694629938e-01 4.532807785157060287e+00
3.017259490622516971e-01 4.581908444808965086e+00
3.017459473550404558e-01 4.632233633227146541e+00
3.017659456478291591e-01 4.684292576506585704e+00
3.017859439406178623e-01 4.737656457591418402e+00
3.018059422334065656e-01 4.789593867466781063e+00
3.018259405261953243e-01 4.841589007558590119e+00
3.018459388189840276e-01 4.894418770715879496e+00
3.018659371117727308e-01 4.948155254040671025e+00
3.018859354045614340e-01 5.002320206497529398e+00
3.019059336973501928e-01 5.058814265558726042e+00
3.019259319901388960e-01 5.114532090828544320e+00
3.019459302829275993e-01 5.169507161729386624e+00
3.019659285757163025e-01 5.225148501501488241e+00
3.019859268685050613e-01 5.280080139934893779e+00
3.020059251612937645e-01 5.335019345304343297e+00
3.020259234540824678e-01 5.392776729930824686e+00
3.020459217468711710e-01 5.451177192069034838e+00
3.020659200396599298e-01 5.507805214638004543e+00
3.020859183324486330e-01 5.566621385515733600e+00
3.021059166252373362e-01 5.625991244803016933e+00
3.021259149180260950e-01 5.685105979204601034e+00
3.021459132108147982e-01 5.745742713083830999e+00
3.021659115036035015e-01 5.806051760179131271e+00
3.021859097963922047e-01 5.865788045013311525e+00
3.022059080891809080e-01 5.926062512030910057e+00
3.022259063819696667e-01 5.987259447697867998e+00
3.022459046747583700e-01 6.048233755708602111e+00
3.022659029675470732e-01 6.109649376546610000e+00
3.022859012603358320e-01 6.169166745617395087e+00
3.023058995531245352e-01 6.231484608828958827e+00
3.023258978459132384e-01 6.296914494844408239e+00
3.023458961387019417e-01 6.357763412879744891e+00
3.023658944314907004e-01 6.421894985761656294e+00
3.023858927242794037e-01 6.484821892567198098e+00
3.024058910170681069e-01 6.547712356309868476e+00
3.024258893098568102e-01 6.611710343648979915e+00
3.024458876026455689e-01 6.676313278458124501e+00
3.024658858954342722e-01 6.741474507862807108e+00
3.024858841882229754e-01 6.807990056514421795e+00
3.025058824810116787e-01 6.874820771278434606e+00
3.025258807738004374e-01 6.940325926655410704e+00
3.025458790665891406e-01 7.006740155562362737e+00
3.025658773593778439e-01 7.071938335426314559e+00
3.025858756521665471e-01 7.140055634852465971e+00
3.026058739449553059e-01 7.206983863526699174e+00
3.026258722377440091e-01 7.275252963394247985e+00
3.026458705305327124e-01 7.337855390304749648e+00
3.026658688233214156e-01 7.404836791017998188e+00
3.026858671161101744e-01 7.473557693649518718e+00
3.027058654088988776e-01 7.539288651038376088e+00
3.027258637016875809e-01 7.606436141993095035e+00
3.027458619944762841e-01 7.675772403293239954e+00
3.027658602872650428e-01 7.745545508322906336e+00
3.027858585800537461e-01 7.815689953435588144e+00
3.028058568728424493e-01 7.883485848555168651e+00
3.028258551656311526e-01 7.952732388069929215e+00
3.028458534584199113e-01 8.021839466071009284e+00
3.028658517512086146e-01 8.093322308575842783e+00
3.028858500439973178e-01 8.163176220321775034e+00
3.029058483367860211e-01 8.233222528576689569e+00
3.029258466295747798e-01 8.305364114213391602e+00
3.029458449223634831e-01 8.374832530891557880e+00
3.029658432151521863e-01 8.427263263675344618e+00
3.029858415079409450e-01 8.496403251717829619e+00
3.030058398007296483e-01 8.567544125028469182e+00
3.030258380935183515e-01 8.639756262782690044e+00
3.030458363863070548e-01 8.708745522665799044e+00
3.030658346790957580e-01 8.780316278744260572e+00
3.030858329718845168e-01 8.851195371259931832e+00
3.031058312646732200e-01 8.923496292571266864e+00
3.031258295574619233e-01 8.999723876000034650e+00
3.031458278502506820e-01 9.074343300542462742e+00
3.031658261430393853e-01 9.146019514211406687e+00
3.031858244358280885e-01 9.223581203365661452e+00
3.032058227286167917e-01 9.301005724887945192e+00
3.032258210214055505e-01 9.373266622669211401e+00
3.032458193141942537e-01 9.447553689916940556e+00
3.032658176069829570e-01 9.523888583188201196e+00
3.032858158997716602e-01 9.602579406356515079e+00
3.033058141925604190e-01 9.682704772057428855e+00
3.033258124853491222e-01 9.761808699935853539e+00
3.033458107781378255e-01 9.834007466297045141e+00
3.033658090709265287e-01 9.910698211539084923e+00
3.033858073637152875e-01 9.985387259066902388e+00
3.034058056565039907e-01 1.006517783455677595e+01
3.034258039492926939e-01 1.014409572015310346e+01
3.034458022420813972e-01 1.022680005352576416e+01
3.034658005348701559e-01 1.030752545417019839e+01
3.034857988276588592e-01 1.038970611279914635e+01
3.035057971204475624e-01 1.046812064425411037e+01
3.035257954132362657e-01 1.054518109193536723e+01
3.035457937060250244e-01 1.062646240769349326e+01
3.035657919988137277e-01 1.070837598933133172e+01
3.035857902916024309e-01 1.079334283942568185e+01
3.036057885843911341e-01 1.087140680723461550e+01
3.036257868771798929e-01 1.095928454206229397e+01
3.036457851699685961e-01 1.104350789323364879e+01
3.036657834627572994e-01 1.107806355624688877e+01
3.036857817555460026e-01 1.115617607963655722e+01
3.037057800483347614e-01 1.123522184772944854e+01
3.037257783411234646e-01 1.131869763217530434e+01
3.037457766339121679e-01 1.139970398504369165e+01
3.037657749267008711e-01 1.148275150109911813e+01
3.037857732194896299e-01 1.155867520907157164e+01
3.038057715122783331e-01 1.164279610356398287e+01
3.038257698050670363e-01 1.172565497321876116e+01
3.038457680978557396e-01 1.180921619614436757e+01
3.038657663906444983e-01 1.190112149976902600e+01
3.038857646834332016e-01 1.198896635110051712e+01
3.039057629762219048e-01 1.206507146412690901e+01
3.039257612690106081e-01 1.214735047015944858e+01
3.039457595617993668e-01 1.223219966273339665e+01
3.039657578545880701e-01 1.231029842089345827e+01
3.039857561473767733e-01 1.240355182596808348e+01
3.040057544401655321e-01 1.248211602118891150e+01
3.040257527329542353e-01 1.257038612588159054e+01
3.040457510257429385e-01 1.264796333036312426e+01
3.040657493185316418e-01 1.272713338053612908e+01
3.040857476113203450e-01 1.281011520759708588e+01
3.041057459041091038e-01 1.288764555773427922e+01
3.041257441968978070e-01 1.296994359678501851e+01
3.041457424896865103e-01 1.305813033229449260e+01
3.041657407824752690e-01 1.313714961079217503e+01
3.041857390752639723e-01 1.323303405754858630e+01
3.042057373680526755e-01 1.330374697666598038e+01
3.042257356608413787e-01 1.338555666040990033e+01
3.042457339536301375e-01 1.346160325302326832e+01
3.042657322464188407e-01 1.353711622853833418e+01
3.042857305392075440e-01 1.361738701198886581e+01
3.043057288319962472e-01 1.370121384289916477e+01
3.043257271247850060e-01 1.377486044504069618e+01
3.043457254175737092e-01 1.385825309106468417e+01
3.043657237103624125e-01 1.393569653635067418e+01
3.043857220031511157e-01 1.402516724464002884e+01
3.044057202959398745e-01 1.409954452397814251e+01
3.044257185887285777e-01 1.418126234622141624e+01
3.044457168815172809e-01 1.425887014621581805e+01
3.044657151743059842e-01 1.433670024306794311e+01
3.044857134670947429e-01 1.444185092514289792e+01
3.045057117598834462e-01 1.451389464534285700e+01
3.045257100526721494e-01 1.458649945570997808e+01
3.045457083454608527e-01 1.468648539106650119e+01
3.045657066382496114e-01 1.476800074450957645e+01
3.045857049310383147e-01 1.484879774494105220e+01
3.046057032238270179e-01 1.493833685697011582e+01
3.046257015166157212e-01 1.503809946495871763e+01
3.046456998094044799e-01 1.512563355837491130e+01
3.046656981021931831e-01 1.521556014079685681e+01
3.046856963949818864e-01 1.528749002092393816e+01
3.047056946877705896e-01 1.536509371710188177e+01
3.047256929805593484e-01 1.548359938463171837e+01
3.047456912733480516e-01 1.555549838656235728e+01
3.047656895661367549e-01 1.564706400581548174e+01
3.047856878589254581e-01 1.575846444904346910e+01
3.048056861517142169e-01 1.587555982631998752e+01
3.048256844445029201e-01 1.597664770326414718e+01
3.048456827372916234e-01 1.607627151237446483e+01
3.048656810300803266e-01 1.617624019794301660e+01
3.048856793228690854e-01 1.624600933434779293e+01
3.049056776156577886e-01 1.635750069605260393e+01
3.049256759084464918e-01 1.646084746481845329e+01
3.049456742012351951e-01 1.653653785757507322e+01
3.049656724940239538e-01 1.660799444599017249e+01
3.049856707868126571e-01 1.670103807701615750e+01
3.050056690796013603e-01 1.679047336902215548e+01
3.050256673723901191e-01 1.688085816136536010e+01
3.050456656651788223e-01 1.695614526491789675e+01
3.050656639579675256e-01 1.705675594781754967e+01
3.050856622507562288e-01 1.713433725648582495e+01
3.051056605435449320e-01 1.721373486145804321e+01
3.051256588363336908e-01 1.732366159657046012e+01
3.051456571291223940e-01 1.742629195815521115e+01
3.051656554219110973e-01 1.754024809655112094e+01
3.051856537146998560e-01 1.766611713591316146e+01
3.052056520074885593e-01 1.774894868631860589e+01
3.052256503002772625e-01 1.783395382088441039e+01
3.052456485930659658e-01 1.795532240024904880e+01
3.052656468858547245e-01 1.804301085531793092e+01
3.052856451786434278e-01 1.813298842634771546e+01
3.053056434714321310e-01 1.822526939515305600e+01
3.053256417642208342e-01 1.831986857557869186e+01
3.053456400570095930e-01 1.841680130503042889e+01
3.053656383497982962e-01 1.853167063206444354e+01
3.053856366425869995e-01 1.863148330075559755e+01
3.054056349353757027e-01 1.873361647111138240e+01
3.054256332281644615e-01 1.885978270124875067e+01
3.054456315209531647e-01 1.899017816896629185e+01
3.054656298137418680e-01 1.913721505549484547e+01
3.054856281065305712e-01 1.924482746822808110e+01
3.055056263993193300e-01 1.935496350409336586e+01
3.055256246921080332e-01 1.952531359142126277e+01
3.055456229848967364e-01 1.963787004672525427e+01
3.055656212776854397e-01 1.975307223240189103e+01
3.055856195704741984e-01 1.990937358996702855e+01
3.056056178632629017e-01 2.002815012759533175e+01
3.056256161560516049e-01 2.014965075580549581e+01
3.056456144488403082e-01 2.027387793560435369e+01
3.056656127416290669e-01 2.040083410047767742e+01
3.056856110344177702e-01 2.053052164112260414e+01
3.057056093272064734e-01 2.066294289038234311e+01
3.057256076199951766e-01 2.079810010843333146e+01
3.057456059127839354e-01 2.093599546827564595e+01
3.057656042055726386e-01 2.107663104157787970e+01
3.057856024983613419e-01 2.122000878492722009e+01
3.058056007911500451e-01 2.136613052653478562e+01
3.058255990839388039e-01 2.160814720751439921e+01
3.058455973767275071e-01 2.175616970429528507e+01
3.058655956695162104e-01 2.190705487123637241e+01
3.058855939623049691e-01 2.206080165001670679e+01
3.059055922550936724e-01 2.221740877254132585e+01
3.059255905478823756e-01 2.237687475441679297e+01
3.059455888406710788e-01 2.253919788922849676e+01
3.059655871334597821e-01 2.270437624362814688e+01
3.059855854262485408e-01 2.287240765323542391e+01
3.060055837190372441e-01 2.304328971935284187e+01
3.060255820118259473e-01 2.328401543195656487e+01
3.060455803046147061e-01 2.345840919407892144e+01
3.060655785974034093e-01 2.363570253760182283e+01
3.060855768901921126e-01 2.381589133293250171e+01
3.061055751829808158e-01 2.399897118303886501e+01
3.061255734757695746e-01 2.428237380332796391e+01
3.061455717685582778e-01 2.501115039771181614e+01
3.061655700613469810e-01 2.518273831540075847e+01
3.061855683541356843e-01 2.535777372958222031e+01
3.062055666469244430e-01 2.553623783130398195e+01
3.062255649397131463e-01 2.571811169144058695e+01
3.062455632325018495e-01 2.590337627652459673e+01
3.062655615252905528e-01 2.609201246447660694e+01
3.062855598180793115e-01 2.628400106018042237e+01
3.063055581108680148e-01 2.647932281085181572e+01
3.063255564036567180e-01 2.667795842115148020e+01
3.063455546964454212e-01 2.687988856799520221e+01
3.063655529892341800e-01 2.708509391501667807e+01
3.063855512820228832e-01 2.729355512664119487e+01
3.064055495748115865e-01 2.750525288173093941e+01
3.064255478676002897e-01 2.772016788676549126e+01
3.064455461603890485e-01 2.793828088852380631e+01
3.064655444531777517e-01 2.815957268623674636e+01
3.064855427459664550e-01 2.838402414318181854e+01
3.065055410387551582e-01 2.861161619769444897e+01
3.065255393315439170e-01 2.884232987357264122e+01
3.065455376243326202e-01 2.907614628985416161e+01
3.065655359171213235e-01 2.931304666994772745e+01
3.065855342099100267e-01 2.955301235010168526e+01
3.066055325026987854e-01 2.979602478719552039e+01
3.066255307954874887e-01 3.004206556584134091e+01
3.066455290882761919e-01 3.029111640478373246e+01
3.066655273810648952e-01 3.054315916258785890e+01
3.066855256738536539e-01 3.079817584260636565e+01
3.067055239666423572e-01 3.105614859721666932e+01
3.067255222594310604e-01 3.131705973132036647e+01
3.067455205522197637e-01 3.158089170509684962e+01
3.067655188450085224e-01 3.184762713600293438e+01
3.067855171377972257e-01 3.211724880000996052e+01
3.068055154305859289e-01 3.238973963206887419e+01
3.068255137233746321e-01 3.266508272579284977e+01
3.068455120161633909e-01 8.289306334778564178e+01
3.068655103089520941e-01 8.289306334778564178e+01
3.068855086017407974e-01 8.289306334778564178e+01
3.069055068945295561e-01 8.289306334778564178e+01
3.069255051873182594e-01 8.289306334778564178e+01
3.069455034801069626e-01 8.289306334778564178e+01
