2.854197899617152423e-01 8.289306334778564178e+01
2.854511269347059232e-01 8.289306334778564178e+01
2.854824639076966042e-01 8.289306334778564178e+01
2.855138008806872296e-01 8.289306334778564178e+01
2.855451378536779106e-01 8.289306334778564178e+01
2.855764748266685915e-01 8.289306334778564178e+01
2.856078117996592725e-01 8.289306334778564178e+01
2.856391487726499534e-01 8.289306334778564178e+01
2.856704857456406343e-01 8.289306334778564178e+01
2.857018227186312598e-01 8.289306334778564178e+01
2.857331596916219407e-01 8.289306334778564178e+01
2.857644966646126217e-01 8.289306334778564178e+01
2.857958336376033026e-01 8.289306334778564178e+01
2.858271706105939836e-01 8.289306334778564178e+01
2.858585075835846645e-01 8.289306334778564178e+01
2.858898445565752899e-01 8.289306334778564178e+01
2.859211815295659709e-01 8.289306334778564178e+01
2.859525185025566518e-01 8.289306334778564178e+01
2.859838554755473328e-01 8.289306334778564178e+01
2.860151924485380137e-01 8.289306334778564178e+01
2.860465294215286947e-01 8.289306334778564178e+01
2.860778663945193201e-01 8.289306334778564178e+01
2.861092033675100010e-01 8.289306334778564178e+01
2.861405403405006820e-01 8.289306334778564178e+01
2.861718773134913629e-01 8.289306334778564178e+01
2.862032142864820439e-01 8.289306334778564178e+01
2.862345512594727248e-01 8.289306334778564178e+01
2.862658882324633502e-01 8.289306334778564178e+01
2.862972252054540312e-01 8.289306334778564178e+01
2.863285621784447121e-01 8.289306334778564178e+01
2.863598991514353931e-01 8.289306334778564178e+01
2.863912361244260740e-01 8.289306334778564178e+01
2.864225730974167550e-01 8.289306334778564178e+01
2.864539100704073804e-01 8.289306334778564178e+01
2.864852470433980614e-01 8.289306334778564178e+01
2.865165840163887423e-01 8.289306334778564178e+01
2.865479209893794232e-01 8.289306334778564178e+01
2.865792579623701042e-01 8.289306334778564178e+01
2.866105949353607851e-01 8.289306334778564178e+01
2.866419319083514106e-01 8.289306334778564178e+01
2.866732688813420915e-01 8.289306334778564178e+01
2.867046058543327725e-01 8.289306334778564178e+01
2.867359428273234534e-01 8.289306334778564178e+01
2.867672798003141343e-01 8.289306334778564178e+01
2.867986167733047598e-01 8.289306334778564178e+01
2.868299537462954407e-01 8.289306334778564178e+01
2.868612907192861217e-01 8.289306334778564178e+01
2.868926276922768026e-01 8.289306334778564178e+01
2.869239646652674836e-01 8.289306334778564178e+01
2.869553016382581645e-01 8.289306334778564178e+01
2.869866386112487899e-01 8.289306334778564178e+01
2.870179755842394709e-01 8.289306334778564178e+01
2.870493125572301518e-01 8.289306334778564178e+01
2.870806495302208328e-01 8.289306334778564178e+01
2.871119865032115137e-01 8.289306334778564178e+01
2.871433234762021947e-01 8.289306334778564178e+01
2.871746604491928201e-01 8.289306334778564178e+01
2.872059974221835010e-01 8.289306334778564178e+01
2.872373343951741820e-01 8.289306334778564178e+01
2.872686713681648629e-01 8.289306334778564178e+01
2.873000083411555439e-01 8.289306334778564178e+01
2.873313453141462248e-01 8.289306334778564178e+01
2.873626822871368502e-01 8.289306334778564178e+01
2.873940192601275312e-01 8.289306334778564178e+01
2.874253562331182121e-01 8.289306334778564178e+01
2.874566932061088931e-01 8.289306334778564178e+01
2.874880301790995740e-01 8.289306334778564178e+01
2.875193671520902550e-01 8.289306334778564178e+01
2.875507041250808804e-01 8.289306334778564178e+01
2.875820410980715613e-01 8.289306334778564178e+01
2.876133780710622423e-01 8.289306334778564178e+01
2.876447150440529232e-01 8.289306334778564178e+01
2.876760520170436042e-01 8.289306334778564178e+01
2.877073889900342851e-01 8.289306334778564178e+01
2.877387259630249106e-01 8.289306334778564178e+01
2.877700629360155915e-01 8.289306334778564178e+01
2.878013999090062724e-01 8.289306334778564178e+01
2.878327368819969534e-01 8.289306334778564178e+01
2.878640738549876343e-01 8.289306334778564178e+01
2.878954108279782598e-01 8.289306334778564178e+01
2.879267478009689407e-01 8.289306334778564178e+01
2.879580847739596217e-01 8.289306334778564178e+01
2.879894217469503026e-01 8.289306334778564178e+01
2.880207587199409835e-01 8.289306334778564178e+01
2.880520956929316645e-01 8.289306334778564178e+01
2.880834326659222899e-01 8.289306334778564178e+01
2.881147696389129709e-01 8.289306334778564178e+01
2.881461066119036518e-01 8.289306334778564178e+01
2.881774435848943328e-01 8.289306334778564178e+01
2.882087805578850137e-01 8.289306334778564178e+01
2.882401175308756947e-01 4.099482249601178552e+01
2.882714545038663201e-01 3.486582068655869193e+01
2.883027914768570010e-01 3.294162925466729064e+01
2.883341284498476820e-01 3.124831129299407451e+01
2.883654654228383629e-01 3.005835045194640642e+01
2.883968023958290439e-01 2.917548646842033477e+01
2.884281393688197248e-01 2.859245007931205507e+01
2.884594763418103502e-01 2.793364892551967671e+01
2.884908133148010312e-01 2.741507423905864016e+01
2.885221502877917121e-01 2.661704435013199088e+01
2.885534872607823931e-01 2.622230055893188805e+01
2.885848242337730740e-01 2.574611249070378705e+01
2.886161612067637550e-01 2.531047073482369214e+01
2.886474981797543804e-01 2.493685317551582159e+01
2.886788351527450613e-01 2.443056466227776014e+01
2.887101721257357423e-01 2.403472916202025544e+01
2.887415090987264232e-01 2.360133486175894291e+01
2.887728460717171042e-01 2.318210096934040365e+01
2.888041830447077851e-01 2.260279803204326754e+01
2.888355200176984106e-01 2.213798308705887052e+01
2.888668569906890915e-01 2.177242944319952400e+01
2.888981939636797724e-01 2.134544019657506553e+01
2.889295309366704534e-01 2.098599696572424733e+01
2.889608679096611343e-01 2.053270969709700466e+01
2.889922048826517598e-01 2.013797030541151400e+01
2.890235418556424407e-01 1.979374967932398377e+01
2.890548788286331217e-01 1.942596593763730084e+01
2.890862158016238026e-01 1.906855801259446892e+01
2.891175527746144835e-01 1.869497874088864720e+01
2.891488897476051645e-01 1.836678918278289885e+01
2.891802267205957899e-01 1.801477158677701595e+01
2.892115636935864709e-01 1.772402409823676450e+01
2.892429006665771518e-01 1.740473303888646939e+01
2.892742376395678328e-01 1.710169399765299758e+01
2.893055746125585137e-01 1.680492310367551312e+01
2.893369115855491946e-01 1.650295782359324903e+01
2.893682485585398201e-01 1.620842467982502910e+01
2.893995855315305010e-01 1.595438467097955559e+01
2.894309225045211820e-01 1.569981453539219984e+01
2.894622594775118629e-01 1.542710697858520064e+01
2.894935964505025439e-01 1.518204712627878550e+01
2.895249334234932248e-01 1.492943804964345311e+01
2.895562703964838502e-01 1.467186817830980239e+01
2.895876073694745312e-01 1.444173147772112031e+01
2.896189443424652121e-01 1.420813418162233788e+01
2.896502813154558931e-01 1.396186607964815352e+01
2.896816182884465740e-01 1.374412254139300948e+01
2.897129552614372550e-01 1.352275419075689378e+01
2.897442922344278804e-01 1.330310622489654016e+01
2.897756292074185613e-01 1.309604040887389864e+01
2.898069661804092423e-01 1.290048244163006608e+01
2.898383031533999232e-01 1.270057751568027626e+01
2.898696401263906042e-01 1.250439126219829511e+01
2.899009770993812851e-01 1.231765059704821574e+01
2.899323140723719106e-01 1.213919573031952481e+01
2.899636510453625915e-01 1.195870211026991115e+01
2.899949880183532724e-01 1.178429774250733431e+01
2.900263249913439534e-01 1.161813478321116477e+01
2.900576619643346343e-01 1.144953980072572541e+01
2.900889989373253153e-01 1.129412854910385455e+01
2.901203359103159407e-01 1.114206550306086640e+01
2.901516728833066217e-01 1.099841244472873392e+01
2.901830098562973026e-01 1.084811287319914364e+01
2.902143468292879835e-01 1.070001519563125214e+01
2.902456838022786645e-01 1.055890273917640343e+01
2.902770207752692899e-01 1.041595018451486787e+01
2.903083577482599709e-01 1.028345942072873775e+01
2.903396947212506518e-01 1.015482031112844474e+01
2.903710316942413328e-01 1.002752887039750362e+01
2.904023686672320137e-01 9.908086550750464738e+00
2.904337056402226946e-01 9.794068100403144683e+00
2.904650426132133201e-01 9.679512668075558324e+00
2.904963795862040010e-01 9.573353576222890737e+00
2.905277165591946820e-01 9.466231612620934044e+00
2.905590535321853629e-01 9.361470917168702499e+00
2.905903905051760439e-01 9.262771270859420980e+00
2.906217274781667248e-01 9.164720281304473914e+00
2.906530644511573502e-01 9.067817260750866026e+00
2.906844014241480312e-01 8.979069530887359818e+00
2.907157383971387121e-01 8.889924783998857549e+00
2.907470753701293931e-01 8.806909979738449579e+00
2.907784123431200740e-01 8.718671585033153093e+00
2.908097493161107550e-01 8.637647499201101198e+00
2.908410862891013804e-01 8.553734787457782929e+00
2.908724232620920613e-01 8.481184377237958927e+00
2.909037602350827423e-01 8.406831849476130714e+00
2.909350972080734232e-01 8.332991860959154451e+00
2.909664341810641042e-01 8.262934939169790383e+00
2.909977711540547851e-01 8.191069346303509136e+00
2.910291081270454105e-01 8.126458237262001560e+00
2.910604451000360915e-01 8.061916262771148922e+00
2.910917820730267724e-01 7.999000215362304544e+00
2.911231190460174534e-01 7.940054122410256987e+00
2.911544560190081343e-01 7.884757139497740042e+00
2.911857929919988153e-01 7.832370011221467365e+00
2.912171299649894407e-01 7.777174894733482446e+00
2.912484669379801216e-01 7.722761040595524484e+00
2.912798039109708026e-01 7.669091258022378454e+00
2.913111408839614835e-01 7.615641118883483607e+00
2.913424778569521645e-01 7.564521882809424724e+00
2.913738148299428454e-01 7.513482401519907761e+00
2.914051518029334709e-01 7.467040705697662872e+00
2.914364887759241518e-01 7.419692122338007678e+00
2.914678257489148328e-01 7.375580945641122099e+00
2.914991627219055137e-01 7.330843432018601113e+00
2.915304996948961946e-01 7.284829851010686141e+00
2.915618366678868201e-01 7.242929358685310959e+00
2.915931736408775010e-01 7.197592299183738440e+00
2.916245106138681820e-01 7.150851453360005827e+00
2.916558475868588629e-01 7.109385329329806602e+00
2.916871845598495439e-01 7.069565484302894554e+00
2.917185215328402248e-01 7.025635861510529878e+00
2.917498585058308502e-01 6.982847319547908604e+00
2.917811954788215312e-01 6.942598588758853495e+00
2.918125324518122121e-01 6.904341431306907140e+00
2.918438694248028931e-01 6.869418029022345884e+00
2.918752063977935740e-01 6.829298320143553092e+00
2.919065433707842550e-01 6.790429856418034760e+00
2.919378803437748804e-01 6.753356029992763077e+00
2.919692173167655613e-01 6.714582035608197330e+00
2.920005542897562423e-01 6.673899961607864917e+00
2.920318912627469232e-01 6.634109119024059531e+00
2.920632282357376042e-01 6.592333201132871245e+00
2.920945652087282851e-01 6.553205389197875874e+00
2.921259021817189105e-01 6.510087592559976599e+00
2.921572391547095915e-01 6.470050772928852112e+00
2.921885761277002724e-01 6.426381269708179467e+00
2.922199131006909534e-01 6.384229128386235352e+00
2.922512500736816343e-01 6.340460477791451055e+00
2.922825870466723153e-01 6.298025655667085054e+00
2.923139240196629407e-01 6.255996877801244693e+00
2.923452609926536216e-01 6.218323659880197418e+00
2.923765979656443026e-01 6.176962722640236159e+00
2.924079349386349835e-01 6.132998960524250087e+00
2.924392719116256645e-01 6.088569309841159516e+00
2.924706088846163454e-01 6.044020458812965124e+00
2.925019458576069709e-01 6.002264712282449288e+00
2.925332828305976518e-01 5.961085667046694958e+00
2.925646198035883327e-01 5.915241277023172373e+00
2.925959567765790137e-01 5.871537397882887532e+00
2.926272937495696946e-01 5.827877483778420853e+00
2.926586307225603756e-01 5.784481298635891555e+00
2.926899676955510010e-01 5.738924313511829745e+00
2.927213046685416820e-01 5.693062732745424626e+00
2.927526416415323629e-01 5.646444063700821303e+00
2.927839786145230438e-01 5.601978678281189339e+00
2.928153155875137248e-01 5.556913339531858398e+00
2.928466525605043502e-01 5.512263663470220898e+00
2.928779895334950312e-01 5.468734492533206648e+00
2.929093265064857121e-01 5.426057543181235232e+00
2.929406634794763931e-01 5.381459263615675503e+00
2.929720004524670740e-01 5.336999394327371249e+00
2.930033374254577550e-01 5.292103443553552999e+00
2.930346743984483804e-01 5.246832978638940936e+00
2.930660113714390613e-01 5.203994025997647377e+00
2.930973483444297423e-01 5.160038128882343145e+00
2.931286853174204232e-01 5.116564729670793454e+00
2.931600222904111042e-01 5.071183340449424648e+00
2.931913592634017851e-01 5.030468098552525191e+00
2.932226962363924105e-01 4.987294686904284902e+00
2.932540332093830915e-01 4.946400868358622027e+00
2.932853701823737724e-01 4.904248526787501561e+00
2.933167071553644534e-01 4.863574572816968811e+00
2.933480441283551343e-01 4.823423470501001731e+00
2.933793811013458153e-01 4.783458348221346412e+00
2.934107180743364407e-01 4.745656655970119431e+00
2.934420550473271216e-01 4.706095084976149145e+00
2.934733920203178026e-01 4.667492455621101932e+00
2.935047289933084835e-01 4.630915949333267001e+00
2.935360659662991645e-01 4.591428372811414249e+00
2.935674029392898454e-01 4.555013363726675202e+00
2.935987399122804709e-01 4.518455658942855280e+00
2.936300768852711518e-01 4.481546959188968948e+00
2.936614138582618327e-01 4.446593267179657083e+00
2.936927508312525137e-01 4.409321907697834497e+00
2.937240878042431946e-01 4.376817804526493383e+00
2.937554247772338201e-01 4.343899377440743947e+00
2.937867617502245010e-01 4.309026717571756926e+00
2.938180987232151820e-01 4.277515102233054201e+00
2.938494356962058629e-01 4.245100645778397741e+00
2.938807726691965438e-01 4.212991499311632637e+00
2.939121096421872248e-01 4.179833086180130941e+00
2.939434466151778502e-01 4.147364692933021679e+00
2.939747835881685312e-01 4.115193301510736035e+00
2.940061205611592121e-01 4.082630396435432019e+00
2.940374575341498931e-01 4.051336172633210886e+00
2.940687945071405740e-01 4.019084973958941376e+00
2.941001314801312549e-01 3.988639358154320913e+00
2.941314684531218804e-01 3.956098639882403845e+00
2.941628054261125613e-01 3.926162370398809554e+00
2.941941423991032423e-01 3.895078449152911126e+00
2.942254793720939232e-01 3.863774247819656171e+00
2.942568163450846042e-01 3.832931600727672361e+00
2.942881533180752851e-01 3.801184117986628586e+00
2.943194902910659105e-01 3.772470246418672790e+00
2.943508272640565915e-01 3.741214562660566401e+00
2.943821642370472724e-01 3.711735115007925856e+00
2.944135012100379534e-01 3.679512759488543949e+00
2.944448381830286343e-01 3.649104240428212353e+00
2.944761751560193153e-01 3.618603086930934243e+00
2.945075121290099407e-01 3.588726852728032934e+00
2.945388491020006216e-01 3.559977809238961122e+00
2.945701860749913026e-01 3.528818575365274324e+00
2.946015230479819835e-01 3.498124565535881914e+00
2.946328600209726645e-01 3.467255443999146092e+00
2.946641969939633454e-01 3.435819642870737489e+00
2.946955339669539709e-01 3.404271810231096929e+00
2.947268709399446518e-01 3.372103999837074984e+00
2.947582079129353327e-01 3.341898103199118175e+00
2.947895448859260137e-01 3.311169492398650327e+00
2.948208818589166946e-01 3.279812923205343012e+00
2.948522188319073756e-01 3.249467021262611333e+00
2.948835558048980010e-01 3.219267842229716958e+00
2.949148927778886820e-01 3.189241199340051125e+00
2.949462297508793629e-01 3.156918350423209230e+00
2.949775667238700438e-01 3.126125803533689851e+00
2.950089036968607248e-01 3.092949825764585992e+00
2.950402406698513502e-01 3.061776516028170469e+00
2.950715776428420312e-01 3.030296914141278108e+00
2.951029146158327121e-01 2.998353477361438202e+00
2.951342515888233931e-01 2.968986013027483217e+00
2.951655885618140740e-01 2.939053011056879328e+00
2.951969255348047549e-01 2.906578638106775969e+00
2.952282625077953804e-01 2.875194799009656688e+00
2.952595994807860613e-01 2.844933979840944982e+00
2.952909364537767423e-01 2.814314261947165718e+00
2.953222734267674232e-01 2.783046426896647496e+00
2.953536103997581042e-01 2.752682204246255981e+00
2.953849473727487851e-01 2.721703699405936039e+00
2.954162843457394105e-01 2.691955362396953877e+00
2.954476213187300915e-01 2.662662323384859420e+00
2.954789582917207724e-01 2.632816868030016355e+00
2.955102952647114534e-01 2.603018367737279792e+00
2.955416322377021343e-01 2.574185533672743276e+00
2.955729692106928153e-01 2.545498006577683991e+00
2.956043061836834407e-01 2.519196079514118836e+00
2.956356431566741216e-01 2.490314900464715375e+00
2.956669801296648026e-01 2.463889038199463144e+00
2.956983171026554835e-01 2.436090351082005778e+00
2.957296540756461645e-01 2.410012981306826507e+00
2.957609910486368454e-01 2.384593652330293523e+00
2.957923280216274708e-01 2.358974603254381464e+00
2.958236649946181518e-01 2.334083443698394600e+00
2.958550019676088327e-01 2.308502544889392105e+00
2.958863389405995137e-01 2.283887830189470503e+00
2.959176759135901946e-01 2.259652715351410546e+00
2.959490128865808756e-01 2.235831626716601406e+00
2.959803498595715010e-01 2.213246475607708597e+00
2.960116868325621819e-01 2.189084129401154932e+00
2.960430238055528629e-01 2.165345091243066733e+00
2.960743607785435438e-01 2.142154527786120255e+00
2.961056977515342248e-01 2.120074949257197972e+00
2.961370347245249057e-01 2.097944888535725472e+00
2.961683716975155312e-01 2.075289355748199505e+00
2.961997086705062121e-01 2.054039335519448173e+00
2.962310456434968930e-01 2.031839204781010100e+00
2.962623826164875740e-01 2.010964153597802451e+00
2.962937195894782549e-01 1.990492676338000200e+00
2.963250565624688804e-01 1.969364769197563758e+00
2.963563935354595613e-01 1.948383366505662906e+00
2.963877305084502423e-01 1.927411107271766788e+00
2.964190674814409232e-01 1.906124742161525720e+00
2.964504044544316042e-01 1.885266313784650150e+00
2.964817414274222851e-01 1.863816659966209377e+00
2.965130784004129105e-01 1.842888453626490453e+00
2.965444153734035915e-01 1.823303996835077490e+00
2.965757523463942724e-01 1.802476044292589341e+00
2.966070893193849534e-01 1.781268375916438940e+00
2.966384262923756343e-01 1.761586583375722048e+00
2.966697632653663153e-01 1.740382711783571734e+00
2.967011002383569407e-01 1.720216836942972005e+00
2.967324372113476216e-01 1.699055822694315543e+00
2.967637741843383026e-01 1.676478368037368050e+00
2.967951111573289835e-01 1.655381590086476118e+00
2.968264481303196645e-01 1.632999382291680845e+00
2.968577851033103454e-01 1.611018130667130288e+00
2.968891220763009708e-01 1.588641298429892768e+00
2.969204590492916518e-01 1.566869426868609638e+00
2.969517960222823327e-01 1.544793504779176985e+00
2.969831329952730137e-01 1.522848746409112497e+00
2.970144699682636946e-01 1.500570430612358841e+00
2.970458069412543756e-01 1.478118928806007260e+00
2.970771439142450010e-01 1.456460992328611148e+00
2.971084808872356819e-01 1.434071935193557135e+00
2.971398178602263629e-01 1.411781687055792656e+00
2.971711548332170438e-01 1.389217281285086925e+00
2.972024918062077248e-01 1.366493486830026471e+00
2.972338287791984057e-01 1.344576612209775535e+00
2.972651657521890312e-01 1.321351218693250562e+00
2.972965027251797121e-01 1.298789770090379214e+00
2.973278396981703930e-01 1.277128558824552007e+00
2.973591766711610740e-01 1.254841652175945788e+00
2.973905136441517549e-01 1.232675926584065218e+00
2.974218506171424359e-01 1.210534801305050090e+00
2.974531875901330613e-01 1.189143007252289941e+00
2.974845245631237423e-01 1.167483171585999902e+00
2.975158615361144232e-01 1.145790523643112735e+00
2.975471985091051041e-01 1.125320721970635818e+00
2.975785354820957851e-01 1.104116577580454894e+00
2.976098724550864105e-01 1.084471027094060736e+00
2.976412094280770915e-01 1.063733943989152442e+00
2.976725464010677724e-01 1.044464531692163911e+00
2.977038833740584534e-01 1.024503864503229167e+00
2.977352203470491343e-01 1.005530612196346762e+00
2.977665573200398152e-01 9.864178175699546136e-01
2.977978942930304407e-01 9.675099100152632081e-01
2.978292312660211216e-01 9.500075377809944488e-01
2.978605682390118026e-01 9.321424234321454838e-01
2.978919052120024835e-01 9.150325503604710420e-01
2.979232421849931645e-01 8.979940740396640253e-01
2.979545791579838454e-01 8.814180747908856306e-01
2.979859161309744708e-01 8.651645586728008430e-01
2.980172531039651518e-01 8.496813244519720865e-01
2.980485900769558327e-01 8.340267861878016831e-01
2.980799270499465137e-01 8.185386397085377963e-01
2.981112640229371946e-01 8.038289610704516530e-01
2.981426009959278756e-01 7.888105422561695335e-01
2.981739379689185010e-01 7.746229161711682965e-01
2.982052749419091819e-01 7.610088528930381013e-01
2.982366119148998629e-01 7.465217423647423356e-01
2.982679488878905438e-01 7.330270703992441961e-01
2.982992858608812248e-01 7.196606493760745460e-01
2.983306228338719057e-01 7.068317279608002934e-01
2.983619598068625312e-01 6.949835839289875139e-01
2.983932967798532121e-01 6.825343406379724698e-01
2.984246337528438930e-01 6.700253774816972152e-01
2.984559707258345740e-01 6.573881499671685447e-01
2.984873076988252549e-01 6.455171618583956938e-01
2.985186446718158804e-01 6.335181215540475197e-01
2.985499816448065613e-01 6.224797798763821444e-01
2.985813186177972423e-01 6.106668831693168320e-01
2.986126555907879232e-01 5.996982244932441697e-01
2.986439925637786041e-01 5.882463113782833153e-01
2.986753295367692851e-01 5.766366882120912418e-01
2.987066665097599660e-01 5.649359554611674827e-01
2.987380034827505915e-01 5.538600853047335182e-01
2.987693404557412724e-01 5.426448250764162040e-01
2.988006774287319534e-01 5.316152695977592879e-01
2.988320144017226343e-01 5.199088590806713039e-01
2.988633513747133152e-01 5.087231642831291367e-01
2.988946883477039407e-01 4.968972824381471809e-01
2.989260253206946216e-01 4.846517293262186943e-01
2.989573622936853026e-01 4.729585534986300854e-01
2.989886992666759835e-01 4.602386155967206904e-01
2.990200362396666645e-01 4.479101364619615944e-01
2.990513732126573454e-01 4.363646047975800468e-01
2.990827101856479708e-01 4.247371093027491606e-01
2.991140471586386518e-01 4.129800389368531999e-01
2.991453841316293327e-01 4.004595978363030828e-01
2.991767211046200137e-01 3.886430271951015758e-01
2.992080580776106946e-01 3.755969622108384920e-01
2.992393950506013756e-01 3.636800657753648802e-01
2.992707320235920010e-01 3.514009852515989629e-01
2.993020689965826819e-01 3.393694853718913218e-01
2.993334059695733629e-01 3.276689643749272074e-01
2.993647429425640438e-01 3.151705099613163474e-01
2.993960799155547248e-01 3.031783836046237357e-01
2.994274168885454057e-01 2.907525630888448398e-01
2.994587538615360311e-01 2.795656139002050122e-01
2.994900908345267121e-01 2.681723784715552283e-01
2.995214278075173930e-01 2.563443253319035442e-01
2.995527647805080740e-01 2.454626847597442818e-01
2.995841017534987549e-01 2.346554731648020364e-01
2.996154387264894359e-01 2.232226683380680865e-01
2.996467756994800613e-01 2.125598725306455106e-01
2.996781126724707423e-01 2.022132341730278893e-01
2.997094496454614232e-01 1.914564410371757952e-01
2.997407866184521041e-01 1.810157130261211000e-01
2.997721235914427851e-01 1.717871818219912916e-01
2.998034605644334105e-01 1.626318319505830889e-01
2.998347975374240915e-01 1.526128785696671819e-01
2.998661345104147724e-01 1.440940966340156226e-01
2.998974714834054534e-01 1.354384113903979725e-01
2.999288084563961343e-01 1.271368928735791548e-01
2.999601454293868152e-01 1.193703998508408026e-01
2.999914824023774407e-01 1.114536113748679502e-01
3.000228193753681216e-01 1.038525060327157440e-01
3.000541563483588026e-01 9.654592304621266441e-02
3.000854933213494835e-01 9.009177101416042388e-02
3.001168302943401645e-01 8.361494617710868438e-02
3.001481672673308454e-01 7.766818617711189476e-02
3.001795042403214708e-01 7.137696558201186980e-02
3.002108412133121518e-01 6.608062583105557553e-02
3.002421781863028327e-01 6.085711477271622816e-02
3.002735151592935137e-01 5.624426779922992586e-02
3.003048521322841946e-01 5.203746332100665783e-02
3.003361891052748756e-01 4.719362677508995296e-02
3.003675260782655010e-01 4.353976754936766946e-02
3.003988630512561819e-01 3.944875187770172792e-02
3.004302000242468629e-01 3.511844177165902858e-02
3.004615369972375438e-01 3.132339373708983160e-02
3.004928739702282248e-01 2.761358249926151517e-02
3.005242109432189057e-01 2.402570873360719561e-02
3.005555479162095311e-01 2.077760847214460763e-02
3.005868848892002121e-01 1.780413787635527420e-02
3.006182218621908930e-01 1.597877837323946962e-02
3.006495588351815740e-01 1.353796025416888031e-02
3.006808958081722549e-01 1.120870353195530141e-02
3.007122327811629359e-01 9.611898230048470521e-03
3.007435697541535613e-01 7.915426970837855999e-03
3.007749067271442422e-01 6.261511223408318741e-03
3.008062437001349232e-01 4.738241329214671824e-03
3.008375806731256041e-01 3.717043638786969237e-03
3.008689176461162851e-01 2.880579419044474766e-03
3.009002546191069660e-01 1.645484971882317906e-03
3.009315915920975915e-01 1.072351920186728714e-03
3.009629285650882724e-01 8.059080701241384120e-04
3.009942655380789533e-01 4.963948222136313178e-04
3.010256025110696343e-01 1.614183881094977515e-04
3.010569394840603152e-01 -0.000000000000000000e+00
3.010882764570509407e-01 3.581821068303044434e-04
3.011196134300416216e-01 4.886819670941892685e-04
3.011509504030323026e-01 6.556325380551820741e-04
3.011822873760229835e-01 1.847892442183743031e-03
3.012136243490136644e-01 2.402956611650635451e-03
3.012449613220043454e-01 3.981803209214530154e-03
3.012762982949949708e-01 5.335617589876423712e-03
3.013076352679856518e-01 6.806699648576610209e-03
3.013389722409763327e-01 9.418307726917011721e-03
3.013703092139670137e-01 1.129815903682167624e-02
3.014016461869576946e-01 1.328668403989194911e-02
3.014329831599483756e-01 1.625745743744070118e-02
3.014643201329390010e-01 1.898689170747281871e-02
3.014956571059296819e-01 2.246155905755447060e-02
3.015269940789203629e-01 2.603196445827664351e-02
3.015583310519110438e-01 3.026356776225595790e-02
3.015896680249017248e-01 3.375519803648742434e-02
3.016210049978924057e-01 3.809795808976218501e-02
3.016523419708830311e-01 4.314866602901716586e-02
3.016836789438737121e-01 4.905148487749379227e-02
3.017150159168643930e-01 5.479934346263430622e-02
3.017463528898550740e-01 6.084690887853046182e-02
3.017776898628457549e-01 6.807699403275382921e-02
3.018090268358364359e-01 7.452948394875086313e-02
3.018403638088270613e-01 8.146890120120867107e-02
3.018717007818177422e-01 8.880211108345766047e-02
3.019030377548084232e-01 9.644484089477492472e-02
3.019343747277991041e-01 1.043965946638264058e-01
3.019657117007897851e-01 1.128384234081099141e-01
3.019970486737804105e-01 1.215365819462983638e-01
3.020283856467710915e-01 1.305724563912042391e-01
3.020597226197617724e-01 1.392895243284997808e-01
3.020910595927524533e-01 1.488046409531370018e-01
3.021223965657431343e-01 1.577776354384943236e-01
3.021537335387338152e-01 1.675624383786130100e-01
3.021850705117244962e-01 1.777927071355749344e-01
3.022164074847151216e-01 1.875301782615866331e-01
3.022477444577058026e-01 1.980363857339658973e-01
3.022790814306964835e-01 2.082005327202441081e-01
3.023104184036871644e-01 2.181124419104763235e-01
3.023417553766778454e-01 2.282707888027230292e-01
3.023730923496684708e-01 2.390902289758413124e-01
3.024044293226591518e-01 2.500801302943618798e-01
3.024357662956498327e-01 2.608905422825932297e-01
3.024671032686405137e-01 2.718487178308144903e-01
3.024984402416311946e-01 2.832436251608346223e-01
3.025297772146218755e-01 2.948837674847036294e-01
3.025611141876125010e-01 3.060248320124015486e-01
3.025924511606031819e-01 3.159483825789272671e-01
3.026237881335938629e-01 3.259258173249957036e-01
3.026551251065845438e-01 3.360785600463476186e-01
3.026864620795752248e-01 3.470546866960544374e-01
3.027177990525659057e-01 3.571807101665980810e-01
3.027491360255565311e-01 3.684378362069691271e-01
3.027804729985472121e-01 3.777878770705372924e-01
3.028118099715378930e-01 3.882576543443124750e-01
3.028431469445285740e-01 3.977831672199974022e-01
3.028744839175192549e-01 4.065410590051252715e-01
3.029058208905099359e-01 4.158779642584438663e-01
3.029371578635005613e-01 4.253152931967934536e-01
3.029684948364912422e-01 4.346054686743816564e-01
3.029998318094819232e-01 4.429582591268019232e-01
3.030311687824726041e-01 4.514406936907161549e-01
3.030625057554632851e-01 4.602972709976186350e-01
3.030938427284539660e-01 4.687037456166112115e-01
3.031251797014445915e-01 4.766487193141535350e-01
3.031565166744352724e-01 4.851640778741351245e-01
3.031878536474259533e-01 4.928261596179365767e-01
3.032191906204166343e-01 5.008751455356256210e-01
3.032505275934073152e-01 5.093148537006713106e-01
3.032818645663979407e-01 5.171418011845539953e-01
3.033132015393886216e-01 5.241450382936682084e-01
3.033445385123793026e-01 5.314769707015160050e-01
3.033758754853699835e-01 5.388289093484219805e-01
3.034072124583606644e-01 5.457814897287149858e-01
3.034385494313513454e-01 5.534357084130540061e-01
3.034698864043420263e-01 5.609619504532880052e-01
3.035012233773326518e-01 5.685285415363481309e-01
3.035325603503233327e-01 5.763914805562114774e-01
3.035638973233140137e-01 5.841634953623224824e-01
3.035952342963046946e-01 5.915001213030597338e-01
3.036265712692953755e-01 5.986688969309287289e-01
3.036579082422860010e-01 6.067619630191405378e-01
3.036892452152766819e-01 6.146691006795718115e-01
3.037205821882673629e-01 6.227788532651752362e-01
3.037519191612580438e-01 6.308123448698111924e-01
3.037832561342487248e-01 6.391834750402559662e-01
3.038145931072394057e-01 6.468405961564657192e-01
3.038459300802300311e-01 6.563121247487108123e-01
3.038772670532207121e-01 6.648587456047196920e-01
3.039086040262113930e-01 6.747105191983135963e-01
3.039399409992020740e-01 6.846529686343238996e-01
3.039712779721927549e-01 6.956824409190696112e-01
3.040026149451834359e-01 7.062894895695955855e-01
3.040339519181740613e-01 7.166076157782566014e-01
3.040652888911647422e-01 7.285363111441091055e-01
3.040966258641554232e-01 7.402001193873969376e-01
3.041279628371461041e-01 7.519982928931444599e-01
3.041592998101367851e-01 7.632760589270587426e-01
3.041906367831274660e-01 7.752992310423679756e-01
3.042219737561180914e-01 7.882373118243373167e-01
3.042533107291087724e-01 8.011751655052261611e-01
3.042846477020994533e-01 8.144304237042813144e-01
3.043159846750901343e-01 8.281113698724299477e-01
3.043473216480808152e-01 8.427074192566647026e-01
3.043786586210714962e-01 8.569819275712042828e-01
3.044099955940621216e-01 8.716118615304464523e-01
3.044413325670528025e-01 8.873191604363024343e-01
3.044726695400434835e-01 9.020818037773543629e-01
3.045040065130341644e-01 9.174566981302901825e-01
3.045353434860248454e-01 9.338672212376823989e-01
3.045666804590154708e-01 9.501679770228892430e-01
3.045980174320061518e-01 9.668884650417285398e-01
3.046293544049968327e-01 9.826246882860707466e-01
3.046606913779875137e-01 9.996487016735486897e-01
3.046920283509781946e-01 1.016924561599431565e+00
3.047233653239688755e-01 1.034254466356756774e+00
3.047547022969595565e-01 1.052191692139333723e+00
3.047860392699501819e-01 1.069304577046665816e+00
3.048173762429408629e-01 1.086934274464733674e+00
3.048487132159315438e-01 1.104337547515712892e+00
3.048800501889222248e-01 1.120996704391037824e+00
3.049113871619129057e-01 1.138223040381543427e+00
3.049427241349035311e-01 1.156676514798176347e+00
3.049740611078942121e-01 1.173870613125433504e+00
3.050053980808848930e-01 1.192312401799781707e+00
3.050367350538755740e-01 1.209178643862851121e+00
3.050680720268662549e-01 1.226410238938014707e+00
3.050994089998569359e-01 1.243506255978200414e+00
3.051307459728475613e-01 1.262072412878813887e+00
3.051620829458382422e-01 1.278887449251971065e+00
3.051934199188289232e-01 1.296434436895909093e+00
3.052247568918196041e-01 1.313017478281728545e+00
3.052560938648102851e-01 1.329408796761539113e+00
3.052874308378009660e-01 1.346699285279764347e+00
3.053187678107915914e-01 1.363702922975558618e+00
3.053501047837822724e-01 1.381040998057721625e+00
3.053814417567729533e-01 1.398232291948588779e+00
3.054127787297636343e-01 1.414920069696521621e+00
3.054441157027543152e-01 1.432282969976850673e+00
3.054754526757449962e-01 1.449470304205703775e+00
3.055067896487356216e-01 1.465838480267620314e+00
3.055381266217263025e-01 1.484084857225187237e+00
3.055694635947169835e-01 1.501446186272379801e+00
3.056008005677076644e-01 1.519097962191207962e+00
3.056321375406983454e-01 1.535971065923389611e+00
3.056634745136890263e-01 1.554789507445399899e+00
3.056948114866796518e-01 1.572400971828249006e+00
3.057261484596703327e-01 1.589969590791711518e+00
3.057574854326610136e-01 1.608215330971491941e+00
3.057888224056516946e-01 1.627735538178259667e+00
3.058201593786423755e-01 1.647518184877905023e+00
3.058514963516330010e-01 1.667395243797711313e+00
3.058828333246236819e-01 1.685834648157385374e+00
3.059141702976143629e-01 1.705362841320500866e+00
3.059455072706050438e-01 1.724255168216166645e+00
3.059768442435957247e-01 1.744787216863276536e+00
3.060081812165864057e-01 1.765662069315852678e+00
3.060395181895770311e-01 1.786483097488078320e+00
3.060708551625677121e-01 1.807388875528102457e+00
3.061021921355583930e-01 1.828867963931317009e+00
3.061335291085490740e-01 1.852404722312773311e+00
3.061648660815397549e-01 1.876062470308990537e+00
3.061962030545304358e-01 1.899681943291821273e+00
3.062275400275210613e-01 1.922228460528878857e+00
3.062588770005117422e-01 1.946144653046197215e+00
3.062902139735024232e-01 1.970959428864949237e+00
3.063215509464931041e-01 1.995985050846518005e+00
3.063528879194837851e-01 2.020173123809726246e+00
3.063842248924744660e-01 2.045998555787825968e+00
3.064155618654650914e-01 2.072473302900229353e+00
3.064468988384557724e-01 2.099582786312607752e+00
3.064782358114464533e-01 2.126273004191590488e+00
3.065095727844371343e-01 2.153560880708247804e+00
3.065409097574278152e-01 2.181766066847782959e+00
3.065722467304184962e-01 2.209902382128775322e+00
3.066035837034091216e-01 2.238322772101613012e+00
3.066349206763998025e-01 2.267344220197636595e+00
3.066662576493904835e-01 2.295874014032402766e+00
3.066975946223811644e-01 2.324721408711064807e+00
3.067289315953718454e-01 2.354220828450538594e+00
3.067602685683625263e-01 2.383456826697710973e+00
3.067916055413531518e-01 2.413440565646637115e+00
3.068229425143438327e-01 2.442558363641362806e+00
3.068542794873345136e-01 2.473286997774152951e+00
3.068856164603251946e-01 2.503708040313120442e+00
3.069169534333158755e-01 2.534845265514618529e+00
3.069482904063065565e-01 2.565199837639825731e+00
3.069796273792971819e-01 2.595291961064607467e+00
3.070109643522878629e-01 2.626637905136615547e+00
3.070423013252785438e-01 2.657942766360525955e+00
3.070736382982692247e-01 2.688019594102107224e+00
3.071049752712599057e-01 2.720098813403269755e+00
3.071363122442505311e-01 2.753068698829595817e+00
3.071676492172412121e-01 2.785117748748989541e+00
3.071989861902318930e-01 2.816871549899687022e+00
3.072303231632225740e-01 2.848930642187500251e+00
3.072616601362132549e-01 2.880394448088317461e+00
3.072929971092039358e-01 2.913199251473781448e+00
3.073243340821945613e-01 2.946081717789022836e+00
3.073556710551852422e-01 2.979326017397552206e+00
3.073870080281759232e-01 3.010804896741959613e+00
3.074183450011666041e-01 3.044166498971722312e+00
3.074496819741572851e-01 3.076352973130286106e+00
3.074810189471479660e-01 3.108239465146014346e+00
3.075123559201385914e-01 3.139875827770364225e+00
3.075436928931292724e-01 3.173351581248663678e+00
3.075750298661199533e-01 3.206916204280342964e+00
3.076063668391106343e-01 3.239578848399105482e+00
3.076377038121013152e-01 3.272625370063111383e+00
3.076690407850919962e-01 3.307272026062767711e+00
3.077003777580826216e-01 3.339771310456307596e+00
3.077317147310733025e-01 3.373939008602535594e+00
3.077630517040639835e-01 3.409324247467580893e+00
3.077943886770546644e-01 3.442547594624976615e+00
3.078257256500453454e-01 3.478226671405626469e+00
3.078570626230360263e-01 3.514098446079821247e+00
3.078883995960266517e-01 3.548917501875576974e+00
3.079197365690173327e-01 3.585259222924098932e+00
3.079510735420080136e-01 3.621131532568181655e+00
3.079824105149986946e-01 3.656403180811756304e+00
3.080137474879893755e-01 3.694746706584899343e+00
3.080450844609800010e-01 3.733055763478656530e+00
3.080764214339706819e-01 3.769029539521778993e+00
3.081077584069613629e-01 3.807088628358077376e+00
3.081390953799520438e-01 3.844210362855648100e+00
3.081704323529427247e-01 3.884750895794363945e+00
3.082017693259334057e-01 3.923476294831077293e+00
3.082331062989240866e-01 3.961707207701246070e+00
3.082644432719147121e-01 4.000189172006908045e+00
3.082957802449053930e-01 4.040085133575695764e+00
3.083271172178960740e-01 4.079128333078905655e+00
3.083584541908867549e-01 4.119762190296623494e+00
3.083897911638774358e-01 4.161807823286558516e+00
3.084211281368680613e-01 4.203659638109046526e+00
3.084524651098587422e-01 4.246590602973190798e+00
3.084838020828494232e-01 4.287357885991081474e+00
3.085151390558401041e-01 4.329751231279745483e+00
3.085464760288307851e-01 4.369098305947807681e+00
3.085778130018214660e-01 4.410883452719575715e+00
3.086091499748120914e-01 4.453319414749183025e+00
3.086404869478027724e-01 4.495822341263638222e+00
3.086718239207934533e-01 4.537329024951526790e+00
3.087031608937841343e-01 4.582091644483963222e+00
3.087344978667748152e-01 4.623720291939915406e+00
3.087658348397654962e-01 4.667105789901222934e+00
3.087971718127561216e-01 4.709085376577658799e+00
3.088285087857468025e-01 4.748083394288316939e+00
3.088598457587374835e-01 4.789823363612284446e+00
3.088911827317281644e-01 4.834235793029173500e+00
3.089225197047188454e-01 4.876982481780856915e+00
3.089538566777095263e-01 4.920327396405056675e+00
3.089851936507001517e-01 4.961567597534556562e+00
3.090165306236908327e-01 5.004075667203765398e+00
3.090478675966815136e-01 5.047229081491773961e+00
3.090792045696721946e-01 5.086982300326312156e+00
3.091105415426628755e-01 5.129335049485815645e+00
3.091418785156535565e-01 5.172579487736324033e+00
3.091732154886441819e-01 5.214616357190780427e+00
3.092045524616348628e-01 5.257517795759564905e+00
3.092358894346255438e-01 5.300382683552756546e+00
3.092672264076162247e-01 5.342570865212754150e+00
3.092985633806069057e-01 5.386611259214133973e+00
3.093299003535975311e-01 5.426126142902597316e+00
3.093612373265882121e-01 5.468370740406760966e+00
3.093925742995788930e-01 5.512226125515676145e+00
3.094239112725695739e-01 5.557954535960593745e+00
3.094552482455602549e-01 5.603429177269543260e+00
3.094865852185509358e-01 5.649959477579291622e+00
3.095179221915416168e-01 5.695055345115317635e+00
3.095492591645322422e-01 5.739994068547040307e+00
3.095805961375229232e-01 5.783777200382175465e+00
3.096119331105136041e-01 5.827171794505855651e+00
3.096432700835042851e-01 5.872957985507643031e+00
3.096746070564949660e-01 5.918336491433644930e+00
3.097059440294855914e-01 5.961205098815452352e+00
3.097372810024762724e-01 6.007171815685236282e+00
3.097686179754669533e-01 6.054840102414253522e+00
3.097999549484576343e-01 6.099683836505542800e+00
3.098312919214483152e-01 6.142853511704475800e+00
3.098626288944389962e-01 6.189907352408559937e+00
3.098939658674296216e-01 6.237167250489483727e+00
3.099253028404203025e-01 6.282876612993662846e+00
3.099566398134109835e-01 6.331275602626828203e+00
3.099879767864016644e-01 6.378922510648120436e+00
3.100193137593923454e-01 6.428841793276379057e+00
3.100506507323830263e-01 6.477249339933170980e+00
3.100819877053736517e-01 6.522921745397048277e+00
3.101133246783643327e-01 6.572982105907265726e+00
3.101446616513550136e-01 6.622540439805600698e+00
3.101759986243456946e-01 6.673515847210612861e+00
3.102073355973363755e-01 6.728019406658169999e+00
3.102386725703270565e-01 6.778656757444538883e+00
3.102700095433176819e-01 6.830711671526378481e+00
3.103013465163083628e-01 6.883763339279358462e+00
3.103326834892990438e-01 6.936751179503249709e+00
3.103640204622897247e-01 6.994440222603430790e+00
3.103953574352804057e-01 7.050796108464545853e+00
3.104266944082710866e-01 7.106538546590146055e+00
3.104580313812617121e-01 7.162197456050466648e+00
3.104893683542523930e-01 7.221554467479849748e+00
3.105207053272430739e-01 7.275088573345448673e+00
3.105520423002337549e-01 7.328037516842334398e+00
3.105833792732244358e-01 7.386723484154389396e+00
3.106147162462150613e-01 7.448873402282232270e+00
3.106460532192057422e-01 7.507941014239958299e+00
3.106773901921964232e-01 7.566780006164125716e+00
3.107087271651871041e-01 7.627966546752572796e+00
3.107400641381777850e-01 7.689380512284827773e+00
3.107714011111684660e-01 7.751096193625625297e+00
3.108027380841591469e-01 7.814673342617443730e+00
3.108340750571497724e-01 7.876390401213474668e+00
3.108654120301404533e-01 7.940837462963547644e+00
3.108967490031311343e-01 8.005121246345053621e+00
3.109280859761218152e-01 8.067159466078740238e+00
3.109594229491124961e-01 8.133571504520620721e+00
3.109907599221031216e-01 8.196613265788052161e+00
3.110220968950938025e-01 8.255889345700314408e+00
3.110534338680844835e-01 8.323730934177746121e+00
3.110847708410751644e-01 8.385202219588538952e+00
3.111161078140658454e-01 8.450892241279879258e+00
3.111474447870565263e-01 8.513300942572557872e+00
3.111787817600471517e-01 8.581654960215571393e+00
3.112101187330378327e-01 8.646018595992607914e+00
3.112414557060285136e-01 8.714120438396557589e+00
3.112727926790191946e-01 8.778085671360798870e+00
3.113041296520098755e-01 8.839169657579009964e+00
3.113354666250005565e-01 8.908634061028797291e+00
3.113668035979911819e-01 8.970939040639969164e+00
3.113981405709818628e-01 9.035990533141180947e+00
3.114294775439725438e-01 9.101787937807587880e+00
3.114608145169632247e-01 9.158741342073557945e+00
3.114921514899539057e-01 9.219444391768156777e+00
3.115234884629445866e-01 9.285156087982855411e+00
3.115548254359352121e-01 9.341383475522171409e+00
3.115861624089258930e-01 9.399930432717656714e+00
3.116174993819165739e-01 9.467223258242889017e+00
3.116488363549072549e-01 9.529342288055305588e+00
3.116801733278979358e-01 9.594897098374705280e+00
3.117115103008886168e-01 9.651375975434579146e+00
3.117428472738792422e-01 9.705228581331127202e+00
3.117741842468699232e-01 9.767346070026214022e+00
3.118055212198606041e-01 9.826366285615744545e+00
3.118368581928512850e-01 9.878297735382121303e+00
3.118681951658419660e-01 9.939115819373778749e+00
3.118995321388325914e-01 9.988043902020002918e+00
3.119308691118232724e-01 1.004140300036388389e+01
3.119622060848139533e-01 1.009590255021694460e+01
3.119935430578046343e-01 1.014424938352342132e+01
3.120248800307953152e-01 1.019830106810079329e+01
3.120562170037859961e-01 1.025101947579353379e+01
3.120875539767766216e-01 1.031319697738278940e+01
3.121188909497673025e-01 1.037198101109439285e+01
3.121502279227579835e-01 1.042421092270022065e+01
3.121815648957486644e-01 1.047269244397836552e+01
3.122129018687393454e-01 1.051894315508154243e+01
3.122442388417300263e-01 1.056935130508429310e+01
3.122755758147206517e-01 1.061948075469050856e+01
3.123069127877113327e-01 1.067282218009631301e+01
3.123382497607020136e-01 1.073387464789261436e+01
3.123695867336926946e-01 1.079332872857407999e+01
3.124009237066833755e-01 1.084319892921888773e+01
3.124322606796740565e-01 1.088772334090453597e+01
3.124635976526646819e-01 1.093814811773508922e+01
3.124949346256553628e-01 1.099151771629098917e+01
3.125262715986460438e-01 1.103053501472387410e+01
3.125576085716367247e-01 1.108526876121055693e+01
3.125889455446274057e-01 1.114353927463774951e+01
3.126202825176180866e-01 1.120235148571426542e+01
3.126516194906087120e-01 1.125937968940303158e+01
3.126829564635993930e-01 1.131650712505056333e+01
3.127142934365900739e-01 1.138004222200442683e+01
3.127456304095807549e-01 1.143255460125312872e+01
3.127769673825714358e-01 1.149009565026769586e+01
3.128083043555620613e-01 1.155551271150358339e+01
3.128396413285527422e-01 1.161534224781535762e+01
3.128709783015434232e-01 1.168682520225463684e+01
3.129023152745341041e-01 1.175254850670883577e+01
3.129336522475247850e-01 1.181336358310406887e+01
3.129649892205154660e-01 1.188884030498327249e+01
3.129963261935061469e-01 1.195581970377284264e+01
3.130276631664967724e-01 1.202349076645580617e+01
3.130590001394874533e-01 1.209394586229176483e+01
3.130903371124781343e-01 1.213704935718738653e+01
3.131216740854688152e-01 1.221437102998841695e+01
3.131530110584594961e-01 1.230392765176704728e+01
3.131843480314501216e-01 1.238365463569860125e+01
3.132156850044408025e-01 1.246108044913435542e+01
3.132470219774314835e-01 1.255797529184026295e+01
3.132783589504221644e-01 1.264111015325436860e+01
3.133096959234128454e-01 1.273097215536694193e+01
3.133410328964035263e-01 1.283466713825430006e+01
3.133723698693941517e-01 1.293492326571443485e+01
3.134037068423848327e-01 1.303901793993837366e+01
3.134350438153755136e-01 1.313647582996860663e+01
3.134663807883661946e-01 1.323715757084188382e+01
3.134977177613568755e-01 1.333788475949843644e+01
3.135290547343475565e-01 1.343372248662931590e+01
3.135603917073381819e-01 1.352866949203060010e+01
3.135917286803288628e-01 1.362997189981854618e+01
3.136230656533195438e-01 1.374364492088419176e+01
3.136544026263102247e-01 1.385031641867224117e+01
3.136857395993009057e-01 1.396202608577985238e+01
3.137170765722915866e-01 1.406883565944364278e+01
3.137484135452822120e-01 1.417737761252526063e+01
3.137797505182728930e-01 1.429370989258551994e+01
3.138110874912635739e-01 1.441030142204198761e+01
3.138424244642542549e-01 1.451788164897470423e+01
3.138737614372449358e-01 1.464027844664681943e+01
3.139050984102356168e-01 1.475015907401053461e+01
3.139364353832262422e-01 1.486161027849158245e+01
3.139677723562169231e-01 1.497456052197518694e+01
3.139991093292076041e-01 1.510042682386962021e+01
3.140304463021982850e-01 1.521537572100635138e+01
3.140617832751889660e-01 1.537413734945561927e+01
3.140931202481795914e-01 1.551775846531983305e+01
3.141244572211702724e-01 1.563186011828033450e+01
3.141557941941609533e-01 1.575394717736816830e+01
3.141871311671516342e-01 1.587912726790757389e+01
3.142184681401423152e-01 1.600640977577868185e+01
3.142498051131329961e-01 1.612496494482222431e+01
3.142811420861236771e-01 1.625995541405594125e+01
3.143124790591143025e-01 1.639176925760227377e+01
3.143438160321049835e-01 1.654004728205360308e+01
3.143751530050956644e-01 1.666153457756782075e+01
3.144064899780863453e-01 1.678482701722223069e+01
3.144378269510770263e-01 1.692766357112412834e+01
3.144691639240676517e-01 1.710178753342857050e+01
3.145005008970583327e-01 1.722634089881881536e+01
3.145318378700490136e-01 1.738839188979831007e+01
3.145631748430396946e-01 1.758981516632990960e+01
3.145945118160303755e-01 1.771374679386316586e+01
3.146258487890210565e-01 1.787600184082120691e+01
3.146571857620116819e-01 1.803299782270595131e+01
3.146885227350023628e-01 1.820671708983685733e+01
3.147198597079930438e-01 1.833445789421279315e+01
3.147511966809837247e-01 1.846543389042704320e+01
3.147825336539744057e-01 1.866689648240256716e+01
3.148138706269650866e-01 1.883973981472609438e+01
3.148452075999557120e-01 1.900866686689097307e+01
3.148765445729463930e-01 1.914434814907172466e+01
3.149078815459370739e-01 1.928402436420630650e+01
3.149392185189277549e-01 1.942774913650766067e+01
3.149705554919184358e-01 1.960254672930247821e+01
3.150018924649091168e-01 1.983385587636508163e+01
3.150332294378997422e-01 2.002981995283037975e+01
3.150645664108904231e-01 2.018082442413417255e+01
3.150959033838811041e-01 2.037746844431253379e+01
3.151272403568717850e-01 2.053563241507726644e+01
3.151585773298624660e-01 2.069888971201014627e+01
3.151899143028531469e-01 2.086729050508844807e+01
3.152212512758437724e-01 2.104088627858430627e+01
3.152525882488344533e-01 2.121972971234720617e+01
3.152839252218251342e-01 2.150835120608406825e+01
3.153152621948158152e-01 2.169169644861737822e+01
3.153465991678064961e-01 2.188075139344988784e+01
3.153779361407971216e-01 2.213967915335488001e+01
3.154092731137878025e-01 2.233664183644851775e+01
3.154406100867784835e-01 2.270253185351395331e+01
3.154719470597691644e-01 2.290237559606936202e+01
3.155032840327598453e-01 2.310878498539495141e+01
3.155346210057505263e-01 2.332178601396289608e+01
3.155659579787412072e-01 2.354140483809042905e+01
3.155972949517318327e-01 2.376766773856867943e+01
3.156286319247225136e-01 2.400060108200590037e+01
3.156599688977131946e-01 2.424023128301028152e+01
3.156913058707038755e-01 2.448658476732975586e+01
3.157226428436945564e-01 2.473968793605800442e+01
3.157539798166851819e-01 2.520968039828699503e+01
3.157853167896758628e-01 2.546504788182306811e+01
3.158166537626665438e-01 2.572741022781398357e+01
3.158479907356572247e-01 2.599676250665580213e+01
3.158793277086479057e-01 2.627309836532160148e+01
3.159106646816385866e-01 2.655640997918127866e+01
3.159420016546292120e-01 2.684668800892778151e+01
3.159733386276198930e-01 2.714392156306968573e+01
3.160046756006105739e-01 2.744809816641271283e+01
3.160360125736012549e-01 2.775920373490798099e+01
3.160673495465919358e-01 2.864727976734046422e+01
3.160986865195826168e-01 2.895389136896326221e+01
3.161300234925732422e-01 2.926792224249730268e+01
3.161613604655639231e-01 2.958933834723353584e+01
3.161926974385546041e-01 2.991810419272210808e+01
3.162240344115452850e-01 3.025418286277081847e+01
3.162553713845359660e-01 3.059753604614328992e+01
3.162867083575266469e-01 3.094812407381250097e+01
3.163180453305172724e-01 3.130590596255449753e+01
3.163493823035079533e-01 3.167083946459882782e+01
3.163807192764986342e-01 3.204288112298845448e+01
3.164120562494893152e-01 3.242198633224298021e+01
3.164433932224799961e-01 3.280810940386628971e+01
3.164747301954706771e-01 3.320120363619416537e+01
3.165060671684613025e-01 3.360122138803882308e+01
3.165374041414519835e-01 3.400811415555746464e+01
3.165687411144426644e-01 3.442183265174932671e+01
3.166000780874333453e-01 3.484232688797209931e+01
3.166314150604240263e-01 8.289306334778564178e+01
3.166627520334146517e-01 8.289306334778564178e+01
3.166940890064053327e-01 8.289306334778564178e+01
3.167254259793960136e-01 8.289306334778564178e+01
3.167567629523866946e-01 8.289306334778564178e+01
3.167880999253773755e-01 8.289306334778564178e+01
3.168194368983680564e-01 8.289306334778564178e+01
3.168507738713587374e-01 8.289306334778564178e+01
3.168821108443493628e-01 8.289306334778564178e+01
3.169134478173400438e-01 8.289306334778564178e+01
3.169447847903307247e-01 8.289306334778564178e+01
3.169761217633214057e-01 8.289306334778564178e+01
3.170074587363120866e-01 8.289306334778564178e+01
3.170387957093027120e-01 8.289306334778564178e+01
3.170701326822933930e-01 8.289306334778564178e+01
3.171014696552840739e-01 8.289306334778564178e+01
3.171328066282747549e-01 8.289306334778564178e+01
3.171641436012654358e-01 8.289306334778564178e+01
3.171954805742561168e-01 8.289306334778564178e+01
3.172268175472467422e-01 8.289306334778564178e+01
3.172581545202374231e-01 8.289306334778564178e+01
3.172894914932281041e-01 8.289306334778564178e+01
3.173208284662187850e-01 8.289306334778564178e+01
3.173521654392094660e-01 8.289306334778564178e+01
3.173835024122001469e-01 8.289306334778564178e+01
3.174148393851907723e-01 8.289306334778564178e+01
3.174461763581814533e-01 8.289306334778564178e+01
3.174775133311721342e-01 8.289306334778564178e+01
