1.847321176893498146e-02 3.299194931262395869e+01
1.847936754222415101e-02 3.278735116694171836e+01
1.848552331551331709e-02 3.258480448366642435e+01
1.849167908880248665e-02 3.238431960054399639e+01
1.849783486209165620e-02 3.125279696498321513e+01
1.850399063538082575e-02 3.104866053564140671e+01
1.851014640866999184e-02 3.084655982396162344e+01
1.851630218195916139e-02 3.064650517351742565e+01
1.852245795524833094e-02 3.044850701148974537e+01
1.852861372853749702e-02 3.025257585010615102e+01
1.853476950182666658e-02 3.005872228773016630e+01
1.854092527511583613e-02 2.986695700960694566e+01
1.854708104840500568e-02 2.967729078827109035e+01
1.855323682169417177e-02 2.948973448362149341e+01
1.855939259498334132e-02 2.930429904266769725e+01
1.856554836827251087e-02 2.883938137946618951e+01
1.857170414156168042e-02 2.865400777700761736e+01
1.857785991485084651e-02 2.847073223928947883e+01
1.858401568814001606e-02 2.828956546274085682e+01
1.859017146142918561e-02 2.811051822214922780e+01
1.859632723471835170e-02 2.793360136857849341e+01
1.860248300800752125e-02 2.775882582698420364e+01
1.860863878129669080e-02 2.758620259352932536e+01
1.861479455458586035e-02 2.741574273260421890e+01
1.862095032787502644e-02 2.713240110713841347e+01
1.862710610116419599e-02 2.696393619460805979e+01
1.863326187445336554e-02 2.679762437444398415e+01
1.863941764774253163e-02 2.663347628062592065e+01
1.864557342103170118e-02 2.638796881736578825e+01
1.865172919432087073e-02 2.622627909602720564e+01
1.865788496761004028e-02 2.606674664874291736e+01
1.866404074089920637e-02 2.580235845926559435e+01
1.867019651418837592e-02 2.549138654244031343e+01
1.867635228747754547e-02 2.533209041881904966e+01
1.868250806076671502e-02 2.517486349587371919e+01
1.868866383405588111e-02 2.485342158860811068e+01
1.869481960734505066e-02 2.469626294901775765e+01
1.870097538063422021e-02 2.445425171634253303e+01
1.870713115392338630e-02 2.402805116031910515e+01
1.871328692721255585e-02 2.381237251704413538e+01
1.871944270050172540e-02 2.365307473228019930e+01
1.872559847379089495e-02 2.349563987285738520e+01
1.873175424708006104e-02 2.334007466552024113e+01
1.873791002036923059e-02 2.313355308447137659e+01
1.874406579365840014e-02 2.298040326853312010e+01
1.875022156694756623e-02 2.280154896658349628e+01
1.875637734023673578e-02 2.254098590762676224e+01
1.876253311352590533e-02 2.225219303370853652e+01
1.876868888681507488e-02 2.201786769906938090e+01
1.877484466010424097e-02 2.186466388693560958e+01
1.878100043339341052e-02 2.169518064089600884e+01
1.878715620668258007e-02 2.152335644792019664e+01
1.879331197997174963e-02 2.137433391593437904e+01
1.879946775326091571e-02 2.114754252127609746e+01
1.880562352655008526e-02 2.095885363422176795e+01
1.881177929983925481e-02 2.078713857123921471e+01
1.881793507312842090e-02 2.062380674732947838e+01
1.882409084641759045e-02 2.047898478787216092e+01
1.883024661970676000e-02 2.032049117568449859e+01
1.883640239299592956e-02 2.013760625560427542e+01
1.884255816628509564e-02 1.995256298886931035e+01
1.884871393957426519e-02 1.979899931520315093e+01
1.885486971286343474e-02 1.962763276916393451e+01
1.886102548615260083e-02 1.945150099216271400e+01
1.886718125944177038e-02 1.929925516226239068e+01
1.887333703273093993e-02 1.916222052575893287e+01
1.887949280602010949e-02 1.900875688714643985e+01
1.888564857930927557e-02 1.887447769802664865e+01
1.889180435259844512e-02 1.873272753947911085e+01
1.889796012588761467e-02 1.854055582809058578e+01
1.890411589917678076e-02 1.837636807066534672e+01
1.891027167246595031e-02 1.824548661279071382e+01
1.891642744575511986e-02 1.809856468310947619e+01
1.892258321904428942e-02 1.797035696545700034e+01
1.892873899233345550e-02 1.784376665535035400e+01
1.893489476562262505e-02 1.771880201731124416e+01
1.894105053891179460e-02 1.758263501454159794e+01
1.894720631220096416e-02 1.746051731180314803e+01
1.895336208549013024e-02 1.731831024548355202e+01
1.895951785877929979e-02 1.718726686435889306e+01
1.896567363206846935e-02 1.704939505039791214e+01
1.897182940535763543e-02 1.692071101915285425e+01
1.897798517864680498e-02 1.678618071950781854e+01
1.898414095193597453e-02 1.667101920308193286e+01
1.899029672522514409e-02 1.654975956490094902e+01
1.899645249851431017e-02 1.642367280212968339e+01
1.900260827180347972e-02 1.630737234541844671e+01
1.900876404509264928e-02 1.619772220855007916e+01
1.901491981838181883e-02 1.606679059927159159e+01
1.902107559167098491e-02 1.593519910406449824e+01
1.902723136496015446e-02 1.581323699925006743e+01
1.903338713824932402e-02 1.570439207224634615e+01
1.903954291153849010e-02 1.559940441667203004e+01
1.904569868482765965e-02 1.547681994098262059e+01
1.905185445811682921e-02 1.535726069893736856e+01
1.905801023140599876e-02 1.524633921817841120e+01
1.906416600469516484e-02 1.512911069010564979e+01
1.907032177798433439e-02 1.501253519901993272e+01
1.907647755127350395e-02 1.491046058781485684e+01
1.908263332456267003e-02 1.479557426836519696e+01
1.908878909785183958e-02 1.468893664192448867e+01
1.909494487114100914e-02 1.458195272847471813e+01
1.910110064443017869e-02 1.448048123759284067e+01
1.910725641771934477e-02 1.438083477145262457e+01
1.911341219100851432e-02 1.427635664980972763e+01
1.911956796429768388e-02 1.418589971992280852e+01
1.912572373758684996e-02 1.409265204154306161e+01
1.913187951087601951e-02 1.400149693919958338e+01
1.913803528416518906e-02 1.389613760790249053e+01
1.914419105745435862e-02 1.380770249877277500e+01
1.915034683074352470e-02 1.372347652706614873e+01
1.915650260403269425e-02 1.362716513573690591e+01
1.916265837732186381e-02 1.353658457635905066e+01
1.916881415061103336e-02 1.344938133623537624e+01
1.917496992390019944e-02 1.335941681299871497e+01
1.918112569718936899e-02 1.327059111355776189e+01
1.918728147047853855e-02 1.318552930008905122e+01
1.919343724376770463e-02 1.310015376498169459e+01
1.919959301705687418e-02 1.302050159832157838e+01
1.920574879034604374e-02 1.293484844733119665e+01
1.921190456363521329e-02 1.284851505846216746e+01
1.921806033692437937e-02 1.276249727670543521e+01
1.922421611021354892e-02 1.268730813119623058e+01
1.923037188350271848e-02 1.261108093967524013e+01
1.923652765679188456e-02 1.253434062215997358e+01
1.924268343008105411e-02 1.245090507224504250e+01
1.924883920337022367e-02 1.237457765206726457e+01
1.925499497665939322e-02 1.229345029894238372e+01
1.926115074994855930e-02 1.222077228063619891e+01
1.926730652323772885e-02 1.214546486214035248e+01
1.927346229652689841e-02 1.206772786655768215e+01
1.927961806981606796e-02 1.199333646852398694e+01
1.928577384310523404e-02 1.192611101171504551e+01
1.929192961639440360e-02 1.185252266338830474e+01
1.929808538968357315e-02 1.177852203242920837e+01
1.930424116297273923e-02 1.170727416640578156e+01
1.931039693626190878e-02 1.163506582531339006e+01
1.931655270955107834e-02 1.156371748795664978e+01
1.932270848284024789e-02 1.149029283013324587e+01
1.932886425612941397e-02 1.141113265390164067e+01
1.933502002941858353e-02 1.133452492266085798e+01
1.934117580270775308e-02 1.126300633312978228e+01
1.934733157599691916e-02 1.119711397152064869e+01
1.935348734928608871e-02 1.113122559493238306e+01
1.935964312257525827e-02 1.106742681406860562e+01
1.936579889586442782e-02 1.100592373000179869e+01
1.937195466915359390e-02 1.094246285147611708e+01
1.937811044244276346e-02 1.088068139091389241e+01
1.938426621573193301e-02 1.081690318379675375e+01
1.939042198902109909e-02 1.075068687247342858e+01
1.939657776231026864e-02 1.068641713392140247e+01
1.940273353559943820e-02 1.062000411331977823e+01
1.940888930888860775e-02 1.055682882100123976e+01
1.941504508217777383e-02 1.049559382222868820e+01
1.942120085546694339e-02 1.043044091738755696e+01
1.942735662875611294e-02 1.036750566162010401e+01
1.943351240204528249e-02 1.030729624051485160e+01
1.943966817533444857e-02 1.024941167395597752e+01
1.944582394862361813e-02 1.018835030660053143e+01
1.945197972191278768e-02 1.013060988481627334e+01
1.945813549520195376e-02 1.007495407544041477e+01
1.946429126849112332e-02 1.000994260423849624e+01
1.947044704178029287e-02 9.946797510054516067e+00
1.947660281506946242e-02 9.889161780366070076e+00
1.948275858835862850e-02 9.834135614619960108e+00
1.948891436164779806e-02 9.774929402863561378e+00
1.949507013493696761e-02 9.716511115338358096e+00
1.950122590822613716e-02 9.660131816759793821e+00
1.950738168151530325e-02 9.602322012616140157e+00
1.951353745480447280e-02 9.543281575999246868e+00
1.951969322809364235e-02 9.483341950867950843e+00
1.952584900138280843e-02 9.427615767517455225e+00
1.953200477467197799e-02 9.368425912743649775e+00
1.953816054796114754e-02 9.309340895303551022e+00
1.954431632125031709e-02 9.259960950341222130e+00
1.955047209453948318e-02 9.208575423753512013e+00
1.955662786782865273e-02 9.152419178698416147e+00
1.956278364111782228e-02 9.095369989545920575e+00
1.956893941440698836e-02 9.034863297411789063e+00
1.957509518769615792e-02 8.977113651695324492e+00
1.958125096098532747e-02 8.921660426678002409e+00
1.958740673427449702e-02 8.865298582494483881e+00
1.959356250756366311e-02 8.805544094847062908e+00
1.959971828085283266e-02 8.744615436910839534e+00
1.960587405414200221e-02 8.687282222720808633e+00
1.961202982743116829e-02 8.630713879670224742e+00
1.961818560072033785e-02 8.573153777118667662e+00
1.962434137400950740e-02 8.520614641074612194e+00
1.963049714729867695e-02 8.465433604649643229e+00
1.963665292058784304e-02 8.410229049570864035e+00
1.964280869387701259e-02 8.352837231410759955e+00
1.964896446716618214e-02 8.297110234218248337e+00
1.965512024045534822e-02 8.242353303007037724e+00
1.966127601374451778e-02 8.187155725745872914e+00
1.966743178703368733e-02 8.130454479991124472e+00
1.967358756032285688e-02 8.075288466915109709e+00
1.967974333361202297e-02 8.020003551757387328e+00
1.968589910690119252e-02 7.965445839625437507e+00
1.969205488019036207e-02 7.913321651525374811e+00
1.969821065347953162e-02 7.858519362011931797e+00
1.970436642676869771e-02 7.805156094496002339e+00
1.971052220005786726e-02 7.748572005776096283e+00
1.971667797334703681e-02 7.693822108194085629e+00
1.972283374663620290e-02 7.639663766283293356e+00
1.972898951992537245e-02 7.585620780745414571e+00
1.973514529321454200e-02 7.530623765543189130e+00
1.974130106650371155e-02 7.474497888764002340e+00
1.974745683979287764e-02 7.423447529948367318e+00
1.975361261308204719e-02 7.368222103613369711e+00
1.975976838637121674e-02 7.310779785566220212e+00
1.976592415966038629e-02 7.256460290161679261e+00
1.977207993294955238e-02 7.202208855467527648e+00
1.977823570623872193e-02 7.149286830973620610e+00
1.978439147952789148e-02 7.094650694849589101e+00
1.979054725281705757e-02 7.043846902449723224e+00
1.979670302610622712e-02 6.994310267187778152e+00
1.980285879939539667e-02 6.941187690443554992e+00
1.980901457268456622e-02 6.887899432822233159e+00
1.981517034597373231e-02 6.837471025136144576e+00
1.982132611926290186e-02 6.785034901112089400e+00
1.982748189255207141e-02 6.733356542682865431e+00
1.983363766584123750e-02 6.686926493345341171e+00
1.983979343913040705e-02 6.635545744671456525e+00
1.984594921241957660e-02 6.584611169173426148e+00
1.985210498570874615e-02 6.533573382366172133e+00
1.985826075899791224e-02 6.482292414436521710e+00
1.986441653228708179e-02 6.432431575785518163e+00
1.987057230557625134e-02 6.381008961339730945e+00
1.987672807886541743e-02 6.331594410292708197e+00
1.988288385215458698e-02 6.284776378293762455e+00
1.988903962544375653e-02 6.238376677475659271e+00
1.989519539873292608e-02 6.190127885818486497e+00
1.990135117202209217e-02 6.141353560141585177e+00
1.990750694531126172e-02 6.092641802536785001e+00
1.991366271860043127e-02 6.043985371160134790e+00
1.991981849188960083e-02 5.994620962496040484e+00
1.992597426517876691e-02 5.948103421204269381e+00
1.993213003846793646e-02 5.898892615711857523e+00
1.993828581175710601e-02 5.851223738213044534e+00
1.994444158504627210e-02 5.803890620975485248e+00
1.995059735833544165e-02 5.755643705015518030e+00
1.995675313162461120e-02 5.707108643017795302e+00
1.996290890491378076e-02 5.661543679815974173e+00
1.996906467820294684e-02 5.615838676750622760e+00
1.997522045149211639e-02 5.569333208431735294e+00
1.998137622478128594e-02 5.524885528961931414e+00
1.998753199807045550e-02 5.480007798206237624e+00
1.999368777135962158e-02 5.435040305913751979e+00
1.999984354464879113e-02 5.389209165187851980e+00
2.000599931793796069e-02 5.343980429830690326e+00
2.001215509122712677e-02 5.297455221738071707e+00
2.001831086451629632e-02 5.253192061380299371e+00
2.002446663780546587e-02 5.210511647897772214e+00
2.003062241109463543e-02 5.167324481152746785e+00
2.003677818438380151e-02 5.123477041694761702e+00
2.004293395767297106e-02 5.080082187163908358e+00
2.004908973096214062e-02 5.036994827036044065e+00
2.005524550425130670e-02 4.993267245801819243e+00
2.006140127754047625e-02 4.949828335409232061e+00
2.006755705082964580e-02 4.906889344055655577e+00
2.007371282411881536e-02 4.864595761107521454e+00
2.007986859740798144e-02 4.822767900136618380e+00
2.008602437069715099e-02 4.779718640117124551e+00
2.009218014398632055e-02 4.739090330439235110e+00
2.009833591727548663e-02 4.696751262902685298e+00
2.010449169056465618e-02 4.656844410018734060e+00
2.011064746385382573e-02 4.614619807309823685e+00
2.011680323714299529e-02 4.574073497869767024e+00
2.012295901043216137e-02 4.534778008263364413e+00
2.012911478372133092e-02 4.493763188178851564e+00
2.013527055701050048e-02 4.453569076017738659e+00
2.014142633029966656e-02 4.414703299032265882e+00
2.014758210358883611e-02 4.376137270993477379e+00
2.015373787687800566e-02 4.337480115111570278e+00
2.015989365016717522e-02 4.297681015590207210e+00
2.016604942345634130e-02 4.259081012642774056e+00
2.017220519674551085e-02 4.220005266677230082e+00
2.017836097003468041e-02 4.182144101559513771e+00
2.018451674332384996e-02 4.144299483037840126e+00
2.019067251661301604e-02 4.106498345644872927e+00
2.019682828990218559e-02 4.068652195344170330e+00
2.020298406319135515e-02 4.030775915895615569e+00
2.020913983648052123e-02 3.993880729076111358e+00
2.021529560976969078e-02 3.956467889668757287e+00
2.022145138305886033e-02 3.919892306067755072e+00
2.022760715634802989e-02 3.882618604040239507e+00
2.023376292963719597e-02 3.845048566567349280e+00
2.023991870292636552e-02 3.808917830708478558e+00
2.024607447621553508e-02 3.772109512331488279e+00
2.025223024950470463e-02 3.735120909637604125e+00
2.025838602279387071e-02 3.699385230808164948e+00
2.026454179608304026e-02 3.664134878003074913e+00
2.027069756937220982e-02 3.627894881703652263e+00
2.027685334266137590e-02 3.591625526538138047e+00
2.028300911595054545e-02 3.557471076516200981e+00
2.028916488923971501e-02 3.522236711225863459e+00
2.029532066252888456e-02 3.488066957512699684e+00
2.030147643581805064e-02 3.454140535009475155e+00
2.030763220910722019e-02 3.419962476450673527e+00
2.031378798239638975e-02 3.385709026199051674e+00
2.031994375568555583e-02 3.352304545916795497e+00
2.032609952897472538e-02 3.318422655410066202e+00
2.033225530226389494e-02 3.284745378365975021e+00
2.033841107555306449e-02 3.252131479944047943e+00
2.034456684884223057e-02 3.219828321998833065e+00
2.035072262213140012e-02 3.186661815801284270e+00
2.035687839542056968e-02 3.153900125779240948e+00
2.036303416870973576e-02 3.121691275675587463e+00
2.036918994199890531e-02 3.089976926648064559e+00
2.037534571528807487e-02 3.057568423179138684e+00
2.038150148857724442e-02 3.026576525066624335e+00
2.038765726186641050e-02 2.993826614565316735e+00
2.039381303515558005e-02 2.962822689269549059e+00
2.039996880844474961e-02 2.931215501350159069e+00
2.040612458173391569e-02 2.900478651102232686e+00
2.041228035502308524e-02 2.869061794289837319e+00
2.041843612831225480e-02 2.838157454688044812e+00
2.042459190160142435e-02 2.808537065324365312e+00
2.043074767489059043e-02 2.778640287479972937e+00
2.043690344817975998e-02 2.748501772789820663e+00
2.044305922146892954e-02 2.718578583409340332e+00
2.044921499475809909e-02 2.689309368612930573e+00
2.045537076804726517e-02 2.660832413630859428e+00
2.046152654133643473e-02 2.631963432183976881e+00
2.046768231462560428e-02 2.602677953714497505e+00
2.047383808791477383e-02 2.573473429342478802e+00
2.047999386120393991e-02 2.544301564638918212e+00
2.048614963449310947e-02 2.515211195299639879e+00
2.049230540778227902e-02 2.486177163492368614e+00
2.049846118107144510e-02 2.457363366309492037e+00
2.050461695436061466e-02 2.428525685612851426e+00
2.051077272764978421e-02 2.400028728712360504e+00
2.051692850093895376e-02 2.372585453348973417e+00
2.052308427422811984e-02 2.344703174250625466e+00
2.052924004751728940e-02 2.317426658970252351e+00
2.053539582080645895e-02 2.289983326479827941e+00
2.054155159409562503e-02 2.262633212351194079e+00
2.054770736738479459e-02 2.235861679040986871e+00
2.055386314067396414e-02 2.209097719214783595e+00
2.056001891396313369e-02 2.181456417106432344e+00
2.056617468725229977e-02 2.154379778344651442e+00
2.057233046054146933e-02 2.128017269835413394e+00
2.057848623383063888e-02 2.101024785561509844e+00
2.058464200711980496e-02 2.074045128418214645e+00
2.059079778040897452e-02 2.048878187139818507e+00
2.059695355369814407e-02 2.023654441438167417e+00
2.060310932698731362e-02 1.997431398834327743e+00
2.060926510027647970e-02 1.971841325382109877e+00
2.061542087356564926e-02 1.946576999350519088e+00
2.062157664685481881e-02 1.921189097631314624e+00
2.062773242014398489e-02 1.896193403087515605e+00
2.063388819343315445e-02 1.870908518881233551e+00
2.064004396672232400e-02 1.845960365771806222e+00
2.064619974001149355e-02 1.821800093647495844e+00
2.065235551330065963e-02 1.796856672923127896e+00
2.065851128658982919e-02 1.772728432563302814e+00
2.066466705987899874e-02 1.748522705412686618e+00
2.067082283316816482e-02 1.723647149897583164e+00
2.067697860645733438e-02 1.699377686250882036e+00
2.068313437974650393e-02 1.675486886048098922e+00
2.068929015303567348e-02 1.651851105456247915e+00
2.069544592632484303e-02 1.628869605316273894e+00
2.070160169961400912e-02 1.605234228832512988e+00
2.070775747290317867e-02 1.581426212882023785e+00
2.071391324619234822e-02 1.558133988278734616e+00
2.072006901948151431e-02 1.535344845249950740e+00
2.072622479277068386e-02 1.513028980617831198e+00
2.073238056605985341e-02 1.490562947831333585e+00
2.073853633934902296e-02 1.468086537213352027e+00
2.074469211263818905e-02 1.445598187414673497e+00
2.075084788592735860e-02 1.423080736592016171e+00
2.075700365921652815e-02 1.400407670298570828e+00
2.076315943250569424e-02 1.377994036285707935e+00
2.076931520579486379e-02 1.355909081890481982e+00
2.077547097908403334e-02 1.333940926575365893e+00
2.078162675237320289e-02 1.312208711970206165e+00
2.078778252566236898e-02 1.290498927251543249e+00
2.079393829895153853e-02 1.269650936310173339e+00
2.080009407224070808e-02 1.248472976804655854e+00
2.080624984552987417e-02 1.227462749110239670e+00
2.081240561881904372e-02 1.206474857327549888e+00
2.081856139210821327e-02 1.185515931709033133e+00
2.082471716539738282e-02 1.165122451203204124e+00
2.083087293868654891e-02 1.144148366872200340e+00
2.083702871197571846e-02 1.124426117635660249e+00
2.084318448526488801e-02 1.104309895597656022e+00
2.084934025855405409e-02 1.084271042413724517e+00
2.085549603184322365e-02 1.064368445329957780e+00
2.086165180513239320e-02 1.044962756241568202e+00
2.086780757842156275e-02 1.025844931482367661e+00
2.087396335171072884e-02 1.005972620615780633e+00
2.088011912499989839e-02 9.870366560564204361e-01
2.088627489828906794e-02 9.685965889948274787e-01
2.089243067157823402e-02 9.495113011346526521e-01
2.089858644486740358e-02 9.310298914734378428e-01
2.090474221815657313e-02 9.122987914413714927e-01
2.091089799144574268e-02 8.943399785491820131e-01
2.091705376473490877e-02 8.756735359480259939e-01
2.092320953802407832e-02 8.572218592971427853e-01
2.092936531131324787e-02 8.390784584724875206e-01
2.093552108460241742e-02 8.213969847681502623e-01
2.094167685789158351e-02 8.042609690498849773e-01
2.094783263118075306e-02 7.868215519084778009e-01
2.095398840446992261e-02 7.698917111195301421e-01
2.096014417775909217e-02 7.526970032746560513e-01
2.096629995104825825e-02 7.358833578613176440e-01
2.097245572433742780e-02 7.191112977462298383e-01
2.097861149762659735e-02 7.025718413566230947e-01
2.098476727091576344e-02 6.864177397994797314e-01
2.099092304420493299e-02 6.702600305803688707e-01
2.099707881749410254e-02 6.540985961596412768e-01
2.100323459078327210e-02 6.384183038983729519e-01
2.100939036407243818e-02 6.227257992371560968e-01
2.101554613736160773e-02 6.074785754629409285e-01
2.102170191065077728e-02 5.923591797788592128e-01
2.102785768393994337e-02 5.770182740177882685e-01
2.103401345722911292e-02 5.622076395824602280e-01
2.104016923051828247e-02 5.478962564552894987e-01
2.104632500380745203e-02 5.336086509012466506e-01
2.105248077709661811e-02 5.192278905733372918e-01
2.105863655038578766e-02 5.056267051254171863e-01
2.106479232367495721e-02 4.920062685821707249e-01
2.107094809696412330e-02 4.784040373175897365e-01
2.107710387025329285e-02 4.650738991282206691e-01
2.108325964354246240e-02 4.523697345634562494e-01
2.108941541683163196e-02 4.393893471837273523e-01
2.109557119012079804e-02 4.266433662670270355e-01
2.110172696340996759e-02 4.141580099812323668e-01
2.110788273669913714e-02 4.012957139308142018e-01
2.111403850998830323e-02 3.891074948818957768e-01
2.112019428327747278e-02 3.769533046006380284e-01
2.112635005656664233e-02 3.652322662236378581e-01
2.113250582985581189e-02 3.537962909560233848e-01
2.113866160314497797e-02 3.429315643998739893e-01
2.114481737643414752e-02 3.316144626865272782e-01
2.115097314972331707e-02 3.206422028544101410e-01
2.115712892301248316e-02 3.095255133477102794e-01
2.116328469630165271e-02 2.985747791743330604e-01
2.116944046959082226e-02 2.884298225158382634e-01
2.117559624287999182e-02 2.783426708572178665e-01
2.118175201616915790e-02 2.685440243312303688e-01
2.118790778945832745e-02 2.586889139566818652e-01
2.119406356274749700e-02 2.494208641305035723e-01
2.120021933603666656e-02 2.397028965461226735e-01
2.120637510932583264e-02 2.306009058119466160e-01
2.121253088261500219e-02 2.220468648545198542e-01
2.121868665590417175e-02 2.133267982207006086e-01
2.122484242919334130e-02 2.050523051268290653e-01
2.123099820248250738e-02 1.964205007334634545e-01
2.123715397577167693e-02 1.884557055266044279e-01
2.124330974906084649e-02 1.802662973548249115e-01
2.124946552235001257e-02 1.720493324179194206e-01
2.125562129563918212e-02 1.641621549463760654e-01
2.126177706892835167e-02 1.563867988494540284e-01
2.126793284221752123e-02 1.493793423364139783e-01
2.127408861550668731e-02 1.424283862244391241e-01
2.128024438879585686e-02 1.354967902104822208e-01
2.128640016208502642e-02 1.290197014236507123e-01
2.129255593537419250e-02 1.218264375656780557e-01
2.129871170866336205e-02 1.159844611897630912e-01
2.130486748195253160e-02 1.095335850497990843e-01
2.131102325524170116e-02 1.034405292832617923e-01
2.131717902853086724e-02 9.773689922904091332e-02
2.132333480182003679e-02 9.232779593846585087e-02
2.132949057510920635e-02 8.696618670948452756e-02
2.133564634839837243e-02 8.194936070082339818e-02
2.134180212168754198e-02 7.706860148990613002e-02
2.134795789497671153e-02 7.199344569804588811e-02
2.135411366826588109e-02 6.724021613864622493e-02
2.136026944155504717e-02 6.280035728841340537e-02
2.136642521484421672e-02 5.842243192040709465e-02
2.137258098813338628e-02 5.428965325773175282e-02
2.137873676142255236e-02 5.035126613216543701e-02
2.138489253471172191e-02 4.597126098243987241e-02
2.139104830800089146e-02 4.258692221544754797e-02
2.139720408129006102e-02 3.917425719696307485e-02
2.140335985457922710e-02 3.593880764590196009e-02
2.140951562786839665e-02 3.251889703407312426e-02
2.141567140115756621e-02 2.968462330065823815e-02
2.142182717444673576e-02 2.674019328372470236e-02
2.142798294773590184e-02 2.376429135248342775e-02
2.143413872102507139e-02 2.131204283667937141e-02
2.144029449431424095e-02 1.908351000021571778e-02
2.144645026760341050e-02 1.676956945554528358e-02
2.145260604089257658e-02 1.448551329549000073e-02
2.145876181418174614e-02 1.285356849803517658e-02
2.146491758747091569e-02 1.063869478366051731e-02
2.147107336076008177e-02 8.962653649099015102e-03
2.147722913404925132e-02 7.514736720791339968e-03
2.148338490733842088e-02 6.212684325207583520e-03
2.148954068062759043e-02 4.960826286219128904e-03
2.149569645391675651e-02 3.644911979130575040e-03
2.150185222720592607e-02 2.941537251113565416e-03
2.150800800049509562e-02 2.144659404827187546e-03
2.151416377378426170e-02 1.561829887109881685e-03
2.152031954707343125e-02 9.667623508656745385e-04
2.152647532036260081e-02 8.467325580721103305e-04
2.153263109365177036e-02 6.125369380920845947e-04
2.153878686694093644e-02 2.381091017403304277e-04
2.154494264023010600e-02 5.048331927537824410e-04
2.155109841351927555e-02 -0.000000000000000000e+00
2.155725418680844163e-02 2.184034192584914658e-04
2.156340996009761118e-02 6.363864353198699563e-04
2.156956573338678074e-02 1.564165232570009431e-03
2.157572150667595029e-02 2.214731772835482407e-03
2.158187727996511637e-02 2.881860140788226107e-03
2.158803305325428593e-02 3.782329961633053642e-03
2.159418882654345548e-02 4.987383447800115312e-03
2.160034459983262156e-02 5.998871147155949123e-03
2.160650037312179111e-02 7.331509421353353192e-03
2.161265614641096067e-02 8.495512948151848903e-03
2.161881191970013022e-02 9.976700937335538852e-03
2.162496769298929630e-02 1.205859307043058264e-02
2.163112346627846586e-02 1.421493884176673432e-02
2.163727923956763541e-02 1.623115322136610070e-02
2.164343501285680149e-02 1.837010587450517082e-02
2.164959078614597104e-02 2.083445004011590107e-02
2.165574655943514060e-02 2.343786490997913641e-02
2.166190233272431015e-02 2.613582564938255956e-02
2.166805810601347623e-02 2.899751726319805406e-02
2.167421387930264579e-02 3.193357971008533441e-02
2.168036965259181534e-02 3.526478605769192004e-02
2.168652542588098489e-02 3.897598667798139738e-02
2.169268119917015097e-02 4.238286290814848728e-02
2.169883697245932053e-02 4.596049678834784880e-02
2.170499274574849008e-02 4.985130837591802283e-02
2.171114851903765963e-02 5.395029898711679178e-02
2.171730429232682572e-02 5.795290724350429801e-02
2.172346006561599527e-02 6.192776014282317526e-02
2.172961583890516482e-02 6.638897989462522187e-02
2.173577161219433090e-02 7.093557507024739195e-02
2.174192738548350046e-02 7.573853934538762878e-02
2.174808315877267001e-02 8.075163365053335263e-02
2.175423893206183956e-02 8.559914968770750143e-02
2.176039470535100565e-02 9.118713422793087164e-02
2.176655047864017520e-02 9.670578216768073443e-02
2.177270625192934475e-02 1.023547221666599449e-01
2.177886202521851083e-02 1.083236678743948467e-01
2.178501779850768039e-02 1.143858310358657621e-01
2.179117357179684994e-02 1.208288588129728114e-01
2.179732934508601949e-02 1.275445935052112179e-01
2.180348511837518558e-02 1.345044818501502093e-01
2.180964089166435513e-02 1.411646134716597056e-01
2.181579666495352468e-02 1.480119296174911281e-01
2.182195243824269076e-02 1.551626895744390722e-01
2.182810821153186032e-02 1.628985720672842807e-01
2.183426398482102987e-02 1.709110184092296481e-01
2.184041975811019942e-02 1.788776311619864889e-01
2.184657553139936551e-02 1.868464243592700413e-01
2.185273130468853506e-02 1.950719638372574172e-01
2.185888707797770461e-02 2.035766773046469025e-01
2.186504285126687069e-02 2.123855905232436281e-01
2.187119862455604025e-02 2.212134854580267707e-01
2.187735439784520980e-02 2.304793820593842024e-01
2.188351017113437935e-02 2.399830757450144569e-01
2.188966594442354544e-02 2.496652491937007834e-01
2.189582171771271499e-02 2.597634569912269376e-01
2.190197749100188454e-02 2.697168293994126609e-01
2.190813326429105062e-02 2.796852757968898984e-01
2.191428903758022018e-02 2.900972131224097694e-01
2.192044481086938973e-02 3.002663836588772561e-01
2.192660058415855928e-02 3.108859069645320550e-01
2.193275635744772883e-02 3.219383625802560434e-01
2.193891213073689492e-02 3.329854077172241800e-01
2.194506790402606447e-02 3.443156796520442375e-01
2.195122367731523402e-02 3.557080330127280754e-01
2.195737945060440011e-02 3.674966891321712059e-01
2.196353522389356966e-02 3.794041427248346920e-01
2.196969099718273921e-02 3.916192727406940799e-01
2.197584677047190876e-02 4.038448716459389631e-01
2.198200254376107485e-02 4.165071230702074856e-01
2.198815831705024440e-02 4.292639411666927529e-01
2.199431409033941395e-02 4.420944774634718022e-01
2.200046986362858004e-02 4.557138539632050733e-01
2.200662563691774959e-02 4.689037577998163564e-01
2.201278141020691914e-02 4.824146616861985648e-01
2.201893718349608869e-02 4.966783367556914519e-01
2.202509295678525478e-02 5.106968609698028239e-01
2.203124873007442433e-02 5.252290027901417302e-01
2.203740450336359388e-02 5.396500921668756501e-01
2.204356027665275997e-02 5.548794304591203597e-01
2.204971604994192952e-02 5.697766116793573365e-01
2.205587182323109907e-02 5.848987864396625325e-01
2.206202759652026862e-02 6.002437703179644979e-01
2.206818336980943471e-02 6.153065978302704186e-01
2.207433914309860426e-02 6.311573258084183236e-01
2.208049491638777381e-02 6.470406409985266505e-01
2.208665068967693990e-02 6.630368589981188165e-01
2.209280646296610945e-02 6.792938119445418588e-01
2.209896223625527900e-02 6.957278083280905578e-01
2.210511800954444855e-02 7.124333061221987951e-01
2.211127378283361464e-02 7.291118332843214978e-01
2.211742955612278419e-02 7.463086214270450158e-01
2.212358532941195374e-02 7.638764990273131383e-01
2.212974110270111983e-02 7.812561746420579878e-01
2.213589687599028938e-02 7.987911850266992131e-01
2.214205264927945893e-02 8.165992638508613455e-01
2.214820842256862848e-02 8.343917752969048918e-01
2.215436419585779457e-02 8.526842291048075673e-01
2.216051996914696412e-02 8.710865121185690230e-01
2.216667574243613367e-02 8.894222742552857497e-01
2.217283151572530323e-02 9.083541626411701930e-01
2.217898728901446931e-02 9.278450097652820583e-01
2.218514306230363886e-02 9.470251225601403755e-01
2.219129883559280841e-02 9.666312917391630677e-01
2.219745460888197797e-02 9.860570794550684859e-01
2.220361038217114405e-02 1.005710942745122960e+00
2.220976615546031360e-02 1.024991567015568927e+00
2.221592192874948316e-02 1.045007750833927274e+00
2.222207770203864924e-02 1.065308165624623049e+00
2.222823347532781879e-02 1.085665331944776213e+00
2.223438924861698834e-02 1.106432623526945269e+00
2.224054502190615790e-02 1.127210499496313467e+00
2.224670079519532398e-02 1.148078868935999086e+00
2.225285656848449353e-02 1.169013606574534014e+00
2.225901234177366309e-02 1.190449176045701885e+00
2.226516811506282917e-02 1.211890378176007532e+00
2.227132388835199872e-02 1.234014198252662231e+00
2.227747966164116827e-02 1.256270766800761107e+00
2.228363543493033783e-02 1.278770949712951577e+00
2.228979120821950391e-02 1.300962732954494605e+00
2.229594698150867346e-02 1.323028647928069068e+00
2.230210275479784301e-02 1.345156950455866474e+00
2.230825852808700910e-02 1.368202398181988411e+00
2.231441430137617865e-02 1.391234285064356646e+00
2.232057007466534820e-02 1.414452429742201200e+00
2.232672584795451776e-02 1.438415709730738401e+00
2.233288162124368384e-02 1.462040282667464108e+00
2.233903739453285339e-02 1.485772675877683913e+00
2.234519316782202294e-02 1.509959678127194005e+00
2.235134894111118903e-02 1.533962567630580143e+00
2.235750471440035858e-02 1.558406239450581321e+00
2.236366048768952813e-02 1.582883483550612924e+00
2.236981626097869769e-02 1.607851158220642063e+00
2.237597203426786377e-02 1.633033660403083953e+00
2.238212780755703332e-02 1.659246746181378684e+00
2.238828358084620287e-02 1.684591198164046455e+00
2.239443935413536896e-02 1.709693890202212962e+00
2.240059512742453851e-02 1.734418497636735612e+00
2.240675090071370806e-02 1.759560619921761493e+00
2.241290667400287762e-02 1.785494975329083633e+00
2.241906244729204717e-02 1.812244455365245921e+00
2.242521822058121325e-02 1.838437877018874289e+00
2.243137399387038280e-02 1.865093939304574899e+00
2.243752976715954889e-02 1.891449250610637067e+00
2.244368554044871844e-02 1.918183770786212827e+00
2.244984131373788799e-02 1.944895418175658808e+00
2.245599708702705755e-02 1.971477938428489729e+00
2.246215286031622710e-02 1.998216602168123357e+00
2.246830863360539318e-02 2.025509175106039894e+00
2.247446440689456273e-02 2.053499714210826443e+00
2.248062018018373229e-02 2.082291406730283789e+00
2.248677595347289837e-02 2.110471589798286640e+00
2.249293172676206792e-02 2.138138659603308955e+00
2.249908750005123748e-02 2.165526074825617986e+00
2.250524327334040703e-02 2.194120363390126727e+00
2.251139904662957311e-02 2.222918690573983280e+00
2.251755481991874266e-02 2.250978676217134655e+00
2.252371059320791222e-02 2.279929268016831490e+00
2.252986636649707830e-02 2.308814512002026476e+00
2.253602213978624785e-02 2.338333474655053479e+00
2.254217791307541741e-02 2.366493793850487304e+00
2.254833368636458696e-02 2.395449794583515146e+00
2.255448945965375304e-02 2.425243761165718936e+00
2.256064523294292259e-02 2.455443801422967365e+00
2.256680100623209215e-02 2.484842432462474271e+00
2.257295677952125823e-02 2.514403462142204670e+00
2.257911255281042778e-02 2.545144393647342351e+00
2.258526832609959734e-02 2.575472833416790230e+00
2.259142409938876689e-02 2.606966784261528502e+00
2.259757987267793297e-02 2.637721045943330900e+00
2.260373564596710252e-02 2.668376441259358689e+00
2.260989141925627208e-02 2.699679544659922215e+00
2.261604719254543816e-02 2.731099261554478019e+00
2.262220296583460771e-02 2.762978371041054260e+00
2.262835873912377727e-02 2.795167794707678066e+00
2.263451451241294682e-02 2.826932462739911500e+00
2.264067028570211637e-02 2.859808435302278795e+00
2.264682605899128245e-02 2.891485409298025999e+00
2.265298183228045201e-02 2.923397317068839651e+00
2.265913760556961809e-02 2.955399374274018776e+00
2.266529337885878764e-02 2.988949613421910456e+00
2.267144915214795720e-02 3.021362637602032386e+00
2.267760492543712675e-02 3.055541766144111548e+00
2.268376069872629630e-02 3.088668902473816757e+00
2.268991647201546238e-02 3.122822785633283083e+00
2.269607224530463194e-02 3.155850440454771366e+00
2.270222801859380149e-02 3.189716404619194812e+00
2.270838379188296757e-02 3.223784225496002520e+00
2.271453956517213713e-02 3.257642457061250774e+00
2.272069533846130668e-02 3.290850228309194936e+00
2.272685111175047623e-02 3.325230624956540648e+00
2.273300688503964231e-02 3.360341827830357619e+00
2.273916265832881187e-02 3.395326707233012442e+00
2.274531843161798142e-02 3.430518302020831189e+00
2.275147420490714750e-02 3.465102206308710464e+00
2.275762997819631706e-02 3.500232898650220470e+00
2.276378575148548661e-02 3.535812071013657576e+00
2.276994152477465616e-02 3.570833757004638453e+00
2.277609729806382224e-02 3.606700180591741578e+00
2.278225307135299180e-02 3.642712465729155635e+00
2.278840884464216135e-02 3.679006089267676582e+00
2.279456461793132743e-02 3.715174950543568055e+00
2.280072039122049699e-02 3.751538215062995008e+00
2.280687616450966654e-02 3.787100368905880199e+00
2.281303193779883609e-02 3.823788555302365388e+00
2.281918771108800217e-02 3.859384159691667815e+00
2.282534348437717173e-02 3.896677632600263674e+00
2.283149925766634128e-02 3.934041067038783090e+00
2.283765503095550736e-02 3.970901381189837931e+00
2.284381080424467692e-02 4.006676635486770444e+00
2.284996657753384647e-02 4.044025087330783919e+00
2.285612235082301602e-02 4.082137941623546595e+00
2.286227812411218557e-02 4.119227149524875564e+00
2.286843389740135166e-02 4.156882565547014075e+00
2.287458967069052121e-02 4.194705137027654906e+00
2.288074544397968729e-02 4.233630715785898779e+00
2.288690121726885685e-02 4.272182245431620728e+00
2.289305699055802640e-02 4.311763923547820454e+00
2.289921276384719595e-02 4.349776842272558675e+00
2.290536853713636550e-02 4.387613717553684012e+00
2.291152431042553159e-02 4.424782214202721775e+00
2.291768008371470114e-02 4.463819664210769034e+00
2.292383585700386722e-02 4.503041986443419908e+00
2.292999163029303678e-02 4.542680695297755200e+00
2.293614740358220633e-02 4.582225498679661335e+00
2.294230317687137588e-02 4.621291707631967505e+00
2.294845895016054543e-02 4.660461501083405622e+00
2.295461472344971152e-02 4.699779031328861656e+00
2.296077049673888107e-02 4.738923310554117307e+00
2.296692627002805062e-02 4.778883014065320012e+00
2.297308204331721670e-02 4.819139048663482860e+00
2.297923781660638626e-02 4.859785605815465814e+00
2.298539358989555581e-02 4.898564119666517058e+00
2.299154936318472536e-02 4.937400327514557041e+00
2.299770513647389145e-02 4.979113408453332390e+00
2.300386090976306100e-02 5.019763297955082137e+00
2.301001668305223055e-02 5.061301869857845581e+00
2.301617245634139663e-02 5.101109155858667421e+00
2.302232822963056619e-02 5.141639269627099829e+00
2.302848400291973574e-02 5.183676061632912280e+00
2.303463977620890529e-02 5.225001216328727160e+00
2.304079554949807138e-02 5.267558892174903917e+00
2.304695132278724093e-02 5.310782087865812073e+00
2.305310709607641048e-02 5.353358659787949669e+00
2.305926286936557656e-02 5.395597995625923460e+00
2.306541864265474612e-02 5.437666546243226762e+00
2.307157441594391567e-02 5.481121547279371953e+00
2.307773018923308522e-02 5.524091485114363209e+00
2.308388596252225131e-02 5.567458988243558338e+00
2.309004173581142086e-02 5.609970550498634800e+00
2.309619750910059041e-02 5.653975998906846101e+00
2.310235328238975649e-02 5.696736331281535115e+00
2.310850905567892605e-02 5.739562140520007461e+00
2.311466482896809560e-02 5.783805899941808271e+00
2.312082060225726515e-02 5.827809141467391818e+00
2.312697637554643471e-02 5.871608334645871174e+00
2.313313214883560079e-02 5.916628033308581003e+00
2.313928792212477034e-02 5.959940036188275059e+00
2.314544369541393642e-02 6.001901791551934373e+00
2.315159946870310598e-02 6.046330610189672328e+00
2.315775524199227553e-02 6.090245775449266041e+00
2.316391101528144508e-02 6.134991405230599604e+00
2.317006678857061464e-02 6.178655580308227258e+00
2.317622256185978072e-02 6.225151327868955420e+00
2.318237833514895027e-02 6.270749200096492615e+00
2.318853410843811635e-02 6.316792666844585291e+00
2.319468988172728591e-02 6.363835422651506590e+00
2.320084565501645546e-02 6.409924542074437070e+00
2.320700142830562501e-02 6.456564457860709538e+00
2.321315720159479457e-02 6.504583879928829582e+00
2.321931297488396065e-02 6.552269896891892209e+00
2.322546874817313020e-02 6.599703198692798978e+00
2.323162452146229975e-02 6.647414670388207547e+00
2.323778029475146584e-02 6.696175193454324770e+00
2.324393606804063539e-02 6.744688936582449834e+00
2.325009184132980494e-02 6.794005401771135766e+00
2.325624761461897450e-02 6.837157727480734692e+00
2.326240338790814058e-02 6.885732105032177586e+00
2.326855916119731013e-02 6.934697703937348301e+00
2.327471493448647968e-02 6.985874274961618724e+00
2.328087070777564577e-02 7.035934956747253999e+00
2.328702648106481532e-02 7.085902771462062155e+00
2.329318225435398487e-02 7.136347182026758773e+00
2.329933802764315443e-02 7.186463960901097181e+00
2.330549380093232051e-02 7.236616195813088126e+00
2.331164957422149006e-02 7.288280497948658621e+00
2.331780534751065961e-02 7.337720671193913802e+00
2.332396112079982570e-02 7.390377677017365698e+00
2.333011689408899525e-02 7.443534667654315484e+00
2.333627266737816480e-02 7.498920135133516851e+00
2.334242844066733436e-02 7.551900839068877325e+00
2.334858421395650391e-02 7.605344010592423487e+00
2.335473998724566999e-02 7.659191319312088631e+00
2.336089576053483954e-02 7.714425748740181277e+00
2.336705153382400563e-02 7.769287458001487678e+00
2.337320730711317518e-02 7.822874981548952888e+00
2.337936308040234473e-02 7.875234313559391630e+00
2.338551885369151428e-02 7.929900761336481807e+00
2.339167462698068384e-02 7.984702924646649436e+00
2.339783040026984992e-02 8.039041720718911321e+00
2.340398617355901947e-02 8.095325907412076916e+00
2.341014194684818556e-02 8.152610564969288376e+00
2.341629772013735511e-02 8.205920275446864309e+00
2.342245349342652466e-02 8.263670480900730198e+00
2.342860926671569421e-02 8.321921743671873983e+00
2.343476504000486377e-02 8.377914853099232673e+00
2.344092081329402985e-02 8.437763012865875822e+00
2.344707658658319940e-02 8.495753213214337407e+00
2.345323235987236896e-02 8.553740650626052044e+00
2.345938813316153504e-02 8.614271983642522557e+00
2.346554390645070459e-02 8.674521490716589511e+00
2.347169967973987414e-02 8.732517632362208460e+00
2.347785545302904370e-02 8.795140493554871597e+00
2.348401122631820978e-02 8.856861905785157418e+00
2.349016699960737933e-02 8.919655097960729861e+00
2.349632277289654889e-02 8.982255593751409251e+00
2.350247854618571497e-02 9.045629092752413669e+00
2.350863431947488452e-02 9.106696157657786728e+00
2.351479009276405407e-02 9.173107627988640544e+00
2.352094586605322363e-02 9.238246055390252565e+00
2.352710163934238971e-02 9.309132007798488928e+00
2.353325741263155926e-02 9.366796578701180209e+00
2.353941318592072882e-02 9.419911094279855845e+00
2.354556895920989490e-02 9.485561420426567025e+00
2.355172473249906445e-02 9.550877723139572950e+00
2.355788050578823400e-02 9.619071527563598067e+00
2.356403627907740356e-02 9.687501795181834296e+00
2.357019205236656964e-02 9.755224559342899227e+00
2.357634782565573919e-02 9.824299887069383175e+00
2.358250359894490875e-02 9.894481578862251325e+00
2.358865937223407483e-02 9.964671193548646499e+00
2.359481514552324438e-02 1.003380214771250145e+01
2.360097091881241393e-02 1.010215843956017778e+01
2.360712669210158349e-02 1.016708605166775037e+01
2.361328246539075304e-02 1.023874727704539822e+01
2.361943823867991912e-02 1.031371552591375185e+01
2.362559401196908868e-02 1.039076992595697391e+01
2.363174978525825476e-02 1.046340112430100433e+01
2.363790555854742431e-02 1.053900005551669317e+01
2.364406133183659386e-02 1.061504311447202475e+01
2.365021710512576342e-02 1.068758946476802940e+01
2.365637287841493297e-02 1.076250763992704051e+01
2.366252865170409905e-02 1.083524455993420510e+01
2.366868442499326861e-02 1.091944665825118754e+01
2.367484019828243469e-02 1.099647568212789928e+01
2.368099597157160424e-02 1.107361477109002301e+01
2.368715174486077379e-02 1.114587374830014710e+01
2.369330751814994335e-02 1.122629428698458121e+01
2.369946329143911290e-02 1.130777136862339027e+01
2.370561906472827898e-02 1.135958206953038996e+01
2.371177483801744854e-02 1.143550933768617917e+01
2.371793061130661809e-02 1.151051610743860465e+01
2.372408638459578417e-02 1.158613639260599371e+01
2.373024215788495372e-02 1.166458810098984600e+01
2.373639793117412328e-02 1.173942640427949868e+01
2.374255370446329283e-02 1.181591454912117811e+01
2.374870947775245891e-02 1.189738010046977656e+01
2.375486525104162847e-02 1.196973237052052674e+01
2.376102102433079802e-02 1.204746112487042176e+01
2.376717679761996410e-02 1.212544107231881796e+01
2.377333257090913365e-02 1.220846029462963322e+01
2.377948834419830321e-02 1.229364209878407443e+01
2.378564411748747276e-02 1.237534154273310527e+01
2.379179989077663884e-02 1.245224661001173239e+01
2.379795566406580840e-02 1.253475296609627776e+01
2.380411143735497795e-02 1.261146161908694552e+01
2.381026721064414403e-02 1.268979304475205083e+01
2.381642298393331358e-02 1.276460794171019941e+01
2.382257875722248314e-02 1.284346522837560123e+01
2.382873453051165269e-02 1.292392237058701099e+01
2.383489030380081877e-02 1.300699640087598397e+01
2.384104607708998833e-02 1.309446401628589740e+01
2.384720185037915788e-02 1.318611771871961835e+01
2.385335762366832396e-02 1.326865102309144540e+01
2.385951339695749351e-02 1.334254739013765700e+01
2.386566917024666307e-02 1.342836900800073607e+01
2.387182494353583262e-02 1.350687785786394279e+01
2.387798071682500217e-02 1.358478671024408335e+01
2.388413649011416826e-02 1.366225794600034682e+01
2.389029226340333781e-02 1.374701756331991476e+01
2.389644803669250389e-02 1.383102354936279887e+01
2.390260380998167344e-02 1.390767378445144509e+01
2.390875958327084300e-02 1.398230843746454966e+01
2.391491535656001255e-02 1.405808274189462814e+01
2.392107112984918210e-02 1.413628037098793300e+01
2.392722690313834819e-02 1.421917667643058891e+01
2.393338267642751774e-02 1.430476397640295794e+01
2.393953844971668729e-02 1.438451787556686412e+01
2.394569422300585337e-02 1.448589276863214081e+01
2.395184999629502293e-02 1.456173413746333622e+01
2.395800576958419248e-02 1.464295275509186745e+01
2.396416154287336203e-02 1.473040777731651296e+01
2.397031731616252812e-02 1.483515937075719826e+01
2.397647308945169767e-02 1.492517994734560993e+01
2.398262886274086722e-02 1.500316515780182058e+01
2.398878463603003330e-02 1.508449035526673576e+01
2.399494040931920286e-02 1.516880681225901562e+01
2.400109618260837241e-02 1.525678967004931685e+01
2.400725195589754196e-02 1.533279500384737126e+01
2.401340772918670805e-02 1.540967142804192136e+01
2.401956350247587760e-02 1.548432745115905540e+01
2.402571927576504715e-02 1.557382412347845069e+01
2.403187504905421323e-02 1.567461059535892609e+01
2.403803082234338279e-02 1.578684403842681938e+01
2.404418659563255234e-02 1.586381364060601662e+01
2.405034236892172189e-02 1.594069999458563558e+01
2.405649814221088797e-02 1.601221791257027505e+01
2.406265391550005753e-02 1.610142157691408471e+01
2.406880968878922708e-02 1.620434473488981908e+01
2.407496546207839316e-02 1.629944251542734790e+01
2.408112123536756272e-02 1.638628971436440551e+01
2.408727700865673227e-02 1.647508197235386262e+01
2.409343278194590182e-02 1.655907368920886213e+01
2.409958855523507137e-02 1.665965108122909655e+01
2.410574432852423746e-02 1.674086099914365278e+01
2.411190010181340701e-02 1.684692164038661844e+01
2.411805587510257309e-02 1.695311513598899111e+01
2.412421164839174265e-02 1.703413533928973322e+01
2.413036742168091220e-02 1.712865118115982099e+01
2.413652319497008175e-02 1.720298343452930467e+01
2.414267896825925130e-02 1.731712167011455605e+01
2.414883474154841739e-02 1.741171310103813141e+01
2.415499051483758694e-02 1.749329482529100943e+01
2.416114628812675302e-02 1.759872632627049427e+01
2.416730206141592258e-02 1.767527209507065322e+01
2.417345783470509213e-02 1.775309418861863620e+01
2.417961360799426168e-02 1.784722612692106836e+01
2.418576938128343123e-02 1.793659333419855528e+01
2.419192515457259732e-02 1.805699963225831439e+01
2.419808092786176687e-02 1.815020763173428975e+01
2.420423670115093642e-02 1.824648888047570949e+01
2.421039247444010251e-02 1.835894105386681119e+01
2.421654824772927206e-02 1.846096626740363078e+01
2.422270402101844161e-02 1.854313007570739558e+01
2.422885979430761116e-02 1.867987496159262761e+01
2.423501556759677725e-02 1.879473142560683030e+01
2.424117134088594680e-02 1.887796953719379189e+01
2.424732711417511635e-02 1.899371109114717271e+01
2.425348288746428244e-02 1.907888609179478223e+01
2.425963866075345199e-02 1.918571157989993381e+01
2.426579443404262154e-02 1.933035980505715301e+01
2.427195020733179109e-02 1.947053523639383599e+01
2.427810598062095718e-02 1.957596983963646764e+01
2.428426175391012673e-02 1.966367134931956429e+01
2.429041752719929628e-02 1.975321735493801611e+01
2.429657330048846237e-02 1.986072357747106665e+01
2.430272907377763192e-02 1.995332247805505688e+01
2.430888484706680147e-02 2.008602597542097357e+01
2.431504062035597102e-02 2.018086246225563940e+01
2.432119639364513711e-02 2.027761302106941699e+01
2.432735216693430666e-02 2.037627581276591116e+01
2.433350794022347621e-02 2.047684889305451961e+01
2.433966371351264230e-02 2.057933021021346320e+01
2.434581948680181185e-02 2.068371760320507136e+01
2.435197526009098140e-02 2.079000880014832120e+01
2.435813103338015095e-02 2.089820141715183510e+01
2.436428680666932051e-02 2.100829295750908088e+01
2.437044257995848659e-02 2.112028081125572143e+01
2.437659835324765614e-02 2.123416225508759325e+01
2.438275412653682223e-02 2.150512150042160542e+01
2.438890989982599178e-02 2.165225940916186076e+01
2.439506567311516133e-02 2.176529229839306723e+01
2.440122144640433088e-02 2.188040018128488740e+01
2.440737721969350044e-02 2.199757560188671590e+01
2.441353299298266652e-02 2.211681102709455971e+01
2.441968876627183607e-02 2.223809885093699990e+01
2.442584453956100562e-02 2.236143139909034261e+01
2.443200031285017171e-02 2.248680093360660237e+01
2.443815608613934126e-02 2.261419965783706942e+01
2.444431185942851081e-02 2.274361972153345590e+01
2.445046763271768037e-02 2.287505322610783054e+01
2.445662340600684645e-02 2.300849223003212529e+01
2.446277917929601600e-02 2.314392875435737551e+01
2.446893495258518555e-02 2.328135478833259597e+01
2.447509072587435164e-02 2.342076229510302454e+01
2.448124649916352119e-02 2.356214321746713125e+01
2.448740227245269074e-02 2.370548948367203934e+01
2.449355804574186030e-02 2.385079301322689105e+01
2.449971381903102638e-02 2.406629033571541143e+01
2.450586959232019593e-02 2.433253041514698367e+01
2.451202536560936548e-02 2.447866551251441791e+01
2.451818113889853157e-02 2.462683381245663128e+01
2.452433691218770112e-02 2.477702584858037937e+01
2.453049268547687067e-02 2.492923217079662024e+01
2.453664845876604023e-02 2.508344335155072713e+01
2.454280423205520631e-02 2.544563247688397922e+01
2.454896000534437586e-02 2.559869468811318427e+01
2.455511577863354541e-02 2.575383904325900986e+01
2.456127155192271150e-02 2.591105481271724642e+01
2.456742732521188105e-02 2.607033131933969372e+01
2.457358309850105060e-02 2.623165794407523421e+01
2.457973887179022016e-02 2.639502413139517500e+01
2.458589464507938971e-02 2.656041939449118772e+01
2.459205041836855579e-02 2.672783332023492520e+01
2.459820619165772534e-02 2.689725557388945631e+01
2.460436196494689143e-02 2.706867590356328179e+01
2.461051773823606098e-02 2.724208414439873494e+01
2.461667351152523053e-02 2.741747022248720356e+01
2.462282928481440009e-02 2.759482415850445847e+01
2.462898505810356964e-02 2.777413607106007021e+01
2.463514083139273572e-02 2.795539617975559921e+01
2.464129660468190527e-02 2.813859480794679158e+01
2.464745237797107136e-02 2.832372238520571628e+01
2.465360815126024091e-02 2.851076944947915592e+01
2.465976392454941046e-02 2.936900435218115035e+01
2.466591969783858002e-02 3.031235527500604121e+01
2.467207547112774957e-02 3.048111266909763728e+01
2.467823124441691565e-02 3.065208576318038070e+01
2.468438701770608520e-02 3.082526304854874510e+01
2.469054279099525476e-02 3.100063310060868815e+01
2.469669856428442084e-02 3.117818458012275329e+01
2.470285433757359039e-02 3.135790623413748079e+01
2.470901011086275995e-02 3.153978689658972456e+01
2.471516588415192950e-02 3.172381548858822953e+01
2.472132165744109558e-02 3.190998101836648715e+01
2.472747743073026513e-02 3.209827258090238900e+01
2.473363320401943469e-02 3.228867935719970461e+01
2.473978897730860077e-02 3.248119061322574197e+01
2.474594475059777032e-02 3.267579569849873167e+01
2.475210052388693988e-02 3.287248404431771576e+01
2.475825629717610943e-02 3.307124516162651418e+01
2.476441207046527551e-02 3.327206863850243224e+01
2.477056784375444506e-02 3.347494413725890183e+01
