1.815580298662661241e-02 8.289306334778564178e+01
1.816335059468264859e-02 8.289306334778564178e+01
1.817089820273868478e-02 8.289306334778564178e+01
1.817844581079472444e-02 8.289306334778564178e+01
1.818599341885076062e-02 8.289306334778564178e+01
1.819354102690679681e-02 8.289306334778564178e+01
1.820108863496283300e-02 8.289306334778564178e+01
1.820863624301886918e-02 8.289306334778564178e+01
1.821618385107490884e-02 8.289306334778564178e+01
1.822373145913094503e-02 8.289306334778564178e+01
1.823127906718698121e-02 8.289306334778564178e+01
1.823882667524301740e-02 8.289306334778564178e+01
1.824637428329905706e-02 8.289306334778564178e+01
1.825392189135509324e-02 8.289306334778564178e+01
1.826146949941112943e-02 8.289306334778564178e+01
1.826901710746716562e-02 4.013555107769884245e+01
1.827656471552320180e-02 3.987714984849993272e+01
1.828411232357924146e-02 3.962127373350084980e+01
1.829165993163527765e-02 3.936793684826024986e+01
1.829920753969131383e-02 3.740870000841635346e+01
1.830675514774735002e-02 3.715572042216348336e+01
1.831430275580338621e-02 3.690531236374972934e+01
1.832185036385942586e-02 3.665749031328024898e+01
1.832939797191546205e-02 3.537892950097631228e+01
1.833694557997149824e-02 3.513118352664223920e+01
1.834449318802753442e-02 3.488604756487851688e+01
1.835204079608357061e-02 3.464353636229148492e+01
1.835958840413961027e-02 3.440366472598556413e+01
1.836713601219564646e-02 3.332972514435238764e+01
1.837468362025168264e-02 3.235425584349759021e+01
1.838223122830771883e-02 3.183965584887680222e+01
1.838977883636375502e-02 3.125551973875009537e+01
1.839732644441979467e-02 3.075168604616619916e+01
1.840487405247583086e-02 3.050965157980357745e+01
1.841242166053186705e-02 3.027027644654036465e+01
1.841996926858790323e-02 3.003357579524878318e+01
1.842751687664394289e-02 2.952503853338685147e+01
1.843506448469997908e-02 2.929091892638381367e+01
1.844261209275601526e-02 2.890411138417309544e+01
1.845015970081205145e-02 2.867365081319618980e+01
1.845770730886808764e-02 2.822386304027166304e+01
1.846525491692412729e-02 2.786025740146104823e+01
1.847280252498016348e-02 2.763351760666893853e+01
1.848035013303619967e-02 2.740949753145432410e+01
1.848789774109223585e-02 2.718821170418781819e+01
1.849544534914827204e-02 2.696967455888905718e+01
1.850299295720431170e-02 2.675390042481590314e+01
1.851054056526034788e-02 2.647377721047922705e+01
1.851808817331638407e-02 2.619315102519014005e+01
1.852563578137242026e-02 2.598338252815030458e+01
1.853318338942845644e-02 2.569184951878082757e+01
1.854073099748449610e-02 2.542718297020257268e+01
1.854827860554053229e-02 2.515415614412367518e+01
1.855582621359656847e-02 2.492061439737643269e+01
1.856337382165260466e-02 2.465277003300069580e+01
1.857092142970864085e-02 2.433199291485966498e+01
1.857846903776468050e-02 2.408055635316409493e+01
1.858601664582071669e-02 2.382893249566995308e+01
1.859356425387675288e-02 2.360700741050767704e+01
1.860111186193278907e-02 2.333390549268134251e+01
1.860865946998882872e-02 2.314132500735670206e+01
1.861620707804486491e-02 2.290128836224426223e+01
1.862375468610090110e-02 2.271294388565367228e+01
1.863130229415693728e-02 2.250474571627380627e+01
1.863884990221297347e-02 2.223777605500537646e+01
1.864639751026901313e-02 2.202692465184970416e+01
1.865394511832504931e-02 2.184602043723945286e+01
1.866149272638108550e-02 2.164214124418829144e+01
1.866904033443712169e-02 2.140720568485103215e+01
1.867658794249315787e-02 2.117967666409789729e+01
1.868413555054919753e-02 2.095379461851823777e+01
1.869168315860523372e-02 2.073452099179173302e+01
1.869923076666126990e-02 2.054464976280506505e+01
1.870677837471730609e-02 2.037528961849567111e+01
1.871432598277334228e-02 2.016654523248459441e+01
1.872187359082938193e-02 1.997978952939092423e+01
1.872942119888541812e-02 1.980141683628625415e+01
1.873696880694145431e-02 1.963251451617336940e+01
1.874451641499749049e-02 1.944489861393398300e+01
1.875206402305353015e-02 1.921850667422912196e+01
1.875961163110956634e-02 1.903739646671368746e+01
1.876715923916560252e-02 1.887142461770270430e+01
1.877470684722163871e-02 1.869141072041335505e+01
1.878225445527767490e-02 1.852049549624438285e+01
1.878980206333371455e-02 1.836641466386307897e+01
1.879734967138975074e-02 1.819307754780125208e+01
1.880489727944578693e-02 1.802046554587940363e+01
1.881244488750182312e-02 1.786724176709499901e+01
1.881999249555785930e-02 1.770962351348483566e+01
1.882754010361389896e-02 1.755424100902781959e+01
1.883508771166993515e-02 1.740171474977410071e+01
1.884263531972597133e-02 1.724591619330425729e+01
1.885018292778200752e-02 1.708922585284305740e+01
1.885773053583804371e-02 1.694082557800852129e+01
1.886527814389408336e-02 1.679232141478667373e+01
1.887282575195011955e-02 1.664181782330341619e+01
1.888037336000615574e-02 1.649285270148028815e+01
1.888792096806219192e-02 1.635216779361261530e+01
1.889546857611822811e-02 1.620964522705355293e+01
1.890301618417426777e-02 1.607240532769916186e+01
1.891056379223030395e-02 1.593633359455336596e+01
1.891811140028634014e-02 1.579911845117826807e+01
1.892565900834237633e-02 1.564874822333579196e+01
1.893320661639841598e-02 1.551582241347581359e+01
1.894075422445445217e-02 1.538367720916148862e+01
1.894830183251048836e-02 1.525327299807057990e+01
1.895584944056652454e-02 1.512602903683233180e+01
1.896339704862256073e-02 1.498916698331975716e+01
1.897094465667860039e-02 1.486625529346006758e+01
1.897849226473463657e-02 1.475435245318381483e+01
1.898603987279067276e-02 1.462968594483624862e+01
1.899358748084670895e-02 1.451550527652278610e+01
1.900113508890274513e-02 1.438765071773771353e+01
1.900868269695878479e-02 1.426398991564982843e+01
1.901623030501482098e-02 1.415490689112501244e+01
1.902377791307085717e-02 1.402675135896111058e+01
1.903132552112689335e-02 1.391397482518589790e+01
1.903887312918292954e-02 1.380349189063269755e+01
1.904642073723896920e-02 1.368823109177039932e+01
1.905396834529500538e-02 1.357795171022697289e+01
1.906151595335104157e-02 1.347140160387068875e+01
1.906906356140707776e-02 1.335770018986732133e+01
1.907661116946311741e-02 1.325718564904935981e+01
1.908415877751915360e-02 1.315599317035132287e+01
1.909170638557518979e-02 1.305407303598447655e+01
1.909925399363122597e-02 1.295233299064767962e+01
1.910680160168726216e-02 1.284506414253664452e+01
1.911434920974330182e-02 1.274756942988322272e+01
1.912189681779933800e-02 1.265151950703803330e+01
1.912944442585537419e-02 1.255561482425972386e+01
1.913699203391141038e-02 1.245095843455512785e+01
1.914453964196744656e-02 1.235285566791556100e+01
1.915208725002348622e-02 1.225985611826413013e+01
1.915963485807952241e-02 1.216383674109983382e+01
1.916718246613555859e-02 1.207374542567596976e+01
1.917473007419159478e-02 1.198113625329274790e+01
1.918227768224763097e-02 1.189380413919467472e+01
1.918982529030367062e-02 1.180220890880767826e+01
1.919737289835970681e-02 1.171118975121264683e+01
1.920492050641574300e-02 1.162388454681772920e+01
1.921246811447177918e-02 1.153579222930846626e+01
1.922001572252781537e-02 1.144652955312148812e+01
1.922756333058385503e-02 1.135787492910546526e+01
1.923511093863989121e-02 1.127557930521235185e+01
1.924265854669592740e-02 1.119641626596167683e+01
1.925020615475196359e-02 1.111684939584734799e+01
1.925775376280800325e-02 1.103149956489277450e+01
1.926530137086403943e-02 1.095291502856698784e+01
1.927284897892007562e-02 1.087225816535542755e+01
1.928039658697611181e-02 1.079497456471671057e+01
1.928794419503214799e-02 1.071863282998366884e+01
1.929549180308818765e-02 1.064172257236243802e+01
1.930303941114422384e-02 1.056479043272858753e+01
1.931058701920026002e-02 1.048788941620596304e+01
1.931813462725629621e-02 1.041103332469540987e+01
1.932568223531233240e-02 1.033938561441626902e+01
1.933322984336837205e-02 1.026280940585435886e+01
1.934077745142440824e-02 1.019250183363904938e+01
1.934832505948044443e-02 1.011999265670292658e+01
1.935587266753648061e-02 1.004301539676164090e+01
1.936342027559252027e-02 9.967882389912643859e+00
1.937096788364855646e-02 9.893279429277932024e+00
1.937851549170459264e-02 9.822881867147044588e+00
1.938606309976062883e-02 9.756307266077902440e+00
1.939361070781666502e-02 9.682033488585856773e+00
1.940115831587270467e-02 9.609943757155027910e+00
1.940870592392874086e-02 9.541088216604340033e+00
1.941625353198477705e-02 9.471498699622005191e+00
1.942380114004081323e-02 9.403222277378670668e+00
1.943134874809684942e-02 9.335733752454885348e+00
1.943889635615288908e-02 9.267761833253057802e+00
1.944644396420892526e-02 9.203302980756042473e+00
1.945399157226496145e-02 9.137573705727200846e+00
1.946153918032099764e-02 9.072863434175992836e+00
1.946908678837703383e-02 9.008829162585954009e+00
1.947663439643307348e-02 8.944795556161514227e+00
1.948418200448910967e-02 8.881865189894023516e+00
1.949172961254514586e-02 8.818570074774729761e+00
1.949927722060118204e-02 8.756393944282638842e+00
1.950682482865721823e-02 8.695568577249247255e+00
1.951437243671325789e-02 8.633298260024670157e+00
1.952192004476929407e-02 8.571871012649216581e+00
1.952946765282533026e-02 8.511392116409327357e+00
1.953701526088136645e-02 8.449652783391147892e+00
1.954456286893740263e-02 8.389369113024226721e+00
1.955211047699344229e-02 8.328710278836389591e+00
1.955965808504947848e-02 8.269205570508493253e+00
1.956720569310551466e-02 8.206010239841395659e+00
1.957475330116155085e-02 8.146400779264993730e+00
1.958230090921759051e-02 8.087306693256449464e+00
1.958984851727362669e-02 8.031440177377609402e+00
1.959739612532966288e-02 7.972050106474275033e+00
1.960494373338569907e-02 7.914556995004633499e+00
1.961249134144173525e-02 7.853863437635233424e+00
1.962003894949777491e-02 7.797930108005121319e+00
1.962758655755381110e-02 7.739977500771849428e+00
1.963513416560984728e-02 7.680359160344162994e+00
1.964268177366588347e-02 7.623688543261463835e+00
1.965022938172191966e-02 7.568352317452911038e+00
1.965777698977795931e-02 7.512777826501664258e+00
1.966532459783399550e-02 7.459097407005005564e+00
1.967287220589003169e-02 7.404346652322038480e+00
1.968041981394606788e-02 7.350786190012875920e+00
1.968796742200210753e-02 7.296900344014187745e+00
1.969551503005814372e-02 7.240658520008219412e+00
1.970306263811417991e-02 7.185264829080684201e+00
1.971061024617021609e-02 7.131238733533490581e+00
1.971815785422625228e-02 7.078131500196153780e+00
1.972570546228229194e-02 7.023375766592876879e+00
1.973325307033832812e-02 6.971561066376612104e+00
1.974080067839436431e-02 6.917919128684093977e+00
1.974834828645040050e-02 6.865672803465123764e+00
1.975589589450643668e-02 6.813549952615976402e+00
1.976344350256247634e-02 6.760489035235568878e+00
1.977099111061851253e-02 6.707785529782554157e+00
1.977853871867454871e-02 6.654419505126792700e+00
1.978608632673058490e-02 6.603185610274048045e+00
1.979363393478662109e-02 6.551915913507278866e+00
1.980118154284266074e-02 6.500050393083554923e+00
1.980872915089869693e-02 6.450110925254622707e+00
1.981627675895473312e-02 6.400397247093519759e+00
1.982382436701076930e-02 6.350914730196738134e+00
1.983137197506680549e-02 6.301445863978133666e+00
1.983891958312284515e-02 6.251411770944621082e+00
1.984646719117888133e-02 6.200864777094114544e+00
1.985401479923491752e-02 6.150712822029102078e+00
1.986156240729095371e-02 6.102593445262741056e+00
1.986911001534698989e-02 6.053690778615186119e+00
1.987665762340302955e-02 6.005515930496936328e+00
1.988420523145906574e-02 5.957111482533024471e+00
1.989175283951510192e-02 5.908944079070749922e+00
1.989930044757113811e-02 5.860045314420142759e+00
1.990684805562717777e-02 5.812861285684166823e+00
1.991439566368321396e-02 5.764820061331660028e+00
1.992194327173925014e-02 5.716514641686424092e+00
1.992949087979528633e-02 5.669583542700884493e+00
1.993703848785132252e-02 5.622379185034435345e+00
1.994458609590736217e-02 5.574871096876742094e+00
1.995213370396339836e-02 5.529025878159626650e+00
1.995968131201943455e-02 5.482208280396607236e+00
1.996722892007547073e-02 5.435420242537840174e+00
1.997477652813150692e-02 5.390450632376239781e+00
1.998232413618754658e-02 5.345645765611915401e+00
1.998987174424358276e-02 5.299991989569382334e+00
1.999741935229961895e-02 5.252705178411331666e+00
2.000496696035565514e-02 5.207816893825857107e+00
2.001251456841169479e-02 5.162447313120418713e+00
2.002006217646773098e-02 5.117074403275310601e+00
2.002760978452376717e-02 5.072384392728362279e+00
2.003515739257980335e-02 5.028052760068661087e+00
2.004270500063583954e-02 4.984831538280388052e+00
2.005025260869187920e-02 4.940575193201770965e+00
2.005780021674791538e-02 4.896618161606242303e+00
2.006534782480395157e-02 4.852903064730179850e+00
2.007289543285998776e-02 4.808604852620866232e+00
2.008044304091602394e-02 4.764308723923659450e+00
2.008799064897206360e-02 4.722632370042660455e+00
2.009553825702809979e-02 4.680380352728026772e+00
2.010308586508413597e-02 4.637443032480374150e+00
2.011063347314017216e-02 4.594594385148467630e+00
2.011818108119620835e-02 4.552259439848319822e+00
2.012572868925224800e-02 4.509232959222898351e+00
2.013327629730828419e-02 4.467007427319373392e+00
2.014082390536432038e-02 4.425778323339281783e+00
2.014837151342035657e-02 4.384197868741178006e+00
2.015591912147639275e-02 4.343441420342009529e+00
2.016346672953243241e-02 4.303096594579890244e+00
2.017101433758846860e-02 4.263384336213436043e+00
2.017856194564450478e-02 4.223225381918731536e+00
2.018610955370054097e-02 4.183454351642882152e+00
2.019365716175657716e-02 4.142733203802095865e+00
2.020120476981261681e-02 4.103301926899531438e+00
2.020875237786865300e-02 4.063830081550693585e+00
2.021629998592468919e-02 4.025262781458237349e+00
2.022384759398072537e-02 3.986488831954950296e+00
2.023139520203676156e-02 3.947098584024953727e+00
2.023894281009280122e-02 3.909013105749617356e+00
2.024649041814883740e-02 3.870240071805278959e+00
2.025403802620487359e-02 3.832106723313353225e+00
2.026158563426090978e-02 3.794051269599942877e+00
2.026913324231694943e-02 3.756136194060038846e+00
2.027668085037298562e-02 3.719303123387102783e+00
2.028422845842902181e-02 3.682035559391610313e+00
2.029177606648505799e-02 3.645715216804897185e+00
2.029932367454109418e-02 3.609268390670359317e+00
2.030687128259713384e-02 3.571597933758618115e+00
2.031441889065317002e-02 3.536305085363283141e+00
2.032196649870920621e-02 3.500016738789915038e+00
2.032951410676524240e-02 3.464364636567246247e+00
2.033706171482128205e-02 3.429382673897924949e+00
2.034460932287731824e-02 3.394114202294304938e+00
2.035215693093335443e-02 3.358865851232302191e+00
2.035970453898939062e-02 3.324642571573090954e+00
2.036725214704542680e-02 3.289162614694845388e+00
2.037479975510146646e-02 3.254303860480793453e+00
2.038234736315750265e-02 3.219732743633767047e+00
2.038989497121353883e-02 3.185345134497483244e+00
2.039744257926957502e-02 3.152283817390352905e+00
2.040499018732561121e-02 3.118760649892473591e+00
2.041253779538165086e-02 3.085237627579808795e+00
2.042008540343768705e-02 3.052234023633974225e+00
2.042763301149372324e-02 3.019744296199933675e+00
2.043518061954975942e-02 2.986774186946492549e+00
2.044272822760579561e-02 2.954027362775933252e+00
2.045027583566183527e-02 2.922035550789952474e+00
2.045782344371787145e-02 2.889662747501137829e+00
2.046537105177390764e-02 2.857842258932956181e+00
2.047291865982994383e-02 2.825236953175751076e+00
2.048046626788598001e-02 2.794012856347332541e+00
2.048801387594201967e-02 2.763076082207214235e+00
2.049556148399805586e-02 2.731705660160957727e+00
2.050310909205409204e-02 2.700423673273877334e+00
2.051065670011012823e-02 2.669741127471985997e+00
2.051820430816616442e-02 2.639682480148815902e+00
2.052575191622220407e-02 2.609024683295632752e+00
2.053329952427824026e-02 2.578478934799949496e+00
2.054084713233427645e-02 2.548297434692185170e+00
2.054839474039031263e-02 2.519167827983815666e+00
2.055594234844634882e-02 2.489570801129487698e+00
2.056348995650238848e-02 2.460359172521865201e+00
2.057103756455842467e-02 2.431241060177681934e+00
2.057858517261446085e-02 2.402162284791350633e+00
2.058613278067049704e-02 2.373933364388551404e+00
2.059368038872653670e-02 2.345718200315610957e+00
2.060122799678257288e-02 2.317919987018274064e+00
2.060877560483860907e-02 2.290155205117883064e+00
2.061632321289464526e-02 2.262155057757245569e+00
2.062387082095068144e-02 2.234737119065103972e+00
2.063141842900672110e-02 2.207131292978708359e+00
2.063896603706275729e-02 2.180122205278774761e+00
2.064651364511879347e-02 2.153632570766090382e+00
2.065406125317482966e-02 2.127627113242039680e+00
2.066160886123086932e-02 2.101323506854814838e+00
2.066915646928690550e-02 2.074893312037865645e+00
2.067670407734294169e-02 2.048096406127846159e+00
2.068425168539897788e-02 2.022752680627271538e+00
2.069179929345501406e-02 1.997315474573697403e+00
2.069934690151105372e-02 1.971630170682935113e+00
2.070689450956708991e-02 1.946644483611584375e+00
2.071444211762312609e-02 1.921127961560935127e+00
2.072198972567916228e-02 1.896377001443424692e+00
2.072953733373519847e-02 1.871594146820075411e+00
2.073708494179123812e-02 1.846568183583300771e+00
2.074463254984727431e-02 1.822382856778551385e+00
2.075218015790331050e-02 1.798246949688091512e+00
2.075972776595934668e-02 1.774051611348478552e+00
2.076727537401538287e-02 1.750231654463520359e+00
2.077482298207142253e-02 1.726710704798019025e+00
2.078237059012745871e-02 1.703719708570257119e+00
2.078991819818349490e-02 1.680693582404644504e+00
2.079746580623953109e-02 1.657354304416418289e+00
2.080501341429556728e-02 1.634821631714518331e+00
2.081256102235160693e-02 1.612255110273441039e+00
2.082010863040764312e-02 1.589897440915917670e+00
2.082765623846367931e-02 1.567857456007389683e+00
2.083520384651971549e-02 1.545870846538573984e+00
2.084275145457575168e-02 1.524369819131288217e+00
2.085029906263179134e-02 1.503205227382534259e+00
2.085784667068782752e-02 1.482602967675725303e+00
2.086539427874386371e-02 1.461197060154738825e+00
2.087294188679989990e-02 1.439648900810222454e+00
2.088048949485593608e-02 1.418265456611770947e+00
2.088803710291197574e-02 1.397586314014900521e+00
2.089558471096801193e-02 1.376984567357068201e+00
2.090313231902404811e-02 1.356981925462050986e+00
2.091067992708008430e-02 1.336453011450121853e+00
2.091822753513612396e-02 1.316279096542717353e+00
2.092577514319216014e-02 1.296790276767610717e+00
2.093332275124819633e-02 1.276919147484127048e+00
2.094087035930423252e-02 1.256652504140140403e+00
2.094841796736026870e-02 1.237403513993347692e+00
2.095596557541630836e-02 1.217994590072604355e+00
2.096351318347234455e-02 1.198867213038358415e+00
2.097106079152838073e-02 1.179885952004595229e+00
2.097860839958441692e-02 1.160701492535664903e+00
2.098615600764045658e-02 1.142344638847679450e+00
2.099370361569649276e-02 1.123548476473055002e+00
2.100125122375252895e-02 1.104779959784365273e+00
2.100879883180856514e-02 1.086644794085398269e+00
2.101634643986460133e-02 1.068751542419428047e+00
2.102389404792064098e-02 1.050312079644911689e+00
2.103144165597667717e-02 1.032453091953463797e+00
2.103898926403271336e-02 1.014750378269752673e+00
2.104653687208874954e-02 9.973088832642215129e-01
2.105408448014478573e-02 9.798243349649807810e-01
2.106163208820082539e-02 9.626415139464915560e-01
2.106917969625686157e-02 9.458486705132264083e-01
2.107672730431289776e-02 9.286858599474830944e-01
2.108427491236893395e-02 9.118620506514999446e-01
2.109182252042497013e-02 8.951039716253843537e-01
2.109937012848100979e-02 8.785494696256657132e-01
2.110691773653704598e-02 8.619465137404286326e-01
2.111446534459308216e-02 8.455620264492523797e-01
2.112201295264911835e-02 8.291445941448976065e-01
2.112956056070515454e-02 8.134264336429395392e-01
2.113710816876119419e-02 7.978127770411709285e-01
2.114465577681723038e-02 7.822003993378442432e-01
2.115220338487326657e-02 7.669584132709983404e-01
2.115975099292930275e-02 7.513905566662063551e-01
2.116729860098533894e-02 7.360271741061109596e-01
2.117484620904137860e-02 7.209987969275950537e-01
2.118239381709741478e-02 7.061966484379269549e-01
2.118994142515345097e-02 6.914264256966750066e-01
2.119748903320948716e-02 6.767031120349177309e-01
2.120503664126552335e-02 6.618730814673302598e-01
2.121258424932156300e-02 6.475926950747810107e-01
2.122013185737759919e-02 6.335246283865691996e-01
2.122767946543363538e-02 6.193322263406291217e-01
2.123522707348967156e-02 6.052848017701359939e-01
2.124277468154571122e-02 5.914589311339909505e-01
2.125032228960174741e-02 5.781107201558148834e-01
2.125786989765778359e-02 5.650955294686251795e-01
2.126541750571381978e-02 5.515188927512174599e-01
2.127296511376985597e-02 5.379049321215025881e-01
2.128051272182589562e-02 5.247212953996152063e-01
2.128806032988193181e-02 5.119512345542567289e-01
2.129560793793796800e-02 4.992514184194147830e-01
2.130315554599400418e-02 4.868055086250309138e-01
2.131070315405004384e-02 4.742255276767332606e-01
2.131825076210608003e-02 4.615248451884385039e-01
2.132579837016211621e-02 4.491934146840845243e-01
2.133334597821815240e-02 4.373649602126631342e-01
2.134089358627418859e-02 4.253382209176497786e-01
2.134844119433022824e-02 4.136501042490413060e-01
2.135598880238626443e-02 4.021052778810940698e-01
2.136353641044230062e-02 3.910541364607053039e-01
2.137108401849833680e-02 3.796677752445427600e-01
2.137863162655437299e-02 3.683573757409915328e-01
2.138617923461041265e-02 3.573134113444063620e-01
2.139372684266644883e-02 3.463322117475945983e-01
2.140127445072248502e-02 3.360373899866005432e-01
2.140882205877852121e-02 3.254149639598920007e-01
2.141636966683455739e-02 3.156226209589548248e-01
2.142391727489059705e-02 3.057642647887768295e-01
2.143146488294663324e-02 2.957941404359521465e-01
2.143901249100266942e-02 2.860563072682904551e-01
2.144656009905870561e-02 2.762660158301351032e-01
2.145410770711474180e-02 2.668572026079600867e-01
2.146165531517078146e-02 2.573078382716012524e-01
2.146920292322681764e-02 2.478502163076215237e-01
2.147675053128285383e-02 2.389567647503849368e-01
2.148429813933889002e-02 2.304167266674906622e-01
2.149184574739492620e-02 2.218093105170713120e-01
2.149939335545096586e-02 2.133178953489473229e-01
2.150694096350700205e-02 2.048342932558360474e-01
2.151448857156303823e-02 1.966318415914236895e-01
2.152203617961907442e-02 1.886974383030391722e-01
2.152958378767511061e-02 1.806834965842828988e-01
2.153713139573115026e-02 1.732587460349921671e-01
2.154467900378718645e-02 1.659290217541878332e-01
2.155222661184322264e-02 1.586184802284803241e-01
2.155977421989925882e-02 1.511364629628268452e-01
2.156732182795529848e-02 1.439657410279686356e-01
2.157486943601133467e-02 1.369193582367145279e-01
2.158241704406737085e-02 1.304909385486923423e-01
2.158996465212340704e-02 1.239557375831155522e-01
2.159751226017944323e-02 1.177494853350604803e-01
2.160505986823548288e-02 1.115949914893854811e-01
2.161260747629151907e-02 1.057209652648891662e-01
2.162015508434755526e-02 9.977675761051475745e-02
2.162770269240359144e-02 9.395244160970199487e-02
2.163525030045963110e-02 8.838478325539378400e-02
2.164279790851566729e-02 8.300894054556004487e-02
2.165034551657170347e-02 7.778965812892185694e-02
2.165789312462773966e-02 7.299978980511563631e-02
2.166544073268377585e-02 6.803038445466964845e-02
2.167298834073981550e-02 6.326968302996903437e-02
2.168053594879585169e-02 5.868727662131986711e-02
2.168808355685188788e-02 5.425192507623170096e-02
2.169563116490792407e-02 5.009217975909294185e-02
2.170317877296396025e-02 4.617749943811936403e-02
2.171072638101999991e-02 4.241950272364385099e-02
2.171827398907603610e-02 3.906688803197226612e-02
2.172582159713207228e-02 3.570094184268577525e-02
2.173336920518810847e-02 3.252277989941420450e-02
2.174091681324414466e-02 2.934960812897565580e-02
2.174846442130018431e-02 2.650944530404727301e-02
2.175601202935622050e-02 2.372903911586295503e-02
2.176355963741225669e-02 2.130802659850880229e-02
2.177110724546829287e-02 1.863998071014674046e-02
2.177865485352432906e-02 1.649869333259517887e-02
2.178620246158036872e-02 1.427638173059513939e-02
2.179375006963640490e-02 1.241408842625678875e-02
2.180129767769244109e-02 1.063294209004516343e-02
2.180884528574847728e-02 8.634517667984502320e-03
2.181639289380451346e-02 6.770540825041262110e-03
2.182394050186055312e-02 5.104891968079274152e-03
2.183148810991658931e-02 3.804227000290583399e-03
2.183903571797262549e-02 2.663499910976265071e-03
2.184658332602866168e-02 1.811517760434837613e-03
2.185413093408469787e-02 1.422691279110959188e-03
2.186167854214073752e-02 9.490452430063017449e-04
2.186922615019677371e-02 7.500483109549233897e-04
2.187677375825280990e-02 3.764943226109756982e-04
2.188432136630884609e-02 -0.000000000000000000e+00
2.189186897436488574e-02 2.066664213241910808e-05
2.189941658242092193e-02 2.528984751169738028e-04
2.190696419047695812e-02 6.218443779085639032e-04
2.191451179853299430e-02 1.179599590360527533e-03
2.192205940658903049e-02 1.948184304310996481e-03
2.192960701464507015e-02 2.765528710419730592e-03
2.193715462270110633e-02 4.059681895365180315e-03
2.194470223075714252e-02 5.456412308239598670e-03
2.195224983881317871e-02 6.768918115108657485e-03
2.195979744686921836e-02 8.630909709188646153e-03
2.196734505492525455e-02 1.071338273751423244e-02
2.197489266298129074e-02 1.263685445561665323e-02
2.198244027103732692e-02 1.479382452221024956e-02
2.198998787909336311e-02 1.737594514835295867e-02
2.199753548714940277e-02 1.965710426944658820e-02
2.200508309520543895e-02 2.258513021686367472e-02
2.201263070326147514e-02 2.499333474083709206e-02
2.202017831131751133e-02 2.799265712660858885e-02
2.202772591937354751e-02 3.112688526385475052e-02
2.203527352742958717e-02 3.392609454014677145e-02
2.204282113548562336e-02 3.747979815180352975e-02
2.205036874354165954e-02 4.112404039201602440e-02
2.205791635159769573e-02 4.485641272209930919e-02
2.206546395965373192e-02 4.875218519586654864e-02
2.207301156770977157e-02 5.249779417578583074e-02
2.208055917576580776e-02 5.666052215692542193e-02
2.208810678382184395e-02 6.116310557245096396e-02
2.209565439187788013e-02 6.593930104335990472e-02
2.210320199993391632e-02 7.083209773432627698e-02
2.211074960798995598e-02 7.565636664926653210e-02
2.211829721604599217e-02 8.092967263371748932e-02
2.212584482410202835e-02 8.649075151926290117e-02
2.213339243215806454e-02 9.204271382344189623e-02
2.214094004021410073e-02 9.790720826157318923e-02
2.214848764827014038e-02 1.036419583654772936e-01
2.215603525632617657e-02 1.099093896205535076e-01
2.216358286438221276e-02 1.164362334284772538e-01
2.217113047243824894e-02 1.231128281843685696e-01
2.217867808049428513e-02 1.299161726981082621e-01
2.218622568855032479e-02 1.367237708140674191e-01
2.219377329660636097e-02 1.435999773250721812e-01
2.220132090466239716e-02 1.509440337230422702e-01
2.220886851271843335e-02 1.583661043549422776e-01
2.221641612077446953e-02 1.657195950553009278e-01
2.222396372883050919e-02 1.733525631107621368e-01
2.223151133688654538e-02 1.812371295052152276e-01
2.223905894494258156e-02 1.891070248450955615e-01
2.224660655299862122e-02 1.971258494419981244e-01
2.225415416105465394e-02 2.055122454329256221e-01
2.226170176911069359e-02 2.137903649083481850e-01
2.226924937716672978e-02 2.225527608847076844e-01
2.227679698522276597e-02 2.314944461113030150e-01
2.228434459327880562e-02 2.406747560197179114e-01
2.229189220133484181e-02 2.499350871317678191e-01
2.229943980939087800e-02 2.592363336623483838e-01
2.230698741744691418e-02 2.687110904148444779e-01
2.231453502550295037e-02 2.784574851409783447e-01
2.232208263355899003e-02 2.882376518648899766e-01
2.232963024161502621e-02 2.982307449020431545e-01
2.233717784967106240e-02 3.083310746910700173e-01
2.234472545772709859e-02 3.188603064636278961e-01
2.235227306578313478e-02 3.292514795615018031e-01
2.235982067383917443e-02 3.396176277077155303e-01
2.236736828189521062e-02 3.503863267193566000e-01
2.237491588995124681e-02 3.617328881641796445e-01
2.238246349800728299e-02 3.731688997845342137e-01
2.239001110606331918e-02 3.846525369434246056e-01
2.239755871411935884e-02 3.961554751163972043e-01
2.240510632217539502e-02 4.076918205443419430e-01
2.241265393023143121e-02 4.196465292166889904e-01
2.242020153828746740e-02 4.317105287033691785e-01
2.242774914634350358e-02 4.435276300702011842e-01
2.243529675439954324e-02 4.561064878113483267e-01
2.244284436245557943e-02 4.682124200761601518e-01
2.245039197051161561e-02 4.812247464415041476e-01
2.245793957856765180e-02 4.943030158762080073e-01
2.246548718662368799e-02 5.068461641877618495e-01
2.247303479467972764e-02 5.199739093817032920e-01
2.248058240273576383e-02 5.331943206832947535e-01
2.248813001079180002e-02 5.464375154793029710e-01
2.249567761884783620e-02 5.601693576138032649e-01
2.250322522690387239e-02 5.742086313854085633e-01
2.251077283495991205e-02 5.884228974386080946e-01
2.251832044301594823e-02 6.026256717156344145e-01
2.252586805107198442e-02 6.170057653463565384e-01
2.253341565912802061e-02 6.309999060284716688e-01
2.254096326718405680e-02 6.456606580263182238e-01
2.254851087524009645e-02 6.601878233360258807e-01
2.255605848329613264e-02 6.752601169218970245e-01
2.256360609135216883e-02 6.908924470871925516e-01
2.257115369940820848e-02 7.058802726638079283e-01
2.257870130746424120e-02 7.211533310722749723e-01
2.258624891552028086e-02 7.366935772194062038e-01
2.259379652357631704e-02 7.522305320114236471e-01
2.260134413163235323e-02 7.681651097839721221e-01
2.260889173968839289e-02 7.840780277315767544e-01
2.261643934774442907e-02 8.004555371174878475e-01
2.262398695580046526e-02 8.165514721764752792e-01
2.263153456385650145e-02 8.330796480209061716e-01
2.263908217191253763e-02 8.495206603061074002e-01
2.264662977996857729e-02 8.663598135345861317e-01
2.265417738802461348e-02 8.826934829971122554e-01
2.266172499608064966e-02 8.998025052015955483e-01
2.266927260413668585e-02 9.172350953253171069e-01
2.267682021219272204e-02 9.347567769496162304e-01
2.268436782024876169e-02 9.524804237372719307e-01
2.269191542830479788e-02 9.702113700307986033e-01
2.269946303636083407e-02 9.880171293496387008e-01
2.270701064441687025e-02 1.005956149540420563e+00
2.271455825247290644e-02 1.024138388837164015e+00
2.272210586052894610e-02 1.042151614735663534e+00
2.272965346858498228e-02 1.060552663269684448e+00
2.273720107664101847e-02 1.078764874164818366e+00
2.274474868469705466e-02 1.097238224686392982e+00
2.275229629275309085e-02 1.116043939877278346e+00
2.275984390080913050e-02 1.135422236861480583e+00
2.276739150886516669e-02 1.154241488200580035e+00
2.277493911692120288e-02 1.173145666890649030e+00
2.278248672497723906e-02 1.192173873139977136e+00
2.279003433303327525e-02 1.211731833289394933e+00
2.279758194108931491e-02 1.231959860078401636e+00
2.280512954914535109e-02 1.251529123894349560e+00
2.281267715720138728e-02 1.271482744758813954e+00
2.282022476525742347e-02 1.291546200448199677e+00
2.282777237331345965e-02 1.311842247890169011e+00
2.283531998136949931e-02 1.332011121789471897e+00
2.284286758942553550e-02 1.352419491045170563e+00
2.285041519748157168e-02 1.373224944163644823e+00
2.285796280553760787e-02 1.394146185933848425e+00
2.286551041359364406e-02 1.415365225919498426e+00
2.287305802164968371e-02 1.436140218843899641e+00
2.288060562970571990e-02 1.457018584675124462e+00
2.288815323776175609e-02 1.478461712994329602e+00
2.289570084581779574e-02 1.499903834873802078e+00
2.290324845387382846e-02 1.521119068287634324e+00
2.291079606192986812e-02 1.542625923740029048e+00
2.291834366998590430e-02 1.564313623893609950e+00
2.292589127804194049e-02 1.586030584029073154e+00
2.293343888609798015e-02 1.608442199823382213e+00
2.294098649415401633e-02 1.630347762149988222e+00
2.294853410221005252e-02 1.652581132109935291e+00
2.295608171026608871e-02 1.675212519145595991e+00
2.296362931832212489e-02 1.697805992076141912e+00
2.297117692637816455e-02 1.720970561712400482e+00
2.297872453443420074e-02 1.743656532538641279e+00
2.298627214249023692e-02 1.766233067391762779e+00
2.299381975054627311e-02 1.789036241101303215e+00
2.300136735860230930e-02 1.812114911787667593e+00
2.300891496665834896e-02 1.835080922874171350e+00
2.301646257471438514e-02 1.858773301764939267e+00
2.302401018277042133e-02 1.882154764695185944e+00
2.303155779082645752e-02 1.905529239342104608e+00
2.303910539888249370e-02 1.929249188037263973e+00
2.304665300693853336e-02 1.953325348583809351e+00
2.305420061499456955e-02 1.977461778892075417e+00
2.306174822305060573e-02 2.001580485897309636e+00
2.306929583110664192e-02 2.025722997565471140e+00
2.307684343916267811e-02 2.050747535251399079e+00
2.308439104721871776e-02 2.075840606134056632e+00
2.309193865527475395e-02 2.100424480246652958e+00
2.309948626333079014e-02 2.125321500462753477e+00
2.310703387138682632e-02 2.151062272901047123e+00
2.311458147944286251e-02 2.176407984190698919e+00
2.312212908749890217e-02 2.200919427918369031e+00
2.312967669555493835e-02 2.225804103371891607e+00
2.313722430361097454e-02 2.250965934585083428e+00
2.314477191166701073e-02 2.275674711368305125e+00
2.315231951972304691e-02 2.301528122664083131e+00
2.315986712777908657e-02 2.327109147353067176e+00
2.316741473583512276e-02 2.352383046688918178e+00
2.317496234389115894e-02 2.378360924404254728e+00
2.318250995194719513e-02 2.404315967989824276e+00
2.319005756000323132e-02 2.430542870072631700e+00
2.319760516805927097e-02 2.456930831457764253e+00
2.320515277611530716e-02 2.483696303646675041e+00
2.321270038417134335e-02 2.510067446178267492e+00
2.322024799222738300e-02 2.537627860208212294e+00
2.322779560028341572e-02 2.564382112425476645e+00
2.323534320833945538e-02 2.590392398373415617e+00
2.324289081639549157e-02 2.617448533820638801e+00
2.325043842445152775e-02 2.643885713093914180e+00
2.325798603250756741e-02 2.670460771482759288e+00
2.326553364056360360e-02 2.698467566433352172e+00
2.327308124861963978e-02 2.725503726922230197e+00
2.328062885667567597e-02 2.753037218704765809e+00
2.328817646473171216e-02 2.781247442115084567e+00
2.329572407278775181e-02 2.808906661577529107e+00
2.330327168084378800e-02 2.837354243558890321e+00
2.331081928889982419e-02 2.865218565036044218e+00
2.331836689695586037e-02 2.893926253310169283e+00
2.332591450501189656e-02 2.922735825186443037e+00
2.333346211306793622e-02 2.950987055954016558e+00
2.334100972112397240e-02 2.979603384862950399e+00
2.334855732918000859e-02 3.008513711882519370e+00
2.335610493723604478e-02 3.037140915374753725e+00
2.336365254529208096e-02 3.066355258555765850e+00
2.337120015334812062e-02 3.095904642788301686e+00
2.337874776140415681e-02 3.125515050729903876e+00
2.338629536946019299e-02 3.154329716708017095e+00
2.339384297751622918e-02 3.184083107309203964e+00
2.340139058557226537e-02 3.214466028577479761e+00
2.340893819362830502e-02 3.243559398143014416e+00
2.341648580168434121e-02 3.273615825050990136e+00
2.342403340974037740e-02 3.303661724347067619e+00
2.343158101779641359e-02 3.334300220573400697e+00
2.343912862585244977e-02 3.365141140659263286e+00
2.344667623390848943e-02 3.396040319235400062e+00
2.345422384196452562e-02 3.427269400367644714e+00
2.346177145002056180e-02 3.458963365334928763e+00
2.346931905807659799e-02 3.489168579433002293e+00
2.347686666613263418e-02 3.520769947062498240e+00
2.348441427418867383e-02 3.552110128106114040e+00
2.349196188224471002e-02 3.584227788459129815e+00
2.349950949030074621e-02 3.616832218980329472e+00
2.350705709835678239e-02 3.650152937747678905e+00
2.351460470641281858e-02 3.683400335823557192e+00
2.352215231446885824e-02 3.716973001297807500e+00
2.352969992252489442e-02 3.750773866142178559e+00
2.353724753058093061e-02 3.784129149088673039e+00
2.354479513863697027e-02 3.817178269784631262e+00
2.355234274669300298e-02 3.850790749285950554e+00
2.355989035474904264e-02 3.884400453437459433e+00
2.356743796280507883e-02 3.918019278080622225e+00
2.357498557086111501e-02 3.952838911005714717e+00
2.358253317891715467e-02 3.988263442047238705e+00
2.359008078697319086e-02 4.023172502132577932e+00
2.359762839502922704e-02 4.058559920393530973e+00
2.360517600308526323e-02 4.094469331005651469e+00
2.361272361114129942e-02 4.130826641562328483e+00
2.362027121919733907e-02 4.166543426991009547e+00
2.362781882725337526e-02 4.201401214790361216e+00
2.363536643530941145e-02 4.236855836287523935e+00
2.364291404336544763e-02 4.273200601828140321e+00
2.365046165142148382e-02 4.310632992296738131e+00
2.365800925947752348e-02 4.347078968206535166e+00
2.366555686753355967e-02 4.382948740637055529e+00
2.367310447558959585e-02 4.420255927513905725e+00
2.368065208364563204e-02 4.456947554235214604e+00
2.368819969170166823e-02 4.494823364035556601e+00
2.369574729975770788e-02 4.533893896592190664e+00
2.370329490781374407e-02 4.572999656627303899e+00
2.371084251586978026e-02 4.612222626200193076e+00
2.371839012392581644e-02 4.651781849201223729e+00
2.372593773198185263e-02 4.691034848866445728e+00
2.373348534003789229e-02 4.730771153445597399e+00
2.374103294809392847e-02 4.768281830410474598e+00
2.374858055614996466e-02 4.806795519799509364e+00
2.375612816420600085e-02 4.848487329703101700e+00
2.376367577226203703e-02 4.889026051294027120e+00
2.377122338031807669e-02 4.929296477749303129e+00
2.377877098837411288e-02 4.971457404734309193e+00
2.378631859643014906e-02 5.013532691270988551e+00
2.379386620448618525e-02 5.053861338257035207e+00
2.380141381254222144e-02 5.094703642270037136e+00
2.380896142059826109e-02 5.135377307324183072e+00
2.381650902865429728e-02 5.177652368493827595e+00
2.382405663671033347e-02 5.221748260587098400e+00
2.383160424476636965e-02 5.264335484455158642e+00
2.383915185282240584e-02 5.307632966105258809e+00
2.384669946087844550e-02 5.350287263813476635e+00
2.385424706893448168e-02 5.393305484607248346e+00
2.386179467699051787e-02 5.437931332952596009e+00
2.386934228504655753e-02 5.481735821274063447e+00
2.387688989310259025e-02 5.526537303127234679e+00
2.388443750115862990e-02 5.570275498099346301e+00
2.389198510921466609e-02 5.615547605732182035e+00
2.389953271727070228e-02 5.660760930894753962e+00
2.390708032532674193e-02 5.705278549492809326e+00
2.391462793338277812e-02 5.751362279001160260e+00
2.392217554143881431e-02 5.797257282026778036e+00
2.392972314949485049e-02 5.843541003887575691e+00
2.393727075755088668e-02 5.889542789520357147e+00
2.394481836560692634e-02 5.936366582133357994e+00
2.395236597366296252e-02 5.982628798570016393e+00
2.395991358171899871e-02 6.027773512600374417e+00
2.396746118977503490e-02 6.073864947271959025e+00
2.397500879783107108e-02 6.121335742678057912e+00
2.398255640588711074e-02 6.165654995825844864e+00
2.399010401394314693e-02 6.214563403568369004e+00
2.399765162199918311e-02 6.262289551516607489e+00
2.400519923005521930e-02 6.310650312508539805e+00
2.401274683811125549e-02 6.359819537831945979e+00
2.402029444616729514e-02 6.406723401153816333e+00
2.402784205422333133e-02 6.457202763956925828e+00
2.403538966227936752e-02 6.506552061367917972e+00
2.404293727033540370e-02 6.554632414061929424e+00
2.405048487839143989e-02 6.603681848757665840e+00
2.405803248644747955e-02 6.653981633214042013e+00
2.406558009450351573e-02 6.705139439958671232e+00
2.407312770255955192e-02 6.755966830150885727e+00
2.408067531061558811e-02 6.803809356904316097e+00
2.408822291867162430e-02 6.852683727631642796e+00
2.409577052672766395e-02 6.903646173622497884e+00
2.410331813478370014e-02 6.952247502102729015e+00
2.411086574283973633e-02 7.002034163301099845e+00
2.411841335089577251e-02 7.052143866964008190e+00
2.412596095895180870e-02 7.103981702316882973e+00
2.413350856700784836e-02 7.155422347123661986e+00
2.414105617506388454e-02 7.201592771801138326e+00
2.414860378311992073e-02 7.252751092592874649e+00
2.415615139117595692e-02 7.303834497126317160e+00
2.416369899923199310e-02 7.354710053459952768e+00
2.417124660728803276e-02 7.409112380333256809e+00
2.417879421534406895e-02 7.460525777471973541e+00
2.418634182340010513e-02 7.512709623373518220e+00
2.419388943145614479e-02 7.565347521325692881e+00
2.420143703951217751e-02 7.616617013124351132e+00
2.420898464756821716e-02 7.670307006282448548e+00
2.421653225562425335e-02 7.720437726397830325e+00
2.422407986368028954e-02 7.769834980037077621e+00
2.423162747173632919e-02 7.824062567405960067e+00
2.423917507979236538e-02 7.876798279294197513e+00
2.424672268784840157e-02 7.930342823039880251e+00
2.425427029590443775e-02 7.983540902116037508e+00
2.426181790396047394e-02 8.035734723193300511e+00
2.426936551201651360e-02 8.089541561338251086e+00
2.427691312007254978e-02 8.141772683051495818e+00
2.428446072812858597e-02 8.195686474518394604e+00
2.429200833618462216e-02 8.248646228589370466e+00
2.429955594424065835e-02 8.303502617969682476e+00
2.430710355229669800e-02 8.357179555978104801e+00
2.431465116035273419e-02 8.406152240231303807e+00
2.432219876840877038e-02 8.462015858884997854e+00
2.432974637646480656e-02 8.515765741996075278e+00
2.433729398452084275e-02 8.569686590801424586e+00
2.434484159257688241e-02 8.624659711376436277e+00
2.435238920063291859e-02 8.681483639982745970e+00
2.435993680868895478e-02 8.735234014604346342e+00
2.436748441674499097e-02 8.787092508637959654e+00
2.437503202480102715e-02 8.838427174400235842e+00
2.438257963285706681e-02 8.895301485316164047e+00
2.439012724091310300e-02 8.952730420959634117e+00
2.439767484896913918e-02 9.006996608464298504e+00
2.440522245702517537e-02 9.058862287034218141e+00
2.441277006508121156e-02 9.114810223456132121e+00
2.442031767313725121e-02 9.171928555993398291e+00
2.442786528119328740e-02 9.226850733116444658e+00
2.443541288924932359e-02 9.283416691840725932e+00
2.444296049730535977e-02 9.336145182751318217e+00
2.445050810536139596e-02 9.387571755034286980e+00
2.445805571341743562e-02 9.447198138204628393e+00
2.446560332147347180e-02 9.503663822335289169e+00
2.447315092952950799e-02 9.560027533093098384e+00
2.448069853758554418e-02 9.616581932846690606e+00
2.448824614564158036e-02 9.672608258782894097e+00
2.449579375369762002e-02 9.728917295461027237e+00
2.450334136175365621e-02 9.785841212456091398e+00
2.451088896980969239e-02 9.837718889177937243e+00
2.451843657786573205e-02 9.894459082998105615e+00
2.452598418592176477e-02 9.954646114517023747e+00
2.453353179397780442e-02 1.001133623737833034e+01
2.454107940203384061e-02 1.007018546283322280e+01
2.454862701008987680e-02 1.012988159386442888e+01
2.455617461814591646e-02 1.018445127484304358e+01
2.456372222620195264e-02 1.024608024487507230e+01
2.457126983425798883e-02 1.030210850061365768e+01
2.457881744231402502e-02 1.035922581897452055e+01
2.458636505037006120e-02 1.041960789610654636e+01
2.459391265842610086e-02 1.048027118755863540e+01
2.460146026648213705e-02 1.053449456721785538e+01
2.460900787453817323e-02 1.059177878528102212e+01
2.461655548259420942e-02 1.065377290680878630e+01
2.462410309065024561e-02 1.071237540743451433e+01
2.463165069870628526e-02 1.077351950570545824e+01
2.463919830676232145e-02 1.083391156727500615e+01
2.464674591481835764e-02 1.089595866929525947e+01
2.465429352287439382e-02 1.095838585532830045e+01
2.466184113093043001e-02 1.101709877216013034e+01
2.466938873898646967e-02 1.107824012858183238e+01
2.467693634704250585e-02 1.114171374666701020e+01
2.468448395509854204e-02 1.120261185085069222e+01
2.469203156315457823e-02 1.126352575508059140e+01
2.469957917121061441e-02 1.133240519934735957e+01
2.470712677926665407e-02 1.139262300348229395e+01
2.471467438732269026e-02 1.145650785799099936e+01
2.472222199537872644e-02 1.151726305847544829e+01
2.472976960343476263e-02 1.158141240150327889e+01
2.473731721149079882e-02 1.164562928514640383e+01
2.474486481954683847e-02 1.171103947248109911e+01
2.475241242760287466e-02 1.177257210486042460e+01
2.475996003565891085e-02 1.184670134243937056e+01
2.476750764371494704e-02 1.191238012578303440e+01
2.477505525177098322e-02 1.198689882263033368e+01
2.478260285982702288e-02 1.205302206868001136e+01
2.479015046788305907e-02 1.211761106676783228e+01
2.479769807593909525e-02 1.218119005579720060e+01
2.480524568399513144e-02 1.224673670140814075e+01
2.481279329205116763e-02 1.231621575320632012e+01
2.482034090010720728e-02 1.238420619332897665e+01
2.482788850816324347e-02 1.245915631989966599e+01
2.483543611621927966e-02 1.253196097320794955e+01
2.484298372427531931e-02 1.260800350624462851e+01
2.485053133233135203e-02 1.268632264446776325e+01
2.485807894038739169e-02 1.275890470647173203e+01
2.486562654844342787e-02 1.283119985896873416e+01
2.487317415649946406e-02 1.290125432739894151e+01
2.488072176455550372e-02 1.297731305678291669e+01
2.488826937261153990e-02 1.305064442537179481e+01
2.489581698066757609e-02 1.312772798208735381e+01
2.490336458872361228e-02 1.320194299709348229e+01
2.491091219677964846e-02 1.328644544423562301e+01
2.491845980483568812e-02 1.337729726399656727e+01
2.492600741289172431e-02 1.346190142479900054e+01
2.493355502094776049e-02 1.354558527108513211e+01
2.494110262900379668e-02 1.362606573737682147e+01
2.494865023705983287e-02 1.371503464318458043e+01
2.495619784511587252e-02 1.379906965835394139e+01
2.496374545317190871e-02 1.388548031973472341e+01
2.497129306122794490e-02 1.397368591217850842e+01
2.497884066928398109e-02 1.405934032377811427e+01
2.498638827734001727e-02 1.414527771541708567e+01
2.499393588539605693e-02 1.422960348006763098e+01
2.500148349345209312e-02 1.430897411804954089e+01
2.500903110150812930e-02 1.440335257638013111e+01
2.501657870956416549e-02 1.449078364678578268e+01
2.502412631762020168e-02 1.458423075462843244e+01
2.503167392567624133e-02 1.469273682228057432e+01
2.503922153373227752e-02 1.479206129768927980e+01
2.504676914178831371e-02 1.487912133876709753e+01
2.505431674984434989e-02 1.497387687087933017e+01
2.506186435790038608e-02 1.507581171377650797e+01
2.506941196595642574e-02 1.516601046116183404e+01
2.507695957401246192e-02 1.525843025562631006e+01
2.508450718206849811e-02 1.536368384329064263e+01
2.509205479012453430e-02 1.546664276113206782e+01
2.509960239818057048e-02 1.558324590149523914e+01
2.510715000623661014e-02 1.568295686917020326e+01
2.511469761429264633e-02 1.577809979571450860e+01
2.512224522234868251e-02 1.588430432077502275e+01
2.512979283040471870e-02 1.598997545178823643e+01
2.513734043846075489e-02 1.610366430326724796e+01
2.514488804651679454e-02 1.620836712802008961e+01
2.515243565457283073e-02 1.632249034078105865e+01
2.515998326262886692e-02 1.644734899057899113e+01
2.516753087068490310e-02 1.655158527882184671e+01
2.517507847874093929e-02 1.667717988337510349e+01
2.518262608679697895e-02 1.679048237050663062e+01
2.519017369485301513e-02 1.691948645621463498e+01
2.519772130290905132e-02 1.704360047182661830e+01
2.520526891096509098e-02 1.716193325762729316e+01
2.521281651902112717e-02 1.728341926518434590e+01
2.522036412707716335e-02 1.739750022595301004e+01
2.522791173513319954e-02 1.752205160124911032e+01
2.523545934318923573e-02 1.766193939433098947e+01
2.524300695124527538e-02 1.779954384039531590e+01
2.525055455930131157e-02 1.792774010074210977e+01
2.525810216735734776e-02 1.806395290523833097e+01
2.526564977541338394e-02 1.819124193618785768e+01
2.527319738346942013e-02 1.835417356691737467e+01
2.528074499152545979e-02 1.848414168299229843e+01
2.528829259958149597e-02 1.860982297491496240e+01
2.529584020763753216e-02 1.873751767342946906e+01
2.530338781569356835e-02 1.888448799892503160e+01
2.531093542374960453e-02 1.905713273647875283e+01
2.531848303180564419e-02 1.920076276542085125e+01
2.532603063986168038e-02 1.934289320806852430e+01
2.533357824791771656e-02 1.951641662195675053e+01
2.534112585597375275e-02 1.966222504984763120e+01
2.534867346402978894e-02 1.980887433632480921e+01
2.535622107208582859e-02 1.996287814584711029e+01
2.536376868014186478e-02 2.011574108110414727e+01
2.537131628819790097e-02 2.032039562261569898e+01
2.537886389625393715e-02 2.048512521494892624e+01
2.538641150430997334e-02 2.064326270980862787e+01
2.539395911236601300e-02 2.085669551400900090e+01
2.540150672042204918e-02 2.102934389346948763e+01
2.540905432847808537e-02 2.117689871802862100e+01
2.541660193653412156e-02 2.134436898960121809e+01
2.542414954459015775e-02 2.149595391984528447e+01
2.543169715264619740e-02 2.177401020933980291e+01
2.543924476070223359e-02 2.192631321606711481e+01
2.544679236875826978e-02 2.208099960276645035e+01
2.545433997681430596e-02 2.226984894463958398e+01
2.546188758487034215e-02 2.242832074370524253e+01
2.546943519292638181e-02 2.261191847411412681e+01
2.547698280098241799e-02 2.277448201377281123e+01
2.548453040903845418e-02 2.296521000140439739e+01
2.549207801709449037e-02 2.319150325797478374e+01
2.549962562515052655e-02 2.335881032078784614e+01
2.550717323320656621e-02 2.365434332293728303e+01
2.551472084126260240e-02 2.387905466699120538e+01
2.552226844931863858e-02 2.404866776852276899e+01
2.552981605737467824e-02 2.422075885656058603e+01
2.553736366543071443e-02 2.439531528215088585e+01
2.554491127348675061e-02 2.461405044835905187e+01
2.555245888154278680e-02 2.479246294618050328e+01
2.556000648959882299e-02 2.497332340162581943e+01
2.556755409765486264e-02 2.522859328593486339e+01
2.557510170571089883e-02 2.541264397967803390e+01
2.558264931376693502e-02 2.559913387524940376e+01
2.559019692182297120e-02 2.578804938073375652e+01
2.559774452987900739e-02 2.597937689510668235e+01
2.560529213793504705e-02 2.643049179135362436e+01
2.561283974599108323e-02 2.662130402318063460e+01
2.562038735404711942e-02 2.681457266497555736e+01
2.562793496210315561e-02 2.701028344333376552e+01
2.563548257015919180e-02 2.720842211369437535e+01
2.564303017821523145e-02 2.740897446925965752e+01
2.565057778627126764e-02 2.761192634963968473e+01
2.565812539432730383e-02 2.794014777705933028e+01
2.566567300238334001e-02 2.828856664956376932e+01
2.567322061043937620e-02 2.849430708142535806e+01
2.568076821849541586e-02 2.870244203609216171e+01
2.568831582655145204e-02 2.891295756550536566e+01
2.569586343460748823e-02 2.948799908823740523e+01
2.570341104266352442e-02 3.003244501073876194e+01
2.571095865071956060e-02 3.023995459658409857e+01
2.571850625877560026e-02 3.044989668465274235e+01
2.572605386683163645e-02 3.066225753673694499e+01
2.573360147488767263e-02 3.087702350634069504e+01
2.574114908294370882e-02 3.162967482575068701e+01
2.574869669099974501e-02 3.184258568709283210e+01
2.575624429905578466e-02 3.253984889072209086e+01
2.576379190711182085e-02 3.275162627764146350e+01
2.577133951516785704e-02 3.296586882301464527e+01
2.577888712322389322e-02 3.318256278325700492e+01
2.578643473127992941e-02 3.340169452216680668e+01
2.579398233933596907e-02 3.362325051249214880e+01
2.580152994739200525e-02 3.384721733702858870e+01
2.580907755544804144e-02 3.407358168924158548e+01
2.581662516350407763e-02 3.430233037340757818e+01
2.582417277156011381e-02 3.570412482807520149e+01
2.583172037961615347e-02 3.592982774628107023e+01
2.583926798767218966e-02 3.615792051347361991e+01
2.584681559572822585e-02 3.638839020042118477e+01
2.585436320378426550e-02 3.662122398157384850e+01
2.586191081184029822e-02 3.685640913214548675e+01
2.586945841989633788e-02 3.709393302464087583e+01
2.587700602795237406e-02 3.733378312481075056e+01
