1.799841727004115183e-02 3.659815950113772232e+01
1.800547851959943477e-02 3.637395185478986548e+01
1.801253976915771771e-02 3.463733610091325943e+01
1.801960101871600411e-02 3.440914431547181351e+01
1.802666226827428705e-02 3.418327785242600214e+01
1.803372351783256999e-02 3.395974942598132884e+01
1.804078476739085293e-02 3.373857185434798112e+01
1.804784601694913934e-02 3.351975806260811197e+01
1.805490726650742228e-02 3.330332108504047994e+01
1.806196851606570522e-02 3.308927406691541506e+01
1.806902976562398816e-02 3.287763026577120229e+01
1.807609101518227457e-02 3.266840305218178742e+01
1.808315226474055751e-02 3.246160591002439588e+01
1.809021351429884045e-02 3.146683989202646359e+01
1.809727476385712339e-02 3.125492967624529683e+01
1.810433601341540980e-02 3.104538442742180848e+01
1.811139726297369273e-02 3.083821735510601059e+01
1.811845851253197567e-02 3.063344177896465936e+01
1.812551976209025861e-02 3.014727824908898768e+01
1.813258101164854502e-02 2.994310695818801094e+01
1.813964226120682796e-02 2.974131833513338563e+01
1.814670351076511090e-02 2.954192583069263023e+01
1.815376476032339384e-02 2.889382728737849249e+01
1.816082600988168025e-02 2.869185210216889814e+01
1.816788725943996319e-02 2.849222218817320496e+01
1.817494850899824613e-02 2.812502615786801741e+01
1.818200975855652907e-02 2.792718270054974639e+01
1.818907100811481548e-02 2.759913796709689393e+01
1.819613225767309841e-02 2.740360793632553538e+01
1.820319350723138135e-02 2.721042292859900869e+01
1.821025475678966429e-02 2.701959655556149542e+01
1.821731600634795070e-02 2.683114250173475313e+01
1.822437725590623364e-02 2.653996417452148293e+01
1.823143850546451658e-02 2.635407278998049208e+01
1.823849975502279952e-02 2.617055901187600142e+01
1.824556100458108593e-02 2.598943644517574114e+01
1.825262225413936887e-02 2.573756442870578809e+01
1.825968350369765181e-02 2.542813606162447826e+01
1.826674475325593475e-02 2.524942937027748258e+01
1.827380600281422116e-02 2.498975592273902180e+01
1.828086725237250409e-02 2.469461815920202241e+01
1.828792850193078703e-02 2.451810380948570156e+01
1.829498975148906997e-02 2.434389732553400520e+01
1.830205100104735638e-02 2.417201084990479387e+01
1.830911225060563932e-02 2.396424733699954857e+01
1.831617350016392226e-02 2.371167241579157192e+01
1.832323474972220520e-02 2.350441747474342691e+01
1.833029599928049161e-02 2.333758041195498478e+01
1.833735724883877455e-02 2.317303827969789864e+01
1.834441849839705749e-02 2.301080227346930940e+01
1.835147974795534043e-02 2.285088354326917681e+01
1.835854099751362684e-02 2.266660808361033119e+01
1.836560224707190978e-02 2.248546847524273673e+01
1.837266349663019271e-02 2.233101129115506467e+01
1.837972474618847565e-02 2.211261894550380092e+01
1.838678599574676206e-02 2.193747867520436046e+01
1.839384724530504500e-02 2.175336166591965537e+01
1.840090849486332794e-02 2.157517380026456166e+01
1.840796974442161088e-02 2.142750176889742164e+01
1.841503099397989729e-02 2.125729631049868829e+01
1.842209224353818023e-02 2.106111473490711106e+01
1.842915349309646317e-02 2.089733846262000583e+01
1.843621474265474611e-02 2.068936785535086642e+01
1.844327599221303252e-02 2.054755313429626185e+01
1.845033724177131546e-02 2.040790169671479504e+01
1.845739849132959839e-02 2.027041957698723351e+01
1.846445974088788133e-02 2.013511272526400830e+01
1.847152099044616774e-02 1.996435485026176693e+01
1.847858224000445068e-02 1.983209277104198875e+01
1.848564348956273362e-02 1.968765898583026441e+01
1.849270473912101656e-02 1.951057050254818037e+01
1.849976598867930297e-02 1.936508253947544489e+01
1.850682723823758591e-02 1.921153324320846068e+01
1.851388848779586885e-02 1.905565077134346907e+01
1.852094973735415179e-02 1.889407550137723746e+01
1.852801098691243820e-02 1.877023832298659300e+01
1.853507223647072114e-02 1.863997073211714195e+01
1.854213348602900407e-02 1.850794556802222957e+01
1.854919473558728701e-02 1.836362286850546610e+01
1.855625598514557342e-02 1.822243431891384091e+01
1.856331723470385636e-02 1.809184883264882870e+01
1.857037848426213930e-02 1.796154751642754732e+01
1.857743973382042224e-02 1.781951441206669884e+01
1.858450098337870865e-02 1.768612632590723166e+01
1.859156223293699159e-02 1.754125297291090391e+01
1.859862348249527453e-02 1.742181657201442491e+01
1.860568473205355747e-02 1.727637959202766993e+01
1.861274598161184388e-02 1.714294170737397849e+01
1.861980723117012682e-02 1.702420781832696406e+01
1.862686848072840975e-02 1.691627234528990087e+01
1.863392973028669269e-02 1.680058175262730913e+01
1.864099097984497910e-02 1.667476965891243879e+01
1.864805222940326204e-02 1.656157422506240806e+01
1.865511347896154498e-02 1.645088796139374665e+01
1.866217472851982792e-02 1.633725640751313790e+01
1.866923597807811086e-02 1.621150189448124124e+01
1.867629722763639727e-02 1.608858994070828885e+01
1.868335847719468021e-02 1.596797779407910234e+01
1.869041972675296315e-02 1.586664754543366307e+01
1.869748097631124609e-02 1.575102547134269138e+01
1.870454222586953250e-02 1.564320437101438976e+01
1.871160347542781544e-02 1.553195559923743119e+01
1.871866472498609837e-02 1.542136538234666254e+01
1.872572597454438131e-02 1.530247290196029830e+01
1.873278722410266772e-02 1.519060236672484798e+01
1.873984847366095066e-02 1.509634505015790040e+01
1.874690972321923360e-02 1.498521205305705095e+01
1.875397097277751654e-02 1.488273648128383186e+01
1.876103222233580295e-02 1.478708645277675693e+01
1.876809347189408589e-02 1.467962342664181286e+01
1.877515472145236883e-02 1.457257346941868903e+01
1.878221597101065177e-02 1.446109938312597798e+01
1.878927722056893818e-02 1.436244099955836617e+01
1.879633847012722112e-02 1.427270951418162070e+01
1.880339971968550405e-02 1.416445582873362596e+01
1.881046096924378699e-02 1.406353838171336612e+01
1.881752221880207340e-02 1.396241390323386256e+01
1.882458346836035634e-02 1.386013220443915728e+01
1.883164471791863928e-02 1.376595281199031540e+01
1.883870596747692222e-02 1.366950440354381158e+01
1.884576721703520863e-02 1.357428971403061446e+01
1.885282846659349157e-02 1.348116169422330834e+01
1.885988971615177451e-02 1.338767463178811390e+01
1.886695096571005745e-02 1.329628181799535724e+01
1.887401221526834386e-02 1.319795593216394991e+01
1.888107346482662680e-02 1.311202096837138065e+01
1.888813471438490973e-02 1.301833652467067992e+01
1.889519596394319267e-02 1.293144534238395948e+01
1.890225721350147908e-02 1.284829205378290951e+01
1.890931846305976202e-02 1.275619674583586338e+01
1.891637971261804496e-02 1.266950378301505076e+01
1.892344096217632790e-02 1.258131615534637859e+01
1.893050221173461431e-02 1.248959341757907282e+01
1.893756346129289725e-02 1.240691090668445185e+01
1.894462471085118019e-02 1.232337840413455332e+01
1.895168596040946313e-02 1.224024456732758992e+01
1.895874720996774954e-02 1.215045372998349826e+01
1.896580845952603248e-02 1.206692203911497074e+01
1.897286970908431541e-02 1.198319452137728547e+01
1.897993095864259835e-02 1.189769406404340302e+01
1.898699220820088476e-02 1.181338482341643115e+01
1.899405345775916770e-02 1.173258652817250969e+01
1.900111470731745064e-02 1.165434787148184270e+01
1.900817595687573358e-02 1.157290716258528995e+01
1.901523720643401999e-02 1.149230119308522191e+01
1.902229845599230293e-02 1.141271508942395307e+01
1.902935970555058587e-02 1.133359329239745605e+01
1.903642095510886881e-02 1.125383683332117180e+01
1.904348220466715522e-02 1.117313091495201682e+01
1.905054345422543816e-02 1.108975468476309700e+01
1.905760470378372110e-02 1.101475604669622932e+01
1.906466595334200403e-02 1.093400899522207936e+01
1.907172720290029044e-02 1.085734645446497382e+01
1.907878845245857338e-02 1.077895613075756920e+01
1.908584970201685632e-02 1.070168027198704230e+01
1.909291095157513926e-02 1.062248687351577026e+01
1.909997220113342567e-02 1.054639075868171894e+01
1.910703345069170861e-02 1.046975695816285068e+01
1.911409470024999155e-02 1.039555109963551693e+01
1.912115594980827449e-02 1.032144416100501694e+01
1.912821719936656090e-02 1.024906378741975566e+01
1.913527844892484384e-02 1.017505333393600075e+01
1.914233969848312678e-02 1.010590850406336472e+01
1.914940094804140971e-02 1.003259638202375470e+01
1.915646219759969612e-02 9.959420873394332574e+00
1.916352344715797906e-02 9.892396159511902098e+00
1.917058469671626200e-02 9.819738744599336044e+00
1.917764594627454494e-02 9.748252409689754927e+00
1.918470719583283135e-02 9.678919863635686127e+00
1.919176844539111429e-02 9.610806803559215794e+00
1.919882969494939723e-02 9.539792817903048672e+00
1.920589094450768017e-02 9.470357456622105374e+00
1.921295219406596658e-02 9.403056644463736902e+00
1.922001344362424952e-02 9.338272034223415119e+00
1.922707469318253246e-02 9.267324087558124646e+00
1.923413594274081539e-02 9.200038731337730979e+00
1.924119719229910180e-02 9.132247701453451327e+00
1.924825844185738474e-02 9.066103714106697353e+00
1.925531969141566768e-02 9.000101768350166509e+00
1.926238094097395062e-02 8.932227340447612463e+00
1.926944219053223356e-02 8.868463950342926339e+00
1.927650344009051997e-02 8.802870989057465678e+00
1.928356468964880291e-02 8.737314749346003495e+00
1.929062593920708585e-02 8.672372897878682707e+00
1.929768718876537226e-02 8.611340897902158176e+00
1.930474843832365520e-02 8.547114208333743690e+00
1.931180968788193814e-02 8.483329280619505752e+00
1.931887093744022107e-02 8.420416501993649661e+00
1.932593218699850401e-02 8.358445458519069504e+00
1.933299343655679042e-02 8.296296212376496726e+00
1.934005468611507336e-02 8.233986652306914067e+00
1.934711593567335630e-02 8.170340233366133020e+00
1.935417718523164271e-02 8.105712536733225448e+00
1.936123843478992565e-02 8.049192021914295836e+00
1.936829968434820859e-02 7.990705332077707723e+00
1.937536093390649153e-02 7.929300141457704676e+00
1.938242218346477447e-02 7.871260551405643291e+00
1.938948343302306088e-02 7.810697806619968375e+00
1.939654468258134382e-02 7.753953488586179610e+00
1.940360593213962676e-02 7.695053063294420070e+00
1.941066718169790969e-02 7.635993764225641023e+00
1.941772843125619610e-02 7.577640881978508602e+00
1.942478968081447904e-02 7.519189153891900013e+00
1.943185093037276198e-02 7.462992562988376655e+00
1.943891217993104492e-02 7.403151012118025953e+00
1.944597342948933133e-02 7.346426355097579020e+00
1.945303467904761427e-02 7.288415541449441371e+00
1.946009592860589721e-02 7.232818663154285233e+00
1.946715717816418015e-02 7.180564577110693847e+00
1.947421842772246656e-02 7.122676968339353820e+00
1.948127967728074950e-02 7.068297914686684891e+00
1.948834092683903244e-02 7.013464718755477278e+00
1.949540217639731537e-02 6.957580011789471719e+00
1.950246342595560178e-02 6.902687375927846425e+00
1.950952467551388472e-02 6.847078671545359541e+00
1.951658592507216766e-02 6.791649598152076805e+00
1.952364717463045060e-02 6.739275681860253719e+00
1.953070842418873701e-02 6.685195909714853002e+00
1.953776967374701995e-02 6.631894894942491625e+00
1.954483092330530289e-02 6.579218274371970487e+00
1.955189217286358583e-02 6.525799415302260265e+00
1.955895342242187224e-02 6.472840594170422790e+00
1.956601467198015518e-02 6.421937885494080511e+00
1.957307592153843812e-02 6.370246974424185638e+00
1.958013717109672105e-02 6.318067478523565761e+00
1.958719842065500746e-02 6.266967436080729037e+00
1.959425967021329040e-02 6.215582413418668573e+00
1.960132091977157334e-02 6.164849822040455507e+00
1.960838216932985628e-02 6.113518537196140024e+00
1.961544341888814269e-02 6.063747722591905642e+00
1.962250466844642563e-02 6.012884448724302722e+00
1.962956591800470857e-02 5.963483221406687740e+00
1.963662716756299151e-02 5.913195732999534826e+00
1.964368841712127792e-02 5.864285881257502275e+00
1.965074966667956086e-02 5.814311820631289152e+00
1.965781091623784380e-02 5.763888677867577748e+00
1.966487216579612674e-02 5.713034015467332694e+00
1.967193341535441314e-02 5.663928781016991820e+00
1.967899466491269608e-02 5.616902361270740052e+00
1.968605591447097902e-02 5.566386541932961229e+00
1.969311716402926196e-02 5.518537364347977814e+00
1.970017841358754837e-02 5.470557475088008381e+00
1.970723966314583131e-02 5.420627211490732122e+00
1.971430091270411425e-02 5.372334430545640416e+00
1.972136216226239719e-02 5.325593485981703346e+00
1.972842341182068360e-02 5.278611959276190646e+00
1.973548466137896654e-02 5.230553062938620101e+00
1.974254591093724948e-02 5.183783948368550831e+00
1.974960716049553242e-02 5.136900707937292587e+00
1.975666841005381882e-02 5.090916524245529651e+00
1.976372965961210176e-02 5.045365649344685899e+00
1.977079090917038470e-02 4.999321371513398837e+00
1.977785215872866764e-02 4.953078514592606396e+00
1.978491340828695405e-02 4.907696270717305964e+00
1.979197465784523699e-02 4.862294744870906626e+00
1.979903590740351993e-02 4.818187918871001507e+00
1.980609715696180287e-02 4.771913266688466493e+00
1.981315840652008928e-02 4.727140358621672256e+00
1.982021965607837222e-02 4.682505031647354876e+00
1.982728090563665516e-02 4.637115564119677735e+00
1.983434215519493810e-02 4.592345803603723908e+00
1.984140340475322450e-02 4.548269725500456495e+00
1.984846465431150744e-02 4.504647504792563595e+00
1.985552590386979038e-02 4.460912229373081850e+00
1.986258715342807332e-02 4.416811142059475337e+00
1.986964840298635973e-02 4.373363887198212119e+00
1.987670965254464267e-02 4.330510036278302444e+00
1.988377090210292561e-02 4.288462620328868269e+00
1.989083215166120855e-02 4.247075814880685307e+00
1.989789340121949496e-02 4.203122492883117012e+00
1.990495465077777790e-02 4.161205341648174461e+00
1.991201590033606084e-02 4.119106862047783757e+00
1.991907714989434378e-02 4.077871091307335938e+00
1.992613839945262671e-02 4.036770595433350373e+00
1.993319964901091312e-02 3.996297737418289753e+00
1.994026089856919606e-02 3.955695490060918917e+00
1.994732214812747900e-02 3.914004268359871919e+00
1.995438339768576541e-02 3.874476397820858953e+00
1.996144464724404835e-02 3.833674863597372529e+00
1.996850589680233129e-02 3.793210749563419082e+00
1.997556714636061423e-02 3.753742169658978334e+00
1.998262839591889717e-02 3.714811134780120039e+00
1.998968964547718358e-02 3.675328143248808299e+00
1.999675089503546652e-02 3.636484643085810653e+00
2.000381214459374946e-02 3.596438127133131601e+00
2.001087339415203586e-02 3.558942820606034729e+00
2.001793464371031880e-02 3.521068737727686582e+00
2.002499589326860174e-02 3.482769689051641748e+00
2.003205714282688468e-02 3.444903917798770809e+00
2.003911839238516762e-02 3.407279298314931815e+00
2.004617964194345403e-02 3.369722308041635639e+00
2.005324089150173697e-02 3.332349762804961646e+00
2.006030214106001991e-02 3.295514345693361768e+00
2.006736339061830632e-02 3.258573347035282897e+00
2.007442464017658926e-02 3.222139909626128063e+00
2.008148588973487220e-02 3.186699125071817296e+00
2.008854713929315514e-02 3.150025016080857831e+00
2.009560838885143808e-02 3.114812946473008104e+00
2.010266963840972448e-02 3.079099632232010997e+00
2.010973088796800742e-02 3.043162207042193756e+00
2.011679213752629036e-02 3.008533368859196422e+00
2.012385338708457677e-02 2.973260242124995845e+00
2.013091463664285971e-02 2.939078365791549796e+00
2.013797588620114265e-02 2.905690690384459263e+00
2.014503713575942559e-02 2.871568025637385446e+00
2.015209838531770853e-02 2.837771295907079327e+00
2.015915963487599494e-02 2.804231506893328785e+00
2.016622088443427788e-02 2.770999347095724819e+00
2.017328213399256082e-02 2.737979023474138351e+00
2.018034338355084376e-02 2.705149966722088628e+00
2.018740463310913016e-02 2.672875974581662373e+00
2.019446588266741310e-02 2.640935906771881392e+00
2.020152713222569604e-02 2.608560045212447331e+00
2.020858838178397898e-02 2.576389659508965924e+00
2.021564963134226539e-02 2.544951571078665431e+00
2.022271088090054833e-02 2.513620656828984945e+00
2.022977213045883127e-02 2.482581321461098334e+00
2.023683338001711421e-02 2.451725246995325680e+00
2.024389462957540062e-02 2.421120296077735823e+00
2.025095587913368356e-02 2.390534050779155262e+00
2.025801712869196650e-02 2.360943759573157497e+00
2.026507837825024944e-02 2.330604512073118695e+00
2.027213962780853584e-02 2.301026401825459811e+00
2.027920087736681878e-02 2.270976381316579751e+00
2.028626212692510172e-02 2.241810028319882075e+00
2.029332337648338466e-02 2.212913446711886056e+00
2.030038462604167107e-02 2.184471969062673047e+00
2.030744587559995401e-02 2.155405157076053069e+00
2.031450712515823695e-02 2.126587672209949265e+00
2.032156837471651989e-02 2.098398313131264459e+00
2.032862962427480630e-02 2.070256970866424240e+00
2.033569087383308924e-02 2.041994068877459600e+00
2.034275212339137218e-02 2.014077966750607462e+00
2.034981337294965512e-02 1.986020004893134461e+00
2.035687462250794152e-02 1.958739241056120184e+00
2.036393587206622446e-02 1.931822278940128923e+00
2.037099712162450740e-02 1.905126962224909626e+00
2.037805837118279034e-02 1.879061021462546055e+00
2.038511962074107675e-02 1.852591223929739073e+00
2.039218087029935969e-02 1.826308301338106510e+00
2.039924211985764263e-02 1.799959006536321571e+00
2.040630336941592557e-02 1.774268440374086708e+00
2.041336461897421198e-02 1.748536445170391307e+00
2.042042586853249492e-02 1.722827770713299733e+00
2.042748711809077786e-02 1.697859569705165272e+00
2.043454836764906080e-02 1.673210759847823415e+00
2.044160961720734720e-02 1.648176223936585361e+00
2.044867086676563014e-02 1.623059937479507830e+00
2.045573211632391308e-02 1.598333374136493124e+00
2.046279336588219602e-02 1.574293743107865851e+00
2.046985461544047896e-02 1.550453401168184309e+00
2.047691586499876537e-02 1.526055289502298074e+00
2.048397711455704831e-02 1.502517947688801536e+00
2.049103836411533125e-02 1.478875648347817151e+00
2.049809961367361766e-02 1.455770444926785201e+00
2.050516086323190060e-02 1.433128858964701768e+00
2.051222211279018354e-02 1.410185764595829561e+00
2.051928336234846648e-02 1.387346876385172401e+00
2.052634461190674942e-02 1.364692624880728733e+00
2.053340586146503582e-02 1.342391978185001111e+00
2.054046711102331876e-02 1.320439979496967009e+00
2.054752836058160170e-02 1.298374531699033163e+00
2.055458961013988811e-02 1.276833064872219259e+00
2.056165085969817105e-02 1.255614522675278844e+00
2.056871210925645399e-02 1.233851550518059614e+00
2.057577335881473693e-02 1.212255445174507118e+00
2.058283460837301987e-02 1.191163813128908400e+00
2.058989585793130628e-02 1.169699285002325562e+00
2.059695710748958922e-02 1.149158790091256765e+00
2.060401835704787216e-02 1.128292958535414003e+00
2.061107960660615857e-02 1.107753806145554298e+00
2.061814085616444150e-02 1.087611128395028937e+00
2.062520210572272444e-02 1.067742980344536630e+00
2.063226335528100738e-02 1.048153305477895314e+00
2.063932460483929032e-02 1.028418614055659708e+00
2.064638585439757673e-02 1.009144134869829568e+00
2.065344710395585967e-02 9.898230392286079260e-01
2.066050835351414261e-02 9.710129781335952170e-01
2.066756960307242902e-02 9.523549990079895888e-01
2.067463085263071196e-02 9.331542667419928661e-01
2.068169210218899490e-02 9.149371618908943571e-01
2.068875335174727784e-02 8.963936566391225158e-01
2.069581460130556078e-02 8.786248285952291681e-01
2.070287585086384718e-02 8.605245803844306929e-01
2.070993710042213012e-02 8.425517749883629781e-01
2.071699834998041306e-02 8.251930353312044719e-01
2.072405959953869947e-02 8.079512643895607749e-01
2.073112084909698241e-02 7.904309569154680526e-01
2.073818209865526535e-02 7.732772322569597678e-01
2.074524334821354829e-02 7.562059528673847897e-01
2.075230459777183123e-02 7.393232685596010656e-01
2.075936584733011764e-02 7.228738847894673469e-01
2.076642709688840058e-02 7.065457813937939813e-01
2.077348834644668352e-02 6.903561714173489516e-01
2.078054959600496993e-02 6.743795163166533824e-01
2.078761084556325286e-02 6.585805876432888617e-01
2.079467209512153580e-02 6.433469512988728711e-01
2.080173334467981874e-02 6.279167055377129492e-01
2.080879459423810168e-02 6.124117000141757750e-01
2.081585584379638809e-02 5.976120028056102207e-01
2.082291709335467103e-02 5.825522854024125508e-01
2.082997834291295397e-02 5.684107735221646251e-01
2.083703959247123691e-02 5.540927850852872538e-01
2.084410084202952332e-02 5.400104324862022853e-01
2.085116209158780626e-02 5.261703178404589787e-01
2.085822334114608920e-02 5.122882677260602868e-01
2.086528459070437214e-02 4.985465222946709463e-01
2.087234584026265855e-02 4.854041079751786891e-01
2.087940708982094148e-02 4.721630122467330160e-01
2.088646833937922442e-02 4.589665171052261794e-01
2.089352958893750736e-02 4.467276175121930870e-01
2.090059083849579377e-02 4.339243292387935380e-01
2.090765208805407671e-02 4.217331835721596645e-01
2.091471333761235965e-02 4.100203432023162842e-01
2.092177458717064259e-02 3.980969396292058371e-01
2.092883583672892900e-02 3.860505429364823882e-01
2.093589708628721194e-02 3.744575315669684823e-01
2.094295833584549488e-02 3.630282733526684624e-01
2.095001958540377782e-02 3.514565303225204440e-01
2.095708083496206423e-02 3.402462324341605227e-01
2.096414208452034716e-02 3.291337501691745104e-01
2.097120333407863010e-02 3.181234778708454392e-01
2.097826458363691304e-02 3.075444844659779853e-01
2.098532583319519945e-02 2.972413542743770898e-01
2.099238708275348239e-02 2.871058272006574152e-01
2.099944833231176533e-02 2.771325079651381085e-01
2.100650958187004827e-02 2.673364331234283631e-01
2.101357083142833468e-02 2.579132792173600142e-01
2.102063208098661762e-02 2.486532890596655498e-01
2.102769333054490056e-02 2.395357547625099059e-01
2.103475458010318350e-02 2.307734700365022540e-01
2.104181582966146991e-02 2.219501507301638310e-01
2.104887707921975284e-02 2.131288314858314492e-01
2.105593832877803578e-02 2.045129344722143028e-01
2.106299957833631872e-02 1.962815116574384289e-01
2.107006082789460513e-02 1.885320151026000646e-01
2.107712207745288807e-02 1.806501333307909685e-01
2.108418332701117101e-02 1.729899274367387163e-01
2.109124457656945395e-02 1.655653604653093414e-01
2.109830582612774036e-02 1.581653701626350994e-01
2.110536707568602330e-02 1.514190011811071823e-01
2.111242832524430624e-02 1.444497819758878698e-01
2.111948957480258918e-02 1.377204620204237340e-01
2.112655082436087212e-02 1.311006422893001011e-01
2.113361207391915852e-02 1.246405824259579354e-01
2.114067332347744146e-02 1.183762820458168219e-01
2.114773457303572440e-02 1.123572398158808744e-01
2.115479582259401081e-02 1.065833262466608505e-01
2.116185707215229375e-02 1.005480871730290160e-01
2.116891832171057669e-02 9.494672579360345643e-02
2.117597957126885963e-02 8.962792178210166050e-02
2.118304082082714257e-02 8.444301560298499154e-02
2.119010207038542898e-02 7.940624839990959027e-02
2.119716331994371192e-02 7.485282129825328312e-02
2.120422456950199486e-02 6.994853119036602285e-02
2.121128581906028127e-02 6.538372590993274391e-02
2.121834706861856421e-02 6.087490638411017368e-02
2.122540831817684714e-02 5.680948508068421610e-02
2.123246956773513008e-02 5.287126099941768381e-02
2.123953081729341302e-02 4.892214995914281189e-02
2.124659206685169943e-02 4.498183133643641335e-02
2.125365331640998237e-02 4.129174352770841050e-02
2.126071456596826531e-02 3.767375630237590478e-02
2.126777581552655172e-02 3.423006769777125341e-02
2.127483706508483466e-02 3.117185420966945772e-02
2.128189831464311760e-02 2.802531945682021700e-02
2.128895956420140054e-02 2.495079686832168964e-02
2.129602081375968348e-02 2.230371193339858102e-02
2.130308206331796989e-02 1.973115272920772031e-02
2.131014331287625282e-02 1.751173468743866604e-02
2.131720456243453576e-02 1.532529749989352402e-02
2.132426581199282217e-02 1.325349321659860004e-02
2.133132706155110511e-02 1.138396805441841547e-02
2.133838831110938805e-02 9.722569291224333193e-03
2.134544956066767099e-02 7.951505934498918557e-03
2.135251081022595393e-02 6.395502241304991571e-03
2.135957205978424034e-02 5.111652944131633500e-03
2.136663330934252328e-02 3.937065080829700581e-03
2.137369455890080622e-02 3.007571200458975056e-03
2.138075580845909263e-02 2.316033082344206868e-03
2.138781705801737557e-02 1.639095117704498627e-03
2.139487830757565850e-02 8.596254643217363708e-04
2.140193955713394144e-02 2.329531133667721234e-04
2.140900080669222438e-02 3.512501708753874749e-05
2.141606205625051079e-02 4.001064476616571375e-06
2.142312330580879373e-02 -0.000000000000000000e+00
2.143018455536707667e-02 1.381265198281794965e-04
2.143724580492536308e-02 4.215517935091482441e-04
2.144430705448364602e-02 7.651011156978241700e-04
2.145136830404192896e-02 1.514296754839757368e-03
2.145842955360021190e-02 2.518721864172255697e-03
2.146549080315849484e-02 3.434999393880760685e-03
2.147255205271678125e-02 4.554878350354424343e-03
2.147961330227506418e-02 5.929832021129381563e-03
2.148667455183334712e-02 7.663884879199063527e-03
2.149373580139163006e-02 8.944037233126762854e-03
2.150079705094991647e-02 1.043079245425853653e-02
2.150785830050819941e-02 1.203104971428769175e-02
2.151491955006648235e-02 1.414086953683930600e-02
2.152198079962476529e-02 1.630574159433321318e-02
2.152904204918305170e-02 1.846087575607286563e-02
2.153610329874133464e-02 2.079911826551548992e-02
2.154316454829961758e-02 2.362669333010756004e-02
2.155022579785790052e-02 2.649077774135355154e-02
2.155728704741618693e-02 2.937808797790471965e-02
2.156434829697446987e-02 3.271865365503880130e-02
2.157140954653275280e-02 3.611487428012474105e-02
2.157847079609103574e-02 3.980613314621287563e-02
2.158553204564932215e-02 4.288256572291507251e-02
2.159259329520760509e-02 4.669574957317896430e-02
2.159965454476588803e-02 5.056904516838733182e-02
2.160671579432417097e-02 5.466673973198746955e-02
2.161377704388245738e-02 5.898752184261860099e-02
2.162083829344074032e-02 6.363466728920469384e-02
2.162789954299902326e-02 6.834090415899972404e-02
2.163496079255730620e-02 7.313038780007016793e-02
2.164202204211559261e-02 7.801005143003657272e-02
2.164908329167387555e-02 8.317959278443844140e-02
2.165614454123215848e-02 8.890577631027025973e-02
2.166320579079044142e-02 9.456443391251384556e-02
2.167026704034872783e-02 1.001781387833052123e-01
2.167732828990701077e-02 1.059508104689873831e-01
2.168438953946529371e-02 1.120920652057253025e-01
2.169145078902357665e-02 1.180655996747837638e-01
2.169851203858186306e-02 1.246376843944184964e-01
2.170557328814014600e-02 1.309883651726183040e-01
2.171263453769842894e-02 1.376546907693134147e-01
2.171969578725671188e-02 1.445252943954687952e-01
2.172675703681499829e-02 1.518638839699436305e-01
2.173381828637328123e-02 1.595990808086778512e-01
2.174087953593156416e-02 1.669879179344800624e-01
2.174794078548984710e-02 1.748992028268820942e-01
2.175500203504813351e-02 1.829508391893777675e-01
2.176206328460641645e-02 1.910944014084648701e-01
2.176912453416469939e-02 1.996669737895316321e-01
2.177618578372298233e-02 2.083071042625126712e-01
2.178324703328126527e-02 2.169371086964419215e-01
2.179030828283955168e-02 2.257707380071481973e-01
2.179736953239783462e-02 2.353093972220888508e-01
2.180443078195611756e-02 2.444140127355163838e-01
2.181149203151440397e-02 2.539421170462842769e-01
2.181855328107268691e-02 2.639636254157142203e-01
2.182561453063096985e-02 2.739134135104652201e-01
2.183267578018925278e-02 2.840319508201099019e-01
2.183973702974753572e-02 2.944635935528810422e-01
2.184679827930582213e-02 3.049768143524868580e-01
2.185385952886410507e-02 3.160374057972136774e-01
2.186092077842238801e-02 3.267606363661352820e-01
2.186798202798067442e-02 3.380387960882148546e-01
2.187504327753895736e-02 3.494024367902046069e-01
2.188210452709724030e-02 3.610241470801850427e-01
2.188916577665552324e-02 3.725837600354411361e-01
2.189622702621380618e-02 3.845829157078186622e-01
2.190328827577209259e-02 3.967235407356191623e-01
2.191034952533037553e-02 4.092831865709484762e-01
2.191741077488865846e-02 4.222830222548292767e-01
2.192447202444694487e-02 4.350725813402922526e-01
2.193153327400522781e-02 4.481570653829298756e-01
2.193859452356351075e-02 4.615246493356133239e-01
2.194565577312179369e-02 4.750593155901572939e-01
2.195271702268007663e-02 4.887523572617946677e-01
2.195977827223836304e-02 5.025560824095559598e-01
2.196683952179664598e-02 5.164193914705715871e-01
2.197390077135492892e-02 5.303970402045055099e-01
2.198096202091321533e-02 5.446685743653914002e-01
2.198802327047149827e-02 5.592371303598582255e-01
2.199508452002978121e-02 5.741518919586195979e-01
2.200214576958806414e-02 5.891912384707005401e-01
2.200920701914634708e-02 6.043869302006298350e-01
2.201626826870463349e-02 6.199500556492812953e-01
2.202332951826291643e-02 6.356149125380574638e-01
2.203039076782119937e-02 6.513832377498589565e-01
2.203745201737948578e-02 6.673053884819122317e-01
2.204451326693776872e-02 6.836170705133387537e-01
2.205157451649605166e-02 6.998788614141164821e-01
2.205863576605433460e-02 7.163681105622283773e-01
2.206569701561261754e-02 7.329093685994634289e-01
2.207275826517090395e-02 7.500863810875565418e-01
2.207981951472918689e-02 7.671153459653839990e-01
2.208688076428746982e-02 7.843318871546538507e-01
2.209394201384575623e-02 8.017496035440050406e-01
2.210100326340403917e-02 8.193950554320104107e-01
2.210806451296232211e-02 8.373899899703712846e-01
2.211512576252060505e-02 8.555114578598614905e-01
2.212218701207888799e-02 8.734891080432023447e-01
2.212924826163717440e-02 8.917802487249979482e-01
2.213630951119545734e-02 9.105913355155235145e-01
2.214337076075374028e-02 9.291058020124050021e-01
2.215043201031202669e-02 9.479221440786309572e-01
2.215749325987030963e-02 9.671767651664022747e-01
2.216455450942859257e-02 9.866699465266779434e-01
2.217161575898687551e-02 1.006684541138213929e+00
2.217867700854515844e-02 1.026069568638840135e+00
2.218573825810344485e-02 1.045922251383584189e+00
2.219279950766172779e-02 1.065959930788245691e+00
2.219986075722001073e-02 1.085948932208371520e+00
2.220692200677829714e-02 1.106092493548774369e+00
2.221398325633658008e-02 1.126202938335205239e+00
2.222104450589486302e-02 1.146521328238364612e+00
2.222810575545314596e-02 1.167351543515753542e+00
2.223516700501142890e-02 1.188151441490686855e+00
2.224222825456971531e-02 1.209208490302038586e+00
2.224928950412799825e-02 1.230282035114723893e+00
2.225635075368628119e-02 1.251784193507041065e+00
2.226341200324456759e-02 1.273652929408816137e+00
2.227047325280285053e-02 1.295237719634730666e+00
2.227753450236113347e-02 1.317049660549052925e+00
2.228459575191941641e-02 1.339589694252947050e+00
2.229165700147769935e-02 1.361807765214168908e+00
2.229871825103598576e-02 1.384043527139859897e+00
2.230577950059426870e-02 1.406394150803045084e+00
2.231284075015255164e-02 1.428986948789235267e+00
2.231990199971083458e-02 1.452019286310622492e+00
2.232696324926911752e-02 1.475335746745356280e+00
2.233402449882740393e-02 1.498121620471791093e+00
2.234108574838568687e-02 1.521352473724446375e+00
2.234814699794396980e-02 1.544762455185584971e+00
2.235520824750225621e-02 1.568451636394929682e+00
2.236226949706053915e-02 1.592482848610187629e+00
2.236933074661882209e-02 1.616971615147793973e+00
2.237639199617710503e-02 1.641557395507699191e+00
2.238345324573538797e-02 1.665595403884102321e+00
2.239051449529367438e-02 1.689649475016269609e+00
2.239757574485195732e-02 1.714234323983684583e+00
2.240463699441024026e-02 1.738738136457595340e+00
2.241169824396852667e-02 1.763669319204850483e+00
2.241875949352680961e-02 1.789219970979526453e+00
2.242582074308509255e-02 1.814502256348523579e+00
2.243288199264337548e-02 1.839763882306519216e+00
2.243994324220165842e-02 1.865796300873487690e+00
2.244700449175994483e-02 1.891736555001855224e+00
2.245406574131822777e-02 1.917493736377908098e+00
2.246112699087651071e-02 1.943957141196642979e+00
2.246818824043479712e-02 1.970505621991222700e+00
2.247524948999308006e-02 1.996747325053970012e+00
2.248231073955136300e-02 2.023615222847182871e+00
2.248937198910964594e-02 2.050572583988819364e+00
2.249643323866792888e-02 2.078042299418355832e+00
2.250349448822621529e-02 2.105462387861150031e+00
2.251055573778449823e-02 2.132942842699975472e+00
2.251761698734278117e-02 2.160496181351742706e+00
2.252467823690106757e-02 2.189071149190438881e+00
2.253173948645935051e-02 2.217262519317934277e+00
2.253880073601763345e-02 2.245845353639313036e+00
2.254586198557591639e-02 2.274079404257586035e+00
2.255292323513419933e-02 2.303241149238683949e+00
2.255998448469248574e-02 2.332133430684685482e+00
2.256704573425076868e-02 2.360950303119770499e+00
2.257410698380905162e-02 2.390819000135678163e+00
2.258116823336733803e-02 2.420851187640248980e+00
2.258822948292562097e-02 2.450400644199648426e+00
2.259529073248390391e-02 2.480437129703068511e+00
2.260235198204218685e-02 2.511387554134924649e+00
2.260941323160046978e-02 2.542119766317657348e+00
2.261647448115875619e-02 2.572938684459163738e+00
2.262353573071703913e-02 2.603466789090158162e+00
2.263059698027532207e-02 2.634265130731209048e+00
2.263765822983360848e-02 2.665656528655460544e+00
2.264471947939189142e-02 2.696883876686009263e+00
2.265178072895017436e-02 2.728929325577931220e+00
2.265884197850845730e-02 2.760771183782339211e+00
2.266590322806674024e-02 2.793321019964129626e+00
2.267296447762502665e-02 2.825855071161063936e+00
2.268002572718330959e-02 2.858493570441931197e+00
2.268708697674159253e-02 2.891282786604195021e+00
2.269414822629987893e-02 2.924019458616632150e+00
2.270120947585816187e-02 2.957980814392863866e+00
2.270827072541644481e-02 2.992031063488187481e+00
2.271533197497472775e-02 3.026854783102651325e+00
2.272239322453301069e-02 3.060722929719979835e+00
2.272945447409129710e-02 3.095259349578078911e+00
2.273651572364958004e-02 3.129906953646648837e+00
2.274357697320786298e-02 3.165314980801734901e+00
2.275063822276614939e-02 3.200108688702387294e+00
2.275769947232443233e-02 3.235370296287493286e+00
2.276476072188271527e-02 3.271344131360988339e+00
2.277182197144099821e-02 3.307233427288641447e+00
2.277888322099928115e-02 3.343172553038002093e+00
2.278594447055756755e-02 3.379282535735347537e+00
2.279300572011585049e-02 3.416914915961183574e+00
2.280006696967413343e-02 3.452914652619567981e+00
2.280712821923241984e-02 3.490052958218287316e+00
2.281418946879070278e-02 3.526706592268612717e+00
2.282125071834898572e-02 3.564894980631468702e+00
2.282831196790726866e-02 3.602801470272787299e+00
2.283537321746555160e-02 3.640911467648595856e+00
2.284243446702383801e-02 3.678703181244055820e+00
2.284949571658212095e-02 3.716720079610642991e+00
2.285655696614040389e-02 3.756158648850374426e+00
2.286361821569869029e-02 3.795421799669683516e+00
2.287067946525697323e-02 3.834326825523300286e+00
2.287774071481525617e-02 3.872715376469728632e+00
2.288480196437353911e-02 3.912440003641947772e+00
2.289186321393182205e-02 3.951984034183574579e+00
2.289892446349010846e-02 3.993057348182403210e+00
2.290598571304839140e-02 4.032508291378964493e+00
2.291304696260667434e-02 4.072821616037219705e+00
2.292010821216496075e-02 4.113521448225303523e+00
2.292716946172324369e-02 4.155015578973733525e+00
2.293423071128152663e-02 4.195184558820354681e+00
2.294129196083980957e-02 4.235067768992954562e+00
2.294835321039809251e-02 4.276985483365647767e+00
2.295541445995637891e-02 4.318403024813521007e+00
2.296247570951466185e-02 4.359646820350401519e+00
2.296953695907294479e-02 4.401227984683785621e+00
2.297659820863122773e-02 4.443133431465996708e+00
2.298365945818951067e-02 4.485411355763363694e+00
2.299072070774779708e-02 4.527272378309734613e+00
2.299778195730608002e-02 4.570343758462207084e+00
2.300484320686436296e-02 4.613284386399044479e+00
2.301190445642264937e-02 4.655872125407001683e+00
2.301896570598093231e-02 4.697991119275574334e+00
2.302602695553921525e-02 4.740379520511561751e+00
2.303308820509749819e-02 4.783906671517677012e+00
2.304014945465578112e-02 4.827196875190684189e+00
2.304721070421406753e-02 4.868324105418916581e+00
2.305427195377235047e-02 4.912954878412281623e+00
2.306133320333063341e-02 4.956820494767904428e+00
2.306839445288891982e-02 5.001027404402841547e+00
2.307545570244720276e-02 5.043231980881424548e+00
2.308251695200548570e-02 5.086915767366365415e+00
2.308957820156376864e-02 5.131864768087909923e+00
2.309663945112205158e-02 5.177131470990466333e+00
2.310370070068033799e-02 5.222880771784919496e+00
2.311076195023862093e-02 5.266545052390411819e+00
2.311782319979690387e-02 5.311408631284137982e+00
2.312488444935519027e-02 5.355224395474006194e+00
2.313194569891347321e-02 5.400647178396821069e+00
2.313900694847175615e-02 5.446165809861241769e+00
2.314606819803003909e-02 5.492364866001489432e+00
2.315312944758832203e-02 5.537515807447932481e+00
2.316019069714660844e-02 5.582398437084962417e+00
2.316725194670489138e-02 5.627371528068192852e+00
2.317431319626317432e-02 5.674308867864090722e+00
2.318137444582146073e-02 5.720842269575423522e+00
2.318843569537974367e-02 5.766722246652347117e+00
2.319549694493802661e-02 5.811914381889131676e+00
2.320255819449630955e-02 5.857816650985334661e+00
2.320961944405459249e-02 5.904285697089942886e+00
2.321668069361287889e-02 5.951410591707729125e+00
2.322374194317116183e-02 5.998457909819063794e+00
2.323080319272944477e-02 6.045269202339415671e+00
2.323786444228773118e-02 6.092631881428033580e+00
2.324492569184601412e-02 6.135558340820409740e+00
2.325198694140429706e-02 6.182101520335789857e+00
2.325904819096258000e-02 6.230491741641466241e+00
2.326610944052086294e-02 6.278990932161334193e+00
2.327317069007914935e-02 6.327642645833665647e+00
2.328023193963743229e-02 6.376054124105047904e+00
2.328729318919571523e-02 6.424920586138315848e+00
2.329435443875400163e-02 6.473725466807534801e+00
2.330141568831228457e-02 6.521873443498617640e+00
2.330847693787056751e-02 6.570303829225681902e+00
2.331553818742885045e-02 6.619820300795529633e+00
2.332259943698713339e-02 6.669771131665463315e+00
2.332966068654541980e-02 6.721053619944094670e+00
2.333672193610370274e-02 6.771280147002486594e+00
2.334378318566198568e-02 6.820356397531096349e+00
2.335084443522027209e-02 6.872463565053466006e+00
2.335790568477855503e-02 6.924058784400092925e+00
2.336496693433683797e-02 6.975663910555613967e+00
2.337202818389512091e-02 7.025117858209324773e+00
2.337908943345340385e-02 7.075624268300678921e+00
2.338615068301169025e-02 7.128409350990055238e+00
2.339321193256997319e-02 7.180946019691366367e+00
2.340027318212825613e-02 7.234122006155403461e+00
2.340733443168654254e-02 7.285228476260912522e+00
2.341439568124482548e-02 7.336347318282110841e+00
2.342145693080310842e-02 7.391275282253650936e+00
2.342851818036139136e-02 7.445267642125758201e+00
2.343557942991967430e-02 7.496638663165337668e+00
2.344264067947796071e-02 7.551338515058167999e+00
2.344970192903624365e-02 7.605451802970384811e+00
2.345676317859452659e-02 7.660991805972662050e+00
2.346382442815281300e-02 7.717125206039376017e+00
2.347088567771109593e-02 7.773218562293986444e+00
2.347794692726937887e-02 7.830137137353117893e+00
2.348500817682766181e-02 7.883718948271465798e+00
2.349206942638594475e-02 7.939336816757671222e+00
2.349913067594423116e-02 7.995281475209584876e+00
2.350619192550251410e-02 8.049412371548799072e+00
2.351325317506079704e-02 8.108191681147141949e+00
2.352031442461908345e-02 8.167818802589954075e+00
2.352737567417736639e-02 8.227135722611318869e+00
2.353443692373564933e-02 8.285814592673313328e+00
2.354149817329393227e-02 8.348751706967226127e+00
2.354855942285221521e-02 8.410916091648090287e+00
2.355562067241050161e-02 8.473666258327130052e+00
2.356268192196878455e-02 8.535369494295677484e+00
2.356974317152706749e-02 8.596866295577575201e+00
2.357680442108535390e-02 8.658868823463489406e+00
2.358386567064363684e-02 8.722547690014874178e+00
2.359092692020191978e-02 8.788326785910642869e+00
2.359798816976020272e-02 8.852181835258226883e+00
2.360504941931848566e-02 8.916894823805950665e+00
2.361211066887677207e-02 8.984450160454958478e+00
2.361917191843505501e-02 9.051065311826693716e+00
2.362623316799333795e-02 9.116850253199325849e+00
2.363329441755162089e-02 9.183502446701432120e+00
2.364035566710990383e-02 9.249852272745489046e+00
2.364741691666819023e-02 9.316481451290057336e+00
2.365447816622647317e-02 9.386742085530643820e+00
2.366153941578475611e-02 9.458769079591380802e+00
2.366860066534304252e-02 9.528240713262650985e+00
2.367566191490132546e-02 9.599590761227595692e+00
2.368272316445960840e-02 9.672418975608804814e+00
2.368978441401789134e-02 9.741970926596479785e+00
2.369684566357617428e-02 9.813940694868183101e+00
2.370390691313446069e-02 9.884489180709660872e+00
2.371096816269274363e-02 9.956579742512298381e+00
2.371802941225102657e-02 1.002866148515600919e+01
2.372509066180931298e-02 1.010132948975575928e+01
2.373215191136759591e-02 1.017184772594027820e+01
2.373921316092587885e-02 1.024670583873268725e+01
2.374627441048416179e-02 1.032261288327138615e+01
2.375333566004244473e-02 1.039847281092734654e+01
2.376039690960073114e-02 1.047255028250473075e+01
2.376745815915901408e-02 1.055182451228169427e+01
2.377451940871729702e-02 1.063262956830848260e+01
2.378158065827558343e-02 1.070830834997510728e+01
2.378864190783386637e-02 1.078766075146532977e+01
2.379570315739214931e-02 1.086785975801415915e+01
2.380276440695043225e-02 1.094978285507896132e+01
2.380982565650871519e-02 1.102975001406781175e+01
2.381688690606700159e-02 1.111245024631822531e+01
2.382394815562528453e-02 1.119516915408079072e+01
2.383100940518356747e-02 1.128133060656609921e+01
2.383807065474185388e-02 1.136888538835941098e+01
2.384513190430013682e-02 1.145461329163307340e+01
2.385219315385841976e-02 1.154337495633704336e+01
2.385925440341670270e-02 1.162950443273247991e+01
2.386631565297498564e-02 1.171618685819300865e+01
2.387337690253327205e-02 1.180060535180020409e+01
2.388043815209155499e-02 1.188812767110752766e+01
2.388749940164983793e-02 1.197784575641850680e+01
2.389456065120812434e-02 1.206842780045876928e+01
2.390162190076640727e-02 1.216096500631310917e+01
2.390868315032469021e-02 1.225241580523722540e+01
2.391574439988297315e-02 1.228613096529200810e+01
2.392280564944125609e-02 1.236844829875920304e+01
2.392986689899954250e-02 1.246118439112918175e+01
2.393692814855782544e-02 1.255187441847124852e+01
2.394398939811610838e-02 1.263912863172965650e+01
2.395105064767439479e-02 1.272409131513096092e+01
2.395811189723267773e-02 1.281314725008114230e+01
2.396517314679096067e-02 1.290484716778402330e+01
2.397223439634924361e-02 1.299235768858222606e+01
2.397929564590752655e-02 1.307671830417285364e+01
2.398635689546581296e-02 1.316548218149737792e+01
2.399341814502409589e-02 1.325501388684579496e+01
2.400047939458237883e-02 1.334207906632359375e+01
2.400754064414066524e-02 1.344364960447922996e+01
2.401460189369894818e-02 1.353461566325994880e+01
2.402166314325723112e-02 1.363638870871915287e+01
2.402872439281551406e-02 1.372059941651178860e+01
2.403578564237379700e-02 1.380890729217969692e+01
2.404284689193208341e-02 1.390124224587348856e+01
2.404990814149036635e-02 1.399981326699318274e+01
2.405696939104864929e-02 1.410270334341629805e+01
2.406403064060693570e-02 1.411187477884554120e+01
2.407109189016521864e-02 1.419286166980001695e+01
2.407815313972350157e-02 1.428159569079218016e+01
2.408521438928178451e-02 1.437795684256346007e+01
2.409227563884006745e-02 1.446745473197595899e+01
2.409933688839835386e-02 1.455919044357051284e+01
2.410639813795663680e-02 1.463640549938236290e+01
2.411345938751491974e-02 1.473100482728224137e+01
2.412052063707320615e-02 1.482029763085344776e+01
2.412758188663148909e-02 1.489788120272305072e+01
2.413464313618977203e-02 1.497395982501634748e+01
2.414170438574805497e-02 1.506205143219614229e+01
2.414876563530633791e-02 1.514575618285113023e+01
2.415582688486462432e-02 1.521912738462705761e+01
2.416288813442290725e-02 1.529693791727513386e+01
2.416994938398119019e-02 1.538169327756724414e+01
2.417701063353947660e-02 1.546495597759693297e+01
2.418407188309775954e-02 1.553517458404475526e+01
2.419113313265604248e-02 1.561488702824898667e+01
2.419819438221432542e-02 1.569980427269403656e+01
2.420525563177260836e-02 1.577518499799361784e+01
2.421231688133089477e-02 1.584117595732711159e+01
2.421937813088917771e-02 1.592356920976101797e+01
2.422643938044746065e-02 1.601154097388465658e+01
2.423350063000574706e-02 1.607849910395510662e+01
2.424056187956403000e-02 1.613957634253315376e+01
2.424762312912231293e-02 1.620375113323875027e+01
2.425468437868059587e-02 1.630341294306462530e+01
2.426174562823887881e-02 1.636040989620565611e+01
2.426880687779716522e-02 1.641728025866785501e+01
2.427586812735544816e-02 1.648981608072276117e+01
2.428292937691373110e-02 1.657627784680238747e+01
2.428999062647201404e-02 1.663731458453335321e+01
2.429705187603029698e-02 1.669475385770431330e+01
2.430411312558858339e-02 1.675694010790165223e+01
2.431117437514686633e-02 1.680377540680124682e+01
2.431823562470514927e-02 1.687803474376605450e+01
2.432529687426343568e-02 1.693242818894783497e+01
2.433235812382171862e-02 1.698897241286320181e+01
2.433941937338000155e-02 1.703470763997593096e+01
2.434648062293828449e-02 1.709206071629438739e+01
2.435354187249656743e-02 1.713787031558178597e+01
2.436060312205485384e-02 1.720951881509179060e+01
2.436766437161313678e-02 1.727738059167750961e+01
2.437472562117141972e-02 1.735040663472183198e+01
2.438178687072970613e-02 1.739430206735885776e+01
2.438884812028798907e-02 1.745976855777119141e+01
2.439590936984627201e-02 1.751953660634789856e+01
2.440297061940455495e-02 1.760587202112062144e+01
2.441003186896283789e-02 1.766517750197635195e+01
2.441709311852112430e-02 1.770704310171612406e+01
2.442415436807940723e-02 1.776261770820827834e+01
2.443121561763769017e-02 1.782487070351513836e+01
2.443827686719597658e-02 1.786681493385349384e+01
2.444533811675425952e-02 1.790930620455322497e+01
2.445239936631254246e-02 1.803916007527658394e+01
2.445946061587082540e-02 1.809596549427465106e+01
2.446652186542910834e-02 1.813543024066279585e+01
2.447358311498739475e-02 1.817557543418601185e+01
2.448064436454567769e-02 1.823039421517110270e+01
2.448770561410396063e-02 1.827124823651474372e+01
2.449476686366224704e-02 1.831281520551997133e+01
2.450182811322052998e-02 1.835510325620094818e+01
2.450888936277881291e-02 1.842274438501365452e+01
2.451595061233709585e-02 1.846532312135634513e+01
2.452301186189537879e-02 1.850869682586177944e+01
2.453007311145366520e-02 1.855288323316138843e+01
2.453713436101194814e-02 1.859790260665308637e+01
2.454419561057023108e-02 1.866740789179204185e+01
2.455125686012851749e-02 1.873073457513904216e+01
2.455831810968680043e-02 1.877639305552402149e+01
2.456537935924508337e-02 1.882305796331133152e+01
2.457244060880336631e-02 1.887076254320647806e+01
2.457950185836164925e-02 1.895978851237327589e+01
2.458656310791993566e-02 1.900764368035064678e+01
2.459362435747821859e-02 1.909818518955867717e+01
2.460068560703650153e-02 1.914639460507292412e+01
2.460774685659478794e-02 1.919599263205596529e+01
2.461480810615307088e-02 1.931402092373456014e+01
2.462186935571135382e-02 1.943028944962197002e+01
2.462893060526963676e-02 1.947626304940528996e+01
2.463599185482791970e-02 1.956174012142270868e+01
2.464305310438620611e-02 1.966424018968077547e+01
2.465011435394448905e-02 1.971066837684756123e+01
2.465717560350277199e-02 1.975922450703835764e+01
2.466423685306105840e-02 1.980993565282851776e+01
2.467129810261934134e-02 1.986282808614067008e+01
2.467835935217762428e-02 1.991792723262573261e+01
2.468542060173590721e-02 1.997525763127663012e+01
2.469248185129419015e-02 2.007948253501329461e+01
2.469954310085247656e-02 2.013894839649373125e+01
2.470660435041075950e-02 2.025565939473954913e+01
2.471366559996904244e-02 2.038132585067175739e+01
2.472072684952732885e-02 2.044177242231345204e+01
2.472778809908561179e-02 2.050499888515525626e+01
2.473484934864389473e-02 2.057100450608485431e+01
2.474191059820217767e-02 2.063978805894126722e+01
2.474897184776046061e-02 2.071134783103179444e+01
2.475603309731874702e-02 2.078568163018693937e+01
2.476309434687702996e-02 2.086278679234302658e+01
2.477015559643531289e-02 2.094266018964112774e+01
2.477721684599359930e-02 2.102529823902975892e+01
2.478427809555188224e-02 2.111069691135742588e+01
2.479133934511016518e-02 2.119885174093979430e+01
2.479840059466844812e-02 2.128975783558474077e+01
2.480546184422673106e-02 2.143347697595529766e+01
2.481252309378501747e-02 2.152751939000566495e+01
2.481958434334330041e-02 2.162440164070601156e+01
2.482664559290158335e-02 2.172411275311074519e+01
2.483370684245986976e-02 2.182664155629250047e+01
2.484076809201815270e-02 2.193197668993343896e+01
2.484782934157643564e-02 2.204010661133514404e+01
2.485489059113471857e-02 2.215101960282251881e+01
2.486195184069300151e-02 2.226470377951534729e+01
2.486901309025128792e-02 2.238114709743961939e+01
2.487607433980957086e-02 2.250033736194950507e+01
2.488313558936785380e-02 2.262226223642955247e+01
2.489019683892614021e-02 2.274690925124582463e+01
2.489725808848442315e-02 2.287426581291392580e+01
2.490431933804270609e-02 2.300431921345125375e+01
2.491138058760098903e-02 2.313705663988047689e+01
2.491844183715927197e-02 2.327246518385107876e+01
2.492550308671755838e-02 2.341053185134579451e+01
2.493256433627584132e-02 2.355124357243891708e+01
2.493962558583412426e-02 2.369458721107394794e+01
2.494668683539240719e-02 2.384054957482837622e+01
2.495374808495069013e-02 2.398911742463426577e+01
2.496080933450897654e-02 2.414027748442396160e+01
2.496787058406725948e-02 2.429401645067125770e+01
2.497493183362554242e-02 2.445032100179940926e+01
2.498199308318382883e-02 2.460917780742844485e+01
2.498905433274211177e-02 2.477057353743553492e+01
2.499611558230039471e-02 2.493449487080344085e+01
2.500317683185867765e-02 2.510092850423339073e+01
2.501023808141696059e-02 2.526986116050014886e+01
2.501729933097524700e-02 2.544127959652841042e+01
2.502436058053352994e-02 2.561517061117114125e+01
2.503142183009181287e-02 2.579152105267176509e+01
2.503848307965009928e-02 2.597031782579372106e+01
2.504554432920838222e-02 2.615154789860197226e+01
2.505260557876666516e-02 2.633519830888271329e+01
2.505966682832494810e-02 2.652125617018849368e+01
2.506672807788323104e-02 2.670970867749740307e+01
2.507378932744151745e-02 2.690054311247600438e+01
2.508085057699980039e-02 2.709374684833673541e+01
2.508791182655808333e-02 2.728930735428153298e+01
2.509497307611636974e-02 2.748721219952423667e+01
2.510203432567465268e-02 2.768744905688513569e+01
2.510909557523293562e-02 2.789000570595161932e+01
2.511615682479121855e-02 2.809487003579942410e+01
2.512321807434950149e-02 2.936889917100531022e+01
2.513027932390778790e-02 2.956166362097765443e+01
2.513734057346607084e-02 2.975692716335937860e+01
2.514440182302435378e-02 2.995467599255739799e+01
2.515146307258264019e-02 3.015489641471408078e+01
2.515852432214092313e-02 3.035757484842533316e+01
2.516558557169920607e-02 3.056269782497290777e+01
2.517264682125748901e-02 3.077025198806421358e+01
2.517970807081577195e-02 3.098022409307196057e+01
2.518676932037405836e-02 3.119260100576523698e+01
2.519383056993234130e-02 3.140736970052195787e+01
2.520089181949062423e-02 3.162451725801169644e+01
2.520795306904891064e-02 3.184403086233584546e+01
2.521501431860719358e-02 3.206589779761047510e+01
2.522207556816547652e-02 3.229010544397493021e+01
