1.836272536286807922e-02 3.292610453637090728e+01
1.836944558449458281e-02 3.271982693796729791e+01
1.837616580612108294e-02 3.251566132178246704e+01
1.838288602774758654e-02 3.231361845341984917e+01
1.838960624937409014e-02 3.211370917858705809e+01
1.839632647100059026e-02 3.191594442609921245e+01
1.840304669262709386e-02 3.172033521046862248e+01
1.840976691425359746e-02 3.152689263409225262e+01
1.841648713588009759e-02 3.133562788904676921e+01
1.842320735750660118e-02 3.114655225849993414e+01
1.842992757913310478e-02 3.095967711774584785e+01
1.843664780075960491e-02 3.077501393487077763e+01
1.844336802238610851e-02 2.960991498570732716e+01
1.845008824401261210e-02 2.941562559021631884e+01
1.845680846563911223e-02 2.922340782944673165e+01
1.846352868726561583e-02 2.903327203210147545e+01
1.847024890889211943e-02 2.884522862041033520e+01
1.847696913051861956e-02 2.865928810907867330e+01
1.848368935214512315e-02 2.847546110390134899e+01
1.849040957377162675e-02 2.829375830004483561e+01
1.849712979539813035e-02 2.811419048000078291e+01
1.850385001702463048e-02 2.793676851121425386e+01
1.851057023865113407e-02 2.776150334339012460e+01
1.851729046027763767e-02 2.758840600548139577e+01
1.852401068190413780e-02 2.741748760236357896e+01
1.853073090353064140e-02 2.724875931119969508e+01
1.853745112515714499e-02 2.708223237750098278e+01
1.854417134678364512e-02 2.691791811088900488e+01
1.855089156841014872e-02 2.675582788056541261e+01
1.855761179003665232e-02 2.659597311049641633e+01
1.856433201166315244e-02 2.643836527431968619e+01
1.857105223328965604e-02 2.628301588998225569e+01
1.857777245491615964e-02 2.612993651411885310e+01
1.858449267654265977e-02 2.597913873618087166e+01
1.859121289816916336e-02 2.583063417232722259e+01
1.859793311979566696e-02 2.568443445908913603e+01
1.860465334142216709e-02 2.554055124682199107e+01
1.861137356304867069e-02 2.539899619295816890e+01
1.861809378467517428e-02 2.525978095507583632e+01
1.862481400630167441e-02 2.512291718379961836e+01
1.863153422792817801e-02 2.498841651554991117e+01
1.863825444955468161e-02 2.485629056515857016e+01
1.864497467118118174e-02 2.472655091836952224e+01
1.865169489280768533e-02 2.459920912424370343e+01
1.865841511443418893e-02 2.447427668748845875e+01
1.866513533606068906e-02 2.435176506073222313e+01
1.867185555768719266e-02 2.423168563676606979e+01
1.867857577931369625e-02 2.411404974077400709e+01
1.868529600094019638e-02 2.399886862257469033e+01
1.869201622256669998e-02 2.388615344889732128e+01
1.869873644419320358e-02 2.377591529571498086e+01
1.870545666581970370e-02 2.366816514065865462e+01
1.871217688744620730e-02 2.356291385553540607e+01
1.871889710907271090e-02 2.346017219897400352e+01
1.872561733069921103e-02 2.335995080922116074e+01
1.873233755232571462e-02 2.320158017177626419e+01
1.873905777395221822e-02 2.310382380288507420e+01
1.874577799557872182e-02 2.300851254576588900e+01
1.875249821720522195e-02 2.291565247784920345e+01
1.875921843883172555e-02 2.282524939042500378e+01
1.876593866045822914e-02 2.273730877954588792e+01
1.877265888208472927e-02 2.265183583722436467e+01
1.877937910371123287e-02 2.256883544294814214e+01
1.878609932533773647e-02 2.248831215553661167e+01
1.879281954696423659e-02 2.224391019520337665e+01
1.879953976859074019e-02 2.216058629674006752e+01
1.880625999021724379e-02 2.207942488984847529e+01
1.881298021184374392e-02 2.185937398215146743e+01
1.881970043347024751e-02 2.177616614658577632e+01
1.882642065509675111e-02 2.169486208634029012e+01
1.883314087672325124e-02 2.161544777556649422e+01
1.883986109834975484e-02 2.153790889240245576e+01
1.884658131997625843e-02 2.146223085571723388e+01
1.885330154160275856e-02 2.138839886395212986e+01
1.886002176322926216e-02 2.131639793589933518e+01
1.886674198485576576e-02 2.124621295323270331e+01
1.887346220648226588e-02 2.104069357591210476e+01
1.888018242810876948e-02 2.084713576980963978e+01
1.888690264973527308e-02 2.070754756852988621e+01
1.889362287136177321e-02 2.062990498042271881e+01
1.890034309298827681e-02 2.055358124599509040e+01
1.890706331461478040e-02 2.039405483806367059e+01
1.891378353624128053e-02 2.031691753653403154e+01
1.892050375786778413e-02 2.019512341034470992e+01
1.892722397949428773e-02 2.011857479197794518e+01
1.893394420112078785e-02 2.004317199051131482e+01
1.894066442274729145e-02 1.992434807913680928e+01
1.894738464437379505e-02 1.978696050750329150e+01
1.895410486600029518e-02 1.971082398819177328e+01
1.896082508762679877e-02 1.963573539267337509e+01
1.896754530925330237e-02 1.956169442056188146e+01
1.897426553087980250e-02 1.948780119462064064e+01
1.898098575250630610e-02 1.939042522346770525e+01
1.898770597413280969e-02 1.929995953500564809e+01
1.899442619575931329e-02 1.919910682967688231e+01
1.900114641738581342e-02 1.912695325969780669e+01
1.900786663901231702e-02 1.905586039326892234e+01
1.901458686063882061e-02 1.898583009782137410e+01
1.902130708226532074e-02 1.882931845204511134e+01
1.902802730389182434e-02 1.873562144288758802e+01
1.903474752551832794e-02 1.865059871517145851e+01
1.904146774714482807e-02 1.858017119065567968e+01
1.904818796877133166e-02 1.849094706528860499e+01
1.905490819039783526e-02 1.835639587039646514e+01
1.906162841202433539e-02 1.828587818338950299e+01
1.906834863365083899e-02 1.820479215941410800e+01
1.907506885527734258e-02 1.813572238346024079e+01
1.908178907690384271e-02 1.806757073657675150e+01
1.908850929853034631e-02 1.796848350152264473e+01
1.909522952015684991e-02 1.785488790229172196e+01
1.910194974178335003e-02 1.778666486498457289e+01
1.910866996340985363e-02 1.766551199935223337e+01
1.911539018503635723e-02 1.758859801835757963e+01
1.912211040666285736e-02 1.752062820023392575e+01
1.912883062828936095e-02 1.745342736805326922e+01
1.913555084991586455e-02 1.737111464163038121e+01
1.914227107154236468e-02 1.727113328325220820e+01
1.914899129316886828e-02 1.715897717497626118e+01
1.915571151479537187e-02 1.705546758524963380e+01
1.916243173642187200e-02 1.696067411011270210e+01
1.916915195804837560e-02 1.686326686860984836e+01
1.917587217967487920e-02 1.677128606492889773e+01
1.918259240130137933e-02 1.670175374122081635e+01
1.918931262292788292e-02 1.661073701931248792e+01
1.919603284455438652e-02 1.654133146049857928e+01
1.920275306618088665e-02 1.647234682414087104e+01
1.920947328780739025e-02 1.638749954669317432e+01
1.921619350943389384e-02 1.630265200148796723e+01
1.922291373106039397e-02 1.619463987484630607e+01
1.922963395268689757e-02 1.609400655271834779e+01
1.923635417431340117e-02 1.600374483830953309e+01
1.924307439593990476e-02 1.592500551166449441e+01
1.924979461756640489e-02 1.583515389750662017e+01
1.925651483919290849e-02 1.574883808384565320e+01
1.926323506081941209e-02 1.566076052943672714e+01
1.926995528244591221e-02 1.556917916650092870e+01
1.927667550407241581e-02 1.548863886677352930e+01
1.928339572569891941e-02 1.539705744533779708e+01
1.929011594732541954e-02 1.530808360667160528e+01
1.929683616895192314e-02 1.521617042729298319e+01
1.930355639057842673e-02 1.513028313951557990e+01
1.931027661220492686e-02 1.505518920645670988e+01
1.931699683383143046e-02 1.496716909468568169e+01
1.932371705545793406e-02 1.486622807897184551e+01
1.933043727708443418e-02 1.477441260207658402e+01
1.933715749871093778e-02 1.468111394818766868e+01
1.934387772033744138e-02 1.457925150959988869e+01
1.935059794196394151e-02 1.448775952952110657e+01
1.935731816359044510e-02 1.440342117003334899e+01
1.936403838521694870e-02 1.432056502651610685e+01
1.937075860684344883e-02 1.422941505765230907e+01
1.937747882846995243e-02 1.415114656966319195e+01
1.938419905009645602e-02 1.406303263031115591e+01
1.939091927172295615e-02 1.398152191191485194e+01
1.939763949334945975e-02 1.389458588320918153e+01
1.940435971497596335e-02 1.380927477885429866e+01
1.941107993660246347e-02 1.372570776795619807e+01
1.941780015822896707e-02 1.363195225625703344e+01
1.942452037985547067e-02 1.354986622481626490e+01
1.943124060148197080e-02 1.345027603323193688e+01
1.943796082310847440e-02 1.336977402602736298e+01
1.944468104473497799e-02 1.328197241754335955e+01
1.945140126636147812e-02 1.319295122500949979e+01
1.945812148798798172e-02 1.310510387127210130e+01
1.946484170961448532e-02 1.301616567597385732e+01
1.947156193124098544e-02 1.292262954155023458e+01
1.947828215286748904e-02 1.283933128161388382e+01
1.948500237449399264e-02 1.275342689716435451e+01
1.949172259612049624e-02 1.267343962052559903e+01
1.949844281774699636e-02 1.258918808803510103e+01
1.950516303937349996e-02 1.249615073704421597e+01
1.951188326100000009e-02 1.241698795960252610e+01
1.951860348262650369e-02 1.237406720614658084e+01
1.952532370425300728e-02 1.228785677622063766e+01
1.953204392587951088e-02 1.220527061733617735e+01
1.953876414750601101e-02 1.212421181992834640e+01
1.954548436913251461e-02 1.203086874717537036e+01
1.955220459075901820e-02 1.194858006479095636e+01
1.955892481238551833e-02 1.186554323600370786e+01
1.956564503401202193e-02 1.178804108424764507e+01
1.957236525563852553e-02 1.170427542288270928e+01
1.957908547726502566e-02 1.163024279288522322e+01
1.958580569889152925e-02 1.154571561676430314e+01
1.959252592051803285e-02 1.146456686737343134e+01
1.959924614214453298e-02 1.138583196189225433e+01
1.960596636377103658e-02 1.130418352000661386e+01
1.961268658539754017e-02 1.121815380166163933e+01
1.961940680702404030e-02 1.113645270150140654e+01
1.962612702865054390e-02 1.105363968444776290e+01
1.963284725027704750e-02 1.097625144595636115e+01
1.963956747190354762e-02 1.090072415063724165e+01
1.964628769353005122e-02 1.082067887735056644e+01
1.965300791515655482e-02 1.074341767897780819e+01
1.965972813678305495e-02 1.069028419338199143e+01
1.966644835840955854e-02 1.061805361311055762e+01
1.967316858003606214e-02 1.054191732752721755e+01
1.967988880166256227e-02 1.046591455078669775e+01
1.968660902328906587e-02 1.039356167692567645e+01
1.969332924491556946e-02 1.032172544657468016e+01
1.970004946654206959e-02 1.024255273420406098e+01
1.970676968816857319e-02 1.017196920735276322e+01
1.971348990979507679e-02 1.010260909341648983e+01
1.972021013142157692e-02 1.002921647591536036e+01
1.972693035304808051e-02 9.954643643716202916e+00
1.973365057467458411e-02 9.885771736465654769e+00
1.974037079630108771e-02 9.816295985854191386e+00
1.974709101792758784e-02 9.748792342642417452e+00
1.975381123955409143e-02 9.680182055601243007e+00
1.976053146118059156e-02 9.610628702314206961e+00
1.976725168280709516e-02 9.543661392020069911e+00
1.977397190443359876e-02 9.478584306266572668e+00
1.978069212606010235e-02 9.411231850757243222e+00
1.978741234768660248e-02 9.343845189214436076e+00
1.979413256931310608e-02 9.274171992602020964e+00
1.980085279093960968e-02 9.207253124239457520e+00
1.980757301256610980e-02 9.144529037949522987e+00
1.981429323419261340e-02 9.082383533733580094e+00
1.982101345581911700e-02 9.018566835414777216e+00
1.982773367744561713e-02 8.952891199607206474e+00
1.983445389907212073e-02 8.890868344503127574e+00
1.984117412069862432e-02 8.829635494669586748e+00
1.984789434232512445e-02 8.767278635286219313e+00
1.985461456395162805e-02 8.705548329539110952e+00
1.986133478557813165e-02 8.643649839052427453e+00
1.986805500720463177e-02 8.578752482125613810e+00
1.987477522883113537e-02 8.520808753476284636e+00
1.988149545045763897e-02 8.461764817978291831e+00
1.988821567208413910e-02 8.401328323651805263e+00
1.989493589371064269e-02 8.340967353022803010e+00
1.990165611533714629e-02 8.278315182078889833e+00
1.990837633696364642e-02 8.219400467053514348e+00
1.991509655859015002e-02 8.161540080420174093e+00
1.992181678021665361e-02 8.103025015060545400e+00
1.992853700184315374e-02 8.042723874228428826e+00
1.993525722346965734e-02 7.985118563186697216e+00
1.994197744509616094e-02 7.926096913518748011e+00
1.994869766672266106e-02 7.869420139707409056e+00
1.995541788834916466e-02 7.811248238740010841e+00
1.996213810997566826e-02 7.755349414311536016e+00
1.996885833160216839e-02 7.698349483464361320e+00
1.997557855322867199e-02 7.642434522222613325e+00
1.998229877485517558e-02 7.586780577147474780e+00
1.998901899648167918e-02 7.528003723962907401e+00
1.999573921810817931e-02 7.471665517979299231e+00
2.000245943973468291e-02 7.416727261334102650e+00
2.000917966136118303e-02 7.365860598202353060e+00
2.001589988298768663e-02 7.311107003449397901e+00
2.002262010461419023e-02 7.254731679701414748e+00
2.002934032624069383e-02 7.202210300302176904e+00
2.003606054786719395e-02 7.146565191259057315e+00
2.004278076949369755e-02 7.089075792487473215e+00
2.004950099112020115e-02 7.034463850953724950e+00
2.005622121274670128e-02 6.980266667647306633e+00
2.006294143437320487e-02 6.926318432815461890e+00
2.006966165599970847e-02 6.872383601169759437e+00
2.007638187762620860e-02 6.817275802470228463e+00
2.008310209925271220e-02 6.762581775191395472e+00
2.008982232087921579e-02 6.712127790726191812e+00
2.009654254250571592e-02 6.662093301289305103e+00
2.010326276413221952e-02 6.608673182280809577e+00
2.010998298575872312e-02 6.554468414673928933e+00
2.011670320738522325e-02 6.502310223390939115e+00
2.012342342901172684e-02 6.453831094085320963e+00
2.013014365063823044e-02 6.400945572624351598e+00
2.013686387226473057e-02 6.351238549003351608e+00
2.014358409389123417e-02 6.300606436986200265e+00
2.015030431551773776e-02 6.250018457520377879e+00
2.015702453714423789e-02 6.200098410324769382e+00
2.016374475877074149e-02 6.151575607576993399e+00
2.017046498039724509e-02 6.099256529568384266e+00
2.017718520202374521e-02 6.048531686986840405e+00
2.018390542365024881e-02 5.997984842951228579e+00
2.019062564527675241e-02 5.948329141513044149e+00
2.019734586690325254e-02 5.900240148058577105e+00
2.020406608852975613e-02 5.850791885444749596e+00
2.021078631015625973e-02 5.801881927628825153e+00
2.021750653178275986e-02 5.754325908360454989e+00
2.022422675340926346e-02 5.706760236468515046e+00
2.023094697503576705e-02 5.657547532643667054e+00
2.023766719666227065e-02 5.611496389974155896e+00
2.024438741828877078e-02 5.564395809567679763e+00
2.025110763991527438e-02 5.517188490848544902e+00
2.025782786154177451e-02 5.469900577518913565e+00
2.026454808316827810e-02 5.423964056892098817e+00
2.027126830479478170e-02 5.379237074075716052e+00
2.027798852642128530e-02 5.332395165295827688e+00
2.028470874804778543e-02 5.287371364769725801e+00
2.029142896967428902e-02 5.241612619619634650e+00
2.029814919130079262e-02 5.195159519885947930e+00
2.030486941292729275e-02 5.150715261682589308e+00
2.031158963455379635e-02 5.107759633545200018e+00
2.031830985618029994e-02 5.062578829935306501e+00
2.032503007780680007e-02 5.020423785829008168e+00
2.033175029943330367e-02 4.976375951830187994e+00
2.033847052105980727e-02 4.931437247809416391e+00
2.034519074268630739e-02 4.887458305296632055e+00
2.035191096431281099e-02 4.844346514711848961e+00
2.035863118593931459e-02 4.801711203827972341e+00
2.036535140756581472e-02 4.759768934482710989e+00
2.037207162919231831e-02 4.717766047892314241e+00
2.037879185081882191e-02 4.676886337232303070e+00
2.038551207244532204e-02 4.634563303702353032e+00
2.039223229407182564e-02 4.592876160989348477e+00
2.039895251569832924e-02 4.551005742059764714e+00
2.040567273732482936e-02 4.508772640407681109e+00
2.041239295895133296e-02 4.466406372414960302e+00
2.041911318057783656e-02 4.424015279412301105e+00
2.042583340220433669e-02 4.383035407544544348e+00
2.043255362383084028e-02 4.342255349631330752e+00
2.043927384545734388e-02 4.302853793747972944e+00
2.044599406708384401e-02 4.263162809402743392e+00
2.045271428871034761e-02 4.223531011298674365e+00
2.045943451033685120e-02 4.183400539226346027e+00
2.046615473196335133e-02 4.143687948095004181e+00
2.047287495358985493e-02 4.103969649338067960e+00
2.047959517521635853e-02 4.065066276627802289e+00
2.048631539684286212e-02 4.026260257323999170e+00
2.049303561846936225e-02 3.987857502249715580e+00
2.049975584009586585e-02 3.950266463258949479e+00
2.050647606172236598e-02 3.911641526202071173e+00
2.051319628334886958e-02 3.873809421687317123e+00
2.051991650497537317e-02 3.836191669573444596e+00
2.052663672660187677e-02 3.798135019609681695e+00
2.053335694822837690e-02 3.760645632823072404e+00
2.054007716985488050e-02 3.723479020974744369e+00
2.054679739148138062e-02 3.686008399850951189e+00
2.055351761310788422e-02 3.649027462683418488e+00
2.056023783473438782e-02 3.613340135957401777e+00
2.056695805636089142e-02 3.576155537084358293e+00
2.057367827798739154e-02 3.540202075909879120e+00
2.058039849961389514e-02 3.502536858451356760e+00
2.058711872124039874e-02 3.466214489241742580e+00
2.059383894286689887e-02 3.429359408525744168e+00
2.060055916449340246e-02 3.393166781037373347e+00
2.060727938611990606e-02 3.356981637749642200e+00
2.061399960774640619e-02 3.321406016050281185e+00
2.062071982937290979e-02 3.285330287951214068e+00
2.062744005099941338e-02 3.250242381981346629e+00
2.063416027262591351e-02 3.215918744973103927e+00
2.064088049425241711e-02 3.181183873779483751e+00
2.064760071587892071e-02 3.147330976537998648e+00
2.065432093750542084e-02 3.112100413290419532e+00
2.066104115913192443e-02 3.077579763112662903e+00
2.066776138075842803e-02 3.044141339118325185e+00
2.067448160238492816e-02 3.010695725567031911e+00
2.068120182401143176e-02 2.977978152761370012e+00
2.068792204563793535e-02 2.945712412240371059e+00
2.069464226726443548e-02 2.912762206990982428e+00
2.070136248889093908e-02 2.879740204084671795e+00
2.070808271051744268e-02 2.846943584441049335e+00
2.071480293214394280e-02 2.814699721814553079e+00
2.072152315377044640e-02 2.782836216208765201e+00
2.072824337539695000e-02 2.750803026247098160e+00
2.073496359702345360e-02 2.719290750157880243e+00
2.074168381864995372e-02 2.687881263241413077e+00
2.074840404027645732e-02 2.656186284249367535e+00
2.075512426190295745e-02 2.625243937462893307e+00
2.076184448352946105e-02 2.595323113999405074e+00
2.076856470515596464e-02 2.564523216167637898e+00
2.077528492678246824e-02 2.533965140916004000e+00
2.078200514840896837e-02 2.503786763519368463e+00
2.078872537003547197e-02 2.474115614783681583e+00
2.079544559166197210e-02 2.443849696042211583e+00
2.080216581328847569e-02 2.414382628625767246e+00
2.080888603491497929e-02 2.385086445226642926e+00
2.081560625654148289e-02 2.355843153890323283e+00
2.082232647816798302e-02 2.327307467933877660e+00
2.082904669979448661e-02 2.299442839367071834e+00
2.083576692142099021e-02 2.270876685568808728e+00
2.084248714304749034e-02 2.243254668051053002e+00
2.084920736467399394e-02 2.215265458417145616e+00
2.085592758630049753e-02 2.187021335646980980e+00
2.086264780792699766e-02 2.159631238046229029e+00
2.086936802955350126e-02 2.132260955264397406e+00
2.087608825118000486e-02 2.104818268066388054e+00
2.088280847280650498e-02 2.077046084747026455e+00
2.088952869443300858e-02 2.050636396489671665e+00
2.089624891605951218e-02 2.023904030580422120e+00
2.090296913768601231e-02 1.996770969895951708e+00
2.090968935931251590e-02 1.970306263986346673e+00
2.091640958093901950e-02 1.944581055357124777e+00
2.092312980256551963e-02 1.917890922455752989e+00
2.092985002419202323e-02 1.891706366930675953e+00
2.093657024581852683e-02 1.865742966981337903e+00
2.094329046744502695e-02 1.841179082105256937e+00
2.095001068907153055e-02 1.815394541421194052e+00
2.095673091069803415e-02 1.790430364624393755e+00
2.096345113232453428e-02 1.765359656025767610e+00
2.097017135395103787e-02 1.740854503078840043e+00
2.097689157557754147e-02 1.717001403085142153e+00
2.098361179720404507e-02 1.692838342336016488e+00
2.099033201883054520e-02 1.668470606360324515e+00
2.099705224045704879e-02 1.644468483262662817e+00
2.100377246208354892e-02 1.621070381302839758e+00
2.101049268371005252e-02 1.598121167693639544e+00
2.101721290533655612e-02 1.574786991138353853e+00
2.102393312696305971e-02 1.551119466220397314e+00
2.103065334858955984e-02 1.528297399535618384e+00
2.103737357021606344e-02 1.505096245698295698e+00
2.104409379184256357e-02 1.482347688526945095e+00
2.105081401346906717e-02 1.459664242747500618e+00
2.105753423509557076e-02 1.437109766063482397e+00
2.106425445672207436e-02 1.414860552299554985e+00
2.107097467834857449e-02 1.393301889720582887e+00
2.107769489997507809e-02 1.371891373626122901e+00
2.108441512160158168e-02 1.350765810221719265e+00
2.109113534322808181e-02 1.328801645990269620e+00
2.109785556485458541e-02 1.307604925831281850e+00
2.110457578648108901e-02 1.287168264809732454e+00
2.111129600810758913e-02 1.266521976455637244e+00
2.111801622973409273e-02 1.246407982091298550e+00
2.112473645136059633e-02 1.225930203195658041e+00
2.113145667298709646e-02 1.205695677865752380e+00
2.113817689461360005e-02 1.185739896132047999e+00
2.114489711624010365e-02 1.165938941582524979e+00
2.115161733786660378e-02 1.146477002802295253e+00
2.115833755949310738e-02 1.127327455042329118e+00
2.116505778111961097e-02 1.107907728630553645e+00
2.117177800274611110e-02 1.089010568332665407e+00
2.117849822437261470e-02 1.070075745089785979e+00
2.118521844599911830e-02 1.051292632825514550e+00
2.119193866762561843e-02 1.032554173653609686e+00
2.119865888925212202e-02 1.014378669265139532e+00
2.120537911087862562e-02 9.972692929311745003e-01
2.121209933250512575e-02 9.793928862771179578e-01
2.121881955413162935e-02 9.613675853281613559e-01
2.122553977575813294e-02 9.440109240691855197e-01
2.123225999738463654e-02 9.265297965471053221e-01
2.123898021901113667e-02 9.094908710753996095e-01
2.124570044063764027e-02 8.926782388494545195e-01
2.125242066226414039e-02 8.757177147336026035e-01
2.125914088389064399e-02 8.594662703883961807e-01
2.126586110551714759e-02 8.429673296496013046e-01
2.127258132714365119e-02 8.263650855378534832e-01
2.127930154877015131e-02 8.098369731716306141e-01
2.128602177039665491e-02 7.934422772705335136e-01
2.129274199202315504e-02 7.776706349099122839e-01
2.129946221364965864e-02 7.622406358833879736e-01
2.130618243527616223e-02 7.461383965756775982e-01
2.131290265690266583e-02 7.311213809284159426e-01
2.131962287852916596e-02 7.163568949903196259e-01
2.132634310015566956e-02 7.012672393140596538e-01
2.133306332178217316e-02 6.858097665308428015e-01
2.133978354340867328e-02 6.702965733840338114e-01
2.134650376503517688e-02 6.557039115837791643e-01
2.135322398666168048e-02 6.408660323986462570e-01
2.135994420828818061e-02 6.262858413124351431e-01
2.136666442991468420e-02 6.118697450374449565e-01
2.137338465154118780e-02 5.976330860685744595e-01
2.138010487316768793e-02 5.836421286266856301e-01
2.138682509479419153e-02 5.702279121271894846e-01
2.139354531642069512e-02 5.564242689667389108e-01
2.140026553804719525e-02 5.429162084258566390e-01
2.140698575967369885e-02 5.295479450968262336e-01
2.141370598130020245e-02 5.161057179499694003e-01
2.142042620292670257e-02 5.032541443421318927e-01
2.142714642455320617e-02 4.905389683922373179e-01
2.143386664617970977e-02 4.775763400652282553e-01
2.144058686780620990e-02 4.650313900100467857e-01
2.144730708943271349e-02 4.525050172124113201e-01
2.145402731105921709e-02 4.401942319369457901e-01
2.146074753268571722e-02 4.280263096323638217e-01
2.146746775431222082e-02 4.158669047398395047e-01
2.147418797593872442e-02 4.035678871599960860e-01
2.148090819756522801e-02 3.915879270089157593e-01
2.148762841919172814e-02 3.797224640701600817e-01
2.149434864081823174e-02 3.682683427343309557e-01
2.150106886244473187e-02 3.567526952761594927e-01
2.150778908407123546e-02 3.456756409912964401e-01
2.151450930569773906e-02 3.347763573512143043e-01
2.152122952732424266e-02 3.239366575419798666e-01
2.152794974895074279e-02 3.128001833943445109e-01
2.153466997057724638e-02 3.023560058674090167e-01
2.154139019220374651e-02 2.918260226123773893e-01
2.154811041383025011e-02 2.816179781307612262e-01
2.155483063545675371e-02 2.718403832223178496e-01
2.156155085708325730e-02 2.619123377418262066e-01
2.156827107870975743e-02 2.521439201477364556e-01
2.157499130033626103e-02 2.430271076051833956e-01
2.158171152196276463e-02 2.336854809346176343e-01
2.158843174358926476e-02 2.246782702857230973e-01
2.159515196521576835e-02 2.153192371091586788e-01
2.160187218684227195e-02 2.066914588290555688e-01
2.160859240846877208e-02 1.979454412139227404e-01
2.161531263009527568e-02 1.893783906748171542e-01
2.162203285172177927e-02 1.812386286383726453e-01
2.162875307334827940e-02 1.734023608470190436e-01
2.163547329497478300e-02 1.657497665895797945e-01
2.164219351660128660e-02 1.578239459954560164e-01
2.164891373822778672e-02 1.503360369638715721e-01
2.165563395985429032e-02 1.428479615188035512e-01
2.166235418148079392e-02 1.355244354286030961e-01
2.166907440310729405e-02 1.283188171973535519e-01
2.167579462473379764e-02 1.211195980661586985e-01
2.168251484636030124e-02 1.144992635630785877e-01
2.168923506798680137e-02 1.080398065730757418e-01
2.169595528961330497e-02 1.016875991679237617e-01
2.170267551123980856e-02 9.531302982226626253e-02
2.170939573286630869e-02 8.912960389162216668e-02
2.171611595449281229e-02 8.359081816185098823e-02
2.172283617611931589e-02 7.803388214343567886e-02
2.172955639774581948e-02 7.250325373648433547e-02
2.173627661937231961e-02 6.696739774032807457e-02
2.174299684099882321e-02 6.193363673576086914e-02
2.174971706262532334e-02 5.732772654003262525e-02
2.175643728425182694e-02 5.287243842484076750e-02
2.176315750587833053e-02 4.872726270290431844e-02
2.176987772750483413e-02 4.482073180628674824e-02
2.177659794913133426e-02 4.061397742106136882e-02
2.178331817075783786e-02 3.696932705668310587e-02
2.179003839238433798e-02 3.293134614224833140e-02
2.179675861401084158e-02 2.969871950114453749e-02
2.180347883563734518e-02 2.666894253314969210e-02
2.181019905726384878e-02 2.353236422317270954e-02
2.181691927889034890e-02 2.082442003523820445e-02
2.182363950051685250e-02 1.804604567061738815e-02
2.183035972214335610e-02 1.585994217398904033e-02
2.183707994376985623e-02 1.383720596896151345e-02
2.184380016539635982e-02 1.159753607252135207e-02
2.185052038702286342e-02 9.535213015358891958e-03
2.185724060864936355e-02 7.746935831936080721e-03
2.186396083027586715e-02 6.259510280615629939e-03
2.187068105190237075e-02 5.125521798009986287e-03
2.187740127352887087e-02 4.013511955126096258e-03
2.188412149515537447e-02 2.899165527919020553e-03
2.189084171678187807e-02 1.912288623151692842e-03
2.189756193840837820e-02 1.028553374801235163e-03
2.190428216003488179e-02 4.934733380967385634e-04
2.191100238166138539e-02 -0.000000000000000000e+00
2.191772260328788552e-02 1.159913952172490111e-06
2.192444282491438912e-02 1.366713592974868566e-04
2.193116304654089271e-02 5.019221163230853022e-04
2.193788326816739284e-02 1.228382899710957080e-03
2.194460348979389644e-02 1.946468093885900382e-03
2.195132371142040004e-02 2.981439006623936433e-03
2.195804393304690016e-02 4.086782690557596090e-03
2.196476415467340376e-02 5.299248987978916019e-03
2.197148437629990736e-02 6.587025182871860708e-03
2.197820459792641096e-02 8.604339823628327777e-03
2.198492481955291108e-02 1.067870447124388313e-02
2.199164504117941468e-02 1.295737349598990833e-02
2.199836526280591481e-02 1.480834466988893358e-02
2.200508548443241841e-02 1.745691574433324428e-02
2.201180570605892201e-02 2.045596801719444871e-02
2.201852592768542560e-02 2.357599611259488664e-02
2.202524614931192573e-02 2.670268603260839493e-02
2.203196637093842933e-02 3.009855325266931614e-02
2.203868659256492946e-02 3.363432470457630719e-02
2.204540681419143305e-02 3.742115498285008418e-02
2.205212703581793665e-02 4.180937066654723255e-02
2.205884725744444025e-02 4.592285252007734242e-02
2.206556747907094038e-02 4.992785138527143507e-02
2.207228770069744397e-02 5.487481528217925258e-02
2.207900792232394757e-02 5.985012575664169776e-02
2.208572814395044770e-02 6.480276349245069067e-02
2.209244836557695130e-02 6.997975562331312793e-02
2.209916858720345489e-02 7.528815288368530256e-02
2.210588880882995502e-02 8.071023228043733289e-02
2.211260903045645862e-02 8.678587568954870823e-02
2.211932925208296222e-02 9.286135746352210119e-02
2.212604947370946235e-02 9.930622887677147126e-02
2.213276969533596594e-02 1.058095030753345295e-01
2.213948991696246954e-02 1.127768465031935147e-01
2.214621013858896967e-02 1.199428137246167092e-01
2.215293036021547327e-02 1.275629523643062868e-01
2.215965058184197686e-02 1.346610680133183691e-01
2.216637080346847699e-02 1.423147525840575134e-01
2.217309102509498059e-02 1.499699145109543164e-01
2.217981124672148419e-02 1.578189446680821340e-01
2.218653146834798431e-02 1.657664578316918602e-01
2.219325168997448791e-02 1.740300917580754336e-01
2.219997191160099151e-02 1.824868557591073914e-01
2.220669213322749164e-02 1.910728614679960413e-01
2.221341235485399523e-02 2.001180351372557620e-01
2.222013257648049883e-02 2.093165247913301719e-01
2.222685279810699896e-02 2.184349704240339252e-01
2.223357301973350256e-02 2.281642731571668081e-01
2.224029324136000615e-02 2.377078140564782283e-01
2.224701346298650628e-02 2.471117158147547455e-01
2.225373368461300988e-02 2.573415690560755809e-01
2.226045390623951348e-02 2.674046651595283763e-01
2.226717412786601707e-02 2.776163606018855479e-01
2.227389434949251720e-02 2.881664106797738878e-01
2.228061457111902080e-02 2.989949824684021151e-01
2.228733479274552093e-02 3.095329964562212877e-01
2.229405501437202453e-02 3.199811196873679764e-01
2.230077523599852812e-02 3.311011422822712214e-01
2.230749545762503172e-02 3.426006727037715915e-01
2.231421567925153185e-02 3.542237176941164245e-01
2.232093590087803545e-02 3.654903176997251757e-01
2.232765612250453557e-02 3.772600313553711171e-01
2.233437634413103917e-02 3.892557562085512401e-01
2.234109656575754277e-02 4.015433289034622821e-01
2.234781678738404637e-02 4.137276682111704074e-01
2.235453700901054649e-02 4.259977717588485091e-01
2.236125723063705009e-02 4.386733505622151807e-01
2.236797745226355022e-02 4.509788863983297258e-01
2.237469767389005382e-02 4.636365979042834096e-01
2.238141789551655741e-02 4.765178093189650910e-01
2.238813811714306101e-02 4.898444242566302176e-01
2.239485833876956114e-02 5.029492313521566338e-01
2.240157856039606474e-02 5.163506171927522148e-01
2.240829878202256834e-02 5.300215806058178325e-01
2.241501900364906846e-02 5.433776460727870461e-01
2.242173922527557206e-02 5.568761297880421290e-01
2.242845944690207566e-02 5.710324352634734701e-01
2.243517966852857926e-02 5.850717225261823362e-01
2.244189989015507938e-02 5.989243766014543668e-01
2.244862011178158298e-02 6.135494623540647119e-01
2.245534033340808311e-02 6.282139478859829484e-01
2.246206055503458671e-02 6.425046318281476543e-01
2.246878077666109030e-02 6.575324934043014213e-01
2.247550099828759390e-02 6.722992038654970193e-01
2.248222121991409403e-02 6.871370901402348297e-01
2.248894144154059763e-02 7.024658774703644859e-01
2.249566166316709775e-02 7.176283659688138528e-01
2.250238188479360135e-02 7.333308191329961367e-01
2.250910210642010495e-02 7.487218820459115021e-01
2.251582232804660855e-02 7.643215791697604011e-01
2.252254254967310867e-02 7.804086514099476402e-01
2.252926277129961227e-02 7.952275994045947538e-01
2.253598299292611240e-02 8.108298937876923240e-01
2.254270321455261600e-02 8.267951586920029294e-01
2.254942343617911960e-02 8.432552732139153573e-01
2.255614365780562319e-02 8.598616026778318489e-01
2.256286387943212332e-02 8.763921508080003697e-01
2.256958410105862692e-02 8.930830870469389504e-01
2.257630432268512705e-02 9.097543844141751102e-01
2.258302454431163064e-02 9.263390436845483356e-01
2.258974476593813424e-02 9.432057894724032998e-01
2.259646498756463784e-02 9.602173183275581891e-01
2.260318520919113797e-02 9.774499677624294280e-01
2.260990543081764156e-02 9.945281451408014561e-01
2.261662565244414169e-02 1.012328508725325760e+00
2.262334587407064529e-02 1.029752800062786022e+00
2.263006609569714889e-02 1.047754660758760448e+00
2.263678631732365248e-02 1.065809323296531774e+00
2.264350653895015261e-02 1.083876314816626607e+00
2.265022676057665621e-02 1.101896936368494728e+00
2.265694698220315981e-02 1.119671854406657063e+00
2.266366720382965994e-02 1.138838626814028698e+00
2.267038742545616353e-02 1.157649947414463698e+00
2.267710764708266713e-02 1.176727598371390737e+00
2.268382786870916726e-02 1.195209911350772813e+00
2.269054809033567086e-02 1.214932920883217360e+00
2.269726831196217445e-02 1.234291103157358460e+00
2.270398853358867458e-02 1.253935181041650582e+00
2.271070875521517818e-02 1.273688001841630779e+00
2.271742897684168178e-02 1.293198969810498644e+00
2.272414919846818537e-02 1.312461742000516018e+00
2.273086942009468550e-02 1.332272868758545892e+00
2.273758964172118910e-02 1.352097605855133278e+00
2.274430986334768923e-02 1.372533600748385263e+00
2.275103008497419282e-02 1.393093012919371487e+00
2.275775030660069642e-02 1.413710572181415603e+00
2.276447052822720002e-02 1.434402116548185724e+00
2.277119074985370015e-02 1.455087900931553824e+00
2.277791097148020374e-02 1.475731471834454966e+00
2.278463119310670387e-02 1.497062545049308024e+00
2.279135141473320747e-02 1.518076462561831264e+00
2.279807163635971107e-02 1.539936053788047543e+00
2.280479185798621466e-02 1.561182550078223708e+00
2.281151207961271479e-02 1.582959727402696526e+00
2.281823230123921839e-02 1.605134225472859999e+00
2.282495252286571852e-02 1.627677628649399466e+00
2.283167274449222212e-02 1.649951134918588247e+00
2.283839296611872571e-02 1.672772366037657221e+00
2.284511318774522931e-02 1.695293940283852940e+00
2.285183340937172944e-02 1.718406262992055122e+00
2.285855363099823304e-02 1.742087443561289861e+00
2.286527385262473316e-02 1.765377862988745772e+00
2.287199407425123676e-02 1.789376712825782922e+00
2.287871429587774036e-02 1.813534742264916400e+00
2.288543451750424396e-02 1.837515712251468480e+00
2.289215473913074408e-02 1.862445103447042838e+00
2.289887496075724768e-02 1.886453389179090667e+00
2.290559518238375128e-02 1.910574257608038895e+00
2.291231540401025141e-02 1.935568729038795066e+00
2.291903562563675500e-02 1.960635723267020847e+00
2.292575584726325860e-02 1.984846255754179722e+00
2.293247606888975873e-02 2.009415330601532990e+00
2.293919629051626233e-02 2.034399181190983175e+00
2.294591651214276593e-02 2.060054461670545844e+00
2.295263673376926605e-02 2.086597223153487946e+00
2.295935695539576965e-02 2.112576702540541973e+00
2.296607717702227325e-02 2.137943721202779201e+00
2.297279739864877685e-02 2.164395810645548757e+00
2.297951762027527697e-02 2.190549228449439667e+00
2.298623784190178057e-02 2.216978399035644198e+00
2.299295806352828070e-02 2.244061154034135086e+00
2.299967828515478430e-02 2.270757650239158654e+00
2.300639850678128789e-02 2.297873494308782849e+00
2.301311872840779149e-02 2.325310212594025927e+00
2.301983895003429162e-02 2.353224881247100164e+00
2.302655917166079522e-02 2.381682148450818381e+00
2.303327939328729534e-02 2.409961353894400915e+00
2.303999961491379894e-02 2.438336370631677408e+00
2.304671983654030254e-02 2.465847944807718406e+00
2.305344005816680614e-02 2.494143548340384431e+00
2.306016027979330626e-02 2.523542430184048779e+00
2.306688050141980986e-02 2.553592272809990238e+00
2.307360072304630999e-02 2.582659594751370413e+00
2.308032094467281359e-02 2.611871069027351222e+00
2.308704116629931719e-02 2.641572022379651941e+00
2.309376138792582078e-02 2.672136055762647455e+00
2.310048160955232091e-02 2.702210335720116152e+00
2.310720183117882451e-02 2.733356546463121983e+00
2.311392205280532464e-02 2.764301888551955244e+00
2.312064227443182823e-02 2.794945893603725917e+00
2.312736249605833183e-02 2.825969937790206110e+00
2.313408271768483543e-02 2.857723611212064974e+00
2.314080293931133556e-02 2.889054662379998195e+00
2.314752316093783915e-02 2.920293083427519587e+00
2.315424338256434275e-02 2.952145717276073000e+00
2.316096360419084288e-02 2.983558472419038043e+00
2.316768382581734648e-02 3.015244092011595711e+00
2.317440404744385007e-02 3.047649008752820521e+00
2.318112426907035020e-02 3.080503656469756990e+00
2.318784449069685380e-02 3.113507243995147888e+00
2.319456471232335740e-02 3.145427950730356859e+00
2.320128493394985753e-02 3.177932730200518474e+00
2.320800515557636112e-02 3.211472009020642560e+00
2.321472537720286472e-02 3.246033560008605878e+00
2.322144559882936832e-02 3.279503250226351252e+00
2.322816582045586845e-02 3.312460459620965469e+00
2.323488604208237204e-02 3.345996358481482247e+00
2.324160626370887217e-02 3.380595611340812656e+00
2.324832648533537577e-02 3.414603619765916420e+00
2.325504670696187937e-02 3.449565957407509487e+00
2.326176692858838296e-02 3.483401199353445499e+00
2.326848715021488309e-02 3.518167927273383011e+00
2.327520737184138669e-02 3.553404894460309382e+00
2.328192759346788682e-02 3.590045156369414237e+00
2.328864781509439041e-02 3.624740318705353737e+00
2.329536803672089401e-02 3.660399753545054757e+00
2.330208825834739761e-02 3.697038202257644901e+00
2.330880847997389774e-02 3.733143383859275133e+00
2.331552870160040133e-02 3.770048506788167053e+00
2.332224892322690146e-02 3.806520891906847837e+00
2.332896914485340506e-02 3.843170574505866188e+00
2.333568936647990866e-02 3.880852744581004821e+00
2.334240958810641225e-02 3.917519937773341621e+00
2.334912980973291238e-02 3.955002373610908339e+00
2.335585003135941598e-02 3.992498766867695892e+00
2.336257025298591611e-02 4.030212722809427106e+00
2.336929047461241971e-02 4.066354485098830907e+00
2.337601069623892330e-02 4.104068069690421261e+00
2.338273091786542690e-02 4.143183040006714002e+00
2.338945113949192703e-02 4.182154604093071271e+00
2.339617136111843063e-02 4.220129792984912420e+00
2.340289158274493422e-02 4.259664052778982857e+00
2.340961180437143435e-02 4.297592763121135917e+00
2.341633202599793795e-02 4.336264169189324669e+00
2.342305224762444155e-02 4.375394642875664708e+00
2.342977246925094167e-02 4.414498800731596617e+00
2.343649269087744527e-02 4.454914229694560746e+00
2.344321291250394887e-02 4.496493891058661596e+00
2.344993313413044900e-02 4.537438572800350123e+00
2.345665335575695259e-02 4.579086961371079845e+00
2.346337357738345619e-02 4.620830871921817185e+00
2.347009379900995979e-02 4.662668628652496317e+00
2.347681402063645992e-02 4.705810844848667074e+00
2.348353424226296352e-02 4.748250921150476422e+00
2.349025446388946364e-02 4.790300134762198958e+00
2.349697468551596724e-02 4.833091478192891088e+00
2.350369490714247084e-02 4.875979088480998591e+00
2.351041512876897444e-02 4.920569026571224747e+00
2.351713535039547456e-02 4.963089453538845675e+00
2.352385557202197816e-02 5.006614534890955426e+00
2.353057579364847829e-02 5.049868722999796944e+00
2.353729601527498189e-02 5.093574857727063865e+00
2.354401623690148548e-02 5.138567942806758992e+00
2.355073645852798908e-02 5.183622188826396915e+00
2.355745668015448921e-02 5.228094706583866547e+00
2.356417690178099281e-02 5.274057029667994279e+00
2.357089712340749293e-02 5.319737584382505879e+00
2.357761734503399653e-02 5.365966587532167154e+00
2.358433756666050013e-02 5.412063224608160361e+00
2.359105778828700373e-02 5.459400947167354801e+00
2.359777800991350385e-02 5.507795998028768736e+00
2.360449823154000745e-02 5.554195090047207017e+00
2.361121845316650758e-02 5.600139971620292201e+00
2.361793867479301118e-02 5.647708639535935049e+00
2.362465889641951478e-02 5.695846517183181135e+00
2.363137911804601837e-02 5.741151364084112529e+00
2.363809933967251850e-02 5.789265576128113544e+00
2.364481956129902210e-02 5.836817702266782426e+00
2.365153978292552570e-02 5.883643524522954138e+00
2.365826000455202582e-02 5.932988788927493040e+00
2.366498022617852942e-02 5.980080103744910502e+00
2.367170044780503302e-02 6.028487186752608196e+00
2.367842066943153315e-02 6.080013091777590084e+00
2.368514089105803674e-02 6.129467084425079371e+00
2.369186111268454034e-02 6.179567892311088606e+00
2.369858133431104047e-02 6.230720294743747445e+00
2.370530155593754407e-02 6.281572651226161597e+00
2.371202177756404766e-02 6.332824289068057055e+00
2.371874199919055126e-02 6.381906037135289367e+00
2.372546222081705139e-02 6.434194235429382402e+00
2.373218244244355499e-02 6.485299093197882669e+00
2.373890266407005512e-02 6.535172450193803328e+00
2.374562288569655871e-02 6.588040475148778441e+00
2.375234310732306231e-02 6.640767137507087803e+00
2.375906332894956591e-02 6.694019902553806745e+00
2.376578355057606604e-02 6.745753183509743067e+00
2.377250377220256963e-02 6.797341779631811853e+00
2.377922399382906976e-02 6.849494761099409246e+00
2.378594421545557336e-02 6.902181319281878835e+00
2.379266443708207696e-02 6.954577280400113359e+00
2.379938465870858055e-02 7.009369031074427880e+00
2.380610488033508068e-02 7.064427597869531006e+00
2.381282510196158428e-02 7.112189954051663321e+00
2.381954532358808441e-02 7.165603191188158583e+00
2.382626554521458800e-02 7.221916493367013246e+00
2.383298576684109160e-02 7.271993583025159857e+00
2.383970598846759520e-02 7.326583648600520249e+00
2.384642621009409533e-02 7.379760111165513337e+00
2.385314643172059892e-02 7.433035450808626265e+00
2.385986665334709905e-02 7.485558817150705480e+00
2.386658687497360265e-02 7.539296256026956300e+00
2.387330709660010625e-02 7.595681297016755096e+00
2.388002731822660984e-02 7.649255155014439644e+00
2.388674753985310997e-02 7.704894625215798598e+00
2.389346776147961357e-02 7.758543317981152043e+00
2.390018798310611717e-02 7.817763241167623889e+00
2.390690820473261730e-02 7.872382740572763105e+00
2.391362842635912089e-02 7.928208071563160431e+00
2.392034864798562449e-02 7.981326198883853529e+00
2.392706886961212462e-02 8.036078663072929729e+00
2.393378909123862822e-02 8.093055600915869618e+00
2.394050931286513181e-02 8.151808624150751470e+00
2.394722953449163194e-02 8.210072571695935295e+00
2.395394975611813554e-02 8.268672514374182825e+00
2.396066997774463914e-02 8.326604940934535293e+00
2.396739019937114273e-02 8.382073220531617963e+00
2.397411042099764286e-02 8.432395041171510286e+00
2.398083064262414646e-02 8.489370570996085164e+00
2.398755086425064659e-02 8.544629520487804442e+00
2.399427108587715018e-02 8.604968291168120231e+00
2.400099130750365378e-02 8.662075878518482597e+00
2.400771152913015738e-02 8.719481863053692550e+00
2.401443175075665751e-02 8.771588282845824480e+00
2.402115197238316111e-02 8.831555220492822045e+00
2.402787219400966123e-02 8.890690621224813128e+00
2.403459241563616483e-02 8.948096365038946232e+00
2.404131263726266843e-02 8.996544418862599812e+00
2.404803285888917203e-02 9.054601179760778606e+00
2.405475308051567215e-02 9.112763330425911690e+00
2.406147330214217575e-02 9.170769411108894431e+00
2.406819352376867588e-02 9.227177657013491796e+00
2.407491374539517948e-02 9.284796717853094350e+00
2.408163396702168307e-02 9.343845470342094117e+00
2.408835418864818667e-02 9.397304897069128415e+00
2.409507441027468680e-02 9.455164392887315472e+00
2.410179463190119040e-02 9.515042783908556956e+00
2.410851485352769052e-02 9.571970513993283802e+00
2.411523507515419412e-02 9.634212358496551332e+00
2.412195529678069772e-02 9.697237915697327182e+00
2.412867551840720132e-02 9.754109962823823921e+00
2.413539574003370144e-02 9.816255853025088740e+00
2.414211596166020504e-02 9.882777793335941752e+00
2.414883618328670864e-02 9.942743145888101708e+00
2.415555640491320877e-02 1.000915060205681684e+01
2.416227662653971237e-02 1.007136667338209790e+01
2.416899684816621596e-02 1.012893953674368142e+01
2.417571706979271609e-02 1.018896979852831208e+01
2.418243729141921969e-02 1.025511027400971109e+01
2.418915751304572329e-02 1.031763816012230883e+01
2.419587773467222341e-02 1.038143085674371591e+01
2.420259795629872701e-02 1.044276283930924265e+01
2.420931817792523061e-02 1.050503282761383339e+01
2.421603839955173421e-02 1.057187715147398599e+01
2.422275862117823433e-02 1.063697486611256871e+01
2.422947884280473793e-02 1.070213623118059765e+01
2.423619906443123806e-02 1.076091793404501296e+01
2.424291928605774166e-02 1.082121680243305306e+01
2.424963950768424525e-02 1.088290756624994948e+01
2.425635972931074885e-02 1.094836346597295496e+01
2.426307995093724898e-02 1.101647761332800179e+01
2.426980017256375258e-02 1.108391838857661149e+01
2.427652039419025271e-02 1.114406706674252234e+01
2.428324061581675630e-02 1.120266469464461601e+01
2.428996083744325990e-02 1.126934067703394859e+01
2.429668105906976350e-02 1.133956032544328707e+01
2.430340128069626363e-02 1.140427031973030125e+01
2.431012150232276722e-02 1.146697639067878072e+01
2.431684172394926735e-02 1.153387088161560925e+01
2.432356194557577095e-02 1.159552900392930042e+01
2.433028216720227455e-02 1.166018668785444312e+01
2.433700238882877814e-02 1.172865804097258291e+01
2.434372261045527827e-02 1.179963436301410873e+01
2.435044283208178187e-02 1.186435692180053358e+01
2.435716305370828200e-02 1.193278407684746156e+01
2.436388327533478559e-02 1.200499396692104170e+01
2.437060349696128919e-02 1.207555200611608548e+01
2.437732371858779279e-02 1.214914948811998130e+01
2.438404394021429292e-02 1.222308960799161959e+01
2.439076416184079651e-02 1.229466530590141282e+01
2.439748438346730011e-02 1.236882470966601488e+01
2.440420460509380024e-02 1.244011580724481547e+01
2.441092482672030384e-02 1.251713166889427420e+01
2.441764504834680743e-02 1.259556422470239134e+01
2.442436526997330756e-02 1.266700098071469860e+01
2.443108549159981116e-02 1.273903914137080839e+01
2.443780571322631476e-02 1.281519816332375861e+01
2.444452593485281489e-02 1.289569784657419405e+01
2.445124615647931848e-02 1.298133344922160148e+01
2.445796637810582208e-02 1.305868458974115320e+01
2.446468659973232568e-02 1.314262297944297053e+01
2.447140682135882581e-02 1.321812913715315041e+01
2.447812704298532940e-02 1.330770594098295234e+01
2.448484726461182953e-02 1.338511737440471983e+01
2.449156748623833313e-02 1.346540541363539489e+01
2.449828770786483673e-02 1.354306302044196642e+01
2.450500792949134032e-02 1.362943212036831220e+01
2.451172815111784045e-02 1.371178736365443029e+01
2.451844837274434405e-02 1.379225643926978329e+01
2.452516859437084418e-02 1.388272987173720985e+01
2.453188881599734777e-02 1.397147453902202585e+01
2.453860903762385137e-02 1.405990601799109285e+01
2.454532925925035497e-02 1.414658105283601763e+01
2.455204948087685510e-02 1.423603267314565279e+01
2.455876970250335870e-02 1.432685278147098096e+01
2.456548992412985882e-02 1.442359913404681571e+01
2.457221014575636242e-02 1.451764500518724432e+01
2.457893036738286602e-02 1.460556767946988188e+01
2.458565058900936962e-02 1.471954524450137392e+01
2.459237081063586974e-02 1.482028289469734617e+01
2.459909103226237334e-02 1.491217282348616280e+01
2.460581125388887347e-02 1.500677571752964745e+01
2.461253147551537707e-02 1.512224439252030272e+01
2.461925169714188066e-02 1.522073418854071392e+01
2.462597191876838426e-02 1.533387204830553152e+01
2.463269214039488439e-02 1.544842751764569044e+01
2.463941236202138799e-02 1.556817311450045871e+01
2.464613258364789158e-02 1.568418519378402820e+01
2.465285280527439171e-02 1.577719931222288885e+01
2.465957302690089531e-02 1.587427315254303473e+01
2.466629324852739891e-02 1.597354883753377841e+01
2.467301347015389903e-02 1.608518724706740954e+01
2.467973369178040263e-02 1.619427599464100354e+01
2.468645391340690623e-02 1.630493584468416302e+01
2.469317413503340636e-02 1.641672710127815193e+01
2.469989435665990996e-02 1.653106436891200204e+01
2.470661457828641355e-02 1.664838376509508322e+01
2.471333479991291715e-02 1.675813345184279868e+01
2.472005502153941728e-02 1.687657336534484287e+01
2.472677524316592088e-02 1.699289021537286359e+01
2.473349546479242100e-02 1.713255104628007786e+01
2.474021568641892460e-02 1.724964993075807485e+01
2.474693590804542820e-02 1.736662761143971778e+01
2.475365612967193180e-02 1.750138008420453417e+01
2.476037635129843192e-02 1.762042769199776160e+01
2.476709657292493552e-02 1.774190748414553909e+01
2.477381679455143565e-02 1.787159415695332498e+01
2.478053701617793925e-02 1.799167574844245721e+01
2.478725723780444284e-02 1.813154316707598568e+01
2.479397745943094644e-02 1.826767392105710996e+01
2.480069768105744657e-02 1.841572358206927262e+01
2.480741790268395017e-02 1.854163438538034825e+01
2.481413812431045030e-02 1.866951208670631956e+01
2.482085834593695389e-02 1.879935505566207610e+01
2.482757856756345749e-02 1.896747329657892678e+01
2.483429878918996109e-02 1.911600926524716826e+01
2.484101901081646122e-02 1.925004642378904407e+01
2.484773923244296481e-02 1.945848150929664655e+01
2.485445945406946494e-02 1.959418888899047317e+01
2.486117967569596854e-02 1.974968210884349418e+01
2.486789989732247214e-02 1.995857931351455505e+01
2.487462011894897573e-02 2.010990294204938067e+01
2.488134034057547586e-02 2.028353789645567318e+01
2.488806056220197946e-02 2.045035907624865246e+01
2.489478078382847959e-02 2.059371310281625256e+01
2.490150100545498318e-02 2.075081111122656452e+01
2.490822122708148678e-02 2.092258863250239997e+01
2.491494144870799038e-02 2.107134221672361463e+01
2.492166167033449051e-02 2.122225936835075899e+01
2.492838189196099410e-02 2.141264181961538782e+01
2.493510211358749770e-02 2.162177212147405925e+01
2.494182233521399783e-02 2.177660612387674988e+01
2.494854255684050143e-02 2.193363288751239182e+01
2.495526277846700502e-02 2.217638562366706978e+01
2.496198300009350862e-02 2.237552436053298521e+01
2.496870322172000875e-02 2.253588626763984593e+01
2.497542344334651235e-02 2.269847813995428609e+01
2.498214366497301248e-02 2.288381759940302373e+01
2.498886388659951607e-02 2.307873957240087037e+01
2.499558410822601967e-02 2.324679032315801308e+01
2.500230432985252327e-02 2.341705544553495955e+01
2.500902455147902340e-02 2.361602198594723134e+01
2.501574477310552699e-02 2.379009738515200922e+01
2.502246499473202712e-02 2.396636701023077975e+01
2.502918521635853072e-02 2.438394385991909274e+01
2.503590543798503432e-02 2.455955987054513301e+01
2.504262565961153791e-02 2.473742847206990803e+01
2.504934588123803804e-02 2.502759086039369762e+01
2.505606610286454164e-02 2.520774137501271639e+01
2.506278632449104177e-02 2.539014835193660602e+01
2.506950654611754536e-02 2.557479977797335025e+01
2.507622676774404896e-02 2.585784031942208117e+01
2.508294698937055256e-02 2.612234034815209682e+01
2.508966721099705269e-02 2.631065650910283082e+01
2.509638743262355629e-02 2.650121624239524110e+01
2.510310765425005641e-02 2.669400723030197398e+01
2.510982787587656001e-02 2.688901723011066380e+01
2.511654809750306361e-02 2.708623407754212664e+01
2.512326831912956721e-02 2.728564568984705474e+01
2.512998854075606733e-02 2.748724006857730373e+01
2.513670876238257093e-02 2.794524250172667479e+01
2.514342898400907106e-02 2.814810987413597587e+01
2.515014920563557466e-02 2.835315535638754270e+01
2.515686942726207825e-02 2.856036708622087517e+01
2.516358964888858185e-02 2.876973329492219023e+01
2.517030987051508198e-02 2.898124230808625157e+01
2.517703009214158558e-02 2.919488254602824284e+01
2.518375031376808917e-02 2.941064252384158095e+01
2.519047053539458930e-02 3.041274521852808377e+01
2.519719075702109290e-02 3.062709122832837494e+01
2.520391097864759650e-02 3.124276744953605345e+01
2.521063120027409662e-02 3.145864472668177925e+01
2.521735142190060022e-02 3.167662632199942152e+01
2.522407164352710382e-02 3.189670125783420218e+01
2.523079186515360395e-02 3.312125218722727027e+01
2.523751208678010755e-02 3.334089189142070353e+01
