6.710544295868860198e-02 8.289306334778564178e+01
6.715695240981445213e-02 8.289306334778564178e+01
6.720846186094028840e-02 8.289306334778564178e+01
6.725997131206613855e-02 8.289306334778564178e+01
6.731148076319197482e-02 8.289306334778564178e+01
6.736299021431782497e-02 8.289306334778564178e+01
6.741449966544366124e-02 8.289306334778564178e+01
6.746600911656951138e-02 8.289306334778564178e+01
6.751751856769534765e-02 8.289306334778564178e+01
6.756902801882119780e-02 8.289306334778564178e+01
6.762053746994703407e-02 8.289306334778564178e+01
6.767204692107288422e-02 8.289306334778564178e+01
6.772355637219873437e-02 8.289306334778564178e+01
6.777506582332457064e-02 8.289306334778564178e+01
6.782657527445042078e-02 8.289306334778564178e+01
6.787808472557625705e-02 8.289306334778564178e+01
6.792959417670210720e-02 8.289306334778564178e+01
6.798110362782794347e-02 8.289306334778564178e+01
6.803261307895379362e-02 8.289306334778564178e+01
6.808412253007962989e-02 8.289306334778564178e+01
6.813563198120548003e-02 8.289306334778564178e+01
6.818714143233131630e-02 8.289306334778564178e+01
6.823865088345716645e-02 8.289306334778564178e+01
6.829016033458301660e-02 8.289306334778564178e+01
6.834166978570885287e-02 8.289306334778564178e+01
6.839317923683470302e-02 8.289306334778564178e+01
6.844468868796053929e-02 8.289306334778564178e+01
6.849619813908638943e-02 8.289306334778564178e+01
6.854770759021222570e-02 8.289306334778564178e+01
6.859921704133807585e-02 8.289306334778564178e+01
6.865072649246391212e-02 8.289306334778564178e+01
6.870223594358976227e-02 8.289306334778564178e+01
6.875374539471559854e-02 8.289306334778564178e+01
6.880525484584144869e-02 8.289306334778564178e+01
6.885676429696728496e-02 8.289306334778564178e+01
6.890827374809313510e-02 8.289306334778564178e+01
6.895978319921898525e-02 8.289306334778564178e+01
6.901129265034482152e-02 8.289306334778564178e+01
6.906280210147067167e-02 8.289306334778564178e+01
6.911431155259650794e-02 8.289306334778564178e+01
6.916582100372235808e-02 8.289306334778564178e+01
6.921733045484819435e-02 8.289306334778564178e+01
6.926883990597404450e-02 8.289306334778564178e+01
6.932034935709988077e-02 4.021004287268506516e+01
6.937185880822573092e-02 3.977519488034181450e+01
6.942336825935156719e-02 3.934781199905793869e+01
6.947487771047741734e-02 3.443168114517003886e+01
6.952638716160326748e-02 3.400326991691407841e+01
6.957789661272910375e-02 3.358238633578699961e+01
6.962940606385495390e-02 3.278078334707473118e+01
6.968091551498079017e-02 3.237212901159493583e+01
6.973242496610664032e-02 3.197106471595397181e+01
6.978393441723247659e-02 3.157761422128071871e+01
6.983544386835832674e-02 3.102474150544369635e+01
6.988695331948416301e-02 3.035540611729977911e+01
6.993846277061001315e-02 2.952059811090677854e+01
6.998997222173584942e-02 2.876497362870533792e+01
7.004148167286169957e-02 2.828809440485851567e+01
7.009299112398754972e-02 2.775587599502740943e+01
7.014450057511338599e-02 2.732810503761072241e+01
7.019601002623923613e-02 2.696766023889588126e+01
7.024751947736507240e-02 2.638556158702333576e+01
7.029902892849092255e-02 2.596005379168392935e+01
7.035053837961675882e-02 2.561519215969591912e+01
7.040204783074260897e-02 2.521100766036443730e+01
7.045355728186844524e-02 2.480393263374658019e+01
7.050506673299429539e-02 2.435660704290227940e+01
7.055657618412013166e-02 2.403387825216576346e+01
7.060808563524598180e-02 2.371838132344450756e+01
7.065959508637181807e-02 2.334482482380143864e+01
7.071110453749766822e-02 2.299651393465272164e+01
7.076261398862351837e-02 2.267080943925727254e+01
7.081412343974935464e-02 2.225570019063508909e+01
7.086563289087520479e-02 2.196670100793831182e+01
7.091714234200104106e-02 2.163255090178074980e+01
7.096865179312689120e-02 2.126436422185917152e+01
7.102016124425272747e-02 2.090865637902946617e+01
7.107167069537857762e-02 2.060766856850367290e+01
7.112318014650441389e-02 2.028136301591430524e+01
7.117468959763026404e-02 1.997352026264791647e+01
7.122619904875610031e-02 1.963743614537299820e+01
7.127770849988195045e-02 1.932697335611019440e+01
7.132921795100780060e-02 1.904500528033307560e+01
7.138072740213363687e-02 1.875699101106229705e+01
7.143223685325948702e-02 1.846783001121367107e+01
7.148374630438532329e-02 1.815851096704138357e+01
7.153525575551117344e-02 1.784990453378863151e+01
7.158676520663700971e-02 1.755692659242169640e+01
7.163827465776285985e-02 1.727958304133309753e+01
7.168978410888869612e-02 1.702886068510137108e+01
7.174129356001454627e-02 1.677071072977016186e+01
7.179280301114038254e-02 1.651637358219015539e+01
7.184431246226623269e-02 1.626993758300674031e+01
7.189582191339208284e-02 1.602646418163386954e+01
7.194733136451791911e-02 1.577961382958876513e+01
7.199884081564376925e-02 1.553619081429773274e+01
7.205035026676960552e-02 1.528873837009911796e+01
7.210185971789545567e-02 1.505003614797046652e+01
7.215336916902129194e-02 1.483958093971777004e+01
7.220487862014714209e-02 1.461078745234146758e+01
7.225638807127297836e-02 1.437015459216190294e+01
7.230789752239882850e-02 1.414881773530041542e+01
7.235940697352466477e-02 1.392842178710301937e+01
7.241091642465051492e-02 1.371594033891418363e+01
7.246242587577636507e-02 1.350551493472671893e+01
7.251393532690220134e-02 1.329935991899978021e+01
7.256544477802805149e-02 1.310266947911579827e+01
7.261695422915388776e-02 1.289949065510454851e+01
7.266846368027973790e-02 1.270087804755386607e+01
7.271997313140557417e-02 1.249859425678711311e+01
7.277148258253142432e-02 1.230477058573870330e+01
7.282299203365726059e-02 1.211279168950868623e+01
7.287450148478311074e-02 1.191287820657476892e+01
7.292601093590894701e-02 1.172288948503049610e+01
7.297752038703479716e-02 1.154664719253904792e+01
7.302902983816064730e-02 1.136551766906499417e+01
7.308053928928648357e-02 1.119049624377917596e+01
7.313204874041233372e-02 1.102600228976178443e+01
7.318355819153816999e-02 1.085182164981663711e+01
7.323506764266402014e-02 1.068084892192978685e+01
7.328657709378985641e-02 1.050735885179087781e+01
7.333808654491570655e-02 1.034293766623246924e+01
7.338959599604154282e-02 1.017941296419856378e+01
7.344110544716739297e-02 1.002006515960087540e+01
7.349261489829322924e-02 9.866355925443782482e+00
7.354412434941907939e-02 9.710312043659513392e+00
7.359563380054492954e-02 9.552878091135575289e+00
7.364714325167076581e-02 9.399566881159744369e+00
7.369865270279661595e-02 9.247155353044099968e+00
7.375016215392245222e-02 9.099069481121505376e+00
7.380167160504830237e-02 8.952462570596821934e+00
7.385318105617413864e-02 8.804378503219723484e+00
7.390469050729998879e-02 8.662808811933812692e+00
7.395619995842582506e-02 8.524955192889672517e+00
7.400770940955167521e-02 8.379622142123215767e+00
7.405921886067751148e-02 8.238571581866372284e+00
7.411072831180336162e-02 8.102421634063039946e+00
7.416223776292919789e-02 7.967579367756742137e+00
7.421374721405504804e-02 7.836741920307455089e+00
7.426525666518089819e-02 7.706702980067554165e+00
7.431676611630673446e-02 7.577523087708954108e+00
7.436827556743258461e-02 7.448140093284107088e+00
7.441978501855842087e-02 7.324056764818031695e+00
7.447129446968427102e-02 7.199159910349932190e+00
7.452280392081010729e-02 7.078922149754755644e+00
7.457431337193595744e-02 6.956782536920242954e+00
7.462582282306179371e-02 6.835686505240905042e+00
7.467733227418764386e-02 6.717281806539992850e+00
7.472884172531348013e-02 6.599313738120825334e+00
7.478035117643933027e-02 6.480453709864242740e+00
7.483186062756516654e-02 6.366794348212255095e+00
7.488337007869101669e-02 6.255060848427242526e+00
7.493487952981686684e-02 6.143315059683834178e+00
7.498638898094270311e-02 6.033721668144341521e+00
7.503789843206855326e-02 5.927436303609910695e+00
7.508940788319438953e-02 5.819635794911434346e+00
7.514091733432023967e-02 5.716276213942508733e+00
7.519242678544607594e-02 5.611494718704142848e+00
7.524393623657192609e-02 5.508184117998939477e+00
7.529544568769776236e-02 5.413659201190975878e+00
7.534695513882361251e-02 5.312009254636631539e+00
7.539846458994944878e-02 5.214597502132964024e+00
7.544997404107529893e-02 5.118851598831371419e+00
7.550148349220114907e-02 5.022214072142901387e+00
7.555299294332698534e-02 4.925096388159588834e+00
7.560450239445283549e-02 4.832765727852613935e+00
7.565601184557867176e-02 4.740529215115008022e+00
7.570752129670452191e-02 4.648602364671825526e+00
7.575903074783035818e-02 4.560234381711516960e+00
7.581054019895620832e-02 4.472452759434585090e+00
7.586204965008204459e-02 4.383802088507770200e+00
7.591355910120789474e-02 4.298622052700463492e+00
7.596506855233373101e-02 4.212820075884343041e+00
7.601657800345958116e-02 4.128220676062142047e+00
7.606808745458543131e-02 4.046406561357750675e+00
7.611959690571126758e-02 3.964173817076480422e+00
7.617110635683711772e-02 3.882449762461865905e+00
7.622261580796295399e-02 3.802172567138014436e+00
7.627412525908880414e-02 3.723559687650713101e+00
7.632563471021464041e-02 3.646841783338417020e+00
7.637714416134049056e-02 3.569101470070854543e+00
7.642865361246632683e-02 3.492651088498295309e+00
7.648016306359217698e-02 3.419012826534926663e+00
7.653167251471801324e-02 3.344747394259609763e+00
7.658318196584386339e-02 3.271341425561567373e+00
7.663469141696971354e-02 3.201601478651394661e+00
7.668620086809554981e-02 3.130184116160848795e+00
7.673771031922139996e-02 3.059517272516005360e+00
7.678921977034723623e-02 2.991406089718289252e+00
7.684072922147308637e-02 2.924609093410811322e+00
7.689223867259892264e-02 2.857183401961598701e+00
7.694374812372477279e-02 2.791593591145248521e+00
7.699525757485060906e-02 2.727008359667376425e+00
7.704676702597645921e-02 2.663204277134201270e+00
7.709827647710229548e-02 2.600418820644896822e+00
7.714978592822814563e-02 2.537956649642727047e+00
7.720129537935399577e-02 2.476182303028560128e+00
7.725280483047983204e-02 2.416409123430665051e+00
7.730431428160568219e-02 2.357540475301918459e+00
7.735582373273151846e-02 2.299639707096511554e+00
7.740733318385736861e-02 2.241993889788434391e+00
7.745884263498320488e-02 2.185233834024707278e+00
7.751035208610905503e-02 2.128970364432823281e+00
7.756186153723489130e-02 2.073716004172061034e+00
7.761337098836074144e-02 2.018896104846963802e+00
7.766488043948657771e-02 1.965718895663573829e+00
7.771638989061242786e-02 1.913086732484658326e+00
7.776789934173827801e-02 1.862497832096457806e+00
7.781940879286411428e-02 1.811936716876312525e+00
7.787091824398996442e-02 1.762846906199920793e+00
7.792242769511580069e-02 1.713744960461410560e+00
7.797393714624165084e-02 1.665347186643162170e+00
7.802544659736748711e-02 1.618426581948115173e+00
7.807695604849333726e-02 1.573040798461810441e+00
7.812846549961917353e-02 1.527681587532812468e+00
7.817997495074502368e-02 1.482983115740054370e+00
7.823148440187085995e-02 1.438825871267469525e+00
7.828299385299671009e-02 1.395322201320783329e+00
7.833450330412256024e-02 1.352870241345240476e+00
7.838601275524839651e-02 1.310820540320682293e+00
7.843752220637423278e-02 1.270010076699903623e+00
7.848903165750008293e-02 1.230088368342864946e+00
7.854054110862593308e-02 1.191059946466886066e+00
7.859205055975176935e-02 1.152176031506340070e+00
7.864356001087761949e-02 1.114494676858526878e+00
7.869506946200345576e-02 1.077669505689386131e+00
7.874657891312930591e-02 1.041186404482656425e+00
7.879808836425514218e-02 1.004899975747538532e+00
7.884959781538099233e-02 9.697961458779025268e-01
7.890110726650684247e-02 9.350510396551504622e-01
7.895261671763267874e-02 9.004332602156082110e-01
7.900412616875851501e-02 8.673966863008565342e-01
7.905563561988436516e-02 8.347648157451159623e-01
7.910714507101021531e-02 8.037706073126930084e-01
7.915865452213605158e-02 7.725942748846764685e-01
7.921016397326190173e-02 7.419881571544464371e-01
7.926167342438773800e-02 7.121750169428497923e-01
7.931318287551358814e-02 6.827711437084342805e-01
7.936469232663942441e-02 6.547807373724191526e-01
7.941620177776527456e-02 6.273376139824053954e-01
7.946771122889111083e-02 6.002441226269787933e-01
7.951922068001696098e-02 5.736557952221658097e-01
7.957073013114279725e-02 5.476929812987797463e-01
7.962223958226864740e-02 5.222530574607425757e-01
7.967374903339449754e-02 4.980618820272846858e-01
7.972525848452033381e-02 4.734974640822826042e-01
7.977676793564618396e-02 4.495048422559408952e-01
7.982827738677202023e-02 4.275306013354601142e-01
7.987978683789787038e-02 4.055290465090540253e-01
7.993129628902370665e-02 3.839382478883526795e-01
7.998280574014955679e-02 3.625679911713848291e-01
8.003431519127539306e-02 3.422841805122476821e-01
8.008582464240124321e-02 3.224593120370492505e-01
8.013733409352707948e-02 3.030468800500425441e-01
8.018884354465292963e-02 2.843978601892290237e-01
8.024035299577877978e-02 2.660279500492074289e-01
8.029186244690461605e-02 2.490541259037613031e-01
8.034337189803046619e-02 2.318378955520276619e-01
8.039488134915630246e-02 2.159489013080892750e-01
8.044639080028215261e-02 2.009112342876302193e-01
8.049790025140798888e-02 1.859314232922948673e-01
8.054940970253383903e-02 1.718444895464829314e-01
8.060091915365967530e-02 1.588041564179746568e-01
8.065242860478552545e-02 1.456622586757769788e-01
8.070393805591136172e-02 1.327677977127168230e-01
8.075544750703721186e-02 1.209329271966999853e-01
8.080695695816306201e-02 1.095773373506771647e-01
8.085846640928889828e-02 9.826093287183065850e-02
8.090997586041474843e-02 8.842067901850381162e-02
8.096148531154058470e-02 7.880923392119937310e-02
8.101299476266643484e-02 7.023451717219666990e-02
8.106450421379227111e-02 6.152198882705055966e-02
8.111601366491812126e-02 5.318233725237572068e-02
8.116752311604395753e-02 4.631776996429458337e-02
8.121903256716980768e-02 3.952335795747357466e-02
8.127054201829564395e-02 3.305317542472992198e-02
8.132205146942149410e-02 2.748205365872547282e-02
8.137356092054734424e-02 2.268334817122125147e-02
8.142507037167318051e-02 1.799296747206660316e-02
8.147657982279903066e-02 1.387998314784765451e-02
8.152808927392486693e-02 1.069726806675441906e-02
8.157959872505071708e-02 7.330891577189069079e-03
8.163110817617655335e-02 4.924450548559925270e-03
8.168261762730240350e-02 3.241492503254336105e-03
8.173412707842823977e-02 1.653778207851079943e-03
8.178563652955408991e-02 9.212336287987887883e-04
8.183714598067992618e-02 -0.000000000000000000e+00
8.188865543180577633e-02 1.839269095831488996e-04
8.194016488293162648e-02 7.960444356532307046e-04
8.199167433405746275e-02 1.803619042509799078e-03
8.204318378518331289e-02 3.296820526818119296e-03
8.209469323630914916e-02 4.964313309425899545e-03
8.214620268743499931e-02 6.902382096467147947e-03
8.219771213856083558e-02 9.151392546110619780e-03
8.224922158968668573e-02 1.229363544144152810e-02
8.230073104081252200e-02 1.503347842404739558e-02
8.235224049193837215e-02 1.877795936754150449e-02
8.240374994306420842e-02 2.327353385456622237e-02
8.245525939419005856e-02 2.733163272780213260e-02
8.250676884531590871e-02 3.206076188019093415e-02
8.255827829644174498e-02 3.767362982597378257e-02
8.260978774756759513e-02 4.328814445637225311e-02
8.266129719869343140e-02 4.882468570222264076e-02
8.271280664981928155e-02 5.509120217240542211e-02
8.276431610094511782e-02 6.167335748835929554e-02
8.281582555207096796e-02 6.778371614589870364e-02
8.286733500319680423e-02 7.522646214063097303e-02
8.291884445432265438e-02 8.233086570880121524e-02
8.297035390544849065e-02 9.012126907533318798e-02
8.302186335657434080e-02 9.870650743020738249e-02
8.307337280770019095e-02 1.067810861464106587e-01
8.312488225882602721e-02 1.149199272140696698e-01
8.317639170995186348e-02 1.236856152882874899e-01
8.322790116107771363e-02 1.328480656288177075e-01
8.327941061220356378e-02 1.423164205679695593e-01
8.333092006332940005e-02 1.518591058479102640e-01
8.338242951445525020e-02 1.617306239915319022e-01
8.343393896558108647e-02 1.720082122183358708e-01
8.348544841670693661e-02 1.824016849707864318e-01
8.353695786783277288e-02 1.928829358511106040e-01
8.358846731895862303e-02 2.031248382947423436e-01
8.363997677008447318e-02 2.146561830184255670e-01
8.369148622121030945e-02 2.262602341075113932e-01
8.374299567233614572e-02 2.387052072094443256e-01
8.379450512346199587e-02 2.505248845025611071e-01
8.384601457458784601e-02 2.630598641627620582e-01
8.389752402571368228e-02 2.762506211906708420e-01
8.394903347683953243e-02 2.893402611864065443e-01
8.400054292796536870e-02 3.029070539888907287e-01
8.405205237909121885e-02 3.165917187759148543e-01
8.410356183021705512e-02 3.306819529324611096e-01
8.415507128134290526e-02 3.449962480793092867e-01
8.420658073246875541e-02 3.598302180993566135e-01
8.425809018359459168e-02 3.751578914054143343e-01
8.430959963472042795e-02 3.903379020135204769e-01
8.436110908584627810e-02 4.063495461433936917e-01
8.441261853697212825e-02 4.225121093331301592e-01
8.446412798809796452e-02 4.388925545658461935e-01
8.451563743922381466e-02 4.560867202386675312e-01
8.456714689034965093e-02 4.735954096684183434e-01
8.461865634147550108e-02 4.913881756834482806e-01
8.467016579260133735e-02 5.089294576757967814e-01
8.472167524372718750e-02 5.270457085301160083e-01
8.477318469485303765e-02 5.455758673746653464e-01
8.482469414597887392e-02 5.646514032351158674e-01
8.487620359710471019e-02 5.839672880809594346e-01
8.492771304823056033e-02 6.029963853569960675e-01
8.497922249935641048e-02 6.225008804133922435e-01
8.503073195048224675e-02 6.424346217641740964e-01
8.508224140160809690e-02 6.625316223773267676e-01
8.513375085273393317e-02 6.831201548493780473e-01
8.518526030385978332e-02 7.037409395105254095e-01
8.523676975498561958e-02 7.246134817598610667e-01
8.528827920611146973e-02 7.467176397032303514e-01
8.533978865723731988e-02 7.689497076147081556e-01
8.539129810836315615e-02 7.911420255641704591e-01
8.544280755948899242e-02 8.136689468865992980e-01
8.549431701061484257e-02 8.356656131106009466e-01
8.554582646174069271e-02 8.588518839053629339e-01
8.559733591286652898e-02 8.822442389624070014e-01
8.564884536399237913e-02 9.054747924903755463e-01
8.570035481511821540e-02 9.294135120251797444e-01
8.575186426624406555e-02 9.534147335081696317e-01
8.580337371736990182e-02 9.775000728275085038e-01
8.585488316849575197e-02 1.000968503082399597e+00
8.590639261962158824e-02 1.025641804508605537e+00
8.595790207074743838e-02 1.050983166085780018e+00
8.600941152187327465e-02 1.076484346181784124e+00
8.606092097299912480e-02 1.101773428583471492e+00
8.611243042412497495e-02 1.126848439962157666e+00
8.616393987525081122e-02 1.152706768310098218e+00
8.621544932637664749e-02 1.178265704565823135e+00
8.626695877750249764e-02 1.204192052598913598e+00
8.631846822862834778e-02 1.229934322237327127e+00
8.636997767975418405e-02 1.255908888892908859e+00
8.642148713088003420e-02 1.282019921393051876e+00
8.647299658200587047e-02 1.308397935079271379e+00
8.652450603313172062e-02 1.334832508291843745e+00
8.657601548425755689e-02 1.361622797973440324e+00
8.662752493538340703e-02 1.387973561125066757e+00
8.667903438650925718e-02 1.415172032727695983e+00
8.673054383763509345e-02 1.442153596392156345e+00
8.678205328876092972e-02 1.469316695083346058e+00
8.683356273988677987e-02 1.496220822001528505e+00
8.688507219101263002e-02 1.524208323042369528e+00
8.693658164213846629e-02 1.552120353778220219e+00
8.698809109326431643e-02 1.579499896135227344e+00
8.703960054439015270e-02 1.606889800005067759e+00
8.709110999551600285e-02 1.634520033582254284e+00
8.714261944664183912e-02 1.663296673469098153e+00
8.719412889776768927e-02 1.692610253827998568e+00
8.724563834889353942e-02 1.721332965289972705e+00
8.729714780001937569e-02 1.750227198555984742e+00
8.734865725114521195e-02 1.779302256447335528e+00
8.740016670227106210e-02 1.809007651842409858e+00
8.745167615339691225e-02 1.837605633088485790e+00
8.750318560452274852e-02 1.865840478784779322e+00
8.755469505564859867e-02 1.895248365313070948e+00
8.760620450677443494e-02 1.924744766044325095e+00
8.765771395790028508e-02 1.955290169511090026e+00
8.770922340902612135e-02 1.984357209375881670e+00
8.776073286015197150e-02 2.014267926422715238e+00
8.781224231127782165e-02 2.044597470316139365e+00
8.786375176240365792e-02 2.075650924255226126e+00
8.791526121352949419e-02 2.106325188277225813e+00
8.796677066465534434e-02 2.136810592190309777e+00
8.801828011578119448e-02 2.169527359045459569e+00
8.806978956690703075e-02 2.200491484507392848e+00
8.812129901803288090e-02 2.232906214053736349e+00
8.817280846915871717e-02 2.264873795583063565e+00
8.822431792028456732e-02 2.296342402855792830e+00
8.827582737141040359e-02 2.329400159185150532e+00
8.832733682253625374e-02 2.361816347111964198e+00
8.837884627366210388e-02 2.395116340831846102e+00
8.843035572478794015e-02 2.428288826729665395e+00
8.848186517591377642e-02 2.461765351430793114e+00
8.853337462703962657e-02 2.495580877806238274e+00
8.858488407816547672e-02 2.528738313871129240e+00
8.863639352929131299e-02 2.564488726975405974e+00
8.868790298041716313e-02 2.598585603275238576e+00
8.873941243154299940e-02 2.633312558117037572e+00
8.879092188266884955e-02 2.667332784391084122e+00
8.884243133379468582e-02 2.701696822906116235e+00
8.889394078492053597e-02 2.737555860648690498e+00
8.894545023604638612e-02 2.774875998017755308e+00
8.899695968717222239e-02 2.811452155279259735e+00
8.904846913829805866e-02 2.846741993444135588e+00
8.909997858942390880e-02 2.882773665022749121e+00
8.915148804054975895e-02 2.919964687892578681e+00
8.920299749167559522e-02 2.956017093622879788e+00
8.925450694280144537e-02 2.992844630204297030e+00
8.930601639392728164e-02 3.028779307412464483e+00
8.935752584505313179e-02 3.066206272100011621e+00
8.940903529617896806e-02 3.102360910665437732e+00
8.946054474730481820e-02 3.137958344305089575e+00
8.951205419843066835e-02 3.173701025699813272e+00
8.956356364955650462e-02 3.209511595681604046e+00
8.961507310068234089e-02 3.246605905709045725e+00
8.966658255180819104e-02 3.283155599086414078e+00
8.971809200293404118e-02 3.318615838217069847e+00
8.976960145405987745e-02 3.355232585519026589e+00
8.982111090518572760e-02 3.391464628267611303e+00
8.987262035631156387e-02 3.426545238196900378e+00
8.992412980743741402e-02 3.461586398020630728e+00
8.997563925856325029e-02 3.497468109257881874e+00
9.002714870968910044e-02 3.531128104863732187e+00
9.007865816081495058e-02 3.565973833546379979e+00
9.013016761194078685e-02 3.601091309469203416e+00
9.018167706306662312e-02 3.634954608112026975e+00
9.023318651419247327e-02 3.669859167332305105e+00
9.028469596531832342e-02 3.703300786248530763e+00
9.033620541644415969e-02 3.735519574445161695e+00
9.038771486757000984e-02 3.768634741468508853e+00
9.043922431869584611e-02 3.800523361699061020e+00
9.049073376982169625e-02 3.833796043311514801e+00
9.054224322094753252e-02 3.866937996726611537e+00
9.059375267207338267e-02 3.898676614527858408e+00
9.064526212319921894e-02 3.927870802338017331e+00
9.069677157432506909e-02 3.959024687047802971e+00
9.074828102545090536e-02 3.988825841196388833e+00
9.079979047657675550e-02 4.018650287311555047e+00
9.085129992770260565e-02 4.047408744196991925e+00
9.090280937882844192e-02 4.077169288417447746e+00
9.095431882995427819e-02 4.105405497439002183e+00
9.100582828108012834e-02 4.132717978395573866e+00
9.105733773220597849e-02 4.161271454503155276e+00
9.110884718333181476e-02 4.187345326154686909e+00
9.116035663445766490e-02 4.213627678641918450e+00
9.121186608558350117e-02 4.239698660920945272e+00
9.126337553670935132e-02 4.265419112167249338e+00
9.131488498783518759e-02 4.291324853510218418e+00
9.136639443896103774e-02 4.315803032730695321e+00
9.141790389008688789e-02 4.339634042185902985e+00
9.146941334121272416e-02 4.364350832603287600e+00
9.152092279233856043e-02 4.387466816803207159e+00
9.157243224346441057e-02 4.410188608264901333e+00
9.162394169459026072e-02 4.433997447829377769e+00
9.167545114571609699e-02 4.457566730730880167e+00
9.172696059684194714e-02 4.478957729107190922e+00
9.177847004796778341e-02 4.499985700307938430e+00
9.182997949909363355e-02 4.520005047527923203e+00
9.188148895021946982e-02 4.540980008241787047e+00
9.193299840134531997e-02 4.560739842746402317e+00
9.198450785247117012e-02 4.580622961415272698e+00
9.203601730359700639e-02 4.600447650476810146e+00
9.208752675472284266e-02 4.617444561189382846e+00
9.213903620584869281e-02 4.637203212921156670e+00
9.219054565697454295e-02 4.653677018920982178e+00
9.224205510810037922e-02 4.671843802194006301e+00
9.229356455922622937e-02 4.689087226013033849e+00
9.234507401035206564e-02 4.706830519372827482e+00
9.239658346147791579e-02 4.723640254289097840e+00
9.244809291260375206e-02 4.740176696315613114e+00
9.249960236372960221e-02 4.755801631069674684e+00
9.255111181485545235e-02 4.771292734303752781e+00
9.260262126598128862e-02 4.785470055938459311e+00
9.265413071710712489e-02 4.799223417427699978e+00
9.270564016823297504e-02 4.813090154012978239e+00
9.275714961935882519e-02 4.825406327532337336e+00
9.280865907048466146e-02 4.839665637103947482e+00
9.286016852161051160e-02 4.854061070562015523e+00
9.291167797273634787e-02 4.867612119249260516e+00
9.296318742386219802e-02 4.878819983781589542e+00
9.301469687498803429e-02 4.890566705088631672e+00
9.306620632611388444e-02 4.902524459281191405e+00
9.311771577723973459e-02 4.913897008596880056e+00
9.316922522836557086e-02 4.926101954778840053e+00
9.322073467949140713e-02 4.937092122565032604e+00
9.327224413061725727e-02 4.949915681856513316e+00
9.332375358174310742e-02 4.964120917163390878e+00
9.337526303286894369e-02 4.974349087096661570e+00
9.342677248399479384e-02 4.984596626774203898e+00
9.347828193512063011e-02 4.995426280612555558e+00
9.352979138624648026e-02 5.006441089981558790e+00
9.358130083737231653e-02 5.016988987562930546e+00
9.363281028849816667e-02 5.026967441148666005e+00
9.368431973962401682e-02 5.035789101833189285e+00
9.373582919074985309e-02 5.044514918799498204e+00
9.378733864187568936e-02 5.054872599608737360e+00
9.383884809300153951e-02 5.063821195225459704e+00
9.389035754412738966e-02 5.073883000985111025e+00
9.394186699525322592e-02 5.081033095893673135e+00
9.399337644637907607e-02 5.089883131517817461e+00
9.404488589750491234e-02 5.099017395472745129e+00
9.409639534863076249e-02 5.106494636066292614e+00
9.414790479975659876e-02 5.114375778400388484e+00
9.419941425088244891e-02 5.121881441956185554e+00
9.425092370200829905e-02 5.129433246451612582e+00
9.430243315313413532e-02 5.135728665941280191e+00
9.435394260425997159e-02 5.143044047218587878e+00
9.440545205538582174e-02 5.152485517367564327e+00
9.445696150651167189e-02 5.160216732707275433e+00
9.450847095763750816e-02 5.167263787581664047e+00
9.455998040876335831e-02 5.174129288518059866e+00
9.461148985988919458e-02 5.181490220174655548e+00
9.466299931101504472e-02 5.188961209007738162e+00
9.471450876214088099e-02 5.194145456142114092e+00
9.476601821326673114e-02 5.199224838091811129e+00
9.481752766439258129e-02 5.203957249176760058e+00
9.486903711551841756e-02 5.211350556930430145e+00
9.492054656664425383e-02 5.218080049111188501e+00
9.497205601777010398e-02 5.224201230674072605e+00
9.502356546889595412e-02 5.230960958734281796e+00
9.507507492002179039e-02 5.238192741840382638e+00
9.512658437114764054e-02 5.245580231657530845e+00
9.517809382227347681e-02 5.252305607369559759e+00
9.522960327339932696e-02 5.260102092402111573e+00
9.528111272452516323e-02 5.267090220001905188e+00
9.533262217565101337e-02 5.273610749178618384e+00
9.538413162677684964e-02 5.279862281853914929e+00
9.543564107790269979e-02 5.287336597331415255e+00
9.548715052902853606e-02 5.292783009518360338e+00
9.553865998015438621e-02 5.299138730998821600e+00
9.559016943128023636e-02 5.305632780619208511e+00
9.564167888240607263e-02 5.312031179215620291e+00
9.569318833353190890e-02 5.321403378447116417e+00
9.574469778465775904e-02 5.329602515559196618e+00
9.579620723578360919e-02 5.336802924212782351e+00
9.584771668690944546e-02 5.345159593445892199e+00
9.589922613803529561e-02 5.351268031239754919e+00
9.595073558916113188e-02 5.357186623138470161e+00
9.600224504028698203e-02 5.364639658060292859e+00
9.605375449141281829e-02 5.371921779943955144e+00
9.610526394253866844e-02 5.379428598498338765e+00
9.615677339366451859e-02 5.388698265467040116e+00
9.620828284479035486e-02 5.392144100283642771e+00
9.625979229591619113e-02 5.401245605794814608e+00
9.631130174704204128e-02 5.408955556830243872e+00
9.636281119816789142e-02 5.416839946851823129e+00
9.641432064929372769e-02 5.424761632643712694e+00
9.646583010041957784e-02 5.435059751182175880e+00
9.651733955154541411e-02 5.443265884466690352e+00
9.656884900267126426e-02 5.453411069296016045e+00
9.662035845379710053e-02 5.463129917429935034e+00
9.667186790492295068e-02 5.472862378233632974e+00
9.672337735604880082e-02 5.479108658899020767e+00
9.677488680717463709e-02 5.488491459008613127e+00
9.682639625830047336e-02 5.499041026981206670e+00
9.687790570942632351e-02 5.507148050799540506e+00
9.692941516055217366e-02 5.515530074944726913e+00
9.698092461167800993e-02 5.525632726215639501e+00
9.703243406280386008e-02 5.535486816995065951e+00
9.708394351392969635e-02 5.545318706404414932e+00
9.713545296505554649e-02 5.555058692753669369e+00
9.718696241618138276e-02 5.565209549823246782e+00
9.723847186730723291e-02 5.575940702119055459e+00
9.728998131843308306e-02 5.582963258499928472e+00
9.734149076955891933e-02 5.592397092120721780e+00
9.739300022068475560e-02 5.604071931813583873e+00
9.744450967181060574e-02 5.614651880693193320e+00
9.749601912293645589e-02 5.623243420563540873e+00
9.754752857406229216e-02 5.634936918437660758e+00
9.759903802518814231e-02 5.645773425885291630e+00
9.765054747631397858e-02 5.656321870155986531e+00
9.770205692743982873e-02 5.666337359047503242e+00
9.775356637856566500e-02 5.678610941174547122e+00
9.780507582969151514e-02 5.689463367147776118e+00
9.785658528081736529e-02 5.702097979133863959e+00
9.790809473194320156e-02 5.717657326877699120e+00
9.795960418306903783e-02 5.730697147983795148e+00
9.801111363419488798e-02 5.745962044191122331e+00
9.806262308532073813e-02 5.757689637347800371e+00
9.811413253644657440e-02 5.770407950843201128e+00
9.816564198757242454e-02 5.783511466315979455e+00
9.821715143869826081e-02 5.795607050186977638e+00
9.826866088982411096e-02 5.809446153653117229e+00
9.832017034094994723e-02 5.820887201080599205e+00
9.837167979207579738e-02 5.835283290738232154e+00
9.842318924320164752e-02 5.850676401726111031e+00
9.847469869432748379e-02 5.866733695506161972e+00
9.852620814545332006e-02 5.884071119362071833e+00
9.857771759657917021e-02 5.900872190870382283e+00
9.862922704770502036e-02 5.916673742222923416e+00
9.868073649883085663e-02 5.932263159220549475e+00
9.873224594995669290e-02 5.949914166796603787e+00
9.878375540108254305e-02 5.966745628230000875e+00
9.883526485220839319e-02 5.984866966719106784e+00
9.888677430333422946e-02 6.001542153263552670e+00
9.893828375446007961e-02 6.019677623630682817e+00
9.898979320558592976e-02 6.036449748097833634e+00
9.904130265671176603e-02 6.054449439143662737e+00
9.909281210783760230e-02 6.071272389208413500e+00
9.914432155896345245e-02 6.088147644171753470e+00
9.919583101008930259e-02 6.106966037339372377e+00
9.924734046121513886e-02 6.125098149064953645e+00
9.929884991234097513e-02 6.143526987954263774e+00
9.935035936346682528e-02 6.162540816806855837e+00
9.940186881459267543e-02 6.181217478353262074e+00
9.945337826571851170e-02 6.200275856423473897e+00
9.950488771684436184e-02 6.219766385721110957e+00
9.955639716797021199e-02 6.240763610384893134e+00
9.960790661909604826e-02 6.261141080869871089e+00
9.965941607022188453e-02 6.278601842646543751e+00
9.971092552134773468e-02 6.296872887755846193e+00
9.976243497247358483e-02 6.316960725948383093e+00
9.981394442359942110e-02 6.337858593098459004e+00
9.986545387472525737e-02 6.355228677798475445e+00
9.991696332585110751e-02 6.374396970289859077e+00
9.996847277697695766e-02 6.396304829990727470e+00
1.000199822281027939e-01 6.415030601499341678e+00
1.000714916792286441e-01 6.435829248345754650e+00
1.001230011303544942e-01 6.460266359561381400e+00
1.001745105814803305e-01 6.481288452879392814e+00
1.002260200326061668e-01 6.501227496951039520e+00
1.002775294837320169e-01 6.520577097197139516e+00
1.003290389348578671e-01 6.541466620909021756e+00
1.003805483859837033e-01 6.564357491006735046e+00
1.004320578371095396e-01 6.585200483097117363e+00
1.004835672882353897e-01 6.605595496078161766e+00
1.005350767393612399e-01 6.629456921131178682e+00
1.005865861904870762e-01 6.651200846837667768e+00
1.006380956416129263e-01 6.674149323487823970e+00
1.006896050927387765e-01 6.698030018618498893e+00
1.007411145438646127e-01 6.718876102993021959e+00
1.007926239949904490e-01 6.740878280372469611e+00
1.008441334461162991e-01 6.765575706671079992e+00
1.008956428972421493e-01 6.789213307965596300e+00
1.009471523483679856e-01 6.813836033897723965e+00
1.009986617994938218e-01 6.838661083689008713e+00
1.010501712506196720e-01 6.863028840588624391e+00
1.011016807017455221e-01 6.889872772262238598e+00
1.011531901528713584e-01 6.917677285822655620e+00
1.012046996039972085e-01 6.940848233443838389e+00
1.012562090551230587e-01 6.963086136787119962e+00
1.013077185062488950e-01 6.988900560201706469e+00
1.013592279573747312e-01 7.016987423269470447e+00
1.014107374085005814e-01 7.044657470548368217e+00
1.014622468596264315e-01 7.074134354764589183e+00
1.015137563107522678e-01 7.102711983279192509e+00
1.015652657618781041e-01 7.131433794843842655e+00
1.016167752130039542e-01 7.157611265982394499e+00
1.016682846641298044e-01 7.185574364555849414e+00
1.017197941152556406e-01 7.215321446086302437e+00
1.017713035663814769e-01 7.244696842104841217e+00
1.018228130175073409e-01 7.274172309982159135e+00
1.018743224686331772e-01 7.302500806589846682e+00
1.019258319197590135e-01 7.333611601092763443e+00
1.019773413708848636e-01 7.363472436524848952e+00
1.020288508220107138e-01 7.396763723794946621e+00
1.020803602731365500e-01 7.422532489921586318e+00
1.021318697242623863e-01 7.452211963355578561e+00
1.021833791753882364e-01 7.482055673404703455e+00
1.022348886265140866e-01 7.514891811003765909e+00
1.022863980776399229e-01 7.544740797950550970e+00
1.023379075287657591e-01 7.576936104029512897e+00
1.023894169798916232e-01 7.607513786532889455e+00
1.024409264310174594e-01 7.639725795248646811e+00
1.024924358821432957e-01 7.671299620002364428e+00
1.025439453332691458e-01 7.706745657215599898e+00
1.025954547843949960e-01 7.738777967732891838e+00
1.026469642355208323e-01 7.768295283577208998e+00
1.026984736866466685e-01 7.801617803898468928e+00
1.027499831377725187e-01 7.836292459035983704e+00
1.028014925888983688e-01 7.868132315753310735e+00
1.028530020400242051e-01 7.901826048589448703e+00
1.029045114911500414e-01 7.936440772144349509e+00
1.029560209422758915e-01 7.970713151600783419e+00
1.030075303934017417e-01 8.005562637756883149e+00
1.030590398445275779e-01 8.037047391123042672e+00
1.031105492956534281e-01 8.075516586079036330e+00
1.031620587467792782e-01 8.108593400792440065e+00
1.032135681979051145e-01 8.137308845549684477e+00
1.032650776490309508e-01 8.172147683085706049e+00
1.033165871001568009e-01 8.211081511564135127e+00
1.033680965512826511e-01 8.241824366575604799e+00
1.034196060024084873e-01 8.278695365753950597e+00
1.034711154535343236e-01 8.317781141502374354e+00
1.035226249046601738e-01 8.354514746137249759e+00
1.035741343557860239e-01 8.388186780342566706e+00
1.036256438069118602e-01 8.422262143640827148e+00
1.036771532580377103e-01 8.454289740589993940e+00
1.037286627091635605e-01 8.488953038046698651e+00
1.037801721602893967e-01 8.523847898867886741e+00
1.038316816114152330e-01 8.563463975039534049e+00
1.038831910625410831e-01 8.602542787455753626e+00
1.039347005136669333e-01 8.639661538112941130e+00
1.039862099647927696e-01 8.678705406557986279e+00
1.040377194159186058e-01 8.720429272310672886e+00
1.040892288670444560e-01 8.757687936274468399e+00
1.041407383181703061e-01 8.797687673073545156e+00
1.041922477692961424e-01 8.832317384588527887e+00
1.042437572204219925e-01 8.874426439084707852e+00
1.042952666715478427e-01 8.909808479424896177e+00
1.043467761226736790e-01 8.945657509837088739e+00
1.043982855737995152e-01 8.985296861799319856e+00
1.044497950249253654e-01 9.026871779709610522e+00
1.045013044760512155e-01 9.069753147802408932e+00
1.045528139271770518e-01 9.112001242782438837e+00
1.046043233783028881e-01 9.156352481472026739e+00
1.046558328294287382e-01 9.198536198500772088e+00
1.047073422805545884e-01 9.242000299556526244e+00
1.047588517316804246e-01 9.291570525232001998e+00
1.048103611828062748e-01 9.340012562951677921e+00
1.048618706339321249e-01 9.385097712104924383e+00
1.049133800850579612e-01 9.431912069341306548e+00
1.049648895361837975e-01 9.476265787926413608e+00
1.050163989873096476e-01 9.523513329981097897e+00
1.050679084384354978e-01 9.570675913359579567e+00
1.051194178895613340e-01 9.617923637960489103e+00
1.051709273406871703e-01 9.666472755892034030e+00
1.052224367918130205e-01 9.712281690601940909e+00
1.052739462429388706e-01 9.757396837212091611e+00
1.053254556940647069e-01 9.804217572688852300e+00
1.053769651451905570e-01 9.846704684628466708e+00
1.054284745963164072e-01 9.890398273286013620e+00
1.054799840474422434e-01 9.937250146033720810e+00
1.055314934985680797e-01 9.984129884353137641e+00
1.055830029496939299e-01 1.003214734865003166e+01
1.056345124008197800e-01 1.006779967718430768e+01
1.056860218519456163e-01 1.011581984790463551e+01
1.057375313030714525e-01 1.015484186951788459e+01
1.057890407541973027e-01 1.019255846488499273e+01
1.058405502053231528e-01 1.023153834218812008e+01
1.058920596564489891e-01 1.026645016043734238e+01
1.059435691075748392e-01 1.030157868124326193e+01
1.059950785587006894e-01 1.034040571943377707e+01
1.060465880098265257e-01 1.037840413317679555e+01
1.060980974609523619e-01 1.041822004342710173e+01
1.061496069120782121e-01 1.046078382817849395e+01
1.062011163632040622e-01 1.050019522388405413e+01
1.062526258143298985e-01 1.054402175163559541e+01
1.063041352654557348e-01 1.058413601111104718e+01
1.063556447165815849e-01 1.062124212435250570e+01
1.064071541677074351e-01 1.066416075419191323e+01
1.064586636188332713e-01 1.070283114808399461e+01
1.065101730699591076e-01 1.074174281052844471e+01
1.065616825210849716e-01 1.078565218096117029e+01
1.066131919722108079e-01 1.082628575830368689e+01
1.066647014233366442e-01 1.086867127189096749e+01
1.067162108744624943e-01 1.091012512220607711e+01
1.067677203255883445e-01 1.095247085429764589e+01
1.068192297767141807e-01 1.099677548371071190e+01
1.068707392278400170e-01 1.104225870637744400e+01
1.069222486789658672e-01 1.107338770471262279e+01
1.069737581300917173e-01 1.111862995509548035e+01
1.070252675812175536e-01 1.117441641874160396e+01
1.070767770323433898e-01 1.123059690830255519e+01
1.071282864834692539e-01 1.128783417314591020e+01
1.071797959345950901e-01 1.133767044451498762e+01
1.072313053857209264e-01 1.139131287513535895e+01
1.072828148368467766e-01 1.143403886987803908e+01
1.073343242879726267e-01 1.146929480401700019e+01
1.073858337390984630e-01 1.152615869567818940e+01
1.074373431902242992e-01 1.158170751838305890e+01
1.074888526413501494e-01 1.164562616451599553e+01
1.075403620924759995e-01 1.170418010381820473e+01
1.075918715436018358e-01 1.176944655308166432e+01
1.076433809947276721e-01 1.183060566412357240e+01
1.076948904458535222e-01 1.189647994408587728e+01
1.077463998969793724e-01 1.195210559572512388e+01
1.077979093481052086e-01 1.201676742116915975e+01
1.078494187992310588e-01 1.209120745798414021e+01
1.079009282503569089e-01 1.216486068371494689e+01
1.079524377014827452e-01 1.222477326075361681e+01
1.080039471526085815e-01 1.228796108551992816e+01
1.080554566037344316e-01 1.235094064908046363e+01
1.081069660548602818e-01 1.242274339693171470e+01
1.081584755059861180e-01 1.248394588517913384e+01
1.082099849571119543e-01 1.254928676678290600e+01
1.082614944082378045e-01 1.261172687085866606e+01
1.083130038593636546e-01 1.268229233162396241e+01
1.083645133104894909e-01 1.274502600776003902e+01
1.084160227616153410e-01 1.280807057634059909e+01
1.084675322127411912e-01 1.287905870095503325e+01
1.085190416638670274e-01 1.294766584655115160e+01
1.085705511149928637e-01 1.300972177783595107e+01
1.086220605661187139e-01 1.304645045844151596e+01
1.086735700172445640e-01 1.310442663658372808e+01
1.087250794683704003e-01 1.316181907725111877e+01
1.087765889194962365e-01 1.322455257115422000e+01
1.088280983706220867e-01 1.327998869504604507e+01
1.088796078217479368e-01 1.334365518245088467e+01
1.089311172728737731e-01 1.339668813343566356e+01
1.089826267239996233e-01 1.346148551888282974e+01
1.090341361751254734e-01 1.352600540652407979e+01
1.090856456262513097e-01 1.357685392454169993e+01
1.091371550773771459e-01 1.362420993286306725e+01
1.091886645285029961e-01 1.368538951471529685e+01
1.092401739796288462e-01 1.373021635855176292e+01
1.092916834307546825e-01 1.377929894755162366e+01
1.093431928818805188e-01 1.383131023931830406e+01
1.093947023330063689e-01 1.388561467700086105e+01
1.094462117841322191e-01 1.394518528112075728e+01
1.094977212352580553e-01 1.400240802930775530e+01
1.095492306863839055e-01 1.404323274364556262e+01
1.096007401375097556e-01 1.409397035301741496e+01
1.096522495886355919e-01 1.413173584124841398e+01
1.097037590397614282e-01 1.417869267968796976e+01
1.097552684908872783e-01 1.423305167449505859e+01
1.098067779420131285e-01 1.428058254369108049e+01
1.098582873931389647e-01 1.432359414896445315e+01
1.099097968442648010e-01 1.438606419113317969e+01
1.099613062953906512e-01 1.445233373916289921e+01
1.100128157465165013e-01 1.451122672885155396e+01
1.100643251976423376e-01 1.455041717352010089e+01
1.101158346487681877e-01 1.461530630939646080e+01
1.101673440998940379e-01 1.466752268987257857e+01
1.102188535510198741e-01 1.472398615009693223e+01
1.102703630021457104e-01 1.477002028539262923e+01
1.103218724532715606e-01 1.481928091926913105e+01
1.103733819043974107e-01 1.488244106460208549e+01
1.104248913555232470e-01 1.494592171787473056e+01
1.104764008066490832e-01 1.500366160179390285e+01
1.105279102577749334e-01 1.507938509994915144e+01
1.105794197089007835e-01 1.514322823019789688e+01
1.106309291600266198e-01 1.521095541352919511e+01
1.106824386111524700e-01 1.529659828917126063e+01
1.107339480622783201e-01 1.538093465546415750e+01
1.107854575134041564e-01 1.546956045905740851e+01
1.108369669645299926e-01 1.555058653764757004e+01
1.108884764156558428e-01 1.564817470411552058e+01
1.109399858667816929e-01 1.573691600065727947e+01
1.109914953179075292e-01 1.583015518676458022e+01
1.110430047690333655e-01 1.593689311775029616e+01
1.110945142201592156e-01 1.604880833850968713e+01
1.111460236712850658e-01 1.615418724956646201e+01
1.111975331224109020e-01 1.621323850476481709e+01
1.112490425735367383e-01 1.631644910820013905e+01
1.113005520246626023e-01 1.642319579155668663e+01
1.113520614757884386e-01 1.653333214407727070e+01
1.114035709269142749e-01 1.664669633400743720e+01
1.114550803780401250e-01 1.678984064906747165e+01
1.115065898291659752e-01 1.690706010615751254e+01
1.115580992802918114e-01 1.704499814326840124e+01
1.116096087314176477e-01 1.718040823080018953e+01
1.116611181825434979e-01 1.732124731063888845e+01
1.117126276336693480e-01 1.746018073207902788e+01
1.117641370847951843e-01 1.758416852183697543e+01
1.118156465359210205e-01 1.770982524578479911e+01
1.118671559870468846e-01 1.783680235794420810e+01
1.119186654381727208e-01 1.796473516757783884e+01
1.119701748892985571e-01 1.809324454595533282e+01
1.120216843404244073e-01 1.822193914994423380e+01
1.120731937915502574e-01 1.835041817011292054e+01
1.121247032426760937e-01 1.847827458808802348e+01
1.121762126938019299e-01 1.850043232070648358e+01
1.122277221449277801e-01 1.861136165673601539e+01
1.122792315960536302e-01 1.874162806752192267e+01
1.123307410471794665e-01 1.884348114290167331e+01
1.123822504983053028e-01 1.894100282100120936e+01
1.124337599494311529e-01 1.903374030356755853e+01
1.124852694005570031e-01 1.912127105602024812e+01
1.125367788516828393e-01 1.920320773306842455e+01
1.125882883028086895e-01 1.927920254698499392e+01
1.126397977539345396e-01 1.934895105974017682e+01
1.126913072050603759e-01 1.945142194112468559e+01
1.127428166561862122e-01 1.960396566003500141e+01
1.127943261073120623e-01 1.964214495052605969e+01
1.128458355584379125e-01 1.970288734741722081e+01
1.128973450095637487e-01 1.972570228483667876e+01
1.129488544606895850e-01 1.974226221217415755e+01
1.130003639118154352e-01 1.975263610441079720e+01
1.130518733629412853e-01 1.965815418186135943e+01
1.131033828140671216e-01 1.971994807334107946e+01
1.131548922651929717e-01 1.982026721535477876e+01
1.132064017163188219e-01 1.977541180308028856e+01
1.132579111674446581e-01 1.976652691471155165e+01
1.133094206185704944e-01 1.970901523597251170e+01
1.133609300696963446e-01 1.964833721125313559e+01
1.134124395208221947e-01 1.958487407427115201e+01
1.134639489719480310e-01 1.951902666501128891e+01
1.135154584230738672e-01 1.945120967748096419e+01
1.135669678741997174e-01 1.942640818065666863e+01
1.136184773253255675e-01 1.935064557596331980e+01
1.136699867764514038e-01 1.927472140256243449e+01
1.137214962275772540e-01 1.919901313217197369e+01
1.137730056787031041e-01 1.916510696296700900e+01
1.138245151298289404e-01 1.908591391539866322e+01
1.138760245809547766e-01 1.900853720268167280e+01
1.139275340320806268e-01 1.893324675165693805e+01
1.139790434832064769e-01 1.886029584356289845e+01
1.140305529343323132e-01 1.878992079458695486e+01
1.140820623854581495e-01 1.872234094574241681e+01
1.141335718365839996e-01 1.865775891551122356e+01
1.141850812877098498e-01 1.859636106944116563e+01
1.142365907388356860e-01 1.853831816320806780e+01
1.142881001899615362e-01 1.848378611906299795e+01
1.143396096410873863e-01 1.843290689965991547e+01
1.143911190922132226e-01 1.838580944765392999e+01
1.144426285433390589e-01 1.842386496317697819e+01
1.144941379944649090e-01 1.837516130119947988e+01
1.145456474455907592e-01 1.833161685590032874e+01
1.145971568967165954e-01 1.829320787710825869e+01
1.146486663478424317e-01 1.825991293439722440e+01
1.147001757989682819e-01 1.823171299168494031e+01
1.147516852500941320e-01 1.820859147314966364e+01
1.148031947012199683e-01 1.819053431992466230e+01
1.148547041523458184e-01 1.817753003710460291e+01
1.149062136034716686e-01 1.816956973068003478e+01
1.149577230545975048e-01 1.816664713410371590e+01
1.150092325057233411e-01 1.816875862428461730e+01
1.150607419568491913e-01 1.817590322690047344e+01
1.151122514079750414e-01 1.818808261101637669e+01
1.151637608591008777e-01 1.820530107309344814e+01
1.152152703102267139e-01 1.822756551056668428e+01
1.152667797613525641e-01 1.825488538526299820e+01
1.153182892124784142e-01 1.828727267701810177e+01
1.153697986636042505e-01 1.832474182793257356e+01
1.154213081147301007e-01 1.836730967778231616e+01
1.154728175658559508e-01 1.841499539116561479e+01
1.155243270169817871e-01 1.846782037702703505e+01
1.155758364681076233e-01 1.852580820124733307e+01
1.156273459192334735e-01 1.858898449302744993e+01
1.156788553703593236e-01 1.865737684582371969e+01
1.157303648214851599e-01 1.873101471361036729e+01
1.157818742726109962e-01 1.880992930325447432e+01
1.158333837237368463e-01 1.889415346378827465e+01
1.158848931748626965e-01 1.898372157335425214e+01
1.159364026259885327e-01 1.907866942458084836e+01
1.159879120771143690e-01 1.917903410912134632e+01
1.160394215282402330e-01 1.928485390205648997e+01
1.160909309793660693e-01 1.939616814682365842e+01
1.161424404304919056e-01 1.951301714129267495e+01
1.161939498816177557e-01 1.963544202556177964e+01
1.162454593327436059e-01 1.976348467199781567e+01
1.162969687838694421e-01 1.989718757799288440e+01
1.163484782349952784e-01 2.003659376185724739e+01
1.163999876861211286e-01 2.018174666221485580e+01
1.164514971372469787e-01 2.033269004121533641e+01
1.165030065883728150e-01 2.048946789182456385e+01
1.165545160394986512e-01 2.065212434940588437e+01
1.166060254906245153e-01 2.082070360775620799e+01
1.166575349417503515e-01 2.099524983971589975e+01
1.167090443928761878e-01 2.117580712242887842e+01
1.167605538440020380e-01 2.136241936729013702e+01
1.168120632951278881e-01 2.155513025458171228e+01
1.168635727462537244e-01 2.175398317276575355e+01
1.169150821973795606e-01 2.195902116237390445e+01
1.169665916485054108e-01 2.216868144915987671e+01
1.170181010996312609e-01 2.258708075991527409e+01
1.170696105507570972e-01 2.279722408982120641e+01
1.171211200018829335e-01 2.301411259299234047e+01
1.171726294530087836e-01 2.323773799726999556e+01
1.172241389041346338e-01 2.346809091854494866e+01
1.172756483552604700e-01 2.370516080658761027e+01
1.173271578063863202e-01 2.394893589593720051e+01
1.173786672575121703e-01 2.419940316234575661e+01
1.174301767086380066e-01 2.445654828522745206e+01
1.174816861597638429e-01 2.472035561651087932e+01
1.175331956108896930e-01 2.499080815623212004e+01
1.175847050620155432e-01 2.526788753514068375e+01
1.176362145131413794e-01 2.555157400451944483e+01
1.176877239642672157e-01 2.584184643334528175e+01
1.177392334153930659e-01 2.613868231283978361e+01
1.177907428665189160e-01 2.644205776838104782e+01
1.178422523176447523e-01 2.675194757866951178e+01
1.178937617687706024e-01 2.706832520196395109e+01
1.179452712198964526e-01 2.739116280913024681e+01
1.179967806710222888e-01 2.858051938538034875e+01
1.180482901221481251e-01 2.889047943503468474e+01
1.180997995732739753e-01 2.920750131748159006e+01
1.181513090243998254e-01 2.953153803990213433e+01
1.182028184755256617e-01 2.986254165271848393e+01
1.182543279266514979e-01 3.020046332729888050e+01
1.183058373777773481e-01 3.054525343639499013e+01
1.183573468289031982e-01 3.089686163669172458e+01
1.184088562800290345e-01 3.125523695284283932e+01
1.184603657311548847e-01 3.162032786236701298e+01
1.185118751822807348e-01 3.199208238078776390e+01
1.185633846334065711e-01 3.237044814641637203e+01
1.186148940845324073e-01 3.275537250419871782e+01
1.186664035356582575e-01 3.314680258807407398e+01
1.187179129867841076e-01 3.354468540132570098e+01
1.187694224379099439e-01 3.394896789443797758e+01
1.188209318890357802e-01 3.435959704001279391e+01
1.188724413401616303e-01 8.289306334778564178e+01
1.189239507912874805e-01 8.289306334778564178e+01
1.189754602424133167e-01 8.289306334778564178e+01
1.190269696935391669e-01 8.289306334778564178e+01
1.190784791446650170e-01 8.289306334778564178e+01
1.191299885957908533e-01 8.289306334778564178e+01
1.191814980469166896e-01 8.289306334778564178e+01
1.192330074980425397e-01 8.289306334778564178e+01
1.192845169491683899e-01 8.289306334778564178e+01
1.193360264002942261e-01 8.289306334778564178e+01
1.193875358514200624e-01 8.289306334778564178e+01
1.194390453025459126e-01 8.289306334778564178e+01
1.194905547536717627e-01 8.289306334778564178e+01
1.195420642047975990e-01 8.289306334778564178e+01
1.195935736559234491e-01 8.289306334778564178e+01
1.196450831070492993e-01 8.289306334778564178e+01
1.196965925581751355e-01 8.289306334778564178e+01
1.197481020093009718e-01 8.289306334778564178e+01
1.197996114604268220e-01 8.289306334778564178e+01
