6.661551310161958894e-02 8.289306334778564178e+01
6.666822494169931390e-02 8.289306334778564178e+01
6.672093678177903886e-02 8.289306334778564178e+01
6.677364862185876382e-02 8.289306334778564178e+01
6.682636046193848878e-02 8.289306334778564178e+01
6.687907230201819986e-02 8.289306334778564178e+01
6.693178414209792482e-02 8.289306334778564178e+01
6.698449598217764978e-02 8.289306334778564178e+01
6.703720782225737473e-02 8.289306334778564178e+01
6.708991966233709969e-02 8.289306334778564178e+01
6.714263150241682465e-02 8.289306334778564178e+01
6.719534334249654961e-02 8.289306334778564178e+01
6.724805518257626069e-02 8.289306334778564178e+01
6.730076702265598565e-02 8.289306334778564178e+01
6.735347886273571061e-02 8.289306334778564178e+01
6.740619070281543557e-02 8.289306334778564178e+01
6.745890254289516053e-02 8.289306334778564178e+01
6.751161438297488548e-02 8.289306334778564178e+01
6.756432622305461044e-02 8.289306334778564178e+01
6.761703806313433540e-02 8.289306334778564178e+01
6.766974990321406036e-02 8.289306334778564178e+01
6.772246174329377144e-02 8.289306334778564178e+01
6.777517358337349640e-02 8.289306334778564178e+01
6.782788542345322136e-02 8.289306334778564178e+01
6.788059726353294632e-02 8.289306334778564178e+01
6.793330910361267128e-02 8.289306334778564178e+01
6.798602094369239623e-02 8.289306334778564178e+01
6.803873278377212119e-02 8.289306334778564178e+01
6.809144462385183227e-02 8.289306334778564178e+01
6.814415646393155723e-02 8.289306334778564178e+01
6.819686830401128219e-02 8.289306334778564178e+01
6.824958014409100715e-02 8.289306334778564178e+01
6.830229198417073211e-02 8.289306334778564178e+01
6.835500382425045707e-02 8.289306334778564178e+01
6.840771566433018203e-02 8.289306334778564178e+01
6.846042750440990698e-02 8.289306334778564178e+01
6.851313934448963194e-02 8.289306334778564178e+01
6.856585118456934302e-02 8.289306334778564178e+01
6.861856302464906798e-02 8.289306334778564178e+01
6.867127486472879294e-02 8.289306334778564178e+01
6.872398670480851790e-02 8.289306334778564178e+01
6.877669854488824286e-02 8.289306334778564178e+01
6.882941038496796782e-02 8.289306334778564178e+01
6.888212222504769278e-02 8.289306334778564178e+01
6.893483406512740386e-02 8.289306334778564178e+01
6.898754590520712882e-02 8.289306334778564178e+01
6.904025774528685377e-02 8.289306334778564178e+01
6.909296958536657873e-02 8.289306334778564178e+01
6.914568142544630369e-02 8.289306334778564178e+01
6.919839326552602865e-02 8.289306334778564178e+01
6.925110510560575361e-02 8.289306334778564178e+01
6.930381694568547857e-02 8.289306334778564178e+01
6.935652878576520353e-02 8.289306334778564178e+01
6.940924062584491461e-02 8.289306334778564178e+01
6.946195246592463957e-02 4.334767098454715040e+01
6.951466430600436452e-02 4.292430243907823950e+01
6.956737614608408948e-02 4.250799471121393225e+01
6.962008798616381444e-02 4.209876546212318260e+01
6.967279982624353940e-02 3.970653338337039884e+01
6.972551166632326436e-02 3.780175997920498077e+01
6.977822350640297544e-02 3.739333816677941513e+01
6.983093534648270040e-02 3.699212345707557859e+01
6.988364718656242536e-02 3.659811592132309244e+01
6.993635902664215032e-02 3.526003397263348660e+01
6.998907086672187527e-02 3.452009880579274892e+01
7.004178270680160023e-02 3.381523045131243066e+01
7.009449454688132519e-02 3.318761214621832067e+01
7.014720638696105015e-02 3.280950180009982375e+01
7.019991822704077511e-02 3.211951795584833746e+01
7.025263006712048619e-02 3.150230098694218839e+01
7.030534190720021115e-02 3.062731244787511997e+01
7.035805374727993611e-02 2.970939016396768650e+01
7.041076558735966107e-02 2.906060130608214465e+01
7.046347742743938602e-02 2.850964747492230700e+01
7.051618926751911098e-02 2.779535484985315819e+01
7.056890110759883594e-02 2.731674274703612681e+01
7.062161294767854702e-02 2.689558188628537749e+01
7.067432478775827198e-02 2.645144008243943290e+01
7.072703662783799694e-02 2.596717981162504429e+01
7.077974846791772190e-02 2.547070883417144316e+01
7.083246030799744686e-02 2.507571621010068696e+01
7.088517214807717182e-02 2.461747157933595886e+01
7.093788398815689678e-02 2.427097801589254900e+01
7.099059582823662173e-02 2.383145831832610995e+01
7.104330766831634669e-02 2.347663243803593502e+01
7.109601950839605777e-02 2.312292662644317076e+01
7.114873134847578273e-02 2.275319933314456478e+01
7.120144318855550769e-02 2.226164881260199735e+01
7.125415502863523265e-02 2.183103966555033892e+01
7.130686686871495761e-02 2.146874402996220610e+01
7.135957870879468257e-02 2.113442026378707084e+01
7.141229054887440753e-02 2.075561244713816222e+01
7.146500238895411861e-02 2.039723800353810290e+01
7.151771422903384356e-02 2.002160561469022326e+01
7.157042606911356852e-02 1.972294840317746178e+01
7.162313790919329348e-02 1.941163026597569896e+01
7.167584974927301844e-02 1.909385116984783437e+01
7.172856158935274340e-02 1.877442332111913714e+01
7.178127342943246836e-02 1.845621281661400559e+01
7.183398526951219332e-02 1.814990346479081751e+01
7.188669710959191828e-02 1.789087595596457803e+01
7.193940894967162936e-02 1.761389056587429991e+01
7.199212078975135432e-02 1.732106310114319569e+01
7.204483262983107927e-02 1.704689420178675974e+01
7.209754446991080423e-02 1.677507481831037595e+01
7.215025630999052919e-02 1.651240705202561898e+01
7.220296815007025415e-02 1.624861921961174005e+01
7.225567999014997911e-02 1.597962256863131358e+01
7.230839183022969019e-02 1.572557843337443373e+01
7.236110367030941515e-02 1.548681500293787394e+01
7.241381551038914011e-02 1.522933396242554238e+01
7.246652735046886507e-02 1.499125428080250977e+01
7.251923919054859002e-02 1.473325022008621765e+01
7.257195103062831498e-02 1.449541917176021677e+01
7.262466287070803994e-02 1.426098798016603020e+01
7.267737471078776490e-02 1.404140071575220006e+01
7.273008655086748986e-02 1.382528753180647030e+01
7.278279839094720094e-02 1.360016173333136180e+01
7.283551023102692590e-02 1.338051230420242810e+01
7.288822207110665086e-02 1.317976766639375974e+01
7.294093391118637582e-02 1.297396051481982404e+01
7.299364575126610077e-02 1.276957178787625402e+01
7.304635759134582573e-02 1.256544501039054751e+01
7.309906943142555069e-02 1.236473170163841218e+01
7.315178127150526177e-02 1.217320974994324345e+01
7.320449311158498673e-02 1.198322631916351533e+01
7.325720495166471169e-02 1.179256402987809693e+01
7.330991679174443665e-02 1.160733481364083453e+01
7.336262863182416161e-02 1.142138275056082364e+01
7.341534047190388657e-02 1.125180441594901559e+01
7.346805231198361152e-02 1.107728638572477919e+01
7.352076415206333648e-02 1.091143877155207065e+01
7.357347599214306144e-02 1.074601317679697843e+01
7.362618783222277252e-02 1.058173510168418652e+01
7.367889967230249748e-02 1.041782515995358693e+01
7.373161151238222244e-02 1.025803220584329623e+01
7.378432335246194740e-02 1.009839338820905041e+01
7.383703519254167236e-02 9.941498200412505426e+00
7.388974703262139732e-02 9.787811518209103667e+00
7.394245887270112227e-02 9.637549575665820711e+00
7.399517071278083336e-02 9.490312917258147962e+00
7.404788255286055831e-02 9.337333615528899955e+00
7.410059439294028327e-02 9.190046586614402102e+00
7.415330623302000823e-02 9.045803715289828517e+00
7.420601807309973319e-02 8.905218918279100393e+00
7.425872991317945815e-02 8.766428693245194026e+00
7.431144175325918311e-02 8.630206483235115300e+00
7.436415359333890807e-02 8.497494947415793476e+00
7.441686543341863302e-02 8.359672484103152001e+00
7.446957727349834411e-02 8.226747123091309177e+00
7.452228911357806906e-02 8.098282368421783062e+00
7.457500095365779402e-02 7.969892113547943246e+00
7.462771279373751898e-02 7.843808024433572612e+00
7.468042463381724394e-02 7.720590984988380256e+00
7.473313647389696890e-02 7.595259365213930636e+00
7.478584831397669386e-02 7.473303834412421409e+00
7.483856015405640494e-02 7.352814332773386141e+00
7.489127199413612990e-02 7.234025644186401927e+00
7.494398383421585486e-02 7.119547018402101912e+00
7.499669567429557981e-02 7.005683696751035860e+00
7.504940751437530477e-02 6.891911339399398706e+00
7.510211935445502973e-02 6.778093118096721881e+00
7.515483119453475469e-02 6.666363179057669619e+00
7.520754303461447965e-02 6.555579920459558174e+00
7.526025487469420461e-02 6.447207846528608677e+00
7.531296671477391569e-02 6.339934922631544012e+00
7.536567855485364065e-02 6.232644515127993223e+00
7.541839039493336561e-02 6.125383192982888581e+00
7.547110223501309056e-02 6.021040693352710527e+00
7.552381407509281552e-02 5.917320389088860821e+00
7.557652591517254048e-02 5.816233104143462285e+00
7.562923775525226544e-02 5.715722781860661073e+00
7.568194959533197652e-02 5.616151800514961323e+00
7.573466143541170148e-02 5.519325152618442587e+00
7.578737327549142644e-02 5.420664927788359400e+00
7.584008511557115140e-02 5.322982684938600606e+00
7.589279695565087636e-02 5.227645113578724079e+00
7.594550879573060131e-02 5.135995909187061947e+00
7.599822063581032627e-02 5.045265166879685736e+00
7.605093247589005123e-02 4.954533918898011535e+00
7.610364431596977619e-02 4.863125827873489904e+00
7.615635615604948727e-02 4.772941999758087306e+00
7.620906799612921223e-02 4.685089121129135670e+00
7.626177983620893719e-02 4.596772193259290873e+00
7.631449167628866215e-02 4.509468800302533609e+00
7.636720351636838711e-02 4.423283717068133392e+00
7.641991535644811206e-02 4.337634005812139648e+00
7.647262719652783702e-02 4.254224351030917894e+00
7.652533903660754810e-02 4.172252557655021121e+00
7.657805087668727306e-02 4.089470109458686053e+00
7.663076271676699802e-02 4.009935696521915283e+00
7.668347455684672298e-02 3.931148895814474020e+00
7.673618639692644794e-02 3.852956475988159823e+00
7.678889823700617290e-02 3.775706173026340817e+00
7.684161007708589786e-02 3.699039579769536346e+00
7.689432191716562282e-02 3.622785938520317384e+00
7.694703375724534777e-02 3.547683392212195752e+00
7.699974559732505885e-02 3.473713630246075823e+00
7.705245743740478381e-02 3.401237472826434960e+00
7.710516927748450877e-02 3.328788466887460995e+00
7.715788111756423373e-02 3.258028311883833350e+00
7.721059295764395869e-02 3.186882741220999016e+00
7.726330479772368365e-02 3.118926080746129870e+00
7.731601663780340861e-02 3.050221824943534887e+00
7.736872847788311969e-02 2.982784383597430811e+00
7.742144031796284465e-02 2.916049749010646952e+00
7.747415215804256960e-02 2.852783241854871310e+00
7.752686399812229456e-02 2.789069844884006777e+00
7.757957583820201952e-02 2.724919479170870851e+00
7.763228767828174448e-02 2.661743620163652402e+00
7.768499951836146944e-02 2.600630542409417156e+00
7.773771135844119440e-02 2.540427193847118126e+00
7.779042319852091936e-02 2.480398235692465647e+00
7.784313503860063044e-02 2.420514967085252600e+00
7.789584687868035540e-02 2.362173706879549862e+00
7.794855871876008035e-02 2.304452718291837510e+00
7.800127055883980531e-02 2.247548378428736449e+00
7.805398239891953027e-02 2.192101550401051036e+00
7.810669423899925523e-02 2.137413332809244171e+00
7.815940607907898019e-02 2.082903635799806530e+00
7.821211791915869127e-02 2.029411006361341308e+00
7.826482975923841623e-02 1.977506532090686386e+00
7.831754159931814119e-02 1.925488814513968805e+00
7.837025343939786615e-02 1.874788668743639031e+00
7.842296527947759111e-02 1.824703794187954697e+00
7.847567711955731606e-02 1.775873865953750075e+00
7.852838895963704102e-02 1.727724117664208414e+00
7.858110079971676598e-02 1.680196814838409436e+00
7.863381263979649094e-02 1.632583761622567575e+00
7.868652447987620202e-02 1.586858827760197599e+00
7.873923631995592698e-02 1.540885566292591324e+00
7.879194816003565194e-02 1.496698579483223268e+00
7.884466000011537690e-02 1.452937406962456546e+00
7.889737184019510186e-02 1.409370657892223155e+00
7.895008368027482681e-02 1.366785937618362645e+00
7.900279552035455177e-02 1.324595722990907554e+00
7.905550736043426285e-02 1.284271274520694561e+00
7.910821920051398781e-02 1.244422083683345726e+00
7.916093104059371277e-02 1.204714662754713617e+00
7.921364288067343773e-02 1.166087782231653103e+00
7.926635472075316269e-02 1.127878418116136983e+00
7.931906656083288765e-02 1.090250009216050975e+00
7.937177840091261261e-02 1.054132946581964214e+00
7.942449024099233756e-02 1.018197695338300957e+00
7.947720208107206252e-02 9.827548844462832278e-01
7.952991392115177360e-02 9.480257749883166385e-01
7.958262576123149856e-02 9.142274781875036060e-01
7.963533760131122352e-02 8.812809297927941543e-01
7.968804944139094848e-02 8.480741296531670859e-01
7.974076128147067344e-02 8.165611604514051436e-01
7.979347312155039840e-02 7.850799508643829805e-01
7.984618496163012336e-02 7.547198846147703533e-01
7.989889680170983444e-02 7.248236695791659967e-01
7.995160864178955940e-02 6.961623778989368683e-01
8.000432048186928435e-02 6.678110509744966672e-01
8.005703232194900931e-02 6.404765700483640023e-01
8.010974416202873427e-02 6.132336189002585147e-01
8.016245600210845923e-02 5.867924743818990763e-01
8.021516784218818419e-02 5.609679814280227328e-01
8.026787968226790915e-02 5.354782192743482439e-01
8.032059152234763411e-02 5.120333063492834569e-01
8.037330336242734519e-02 4.884226212201742134e-01
8.042601520250707015e-02 4.658409319366267343e-01
8.047872704258679510e-02 4.429659961882964070e-01
8.053143888266652006e-02 4.211307753831060596e-01
8.058415072274624502e-02 3.998379272251217920e-01
8.063686256282596998e-02 3.790422945545254274e-01
8.068957440290569494e-02 3.592503716152499749e-01
8.074228624298540602e-02 3.402667603292078291e-01
8.079499808306513098e-02 3.210644568882321526e-01
8.084770992314485594e-02 3.031842643101956836e-01
8.090042176322458090e-02 2.857121851085662745e-01
8.095313360330430585e-02 2.683791444626290601e-01
8.100584544338403081e-02 2.522799185936598909e-01
8.105855728346375577e-02 2.365634121906978471e-01
8.111126912354348073e-02 2.214785200115302888e-01
8.116398096362320569e-02 2.069108450791956877e-01
8.121669280370291677e-02 1.925153042081035049e-01
8.126940464378264173e-02 1.788044243324381777e-01
8.132211648386236669e-02 1.661209849841916997e-01
8.137482832394209165e-02 1.540874735037951471e-01
8.142754016402181660e-02 1.422960505275734644e-01
8.148025200410154156e-02 1.310280970436869530e-01
8.153296384418126652e-02 1.201040470733591853e-01
8.158567568426097760e-02 1.096071728296094810e-01
8.163838752434070256e-02 9.960457310171288992e-02
8.169109936442042752e-02 9.064362956072020971e-02
8.174381120450015248e-02 8.150367357105346711e-02
8.179652304457987744e-02 7.330044885600416060e-02
8.184923488465960240e-02 6.524398628509403553e-02
8.190194672473932735e-02 5.790940870767691956e-02
8.195465856481905231e-02 5.096524127858306080e-02
8.200737040489877727e-02 4.436460733115678290e-02
8.206008224497848835e-02 3.849902289809540440e-02
8.211279408505821331e-02 3.335965668579454757e-02
8.216550592513793827e-02 2.827466789866402153e-02
8.221821776521766323e-02 2.313500384618328090e-02
8.227092960529738819e-02 1.850037065943122699e-02
8.232364144537711315e-02 1.446793826700181786e-02
8.237635328545683810e-02 1.128136813727064793e-02
8.242906512553654919e-02 8.675686624460067151e-03
8.248177696561628802e-02 6.216476414627564347e-03
8.253448880569599910e-02 4.380681875088105262e-03
8.258720064577572406e-02 2.746178722400069178e-03
8.263991248585544902e-02 1.494061200577538173e-03
8.269262432593517398e-02 6.399169915408802487e-04
8.274533616601489894e-02 -0.000000000000000000e+00
8.279804800609461002e-02 6.086965995574891334e-05
8.285075984617434885e-02 1.062216975197701830e-03
8.290347168625405994e-02 1.888197210117995148e-03
8.295618352633378489e-02 2.747424395849747993e-03
8.300889536641350985e-02 4.297855707876591276e-03
8.306160720649323481e-02 6.612627223083897103e-03
8.311431904657295977e-02 8.601087723331474894e-03
8.316703088665268473e-02 1.151800463464220346e-02
8.321974272673240969e-02 1.469850248855254261e-02
8.327245456681212077e-02 1.842425469392130338e-02
8.332516640689185961e-02 2.260122241575657914e-02
8.337787824697157069e-02 2.713826309047173355e-02
8.343059008705129564e-02 3.232999986449036633e-02
8.348330192713102060e-02 3.791665917595229279e-02
8.353601376721074556e-02 4.332241984054291395e-02
8.358872560729047052e-02 4.934059645696479979e-02
8.364143744737018160e-02 5.581940709791949340e-02
8.369414928744992044e-02 6.270648925707045240e-02
8.374686112752963152e-02 6.981446311315379905e-02
8.379957296760935648e-02 7.777821214388336291e-02
8.385228480768908144e-02 8.648766008689451334e-02
8.390499664776880639e-02 9.498934234079199623e-02
8.395770848784853135e-02 1.036556873358537162e-01
8.401042032792825631e-02 1.129059000379385308e-01
8.406313216800798127e-02 1.222657960058688709e-01
8.411584400808769235e-02 1.324369065352472008e-01
8.416855584816743119e-02 1.427498384521798391e-01
8.422126768824714227e-02 1.536673259108166378e-01
8.427397952832686723e-02 1.652191374580115613e-01
8.432669136840659219e-02 1.766676252493961097e-01
8.437940320848631715e-02 1.882741538100398682e-01
8.443211504856604210e-02 2.003726595395750043e-01
8.448482688864575318e-02 2.132876535027050935e-01
8.453753872872549202e-02 2.263433943581838470e-01
8.459025056880520310e-02 2.399967445413080935e-01
8.464296240888492806e-02 2.538893888073570082e-01
8.469567424896465302e-02 2.681348637184427508e-01
8.474838608904437798e-02 2.826850108390369654e-01
8.480109792912410294e-02 2.974243399996380210e-01
8.485380976920382790e-02 3.125659990486475137e-01
8.490652160928355285e-02 3.279963816621873640e-01
8.495923344936326393e-02 3.439139551950691209e-01
8.501194528944300277e-02 3.602724083495680296e-01
8.506465712952271385e-02 3.769755804498256535e-01
8.511736896960243881e-02 3.934442075879469036e-01
8.517008080968216377e-02 4.108705209002048164e-01
8.522279264976188873e-02 4.278320216621853134e-01
8.527550448984161369e-02 4.451470513768971404e-01
8.532821632992132477e-02 4.628604549479150565e-01
8.538092817000106360e-02 4.810444018945561062e-01
8.543364001008077468e-02 4.992658431397504759e-01
8.548635185016049964e-02 5.182514080300686388e-01
8.553906369024022460e-02 5.377518463281736327e-01
8.559177553031994956e-02 5.577984700642449889e-01
8.564448737039967452e-02 5.769330032134469821e-01
8.569719921047939948e-02 5.969457863800379238e-01
8.574991105055912444e-02 6.179137384639165065e-01
8.580262289063883552e-02 6.389756480587859278e-01
8.585533473071857435e-02 6.602736969250674326e-01
8.590804657079828544e-02 6.817347963218870488e-01
8.596075841087801039e-02 7.034258173605119069e-01
8.601347025095773535e-02 7.245710375580440843e-01
8.606618209103746031e-02 7.464429882837707586e-01
8.611889393111718527e-02 7.689227947232839533e-01
8.617160577119689635e-02 7.913806571764925302e-01
8.622431761127663519e-02 8.147591873404226304e-01
8.627702945135634627e-02 8.374897386555325562e-01
8.632974129143607123e-02 8.611834258702736333e-01
8.638245313151579619e-02 8.853748491504440654e-01
8.643516497159552114e-02 9.096823870724045635e-01
8.648787681167524610e-02 9.341924831162422560e-01
8.654058865175497106e-02 9.590540190573210166e-01
8.659330049183469602e-02 9.835412963388970864e-01
8.664601233191440710e-02 1.008477693050860546e+00
8.669872417199414594e-02 1.033250762629484898e+00
8.675143601207385702e-02 1.059143607198995474e+00
8.680414785215358198e-02 1.084885139389112352e+00
8.685685969223330694e-02 1.110688109029595250e+00
8.690957153231303189e-02 1.136680132651250119e+00
8.696228337239275685e-02 1.163431900861797930e+00
8.701499521247246793e-02 1.189756841573051949e+00
8.706770705255220677e-02 1.216734706347736727e+00
8.712041889263191785e-02 1.242932977056145250e+00
8.717313073271164281e-02 1.269794841676083808e+00
8.722584257279136777e-02 1.297168380524193143e+00
8.727855441287109273e-02 1.324647408026493389e+00
8.733126625295081769e-02 1.352241630034251019e+00
8.738397809303054264e-02 1.379729383034602241e+00
8.743668993311026760e-02 1.407188179599295985e+00
8.748940177318997868e-02 1.434296271549149182e+00
8.754211361326971752e-02 1.462128597988558987e+00
8.759482545334942860e-02 1.489436129273628007e+00
8.764753729342915356e-02 1.517361966877596835e+00
8.770024913350887852e-02 1.545709748184985299e+00
8.775296097358860348e-02 1.574723003687207967e+00
8.780567281366832844e-02 1.603395296865568032e+00
8.785838465374803952e-02 1.632287120432444283e+00
8.791109649382777835e-02 1.661177755779007725e+00
8.796380833390748943e-02 1.689911284182543660e+00
8.801652017398721439e-02 1.719025140347461900e+00
8.806923201406693935e-02 1.748356554210305891e+00
8.812194385414666431e-02 1.777478340649606414e+00
8.817465569422638927e-02 1.806053156729504394e+00
8.822736753430611423e-02 1.835255380700038241e+00
8.828007937438583919e-02 1.864046626019865371e+00
8.833279121446555027e-02 1.893766714328073864e+00
8.838550305454528910e-02 1.922995454532153925e+00
8.843821489462500018e-02 1.951671631761086267e+00
8.849092673470472514e-02 1.981357106223710307e+00
8.854363857478445010e-02 2.010466849232257047e+00
8.859635041486417506e-02 2.039964471731475992e+00
8.864906225494390002e-02 2.069216897619969853e+00
8.870177409502361110e-02 2.098257756278743891e+00
8.875448593510334994e-02 2.128027020842150119e+00
8.880719777518306102e-02 2.157916013586746562e+00
8.885990961526278598e-02 2.187515210985390812e+00
8.891262145534251093e-02 2.216953570154329256e+00
8.896533329542223589e-02 2.246087034985432940e+00
8.901804513550196085e-02 2.275507018046466268e+00
8.907075697558168581e-02 2.304011223216486215e+00
8.912346881566141077e-02 2.333022081012437798e+00
8.917618065574112185e-02 2.361600960937989768e+00
8.922889249582086069e-02 2.390333727039865241e+00
8.928160433590057177e-02 2.419279745657545444e+00
8.933431617598029673e-02 2.447971712874005501e+00
8.938702801606002168e-02 2.476744492427706668e+00
8.943973985613974664e-02 2.504879997275002879e+00
8.949245169621947160e-02 2.533103562495949035e+00
8.954516353629918268e-02 2.561239871095267961e+00
8.959787537637892152e-02 2.588208874915785440e+00
8.965058721645863260e-02 2.615737493059762109e+00
8.970329905653835756e-02 2.643257633369987314e+00
8.975601089661808252e-02 2.670473208372426299e+00
8.980872273669780748e-02 2.697314009326543971e+00
8.986143457677753243e-02 2.723871581889521387e+00
8.991414641685725739e-02 2.750112895373428845e+00
8.996685825693698235e-02 2.776966148278222413e+00
9.001957009701669343e-02 2.803260995650778131e+00
9.007228193709643227e-02 2.828914808045756679e+00
9.012499377717614335e-02 2.853959058025506756e+00
9.017770561725586831e-02 2.879063354748389258e+00
9.023041745733559327e-02 2.904549269891584018e+00
9.028312929741531823e-02 2.928546888827502137e+00
9.033584113749504318e-02 2.954249672213849820e+00
9.038855297757475427e-02 2.978071988404229931e+00
9.044126481765449310e-02 3.001955739487753849e+00
9.049397665773420418e-02 3.025772407783469120e+00
9.054668849781392914e-02 3.048439422908978624e+00
9.059940033789365410e-02 3.072042612302245956e+00
9.065211217797337906e-02 3.095222764209487831e+00
9.070482401805310402e-02 3.117099727418788824e+00
9.075753585813282898e-02 3.137793773255587837e+00
9.081024769821255394e-02 3.158009858032869488e+00
9.086295953829226502e-02 3.179546828821016469e+00
9.091567137837200385e-02 3.200313062240574880e+00
9.096838321845171493e-02 3.221302517184199576e+00
9.102109505853143989e-02 3.241217906169304275e+00
9.107380689861116485e-02 3.261880202516064919e+00
9.112651873869088981e-02 3.281449094415623602e+00
9.117923057877061477e-02 3.301411265845707099e+00
9.123194241885032585e-02 3.319921882578488415e+00
9.128465425893006469e-02 3.338457113793475095e+00
9.133736609900977577e-02 3.356968372792933586e+00
9.139007793908950072e-02 3.374393529396324531e+00
9.144278977916922568e-02 3.391216858796539224e+00
9.149550161924895064e-02 3.407725544305319154e+00
9.154821345932867560e-02 3.425290920639799008e+00
9.160092529940840056e-02 3.440931117043170229e+00
9.165363713948812552e-02 3.455304708421148785e+00
9.170634897956783660e-02 3.469611963487698514e+00
9.175906081964757544e-02 3.482804533307582773e+00
9.181177265972728652e-02 3.496404663456395223e+00
9.186448449980701147e-02 3.508904000622817598e+00
9.191719633988673643e-02 3.521305924877357274e+00
9.196990817996646139e-02 3.532273744329745835e+00
9.202262002004618635e-02 3.541974982586950205e+00
9.207533186012589743e-02 3.552326424969371566e+00
9.212804370020563627e-02 3.561978168496570341e+00
9.218075554028534735e-02 3.570171854860417326e+00
9.223346738036507231e-02 3.578177752068725237e+00
9.228617922044479727e-02 3.587111588557983399e+00
9.233889106052452223e-02 3.593983525685370495e+00
9.239160290060424718e-02 3.599353810129326536e+00
9.244431474068397214e-02 3.605607109915100583e+00
9.249702658076369710e-02 3.609061443510817480e+00
9.254973842084340818e-02 3.615019801974757918e+00
9.260245026092314702e-02 3.618758197875495242e+00
9.265516210100285810e-02 3.621805242653326484e+00
9.270787394108258306e-02 3.623721743416897567e+00
9.276058578116230802e-02 3.625391436648155885e+00
9.281329762124203298e-02 3.626080588498795887e+00
9.286600946132175793e-02 3.626389710497675001e+00
9.291872130140146901e-02 3.626434651087094174e+00
9.297143314148120785e-02 3.626696844902875583e+00
9.302414498156091893e-02 3.625905619168369398e+00
9.307685682164064389e-02 3.625267510321731113e+00
9.312956866172036885e-02 3.624274781014056757e+00
9.318228050180009381e-02 3.622757506184018705e+00
9.323499234187981877e-02 3.620680418339921491e+00
9.328770418195954373e-02 3.618592705878060922e+00
9.334041602203926868e-02 3.614852934244000338e+00
9.339312786211897977e-02 3.612363143756278649e+00
9.344583970219871860e-02 3.608448459415392939e+00
9.349855154227842968e-02 3.605037237858340848e+00
9.355126338235815464e-02 3.601631606791646067e+00
9.360397522243787960e-02 3.596712124053449422e+00
9.365668706251760456e-02 3.592494343698035220e+00
9.370939890259732952e-02 3.588717886606652030e+00
9.376211074267704060e-02 3.585134956822860097e+00
9.381482258275677943e-02 3.580556573679927190e+00
9.386753442283649052e-02 3.576671446665751652e+00
9.392024626291621547e-02 3.571183838508534159e+00
9.397295810299594043e-02 3.566507738710031461e+00
9.402566994307566539e-02 3.561415429821739753e+00
9.407838178315539035e-02 3.556231499086058179e+00
9.413109362323511531e-02 3.551108283017287537e+00
9.418380546331484027e-02 3.546108603254471525e+00
9.423651730339455135e-02 3.540417314313196506e+00
9.428922914347429018e-02 3.534516384684864843e+00
9.434194098355400127e-02 3.528654007655703584e+00
9.439465282363372622e-02 3.524217761306586372e+00
9.444736466371345118e-02 3.519853371635280226e+00
9.450007650379317614e-02 3.513923239964394263e+00
9.455278834387290110e-02 3.508521135767662003e+00
9.460550018395261218e-02 3.503274733109354333e+00
9.465821202403235102e-02 3.498252402173230191e+00
9.471092386411206210e-02 3.493181896477651094e+00
9.476363570419178706e-02 3.486953506585789508e+00
9.481634754427151202e-02 3.482808941276923420e+00
9.486905938435123697e-02 3.477487371783207770e+00
9.492177122443096193e-02 3.472997843737944290e+00
9.497448306451068689e-02 3.467593056000399798e+00
9.502719490459041185e-02 3.461728087516335428e+00
9.507990674467012293e-02 3.455919070739607690e+00
9.513261858474986177e-02 3.451425545408074225e+00
9.518533042482957285e-02 3.446075504510770937e+00
9.523804226490929781e-02 3.441533800438392188e+00
9.529075410498902277e-02 3.436233890332208940e+00
9.534346594506874772e-02 3.432174788219333195e+00
9.539617778514847268e-02 3.426900276814771829e+00
9.544888962522818376e-02 3.422359285782980542e+00
9.550160146530792260e-02 3.417753140373158249e+00
9.555431330538763368e-02 3.413253603025741878e+00
9.560702514546735864e-02 3.409376227087407507e+00
9.565973698554708360e-02 3.406597864085824323e+00
9.571244882562680856e-02 3.402686057136472542e+00
9.576516066570653352e-02 3.399647596082397527e+00
9.581787250578625847e-02 3.396349766093771372e+00
9.587058434586598343e-02 3.393339502553549991e+00
9.592329618594569451e-02 3.390656156801032495e+00
9.597600802602543335e-02 3.388289579774037552e+00
9.602871986610514443e-02 3.386558830056861424e+00
9.608143170618486939e-02 3.385517420427269997e+00
9.613414354626459435e-02 3.384575746612620062e+00
9.618685538634431931e-02 3.383650493255184522e+00
9.623956722642404427e-02 3.382793564444993351e+00
9.629227906650375535e-02 3.381136647416104424e+00
9.634499090658349418e-02 3.380000631471641981e+00
9.639770274666320526e-02 3.379569374220379618e+00
9.645041458674293022e-02 3.380475733612050782e+00
9.650312642682265518e-02 3.380275282524256131e+00
9.655583826690238014e-02 3.381051982857658178e+00
9.660855010698210510e-02 3.381567576102591843e+00
9.666126194706183006e-02 3.383160666412535544e+00
9.671397378714155502e-02 3.384530031831490149e+00
9.676668562722126610e-02 3.386033942858352130e+00
9.681939746730100493e-02 3.388362360325306355e+00
9.687210930738071601e-02 3.390095269876503448e+00
9.692482114746044097e-02 3.393156281661260820e+00
9.697753298754016593e-02 3.396647205384441204e+00
9.703024482761989089e-02 3.401702333188511229e+00
9.708295666769961585e-02 3.405751524799549568e+00
9.713566850777932693e-02 3.410100050173628272e+00
9.718838034785906577e-02 3.414213381124906466e+00
9.724109218793877685e-02 3.418741928634284388e+00
9.729380402801850181e-02 3.423928296763586676e+00
9.734651586809822676e-02 3.428451445441371259e+00
9.739922770817795172e-02 3.433639921492304126e+00
9.745193954825767668e-02 3.439577428358306488e+00
9.750465138833740164e-02 3.446570459493632388e+00
9.755736322841712660e-02 3.452948591969947856e+00
9.761007506849683768e-02 3.458420752038803947e+00
9.766278690857657652e-02 3.465480323795611994e+00
9.771549874865628760e-02 3.473151086508509344e+00
9.776821058873601256e-02 3.480576233733136071e+00
9.782092242881573751e-02 3.487399096990489333e+00
9.787363426889546247e-02 3.495491420716919873e+00
9.792634610897518743e-02 3.503817661087462731e+00
9.797905794905489851e-02 3.511745502811708164e+00
9.803176978913463735e-02 3.520980344309447840e+00
9.808448162921434843e-02 3.529564448649200159e+00
9.813719346929407339e-02 3.539221775420791083e+00
9.818990530937379835e-02 3.549198302711535913e+00
9.824261714945352331e-02 3.559042440086599868e+00
9.829532898953324827e-02 3.569779767356757727e+00
9.834804082961297322e-02 3.579459048187036974e+00
9.840075266969269818e-02 3.589212223041476690e+00
9.845346450977240926e-02 3.601035113234634100e+00
9.850617634985214810e-02 3.612673871188328167e+00
9.855888818993185918e-02 3.623839504920831178e+00
9.861160003001158414e-02 3.636097318545597368e+00
9.866431187009130910e-02 3.648907945132888297e+00
9.871702371017103406e-02 3.660668329492223538e+00
9.876973555025075902e-02 3.672654872636987644e+00
9.882244739033047010e-02 3.685001773269052983e+00
9.887515923041020893e-02 3.698471267162346532e+00
9.892787107048992001e-02 3.712334193443334485e+00
9.898058291056964497e-02 3.727518782856070523e+00
9.903329475064936993e-02 3.741304398908491091e+00
9.908600659072909489e-02 3.756966533208373704e+00
9.913871843080881985e-02 3.772957439683541914e+00
9.919143027088854481e-02 3.788437641113036047e+00
9.924414211096826977e-02 3.803105077194131933e+00
9.929685395104798085e-02 3.819872918359592973e+00
9.934956579112771968e-02 3.835165618674211796e+00
9.940227763120743076e-02 3.850256384680685429e+00
9.945498947128715572e-02 3.867890618556246718e+00
9.950770131136688068e-02 3.885413546834956211e+00
9.956041315144660564e-02 3.902289565364700508e+00
9.961312499152633060e-02 3.921669638511798173e+00
9.966583683160604168e-02 3.941347452019298814e+00
9.971854867168578052e-02 3.960415579534120933e+00
9.977126051176549160e-02 3.979085711454030783e+00
9.982397235184521656e-02 3.998290624123411519e+00
9.987668419192494151e-02 4.019232477800380288e+00
9.992939603200466647e-02 4.039849463466816282e+00
9.998210787208439143e-02 4.060421055449543459e+00
1.000348197121641164e-01 4.081878404416347195e+00
1.000875315522438413e-01 4.103722465774145789e+00
1.001402433923235524e-01 4.125431427875922985e+00
1.001929552324032913e-01 4.147053454216361956e+00
1.002456670724830023e-01 4.169213738472531183e+00
1.002983789125627273e-01 4.191341905540187263e+00
1.003510907526424523e-01 4.215064913458053120e+00
1.004038025927221772e-01 4.239170478228754924e+00
1.004565144328019022e-01 4.262301783605568772e+00
1.005092262728816133e-01 4.286077105940758081e+00
1.005619381129613521e-01 4.311027869446224514e+00
1.006146499530410632e-01 4.335085816977998441e+00
1.006673617931207881e-01 4.357898286189801240e+00
1.007200736332005131e-01 4.382690157049810686e+00
1.007727854732802381e-01 4.408960199057184504e+00
1.008254973133599630e-01 4.434594529709853461e+00
1.008782091534396880e-01 4.459635205956447024e+00
1.009309209935194129e-01 4.484907972020757860e+00
1.009836328335991240e-01 4.510383890149568309e+00
1.010363446736788628e-01 4.536988904877148343e+00
1.010890565137585739e-01 4.563174122112449993e+00
1.011417683538382989e-01 4.589605233403438511e+00
1.011944801939180238e-01 4.613580570354706367e+00
1.012471920339977488e-01 4.638649707274447920e+00
1.012999038740774738e-01 4.665309528121584393e+00
1.013526157141571848e-01 4.690760134031132900e+00
1.014053275542369237e-01 4.716410600876604242e+00
1.014580393943166348e-01 4.742297610611090342e+00
1.015107512343963597e-01 4.767940500043218677e+00
1.015634630744760847e-01 4.794706179602737706e+00
1.016161749145558096e-01 4.819658940313784612e+00
1.016688867546355346e-01 4.847312427713034388e+00
1.017215985947152596e-01 4.873778454200134114e+00
1.017743104347949845e-01 4.900593591384328818e+00
1.018270222748746956e-01 4.925805014810221039e+00
1.018797341149544344e-01 4.949912095657650113e+00
1.019324459550341455e-01 4.975416050560004244e+00
1.019851577951138705e-01 5.002718356101699904e+00
1.020378696351935954e-01 5.028129761588132851e+00
1.020905814752733204e-01 5.054107338889180845e+00
1.021432933153530453e-01 5.081130796104836200e+00
1.021960051554327564e-01 5.106561237943352261e+00
1.022487169955124953e-01 5.132309257764703148e+00
1.023014288355922063e-01 5.158201386487223594e+00
1.023541406756719313e-01 5.183987944087849797e+00
1.024068525157516563e-01 5.210097325108493216e+00
1.024595643558313812e-01 5.238448214327665831e+00
1.025122761959111062e-01 5.265870864587751221e+00
1.025649880359908311e-01 5.291900893466348066e+00
1.026176998760705561e-01 5.319858942781019451e+00
1.026704117161502672e-01 5.347676138000331925e+00
1.027231235562300060e-01 5.375790212172782745e+00
1.027758353963097171e-01 5.406190119151228934e+00
1.028285472363894421e-01 5.433983447686570045e+00
1.028812590764691670e-01 5.463077285338649780e+00
1.029339709165488920e-01 5.490567493689043843e+00
1.029866827566286169e-01 5.518571663454460818e+00
1.030393945967083280e-01 5.548601517887293610e+00
1.030921064367880668e-01 5.576766618484181315e+00
1.031448182768677779e-01 5.604295438875412039e+00
1.031975301169475029e-01 5.632048807403521984e+00
1.032502419570272278e-01 5.661346540396591465e+00
1.033029537971069528e-01 5.689129432043799284e+00
1.033556656371866778e-01 5.720521885181327981e+00
1.034083774772664027e-01 5.749256259348789477e+00
1.034610893173461277e-01 5.780236574559743268e+00
1.035138011574258388e-01 5.810178667698228772e+00
1.035665129975055776e-01 5.839925600550524010e+00
1.036192248375852887e-01 5.869882715454027178e+00
1.036719366776650136e-01 5.902177873338581904e+00
1.037246485177447386e-01 5.934323408023312041e+00
1.037773603578244636e-01 5.963996984542593083e+00
1.038300721979041885e-01 5.996013750514689100e+00
1.038827840379838996e-01 6.028633103191619824e+00
1.039354958780636384e-01 6.058034862456747049e+00
1.039882077181433495e-01 6.088901975511638476e+00
1.040409195582230745e-01 6.121739607819701945e+00
1.040936313983027994e-01 6.153120478421675976e+00
1.041463432383825244e-01 6.183213874697223389e+00
1.041990550784622493e-01 6.215805415486017615e+00
1.042517669185419743e-01 6.247775744421148580e+00
1.043044787586216993e-01 6.278120597607644626e+00
1.043571905987014103e-01 6.310407830651863392e+00
1.044099024387811492e-01 6.339212008405166188e+00
1.044626142788608603e-01 6.370040125465299852e+00
1.045153261189405852e-01 6.403084767574620528e+00
1.045680379590203102e-01 6.434056344261064098e+00
1.046207497991000351e-01 6.467133040306960901e+00
1.046734616391797601e-01 6.496606494759749495e+00
1.047261734792594712e-01 6.527647281762280151e+00
1.047788853193392100e-01 6.558681455532422433e+00
1.048315971594189211e-01 6.589826153786479068e+00
1.048843089994986461e-01 6.623336024581270465e+00
1.049370208395783710e-01 6.654677117362851391e+00
1.049897326796580960e-01 6.688131619461959332e+00
1.050424445197378209e-01 6.720766331654438375e+00
1.050951563598175459e-01 6.754389942968039406e+00
1.051478681998972708e-01 6.786267767556900310e+00
1.052005800399769819e-01 6.820342481312818173e+00
1.052532918800567208e-01 6.851460481167179317e+00
1.053060037201364318e-01 6.887640957411206521e+00
1.053587155602161568e-01 6.920549688881813211e+00
1.054114274002958818e-01 6.954998747844669538e+00
1.054641392403756067e-01 6.989566330252523940e+00
1.055168510804553317e-01 7.026913115749314542e+00
1.055695629205350428e-01 7.059647281825052190e+00
1.056222747606147816e-01 7.098348070755286621e+00
1.056749866006944927e-01 7.139523879791125793e+00
1.057276984407742176e-01 7.175151064478787255e+00
1.057804102808539426e-01 7.213506369659527628e+00
1.058331221209336676e-01 7.252636113089481640e+00
1.058858339610133925e-01 7.292193166260601878e+00
1.059385458010931175e-01 7.329752157503151011e+00
1.059912576411728424e-01 7.367409353070946132e+00
1.060439694812525535e-01 7.409472080207195610e+00
1.060966813213322923e-01 7.451004147786001397e+00
1.061493931614120034e-01 7.494176845642477325e+00
1.062021050014917284e-01 7.535830614502376790e+00
1.062548168415714533e-01 7.579559394220749979e+00
1.063075286816511783e-01 7.621680098039704809e+00
1.063602405217309033e-01 7.664312282277720101e+00
1.064129523618106143e-01 7.710520515101158878e+00
1.064656642018903532e-01 7.758576741338066185e+00
1.065183760419700643e-01 7.803897936948227532e+00
1.065710878820497892e-01 7.849604359859990943e+00
1.066237997221295142e-01 7.895825867817436006e+00
1.066765115622092391e-01 7.943670072324754194e+00
1.067292234022889641e-01 7.997007645296069889e+00
1.067819352423686891e-01 8.047646550124754938e+00
1.068346470824484140e-01 8.096827715361529343e+00
1.068873589225281251e-01 8.147767356561754326e+00
1.069400707626078639e-01 8.199390467325008203e+00
1.069927826026875750e-01 8.248109135335518260e+00
1.070454944427673000e-01 8.300074585404420446e+00
1.070982062828470249e-01 8.354510688818294284e+00
1.071509181229267499e-01 8.405805001015348665e+00
1.072036299630064748e-01 8.460686382379050130e+00
1.072563418030861859e-01 8.511890982542530182e+00
1.073090536431659248e-01 8.567328976457135425e+00
1.073617654832456358e-01 8.619576887681438038e+00
1.074144773233253608e-01 8.672716741712871880e+00
1.074671891634050858e-01 8.731557155361883815e+00
1.075199010034848107e-01 8.792776639279992423e+00
1.075726128435645357e-01 8.849556812257311833e+00
1.076253246836442606e-01 8.904238859245568349e+00
1.076780365237239856e-01 8.960049209917158919e+00
1.077307483638036967e-01 9.020037163219967624e+00
1.077834602038834355e-01 9.074499758200625266e+00
1.078361720439631466e-01 9.126849853780189648e+00
1.078888838840428716e-01 9.181671979213721357e+00
1.079415957241225965e-01 9.233340511060113442e+00
1.079943075642023215e-01 9.285374988858180245e+00
1.080470194042820464e-01 9.341423778528154642e+00
1.080997312443617575e-01 9.394025610738811594e+00
1.081524430844414963e-01 9.452803560844909470e+00
1.082051549245212074e-01 9.502777398151406985e+00
1.082578667646009324e-01 9.553828767394694665e+00
1.083105786046806573e-01 9.602164286084748923e+00
1.083632904447603823e-01 9.655564799039876078e+00
1.084160022848401073e-01 9.701480073676856719e+00
1.084687141249198322e-01 9.754618328220836077e+00
1.085214259649995572e-01 9.800847256522315476e+00
1.085741378050792683e-01 9.850568135166618333e+00
1.086268496451590071e-01 9.900447286234740574e+00
1.086795614852387182e-01 9.951934492070408922e+00
1.087322733253184431e-01 9.994435484780705536e+00
1.087849851653981681e-01 1.003629946178389609e+01
1.088376970054778931e-01 1.008485943594507006e+01
1.088904088455576180e-01 1.012952779415050131e+01
1.089431206856373291e-01 1.017294964564955428e+01
1.089958325257170679e-01 1.021266307250645866e+01
1.090485443657967790e-01 1.024915421527539827e+01
1.091012562058765040e-01 1.029437999433803874e+01
1.091539680459562289e-01 1.033464167838768155e+01
1.092066798860359539e-01 1.037533043493360907e+01
1.092593917261156788e-01 1.041708952902564000e+01
1.093121035661954038e-01 1.045199961627266205e+01
1.093648154062751288e-01 1.048462300091499344e+01
1.094175272463548398e-01 1.052722391770183208e+01
1.094702390864345787e-01 1.056544677438757773e+01
1.095229509265142898e-01 1.059096026559292625e+01
1.095756627665940147e-01 1.062582737404911271e+01
1.096283746066737397e-01 1.065831858347661765e+01
1.096810864467534646e-01 1.069026241936473376e+01
1.097337982868331896e-01 1.072065416648161751e+01
1.097865101269129007e-01 1.075320018034955183e+01
1.098392219669926395e-01 1.078943746919712510e+01
1.098919338070723506e-01 1.082986839922986455e+01
1.099446456471520756e-01 1.086065770141988196e+01
1.099973574872318005e-01 1.088979499335594525e+01
1.100500693273115255e-01 1.092570035516801141e+01
1.101027811673912504e-01 1.096023577638694491e+01
1.101554930074709754e-01 1.099704075060199493e+01
1.102082048475507003e-01 1.104479355766958726e+01
1.102609166876304114e-01 1.108160338231091657e+01
1.103136285277101503e-01 1.111891633960559922e+01
1.103663403677898613e-01 1.116111304698875450e+01
1.104190522078695863e-01 1.120514471999493722e+01
1.104717640479493113e-01 1.124762169598906958e+01
1.105244758880290362e-01 1.129668778888363434e+01
1.105771877281087612e-01 1.134362803697752575e+01
1.106298995681884723e-01 1.138818862574110113e+01
1.106826114082682111e-01 1.144500211233306430e+01
1.107353232483479222e-01 1.149857492955750793e+01
1.107880350884276471e-01 1.153542118395684923e+01
1.108407469285073721e-01 1.158840558580359037e+01
1.108934587685870971e-01 1.164270175382156047e+01
1.109461706086668220e-01 1.170947054129132070e+01
1.109988824487465470e-01 1.176848064302945041e+01
1.110515942888262719e-01 1.183164979331628430e+01
1.111043061289059830e-01 1.189672601600536872e+01
1.111570179689857218e-01 1.195761996544860040e+01
1.112097298090654329e-01 1.202603531952649973e+01
1.112624416491451579e-01 1.209810853055602742e+01
1.113151534892248828e-01 1.217681301076772549e+01
1.113678653293046078e-01 1.224729023771410574e+01
1.114205771693843328e-01 1.232271257940947962e+01
1.114732890094640438e-01 1.240088555646580915e+01
1.115260008495437827e-01 1.248810093579725944e+01
1.115787126896234938e-01 1.257148368002856742e+01
1.116314245297032187e-01 1.266345096302941009e+01
1.116841363697829437e-01 1.274977726048660998e+01
1.117368482098626686e-01 1.284986014126931231e+01
1.117895600499423936e-01 1.294308847257778794e+01
1.118422718900221186e-01 1.304914629124139225e+01
1.118949837301018435e-01 1.314550540549670110e+01
1.119476955701815546e-01 1.324488701431664417e+01
1.120004074102612934e-01 1.335211119167888860e+01
1.120531192503410045e-01 1.345882567645695893e+01
1.121058310904207295e-01 1.357302050385631276e+01
1.121585429305004544e-01 1.368672096254429427e+01
1.122112547705801794e-01 1.380343662038704799e+01
1.122639666106599043e-01 1.394198810611749728e+01
1.123166784507396154e-01 1.406343257636457089e+01
1.123693902908193543e-01 1.418549375621224584e+01
1.124221021308990653e-01 1.430748871918486920e+01
1.124748139709787903e-01 1.444330890157945824e+01
1.125275258110585153e-01 1.457558444582290136e+01
1.125802376511382402e-01 1.471961156824982453e+01
1.126329494912179652e-01 1.486406354902892879e+01
1.126856613312976901e-01 1.499725994410692387e+01
1.127383731713774151e-01 1.514620758694350577e+01
1.127910850114571262e-01 1.529448854188756535e+01
1.128437968515368650e-01 1.544816342755284033e+01
1.128965086916165761e-01 1.560039167438394969e+01
1.129492205316963011e-01 1.574850776074538850e+01
1.130019323717760260e-01 1.589526457547435179e+01
1.130546442118557510e-01 1.605712915067456947e+01
1.131073560519354759e-01 1.622416190602137576e+01
1.131600678920151870e-01 1.638266437731845215e+01
1.132127797320949258e-01 1.636724163294728385e+01
1.132654915721746369e-01 1.652273261876722898e+01
1.133182034122543619e-01 1.665922525798331577e+01
1.133709152523340868e-01 1.679576024293689329e+01
1.134236270924138118e-01 1.694554891234605876e+01
1.134763389324935368e-01 1.707107028580476893e+01
1.135290507725732617e-01 1.725551362376400633e+01
1.135817626126529867e-01 1.737438948245459258e+01
1.136344744527326978e-01 1.750179300566911067e+01
1.136871862928124366e-01 1.763952719632439425e+01
1.137398981328921477e-01 1.777636370410792921e+01
1.137926099729718726e-01 1.788313183145804786e+01
1.138453218130515976e-01 1.798727510065555890e+01
1.138980336531313226e-01 1.814158043672640019e+01
1.139507454932110475e-01 1.825032028353968272e+01
1.140034573332907586e-01 1.834120072967073156e+01
1.140561691733704974e-01 1.846787611789269334e+01
1.141088810134502085e-01 1.858831026525451335e+01
1.141615928535299335e-01 1.868697391658606932e+01
1.142143046936096584e-01 1.878585916663551458e+01
1.142670165336893834e-01 1.890023406388332106e+01
1.143197283737691083e-01 1.895934679289588232e+01
1.143724402138488333e-01 1.906996661818454442e+01
1.144251520539285583e-01 1.911859926247640473e+01
1.144778638940082693e-01 1.921873260183714649e+01
1.145305757340880082e-01 1.927679116309600005e+01
1.145832875741677193e-01 1.940916664249989765e+01
1.146359994142474442e-01 1.943238130456142443e+01
1.146887112543271692e-01 1.955639038838344845e+01
1.147414230944068941e-01 1.956586921083647823e+01
1.147941349344866191e-01 1.959701966799923412e+01
1.148468467745663302e-01 1.959950331600163764e+01
1.148995586146460690e-01 1.959960478162041397e+01
1.149522704547257801e-01 1.959738623014999703e+01
1.150049822948055050e-01 1.959293212923696714e+01
1.150576941348852300e-01 1.962612586904268142e+01
1.151104059749649550e-01 1.968798936939397493e+01
1.151631178150446799e-01 1.966773980907294472e+01
1.152158296551244049e-01 1.964645697669586255e+01
1.152685414952041298e-01 1.962435513400626874e+01
1.153212533352838409e-01 1.960167110069199126e+01
1.153739651753635798e-01 1.957866249485195809e+01
1.154266770154432908e-01 1.955560548378788965e+01
1.154793888555230158e-01 1.953279213150837990e+01
1.155321006956027408e-01 1.951052744665311423e+01
1.155848125356824657e-01 1.948912624357731715e+01
1.156375243757621907e-01 1.958952716207316058e+01
1.156902362158419018e-01 1.955864480758946300e+01
1.157429480559216406e-01 1.953064125379658478e+01
1.157956598960013517e-01 1.961841252818502213e+01
1.158483717360810766e-01 1.958511325968540717e+01
1.159010835761608016e-01 1.955660370187938568e+01
1.159537954162405266e-01 1.953303187477157010e+01
1.160065072563202515e-01 1.951454021128164840e+01
1.160592190963999765e-01 1.950126533400194973e+01
1.161119309364797014e-01 1.949333790261782795e+01
1.161646427765594125e-01 1.949088252591654324e+01
1.162173546166391513e-01 1.949401773191282672e+01
1.162700664567188624e-01 1.950285598944807930e+01
1.163227782967985874e-01 1.951750377464000863e+01
1.163754901368783123e-01 1.953806167573497632e+01
1.164282019769580373e-01 1.956462453021217129e+01
1.164809138170377623e-01 1.959728158837473444e+01
1.165336256571174733e-01 1.963611669811038496e+01
1.165863374971972122e-01 1.968120850598763383e+01
1.166390493372769233e-01 1.973263067035357921e+01
1.166917611773566482e-01 1.979045208259876532e+01
1.167444730174363732e-01 1.985473709324041280e+01
1.167971848575160981e-01 1.992554573993870193e+01
1.168498966975958231e-01 2.000293397499419967e+01
1.169026085376755481e-01 2.008695389027403166e+01
1.169553203777552730e-01 2.017765393787768602e+01
1.170080322178349841e-01 2.027507914517940790e+01
1.170607440579147229e-01 2.044874412793073759e+01
1.171134558979944340e-01 2.055422862980528009e+01
1.171661677380741590e-01 2.066698792491254721e+01
1.172188795781538839e-01 2.078702201325254251e+01
1.172715914182336089e-01 2.091433089482526597e+01
1.173243032583133338e-01 2.104891456963071050e+01
1.173770150983930449e-01 2.119077303766888676e+01
1.174297269384727838e-01 2.133990629893978763e+01
1.174824387785524948e-01 2.149486185014838924e+01
1.175351506186322198e-01 2.165692789665101969e+01
1.175878624587119448e-01 2.182608896969096435e+01
1.176405742987916697e-01 2.200232852166211117e+01
1.176932861388713947e-01 2.218562889143818140e+01
1.177459979789511196e-01 2.237597127256140084e+01
1.177987098190308446e-01 2.257333568466368234e+01
1.178514216591105557e-01 2.277770094847850046e+01
1.179041334991902945e-01 2.298904466478154163e+01
1.179568453392700056e-01 2.320734319757237785e+01
1.180095571793497305e-01 2.343257166177843942e+01
1.180622690194294555e-01 2.366470391572661569e+01
1.181149808595091805e-01 2.390371255858740085e+01
1.181676926995889054e-01 2.414956893295211415e+01
1.182204045396686165e-01 2.440224313265617795e+01
1.182731163797483553e-01 2.466170401591125838e+01
1.183258282198280664e-01 2.492791922375727864e+01
1.183785400599077914e-01 2.520085520379265276e+01
1.184312518999875163e-01 2.548047723908831941e+01
1.184839637400672413e-01 2.576674948213958771e+01
1.185366755801469663e-01 2.605963499365963187e+01
1.185893874202266912e-01 2.635909578597118141e+01
1.186420992603064162e-01 2.666509287070879708e+01
1.186948111003861273e-01 2.697758631050414380e+01
1.187475229404658661e-01 2.729653527429103477e+01
1.188002347805455772e-01 2.762189809583665223e+01
1.188529466206253021e-01 2.795363233508027534e+01
1.189056584607050271e-01 2.829169484184131989e+01
1.189583703007847520e-01 2.863604182144478116e+01
1.190110821408644770e-01 2.898662890180409946e+01
1.190637939809441881e-01 2.934341120149897009e+01
1.191165058210239269e-01 2.970634339838839821e+01
1.191692176611036380e-01 3.007537979830710384e+01
1.192219295011833630e-01 3.045047440340572820e+01
1.192746413412630879e-01 3.083158097971159961e+01
1.193273531813428129e-01 3.121865312350695731e+01
1.193800650214225378e-01 3.161164432614410913e+01
1.194327768615022628e-01 3.201050803694248970e+01
1.194854887015819878e-01 8.289306334778564178e+01
1.195382005416616988e-01 8.289306334778564178e+01
1.195909123817414377e-01 8.289306334778564178e+01
1.196436242218211488e-01 8.289306334778564178e+01
1.196963360619008737e-01 8.289306334778564178e+01
1.197490479019805987e-01 8.289306334778564178e+01
1.198017597420603236e-01 8.289306334778564178e+01
1.198544715821400486e-01 8.289306334778564178e+01
1.199071834222197597e-01 8.289306334778564178e+01
1.199598952622994985e-01 8.289306334778564178e+01
1.200126071023792096e-01 8.289306334778564178e+01
1.200653189424589345e-01 8.289306334778564178e+01
1.201180307825386595e-01 8.289306334778564178e+01
1.201707426226183845e-01 8.289306334778564178e+01
1.202234544626981094e-01 8.289306334778564178e+01
1.202761663027778344e-01 8.289306334778564178e+01
1.203288781428575593e-01 8.289306334778564178e+01
1.203815899829372704e-01 8.289306334778564178e+01
1.204343018230170093e-01 8.289306334778564178e+01
1.204870136630967203e-01 8.289306334778564178e+01
1.205397255031764453e-01 8.289306334778564178e+01
