-8.330581804476683283e-03 8.289306334778564178e+01
-7.998739130972310624e-03 8.289306334778564178e+01
-7.666896457467936229e-03 8.289306334778564178e+01
-7.335053783963562703e-03 8.289306334778564178e+01
-7.003211110459189176e-03 8.289306334778564178e+01
-6.671368436954815649e-03 8.289306334778564178e+01
-6.339525763450442122e-03 8.289306334778564178e+01
-6.007683089946068596e-03 8.289306334778564178e+01
-5.675840416441695069e-03 8.289306334778564178e+01
-5.343997742937321542e-03 8.289306334778564178e+01
-5.012155069432948015e-03 8.289306334778564178e+01
-4.680312395928574488e-03 8.289306334778564178e+01
-4.348469722424200962e-03 8.289306334778564178e+01
-4.016627048919827435e-03 8.289306334778564178e+01
-3.684784375415453908e-03 8.289306334778564178e+01
-3.352941701911080381e-03 8.289306334778564178e+01
-3.021099028406706855e-03 8.289306334778564178e+01
-2.689256354902333328e-03 8.289306334778564178e+01
-2.357413681397959801e-03 8.289306334778564178e+01
-2.025571007893586274e-03 8.289306334778564178e+01
-1.693728334389212747e-03 8.289306334778564178e+01
-1.361885660884839221e-03 8.289306334778564178e+01
-1.030042987380465694e-03 8.289306334778564178e+01
-6.982003138760921671e-04 8.289306334778564178e+01
-3.663576403717186403e-04 8.289306334778564178e+01
-3.451496686734598085e-05 8.289306334778564178e+01
2.973277066370284133e-04 8.289306334778564178e+01
6.291703801414028074e-04 8.289306334778564178e+01
9.610130536457754669e-04 8.289306334778564178e+01
1.292855727150148126e-03 8.289306334778564178e+01
1.624698400654522520e-03 8.289306334778564178e+01
1.956541074158896915e-03 8.289306334778564178e+01
2.288383747663269574e-03 8.289306334778564178e+01
2.620226421167642233e-03 8.289306334778564178e+01
2.952069094672016628e-03 8.289306334778564178e+01
3.283911768176391022e-03 8.289306334778564178e+01
3.615754441680763681e-03 8.289306334778564178e+01
3.947597115185136341e-03 8.289306334778564178e+01
4.279439788689510735e-03 8.289306334778564178e+01
4.611282462193885129e-03 8.289306334778564178e+01
4.943125135698257788e-03 8.289306334778564178e+01
5.274967809202630448e-03 8.289306334778564178e+01
5.606810482707004842e-03 8.289306334778564178e+01
5.938653156211379236e-03 8.289306334778564178e+01
6.270495829715751895e-03 8.289306334778564178e+01
6.602338503220124555e-03 8.289306334778564178e+01
6.934181176724498949e-03 8.289306334778564178e+01
7.266023850228873343e-03 8.289306334778564178e+01
7.597866523733246003e-03 8.289306334778564178e+01
7.929709197237618662e-03 8.289306334778564178e+01
8.261551870741991321e-03 8.289306334778564178e+01
8.593394544246367450e-03 8.289306334778564178e+01
8.925237217750740110e-03 8.289306334778564178e+01
9.257079891255112769e-03 8.289306334778564178e+01
9.588922564759488898e-03 8.289306334778564178e+01
9.920765238263861557e-03 8.289306334778564178e+01
1.025260791176823422e-02 8.289306334778564178e+01
1.058445058527260688e-02 8.289306334778564178e+01
1.091629325877697954e-02 8.289306334778564178e+01
1.124813593228135566e-02 8.289306334778564178e+01
1.157997860578572832e-02 8.289306334778564178e+01
1.191182127929010098e-02 8.289306334778564178e+01
1.224366395279447711e-02 8.289306334778564178e+01
1.257550662629884977e-02 8.289306334778564178e+01
1.290734929980322243e-02 8.289306334778564178e+01
1.323919197330759509e-02 8.289306334778564178e+01
1.357103464681196775e-02 8.289306334778564178e+01
1.390287732031634388e-02 8.289306334778564178e+01
1.423471999382071654e-02 8.289306334778564178e+01
1.456656266732508920e-02 8.289306334778564178e+01
1.489840534082946533e-02 8.289306334778564178e+01
1.523024801433383799e-02 8.289306334778564178e+01
1.556209068783821065e-02 8.289306334778564178e+01
1.589393336134258330e-02 8.289306334778564178e+01
1.622577603484695596e-02 8.289306334778564178e+01
1.655761870835133209e-02 8.289306334778564178e+01
1.688946138185570475e-02 8.289306334778564178e+01
1.722130405536007741e-02 8.289306334778564178e+01
1.755314672886445354e-02 8.289306334778564178e+01
1.788498940236882620e-02 8.289306334778564178e+01
1.821683207587319886e-02 8.289306334778564178e+01
1.854867474937757152e-02 8.289306334778564178e+01
1.888051742288194418e-02 8.289306334778564178e+01
1.921236009638632031e-02 8.289306334778564178e+01
1.954420276989069297e-02 8.289306334778564178e+01
1.987604544339506563e-02 8.289306334778564178e+01
2.020788811689944175e-02 8.289306334778564178e+01
2.053973079040381441e-02 8.289306334778564178e+01
2.087157346390818707e-02 8.289306334778564178e+01
2.120341613741255973e-02 8.289306334778564178e+01
2.153525881091693239e-02 8.289306334778564178e+01
2.186710148442130852e-02 8.289306334778564178e+01
2.219894415792568118e-02 8.289306334778564178e+01
2.253078683143005384e-02 8.289306334778564178e+01
2.286262950493442997e-02 8.289306334778564178e+01
2.319447217843879916e-02 8.289306334778564178e+01
2.352631485194317529e-02 8.289306334778564178e+01
2.385815752544755142e-02 8.289306334778564178e+01
2.419000019895192061e-02 8.289306334778564178e+01
2.452184287245629674e-02 8.289306334778564178e+01
2.485368554596066593e-02 8.289306334778564178e+01
2.518552821946504205e-02 8.289306334778564178e+01
2.551737089296941818e-02 8.289306334778564178e+01
2.584921356647378737e-02 8.289306334778564178e+01
2.618105623997816350e-02 8.289306334778564178e+01
2.651289891348253963e-02 4.454014493482196002e+01
2.684474158698690882e-02 4.202650360301736043e+01
2.717658426049128495e-02 3.885704024776214993e+01
2.750842693399566108e-02 3.850494277430114920e+01
2.784026960750003027e-02 3.815803977903944855e+01
2.817211228100440640e-02 3.781633126444079807e+01
2.850395495450877559e-02 3.747981723297806411e+01
2.883579762801315172e-02 3.678211852262416670e+01
2.916764030151752785e-02 3.645335993351083204e+01
2.949948297502189704e-02 3.586462764093228373e+01
2.983132564852627316e-02 3.554380035860413045e+01
3.016316832203064235e-02 3.487286865729426921e+01
3.049501099553501848e-02 3.342957611903594284e+01
3.082685366903939461e-02 3.284518197812253959e+01
3.115869634254376380e-02 3.202134396110768222e+01
3.149053901604813993e-02 3.116854872767355644e+01
3.182238168955251606e-02 3.057682324162106724e+01
3.215422436305688525e-02 2.973096264993472104e+01
3.248606703656126138e-02 2.905964657660162942e+01
3.281790971006563751e-02 2.835886165231442035e+01
3.314975238357000670e-02 2.766733999589720483e+01
3.348159505707438283e-02 2.689154433051434978e+01
3.381343773057875202e-02 2.645323470930322074e+01
3.414528040408312815e-02 2.600703441803883109e+01
3.447712307758750427e-02 2.552836996055174978e+01
3.480896575109187346e-02 2.498059155244680696e+01
3.514080842459624959e-02 2.447942542689633427e+01
3.547265109810061878e-02 2.387169604857595218e+01
3.580449377160499491e-02 2.337676848871850765e+01
3.613633644510937104e-02 2.296801149710168133e+01
3.646817911861374023e-02 2.245967928057187635e+01
3.680002179211811636e-02 2.203362128146158128e+01
3.713186446562249249e-02 2.161791675550751535e+01
3.746370713912686168e-02 2.117490210934746742e+01
3.779554981263123781e-02 2.072400217275658463e+01
3.812739248613561394e-02 2.027949418454915076e+01
3.845923515963998313e-02 1.989676441213664759e+01
3.879107783314435925e-02 1.947514012418753637e+01
3.912292050664872844e-02 1.907214545281202334e+01
3.945476318015310457e-02 1.866788645786794376e+01
3.978660585365748070e-02 1.831523976798317932e+01
4.011844852716184989e-02 1.794623538764354009e+01
4.045029120066622602e-02 1.757767581784117894e+01
4.078213387417059521e-02 1.723693747101100016e+01
4.111397654767497134e-02 1.687964582820982784e+01
4.144581922117934747e-02 1.652913744333798363e+01
4.177766189468371666e-02 1.620894454340164970e+01
4.210950456818809279e-02 1.587226245072684705e+01
4.244134724169246892e-02 1.555118501410254517e+01
4.277318991519683811e-02 1.522739900907178345e+01
4.310503258870121424e-02 1.491311662910700342e+01
4.343687526220559036e-02 1.460779013782417657e+01
4.376871793570995955e-02 1.430797330673989265e+01
4.410056060921433568e-02 1.401902517706753493e+01
4.443240328271870487e-02 1.371861233948158976e+01
4.476424595622308100e-02 1.342442228781224856e+01
4.509608862972745713e-02 1.314599639807773457e+01
4.542793130323182632e-02 1.286697102214749222e+01
4.575977397673620245e-02 1.258665046367100082e+01
4.609161665024057164e-02 1.232181785802589324e+01
4.642345932374494777e-02 1.205072793400535680e+01
4.675530199724932390e-02 1.179119124239018923e+01
4.708714467075369309e-02 1.153022883616019989e+01
4.741898734425806922e-02 1.128000458521041338e+01
4.775083001776244535e-02 1.102313981510912022e+01
4.808267269126681454e-02 1.077484374726740235e+01
4.841451536477119066e-02 1.053472059250261061e+01
4.874635803827556679e-02 1.029384744215051484e+01
4.907820071177993598e-02 1.006495392157723501e+01
4.941004338528431211e-02 9.836181387157116873e+00
4.974188605878868130e-02 9.610414370746894974e+00
5.007372873229305743e-02 9.392069747788118761e+00
5.040557140579743356e-02 9.172833830722220583e+00
5.073741407930180275e-02 8.959665448656281228e+00
5.106925675280617888e-02 8.750786628919110299e+00
5.140109942631054807e-02 8.541555905297817830e+00
5.173294209981492420e-02 8.338342590209133931e+00
5.206478477331930033e-02 8.136353181174897031e+00
5.239662744682366952e-02 7.937942269603530221e+00
5.272847012032804564e-02 7.743166453067103383e+00
5.306031279383242177e-02 7.555114189487785126e+00
5.339215546733679096e-02 7.366383581990474383e+00
5.372399814084116709e-02 7.182257081744207738e+00
5.405584081434554322e-02 7.000069395748636403e+00
5.438768348784991935e-02 6.822817024003248854e+00
5.471952616135428160e-02 6.648564340649905091e+00
5.505136883485865773e-02 6.477800889578437804e+00
5.538321150836303386e-02 6.310746704082290215e+00
5.571505418186740999e-02 6.145215603959502282e+00
5.604689685537178612e-02 5.983488259568337853e+00
5.637873952887614837e-02 5.824469457731096256e+00
5.671058220238052450e-02 5.667789940478540345e+00
5.704242487588490063e-02 5.514310945917613616e+00
5.737426754938927675e-02 5.363030716275759779e+00
5.770611022289365288e-02 5.215198938277896268e+00
5.803795289639801513e-02 5.068785289500652880e+00
5.836979556990239126e-02 4.927803719964067852e+00
5.870163824340676739e-02 4.788478657429333651e+00
5.903348091691114352e-02 4.650309052000547894e+00
5.936532359041551965e-02 4.516317289883414077e+00
5.969716626391989578e-02 4.384071030786142131e+00
6.002900893742425803e-02 4.254690765098446903e+00
6.036085161092863416e-02 4.128382844371370375e+00
6.069269428443301029e-02 4.004259771708282400e+00
6.102453695793738642e-02 3.883055169695694087e+00
6.135637963144176255e-02 3.764588538547681829e+00
6.168822230494612480e-02 3.647733876108792295e+00
6.202006497845050093e-02 3.533155867690853658e+00
6.235190765195487705e-02 3.421543199856251771e+00
6.268375032545925318e-02 3.312820420929591059e+00
6.301559299896362931e-02 3.205313515245826750e+00
6.334743567246800544e-02 3.101008701615691088e+00
6.367927834597236769e-02 2.998909430470316106e+00
6.401112101947674382e-02 2.899197414959509445e+00
6.434296369298111995e-02 2.801743530215986322e+00
6.467480636648549608e-02 2.705976024729080720e+00
6.500664903998987221e-02 2.612288764138389396e+00
6.533849171349423446e-02 2.521115584829990208e+00
6.567033438699861059e-02 2.432083521979651941e+00
6.600217706050298672e-02 2.345439540644869592e+00
6.633401973400736285e-02 2.260545403922371577e+00
6.666586240751173897e-02 2.177546195928659944e+00
6.699770508101610123e-02 2.096896042399798876e+00
6.732954775452047735e-02 2.018336151694735126e+00
6.766139042802485348e-02 1.941168211264571841e+00
6.799323310152922961e-02 1.866691601146488466e+00
6.832507577503360574e-02 1.793995292305604172e+00
6.865691844853796799e-02 1.723045925267851164e+00
6.898876112204234412e-02 1.654120362655166598e+00
6.932060379554672025e-02 1.587186660697746277e+00
6.965244646905109638e-02 1.521784003925315654e+00
6.998428914255547251e-02 1.458247463019790358e+00
7.031613181605984864e-02 1.396550209462125380e+00
7.064797448956421089e-02 1.336965313941969047e+00
7.097981716306858702e-02 1.278351115100365698e+00
7.131165983657296314e-02 1.222104594618956153e+00
7.164350251007733927e-02 1.167510982126242824e+00
7.197534518358171540e-02 1.114899694028095967e+00
7.230718785708607765e-02 1.063455798310973588e+00
7.263903053059045378e-02 1.013598917961631596e+00
7.297087320409482991e-02 9.653012243828725802e-01
7.330271587759920604e-02 9.191257359786594305e-01
7.363455855110358217e-02 8.738358094568039469e-01
7.396640122460795830e-02 8.299416161360425592e-01
7.429824389811232055e-02 7.879782617213818563e-01
7.463008657161669668e-02 7.471802918940616545e-01
7.496192924512107281e-02 7.078317444394945923e-01
7.529377191862544894e-02 6.700583566017905834e-01
7.562561459212982506e-02 6.337419658175590387e-01
7.595745726563418732e-02 5.985813811084582658e-01
7.628929993913856344e-02 5.651129919291798531e-01
7.662114261264293957e-02 5.331612396219611583e-01
7.695298528614731570e-02 5.026094216468849352e-01
7.728482795965169183e-02 4.726005672968849325e-01
7.761667063315605408e-02 4.443748614234034333e-01
7.794851330666043021e-02 4.173191282720941087e-01
7.828035598016480634e-02 3.914773372739697721e-01
7.861219865366918247e-02 3.666075278816400829e-01
7.894404132717355860e-02 3.429187164337397786e-01
7.927588400067792085e-02 3.200420284891104528e-01
7.960772667418229698e-02 2.987381336898047857e-01
7.993956934768667311e-02 2.778253540472699346e-01
8.027141202119104924e-02 2.578084503445855491e-01
8.060325469469542536e-02 2.389067347659312168e-01
8.093509736819980149e-02 2.213257862862632319e-01
8.126694004170416374e-02 2.046898295490984787e-01
8.159878271520853987e-02 1.890729316191744613e-01
8.193062538871291600e-02 1.740466783806225437e-01
8.226246806221729213e-02 1.593615043304192347e-01
8.259431073572166826e-02 1.464125574191502410e-01
8.292615340922603051e-02 1.336145737153639768e-01
8.325799608273040664e-02 1.217696610119605033e-01
8.358983875623478277e-02 1.112275149972900418e-01
8.392168142973915890e-02 1.012144388604843681e-01
8.425352410324353503e-02 9.193085898455996552e-02
8.458536677674791115e-02 8.302037313622596948e-02
8.491720945025227341e-02 7.496721245997997607e-02
8.524905212375664953e-02 6.740467991061956099e-02
8.558089479726102566e-02 6.108374796588309646e-02
8.591273747076540179e-02 5.467398596849229464e-02
8.624458014426977792e-02 4.889615660187918850e-02
8.657642281777414017e-02 4.391572251594278581e-02
8.690826549127851630e-02 3.899970315527036269e-02
8.724010816478289243e-02 3.524310248466400175e-02
8.757195083828726856e-02 3.185791773768947149e-02
8.790379351179164469e-02 2.881911686984640203e-02
8.823563618529600694e-02 2.602683388915489129e-02
8.856747885880038307e-02 2.382785559227521693e-02
8.889932153230475920e-02 2.204047305620253708e-02
8.923116420580913533e-02 2.086379135236093516e-02
8.956300687931351145e-02 2.026995293554325825e-02
8.989484955281787371e-02 1.984233090704352886e-02
9.022669222632224983e-02 1.931328001314532722e-02
9.055853489982662596e-02 1.952619627653461726e-02
9.089037757333100209e-02 2.003331920789750906e-02
9.122222024683537822e-02 2.066523555775447857e-02
9.155406292033975435e-02 2.181595391397609870e-02
9.188590559384411660e-02 2.325531933924573566e-02
9.221774826734849273e-02 2.472720592702918468e-02
9.254959094085286886e-02 2.653077581693097722e-02
9.288143361435724499e-02 2.860450151117873221e-02
9.321327628786162112e-02 3.099853904914301114e-02
9.354511896136598337e-02 3.319294115531112171e-02
9.387696163487035950e-02 3.631827730381049363e-02
9.420880430837473563e-02 3.930125763888780988e-02
9.454064698187911175e-02 4.233249415271182065e-02
9.487248965538348788e-02 4.504849448656665645e-02
9.520433232888786401e-02 4.798951933038556744e-02
9.553617500239222626e-02 5.073031086558550673e-02
9.586801767589660239e-02 5.400498319459748342e-02
9.619986034940097852e-02 5.708899798217843824e-02
9.653170302290535465e-02 6.078767249550555418e-02
9.686354569640973078e-02 6.459896006200500918e-02
9.719538836991409303e-02 6.803602458065692582e-02
9.752723104341846916e-02 7.172413452371845244e-02
9.785907371692284529e-02 7.518956896569022053e-02
9.819091639042722142e-02 7.877626108407920213e-02
9.852275906393159755e-02 8.277570640737794139e-02
9.885460173743595980e-02 8.660608965387653346e-02
9.918644441094033593e-02 8.973693305855465208e-02
9.951828708444471205e-02 9.388213344337419108e-02
9.985012975794908818e-02 9.755567468472214898e-02
1.001819724314534643e-01 1.013451083554904736e-01
1.005138151049578266e-01 1.053277632077850023e-01
1.008456577784622027e-01 1.089820348557585250e-01
1.011775004519665788e-01 1.125800591810937473e-01
1.015093431254709549e-01 1.157919875690891220e-01
1.018411857989753311e-01 1.195259019869027300e-01
1.021730284724797072e-01 1.228405073957498372e-01
1.025048711459840695e-01 1.263570330656998142e-01
1.028367138194884456e-01 1.292060998228843627e-01
1.031685564929928217e-01 1.322317315273536242e-01
1.035003991664971978e-01 1.354672972184511603e-01
1.038322418400015740e-01 1.385370901190239590e-01
1.041640845135059362e-01 1.418992466782442452e-01
1.044959271870103124e-01 1.443092998278835137e-01
1.048277698605146885e-01 1.469104673892878965e-01
1.051596125340190646e-01 1.498081877820573726e-01
1.054914552075234407e-01 1.528502277727449843e-01
1.058232978810278169e-01 1.556079086336910888e-01
1.061551405545321791e-01 1.583604913617950860e-01
1.064869832280365552e-01 1.602496632499584017e-01
1.068188259015409314e-01 1.623883154553873998e-01
1.071506685750453075e-01 1.640404065880713969e-01
1.074825112485496836e-01 1.656294735190820544e-01
1.078143539220540459e-01 1.678204929298738601e-01
1.081461965955584220e-01 1.696365815944194666e-01
1.084780392690627981e-01 1.709313736851720278e-01
1.088098819425671743e-01 1.723135799522214073e-01
1.091417246160715504e-01 1.740693876469409374e-01
1.094735672895759127e-01 1.749934951859116461e-01
1.098054099630802888e-01 1.760856190171172231e-01
1.101372526365846649e-01 1.771506920841583177e-01
1.104690953100890410e-01 1.780435973536615146e-01
1.108009379835934172e-01 1.789586762401462194e-01
1.111327806570977794e-01 1.800163070591886405e-01
1.114646233306021555e-01 1.806454965582810213e-01
1.117964660041065317e-01 1.811579978139220282e-01
1.121283086776109078e-01 1.817228347056950022e-01
1.124601513511152839e-01 1.822001197821981056e-01
1.127919940246196601e-01 1.825287883505573860e-01
1.131238366981240223e-01 1.825180450855199699e-01
1.134556793716283984e-01 1.828106085473468201e-01
1.137875220451327746e-01 1.833146860692306257e-01
1.141193647186371507e-01 1.828012139482999010e-01
1.144512073921415268e-01 1.826358455746975584e-01
1.147830500656458891e-01 1.823929306144252971e-01
1.151148927391502652e-01 1.817697498725090732e-01
1.154467354126546413e-01 1.807196255593050416e-01
1.157785780861590175e-01 1.803345340356698745e-01
1.161104207596633936e-01 1.795333194856804371e-01
1.164422634331677697e-01 1.788245395722397046e-01
1.167741061066721320e-01 1.779343912183236065e-01
1.171059487801765220e-01 1.771442077434408624e-01
1.174377914536808842e-01 1.759842532468637033e-01
1.177696341271852465e-01 1.750941913850487253e-01
1.181014768006896365e-01 1.735238565779699815e-01
1.184333194741939987e-01 1.722953801191859924e-01
1.187651621476983888e-01 1.710657687217697065e-01
1.190970048212027510e-01 1.701595886273703506e-01
1.194288474947071133e-01 1.683618512071411166e-01
1.197606901682115033e-01 1.666988205683685997e-01
1.200925328417158655e-01 1.649317932083916305e-01
1.204243755152202555e-01 1.625097011356108345e-01
1.207562181887246178e-01 1.602867049925130460e-01
1.210880608622289800e-01 1.584152958700832114e-01
1.214199035357333700e-01 1.561675768472535197e-01
1.217517462092377323e-01 1.535276356943910958e-01
1.220835888827421223e-01 1.510449144624028406e-01
1.224154315562464845e-01 1.485924877738031280e-01
1.227472742297508468e-01 1.461131303518971025e-01
1.230791169032552368e-01 1.429759081250009944e-01
1.234109595767595990e-01 1.409245798397462945e-01
1.237428022502639891e-01 1.379365266192074668e-01
1.240746449237683513e-01 1.349865790008832334e-01
1.244064875972727136e-01 1.320897752851519780e-01
1.247383302707771036e-01 1.293703888713181316e-01
1.250701729442814658e-01 1.264957799874722733e-01
1.254020156177858558e-01 1.238658252351370059e-01
1.257338582912902181e-01 1.203936287303526698e-01
1.260657009647946081e-01 1.176057260089227313e-01
1.263975436382989703e-01 1.146403258759108451e-01
1.267293863118033326e-01 1.116597496176760518e-01
1.270612289853077226e-01 1.085039681084179614e-01
1.273930716588120848e-01 1.053901073856941262e-01
1.277249143323164748e-01 1.020195813657792383e-01
1.280567570058208371e-01 9.905881386348430739e-02
1.283885996793251993e-01 9.622891298049736364e-02
1.287204423528295893e-01 9.283830103801590794e-02
1.290522850263339516e-01 8.959901798447097998e-02
1.293841276998383416e-01 8.622148228291999505e-02
1.297159703733427039e-01 8.291620103396026009e-02
1.300478130468470661e-01 8.009570852186938261e-02
1.303796557203514561e-01 7.687930077409689533e-02
1.307114983938558184e-01 7.373219883532548813e-02
1.310433410673602084e-01 7.113702719880313219e-02
1.313751837408645706e-01 6.829432423054136725e-02
1.317070264143689329e-01 6.502171963009152622e-02
1.320388690878733229e-01 6.178653643667603862e-02
1.323707117613776851e-01 5.869637506139756267e-02
1.327025544348820751e-01 5.592273174967163363e-02
1.330343971083864374e-01 5.341812067385848933e-02
1.333662397818907996e-01 5.059700241033649598e-02
1.336980824553951896e-01 4.802978921237090887e-02
1.340299251288995519e-01 4.484044804680750729e-02
1.343617678024039419e-01 4.291115122476120425e-02
1.346936104759083042e-01 4.044523202918617888e-02
1.350254531494126942e-01 3.810342965212403649e-02
1.353572958229170564e-01 3.557022211256390121e-02
1.356891384964214187e-01 3.279490218686332420e-02
1.360209811699258087e-01 3.027575673672152842e-02
1.363528238434301709e-01 2.805037345492673861e-02
1.366846665169345609e-01 2.614546109235253366e-02
1.370165091904389232e-01 2.420584977944150937e-02
1.373483518639432854e-01 2.233194312197367415e-02
1.376801945374476754e-01 2.027045893985196176e-02
1.380120372109520377e-01 1.852257828778253526e-02
1.383438798844564277e-01 1.676401482904396265e-02
1.386757225579607899e-01 1.527562154162341590e-02
1.390075652314651522e-01 1.360852582746787526e-02
1.393394079049695422e-01 1.245825983674779362e-02
1.396712505784739045e-01 1.107141883717262243e-02
1.400030932519782945e-01 9.637925892466469094e-03
1.403349359254826567e-01 8.684267272033231733e-03
1.406667785989870190e-01 7.463908246726319931e-03
1.409986212724914090e-01 7.005844872511085737e-03
1.413304639459957712e-01 6.219875948808853243e-03
1.416623066195001612e-01 5.392192163846384022e-03
1.419941492930045235e-01 4.533199662520285070e-03
1.423259919665088857e-01 3.790395035722271284e-03
1.426578346400132757e-01 2.845182512228580218e-03
1.429896773135176380e-01 1.807990000213076072e-03
1.433215199870220280e-01 1.290084931384131864e-03
1.436533626605263902e-01 1.466202879491824203e-03
1.439852053340307525e-01 1.018338799196779427e-03
1.443170480075351425e-01 9.208111640372852779e-04
1.446488906810395048e-01 4.213000020027040412e-04
1.449807333545438948e-01 2.425274181457711862e-04
1.453125760280482570e-01 1.836282939665740354e-04
1.456444187015526193e-01 1.062446461318420894e-04
1.459762613750570093e-01 -0.000000000000000000e+00
1.463081040485613715e-01 2.807895993017874340e-04
1.466399467220657615e-01 5.974843667027824115e-04
1.469717893955701238e-01 7.994884734080639436e-04
1.473036320690745138e-01 9.445821290550828267e-04
1.476354747425788760e-01 1.524485797786562192e-03
1.479673174160832383e-01 1.887673482784810479e-03
1.482991600895876283e-01 2.580279220248859074e-03
1.486310027630919905e-01 3.145605797813579192e-03
1.489628454365963806e-01 4.231551297619153343e-03
1.492946881101007428e-01 4.784953859620696449e-03
1.496265307836051051e-01 5.302150554178959932e-03
1.499583734571094951e-01 6.243303388833340919e-03
1.502902161306138573e-01 7.072343836503758654e-03
1.506220588041182473e-01 8.277600668854454002e-03
1.509539014776226096e-01 9.554169675119340149e-03
1.512857441511269718e-01 1.015275510526067286e-02
1.516175868246313618e-01 1.036155442146144585e-02
1.519494294981357241e-01 1.140982002820993373e-02
1.522812721716401141e-01 1.246528826112956213e-02
1.526131148451444763e-01 1.431751847033690961e-02
1.529449575186488386e-01 1.563032564585707662e-02
1.532768001921532286e-01 1.712418999741065206e-02
1.536086428656575908e-01 1.849004488218465928e-02
1.539404855391619809e-01 1.981923062607933786e-02
1.542723282126663431e-01 2.123228642781380127e-02
1.546041708861707054e-01 2.280513895001583941e-02
1.549360135596750954e-01 2.438666280497008010e-02
1.552678562331794576e-01 2.582163559716107309e-02
1.555996989066838476e-01 2.756129387335704353e-02
1.559315415801882099e-01 2.921055623497651257e-02
1.562633842536925999e-01 3.076150356055197890e-02
1.565952269271969621e-01 3.256485464137286179e-02
1.569270696007013244e-01 3.458123461736013066e-02
1.572589122742057144e-01 3.666396854898361368e-02
1.575907549477100766e-01 3.826196999880796673e-02
1.579225976212144666e-01 4.034986908870191735e-02
1.582544402947188289e-01 4.214687721362541523e-02
1.585862829682231911e-01 4.398409229632511269e-02
1.589181256417275812e-01 4.573279284994240246e-02
1.592499683152319434e-01 4.764614294731824712e-02
1.595818109887363334e-01 4.910106367379094700e-02
1.599136536622406957e-01 5.090283500728502025e-02
1.602454963357450579e-01 5.350723029340337389e-02
1.605773390092494479e-01 5.574613943845453667e-02
1.609091816827538102e-01 5.785808213847816461e-02
1.612410243562582002e-01 6.052950152791776450e-02
1.615728670297625624e-01 6.317774765153208461e-02
1.619047097032669247e-01 6.549359588902890772e-02
1.622365523767713147e-01 6.801772612656729888e-02
1.625683950502756769e-01 7.032730765119388217e-02
1.629002377237800669e-01 7.254615460234521696e-02
1.632320803972844292e-01 7.511119729821978674e-02
1.635639230707887914e-01 7.745525730498181716e-02
1.638957657442931815e-01 7.953606766021614760e-02
1.642276084177975437e-01 8.183784734688802354e-02
1.645594510913019337e-01 8.454058208906690963e-02
1.648912937648062960e-01 8.727369240963603336e-02
1.652231364383106582e-01 8.940918070057750355e-02
1.655549791118150482e-01 9.217098995833308828e-02
1.658868217853194105e-01 9.491293110693486967e-02
1.662186644588238005e-01 9.778565432328074902e-02
1.665505071323281627e-01 1.012935115806992969e-01
1.668823498058325250e-01 1.043714991947717746e-01
1.672141924793369150e-01 1.069990109965344854e-01
1.675460351528412772e-01 1.095465527360292429e-01
1.678778778263456672e-01 1.123735351025281770e-01
1.682097204998500295e-01 1.152375089138605313e-01
1.685415631733544195e-01 1.175896977114232189e-01
1.688734058468587818e-01 1.201185487768116761e-01
1.692052485203631440e-01 1.227968277107475692e-01
1.695370911938675340e-01 1.254389750842953566e-01
1.698689338673718963e-01 1.283092542134460778e-01
1.702007765408762863e-01 1.312571528463845894e-01
1.705326192143806485e-01 1.340195444066147601e-01
1.708644618878850108e-01 1.368300195492884452e-01
1.711963045613894008e-01 1.399126956082916429e-01
1.715281472348937630e-01 1.428565010672344371e-01
1.718599899083981530e-01 1.459649649354025358e-01
1.721918325819025153e-01 1.487195513318491924e-01
1.725236752554068775e-01 1.514945255047659978e-01
1.728555179289112675e-01 1.543188038777323079e-01
1.731873606024156298e-01 1.571506269306498227e-01
1.735192032759200198e-01 1.602617863518382979e-01
1.738510459494243821e-01 1.631953402813924869e-01
1.741828886229287443e-01 1.663691755657334126e-01
1.745147312964331343e-01 1.692974172605024030e-01
1.748465739699374966e-01 1.725148847514932637e-01
1.751784166434418866e-01 1.756829475721123912e-01
1.755102593169462488e-01 1.786768262375276195e-01
1.758421019904506111e-01 1.812211341130436082e-01
1.761739446639550011e-01 1.843720047875679058e-01
1.765057873374593633e-01 1.877612486580319817e-01
1.768376300109637533e-01 1.909513572898012823e-01
1.771694726844681156e-01 1.937009905715455227e-01
1.775013153579725056e-01 1.968851119596651267e-01
1.778331580314768678e-01 2.004375600334245278e-01
1.781650007049812301e-01 2.041277678439347987e-01
1.784968433784856201e-01 2.080373231148241464e-01
1.788286860519899824e-01 2.115150684625572708e-01
1.791605287254943724e-01 2.150728216074797305e-01
1.794923713989987346e-01 2.188664569400086135e-01
1.798242140725030969e-01 2.222378971761510558e-01
1.801560567460074869e-01 2.260719279664947789e-01
1.804878994195118491e-01 2.297165929527093531e-01
1.808197420930162391e-01 2.334087028720100154e-01
1.811515847665206014e-01 2.372058736369414000e-01
1.814834274400249636e-01 2.412252647111882975e-01
1.818152701135293536e-01 2.454155050606246502e-01
1.821471127870337159e-01 2.498423065137377608e-01
1.824789554605381059e-01 2.543406422777459430e-01
1.828107981340424681e-01 2.587426409182098097e-01
1.831426408075468304e-01 2.631363004503414760e-01
1.834744834810512204e-01 2.672321920941617135e-01
1.838063261545555827e-01 2.716219041502300202e-01
1.841381688280599727e-01 2.762352337564095706e-01
1.844700115015643349e-01 2.812355205188085683e-01
1.848018541750686972e-01 2.860769040438385646e-01
1.851336968485730872e-01 2.906826627531873819e-01
1.854655395220774494e-01 2.952632876403623596e-01
1.857973821955818394e-01 3.006888755694689386e-01
1.861292248690862017e-01 3.059216223400844648e-01
1.864610675425905639e-01 3.111837231393063674e-01
1.867929102160949539e-01 3.167494023543885873e-01
1.871247528895993162e-01 3.216129671711501214e-01
1.874565955631037062e-01 3.261496394341613647e-01
1.877884382366080684e-01 3.315686240362576975e-01
1.881202809101124307e-01 3.371848649150182009e-01
1.884521235836168207e-01 3.427740494472432120e-01
1.887839662571211830e-01 3.490099640428049876e-01
1.891158089306255730e-01 3.546855686889870962e-01
1.894476516041299352e-01 3.601747903204766676e-01
1.897794942776343252e-01 3.656572364341159065e-01
1.901113369511386875e-01 3.719139275930925526e-01
1.904431796246430497e-01 3.777590072042245617e-01
1.907750222981474397e-01 3.841502564641989248e-01
1.911068649716518020e-01 3.902845060148361078e-01
1.914387076451561920e-01 3.969688713596253860e-01
1.917705503186605542e-01 4.032127449342237657e-01
1.921023929921649165e-01 4.098547618942731674e-01
1.924342356656693065e-01 4.160740503370996546e-01
1.927660783391736687e-01 4.217901785863086284e-01
1.930979210126780587e-01 4.285777512258831523e-01
1.934297636861824210e-01 4.358766125018877502e-01
1.937616063596867833e-01 4.429202281300136379e-01
1.940934490331911733e-01 4.496007879656140349e-01
1.944252917066955355e-01 4.565013263236422092e-01
1.947571343801999255e-01 4.634548355239264117e-01
1.950889770537042878e-01 4.711585946937429381e-01
1.954208197272086500e-01 4.789495186825972750e-01
1.957526624007130400e-01 4.863498354266977408e-01
1.960845050742174023e-01 4.937932095047352643e-01
1.964163477477217923e-01 5.011709067106432380e-01
1.967481904212261545e-01 5.091763953672561183e-01
1.970800330947305168e-01 5.171945032940754583e-01
1.974118757682349068e-01 5.264398590105840992e-01
1.977437184417392690e-01 5.351618254793445439e-01
1.980755611152436590e-01 5.440274441378452064e-01
1.984074037887480213e-01 5.522670236540854205e-01
1.987392464622524113e-01 5.608035430596782778e-01
1.990710891357567736e-01 5.699799657148286736e-01
1.994029318092611358e-01 5.789747414696385652e-01
1.997347744827655258e-01 5.882261428280197713e-01
2.000666171562698881e-01 5.977668508548197313e-01
2.003984598297742781e-01 6.073494714624614321e-01
2.007303025032786403e-01 6.172076298368882608e-01
2.010621451767830026e-01 6.266540458162428440e-01
2.013939878502873926e-01 6.369483799327377849e-01
2.017258305237917548e-01 6.473914816676628048e-01
2.020576731972961448e-01 6.578586029711706029e-01
2.023895158708005071e-01 6.683950014274936402e-01
2.027213585443048693e-01 6.786967605349050192e-01
2.030532012178092593e-01 6.892203030631961491e-01
2.033850438913136216e-01 7.001446783321804146e-01
2.037168865648180116e-01 7.118155782703718959e-01
2.040487292383223739e-01 7.233425278890801557e-01
2.043805719118267361e-01 7.352696182414729664e-01
2.047124145853311261e-01 7.476539081360016326e-01
2.050442572588354884e-01 7.604539519869374375e-01
2.053760999323398784e-01 7.727496877705073430e-01
2.057079426058442406e-01 7.853513034857736441e-01
2.060397852793486029e-01 7.983807656704869915e-01
2.063716279528529929e-01 8.108672168255093293e-01
2.067034706263573551e-01 8.235600247509076155e-01
2.070353132998617451e-01 8.372982967219607664e-01
2.073671559733661074e-01 8.506352479149255075e-01
2.076989986468704696e-01 8.642161233273997212e-01
2.080308413203748596e-01 8.779378231958344658e-01
2.083626839938792219e-01 8.923515974558328123e-01
2.086945266673836119e-01 9.067466631945945155e-01
2.090263693408879742e-01 9.217786054258696460e-01
2.093582120143923364e-01 9.367001165641776206e-01
2.096900546878967264e-01 9.520457905331215498e-01
2.100218973614010887e-01 9.676394448198138987e-01
2.103537400349054787e-01 9.836947570153510290e-01
2.106855827084098409e-01 9.996659787249354556e-01
2.110174253819142309e-01 1.015407430403338029e+00
2.113492680554185932e-01 1.031811658641021978e+00
2.116811107289229554e-01 1.049053579723437934e+00
2.120129534024273454e-01 1.065731024515163661e+00
2.123447960759317077e-01 1.082944521627659862e+00
2.126766387494360977e-01 1.100294913257640950e+00
2.130084814229404599e-01 1.117323574702799194e+00
2.133403240964448222e-01 1.135174329287470307e+00
2.136721667699492122e-01 1.153689463570451990e+00
2.140040094434535745e-01 1.172612927291459384e+00
2.143358521169579645e-01 1.190925913279847315e+00
2.146676947904623267e-01 1.210388429411498823e+00
2.149995374639666890e-01 1.229352559567974845e+00
2.153313801374710790e-01 1.249153042449464346e+00
2.156632228109754412e-01 1.268044479200783003e+00
2.159950654844798312e-01 1.287994802770197733e+00
2.163269081579841935e-01 1.307654387643072846e+00
2.166587508314885557e-01 1.328624986575797973e+00
2.169905935049929457e-01 1.349298738081322169e+00
2.173224361784973080e-01 1.369733858583831010e+00
2.176542788520016980e-01 1.390894050985083563e+00
2.179861215255060602e-01 1.412611663083928049e+00
2.183179641990104225e-01 1.434690168489005879e+00
2.186498068725148125e-01 1.457413153142317563e+00
2.189816495460191748e-01 1.479741226327413894e+00
2.193134922195235648e-01 1.502539548797047875e+00
2.196453348930279270e-01 1.524864726575846152e+00
2.199771775665323170e-01 1.548198386903977930e+00
2.203090202400366793e-01 1.571292699109364310e+00
2.206408629135410415e-01 1.594653067179117478e+00
2.209727055870454315e-01 1.618376623575210393e+00
2.213045482605497938e-01 1.642182317363275246e+00
2.216363909340541838e-01 1.666416623543998332e+00
2.219682336075585460e-01 1.690897843378954768e+00
2.223000762810629083e-01 1.714910349627479125e+00
2.226319189545672983e-01 1.739341062743264166e+00
2.229637616280716605e-01 1.764550417314671327e+00
2.232956043015760506e-01 1.789617497992109341e+00
2.236274469750804128e-01 1.814963002385503010e+00
2.239592896485847751e-01 1.839845453543249132e+00
2.242911323220891651e-01 1.865737817348983363e+00
2.246229749955935273e-01 1.891390553430229549e+00
2.249548176690979173e-01 1.917153557240002471e+00
2.252866603426022796e-01 1.943285547420124937e+00
2.256185030161066418e-01 1.969432141552907023e+00
2.259503456896110318e-01 1.996534522139601586e+00
2.262821883631153941e-01 2.024407203259428467e+00
2.266140310366197841e-01 2.050941366890215889e+00
2.269458737101241463e-01 2.077961929159919841e+00
2.272777163836285086e-01 2.105915828067467022e+00
2.276095590571328986e-01 2.133836945675866126e+00
2.279414017306372608e-01 2.162254069737581386e+00
2.282732444041416509e-01 2.189675627837520011e+00
2.286050870776460131e-01 2.217665255003629099e+00
2.289369297511503754e-01 2.245491503377736731e+00
2.292687724246547654e-01 2.272704447307972941e+00
2.296006150981591276e-01 2.301736097228433753e+00
2.299324577716635176e-01 2.330870174230423864e+00
2.302643004451678799e-01 2.359366715477186460e+00
2.305961431186722421e-01 2.388136464705389539e+00
2.309279857921766321e-01 2.417099528089521776e+00
2.312598284656809944e-01 2.445621738780980436e+00
2.315916711391853844e-01 2.475327507993263065e+00
2.319235138126897466e-01 2.504784155398182222e+00
2.322553564861941366e-01 2.534085341295895244e+00
2.325871991596984989e-01 2.563049815282202104e+00
2.329190418332028611e-01 2.592410346046253977e+00
2.332508845067072512e-01 2.622785182126364578e+00
2.335827271802116134e-01 2.654386947911953509e+00
2.339145698537160034e-01 2.685949725336655991e+00
2.342464125272203657e-01 2.716386126435232917e+00
2.345782552007247279e-01 2.747157944013564723e+00
2.349100978742291179e-01 2.777680575817843778e+00
2.352419405477334802e-01 2.810250189480553384e+00
2.355737832212378702e-01 2.841512958488527030e+00
2.359056258947422324e-01 2.873000424282381893e+00
2.362374685682465947e-01 2.904155739866152608e+00
2.365693112417509847e-01 2.936842646641724119e+00
2.369011539152553469e-01 2.968738485651227332e+00
2.372329965887597369e-01 3.001448896794771670e+00
2.375648392622640992e-01 3.033487619531674007e+00
2.378966819357684614e-01 3.066754270087364898e+00
2.382285246092728515e-01 3.100703120885776709e+00
2.385603672827772137e-01 3.134713427820782883e+00
2.388922099562816037e-01 3.170377286597187982e+00
2.392240526297859660e-01 3.205708564796231563e+00
2.395558953032903282e-01 3.239244551219081725e+00
2.398877379767947182e-01 3.275132792415718974e+00
2.402195806502990805e-01 3.311709278735771811e+00
2.405514233238034705e-01 3.347749438843180769e+00
2.408832659973078327e-01 3.385178084710551261e+00
2.412151086708122227e-01 3.422011926732440035e+00
2.415469513443165850e-01 3.459873510188240520e+00
2.418787940178209472e-01 3.496967558742339666e+00
2.422106366913253372e-01 3.534320871985962675e+00
2.425424793648297273e-01 3.573109462632639843e+00
2.428743220383340617e-01 3.611093753110036886e+00
2.432061647118384518e-01 3.649239267063609127e+00
2.435380073853428418e-01 3.687404478000673613e+00
2.438698500588471763e-01 3.727578321245959003e+00
2.442016927323515663e-01 3.767297880882277905e+00
2.445335354058559563e-01 3.809722890157924091e+00
2.448653780793602908e-01 3.850925970727558489e+00
2.451972207528646808e-01 3.892761247323293983e+00
2.455290634263690708e-01 3.935627125309990593e+00
2.458609060998734608e-01 3.979264787907975442e+00
2.461927487733777953e-01 4.022430349186467247e+00
2.465245914468821853e-01 4.067474197419435278e+00
2.468564341203865753e-01 4.112309579071656174e+00
2.471882767938909098e-01 4.157184000607859531e+00
2.475201194673952998e-01 4.201776235002623316e+00
2.478519621408996898e-01 4.247852864834237963e+00
2.481838048144040798e-01 4.294722099588282660e+00
2.485156474879084143e-01 4.343219011886440661e+00
2.488474901614128043e-01 4.392333226764501219e+00
2.491793328349171943e-01 4.442348524333936233e+00
2.495111755084215288e-01 4.491769391085504992e+00
2.498430181819259188e-01 4.541130158906905301e+00
2.501748608554302811e-01 4.590448223148648310e+00
2.505067035289346711e-01 4.640690884846546460e+00
2.508385462024390611e-01 4.692178710909534978e+00
2.511703888759434511e-01 4.742581452335056902e+00
2.515022315494478411e-01 4.796837282161849458e+00
2.518340742229521201e-01 4.851419324331195604e+00
2.521659168964565101e-01 4.905048178599691333e+00
2.524977595699609001e-01 4.959340826256219081e+00
2.528296022434652901e-01 5.015674971910022428e+00
2.531614449169696801e-01 5.070252689511214328e+00
2.534932875904740701e-01 5.126959733381509565e+00
2.538251302639783491e-01 5.184001093420731010e+00
2.541569729374827391e-01 5.242332991883355220e+00
2.544888156109871291e-01 5.300308245744866475e+00
2.548206582844915191e-01 5.359934941158638999e+00
2.551525009579959091e-01 5.419030876638566419e+00
2.554843436315002991e-01 5.480220917363165078e+00
2.558161863050046891e-01 5.539856005474891099e+00
2.561480289785089681e-01 5.599502472115411855e+00
2.564798716520133581e-01 5.662076981790161945e+00
2.568117143255177481e-01 5.724721563690539305e+00
2.571435569990221381e-01 5.790009770122397370e+00
2.574753996725265281e-01 5.855481225556566471e+00
2.578072423460309182e-01 5.919245488047254256e+00
2.581390850195353082e-01 5.986046902580729245e+00
2.584709276930395871e-01 6.052110091159490501e+00
2.588027703665439772e-01 6.118587961609484260e+00
2.591346130400483672e-01 6.190074352864710860e+00
2.594664557135527572e-01 6.260304631882580573e+00
2.597982983870571472e-01 6.330726346962426199e+00
2.601301410605615372e-01 6.401502389826437600e+00
2.604619837340659272e-01 6.473747151660067978e+00
2.607938264075702062e-01 6.546014719544603011e+00
2.611256690810745962e-01 6.621684142191885947e+00
2.614575117545789862e-01 6.693654220201811000e+00
2.617893544280833762e-01 6.772113425596092640e+00
2.621211971015877662e-01 6.849097610815523041e+00
2.624530397750921562e-01 6.928034162459803191e+00
2.627848824485964352e-01 7.005193437964577718e+00
2.631167251221008252e-01 7.084864943823069972e+00
2.634485677956052152e-01 7.167208267189781878e+00
2.637804104691096052e-01 7.249494017631964660e+00
2.641122531426139952e-01 7.333350190823812120e+00
2.644440958161183852e-01 7.416117520446143807e+00
2.647759384896227752e-01 7.500328780414624141e+00
2.651077811631270542e-01 7.588116589443660409e+00
2.654396238366314442e-01 7.675975931259395146e+00
2.657714665101358342e-01 7.766217076585538948e+00
2.661033091836402242e-01 7.858754469785782071e+00
2.664351518571446142e-01 7.949873454310309562e+00
2.667669945306490042e-01 8.045277511130690229e+00
2.670988372041533943e-01 8.140166076922946914e+00
2.674306798776576732e-01 8.239262649161711138e+00
2.677625225511620632e-01 8.339300944252665104e+00
2.680943652246664533e-01 8.440984512228908443e+00
2.684262078981708433e-01 8.542334828731913632e+00
2.687580505716752333e-01 8.646489854407345632e+00
2.690898932451796233e-01 8.749854857878872849e+00
2.694217359186840133e-01 8.858124352028774240e+00
2.697535785921882923e-01 8.966678752290679455e+00
2.700854212656926823e-01 9.077277896388846301e+00
2.704172639391970723e-01 9.186187431566960271e+00
2.707491066127014623e-01 9.298707941560317991e+00
2.710809492862058523e-01 9.413651094476357173e+00
2.714127919597102423e-01 9.528749326796877028e+00
2.717446346332145213e-01 9.645896596261366085e+00
2.720764773067189113e-01 9.764158887731248626e+00
2.724083199802233013e-01 9.880050439179223432e+00
2.727401626537276913e-01 1.000467992495026159e+01
2.730720053272320813e-01 1.013181568722160542e+01
2.734038480007364713e-01 1.025515242695128748e+01
2.737356906742408613e-01 1.037915981598967186e+01
2.740675333477451403e-01 1.050239632954354896e+01
2.743993760212495303e-01 1.063598991495275214e+01
2.747312186947539203e-01 1.076883827711071007e+01
2.750630613682583103e-01 1.090570885198127193e+01
2.753949040417627003e-01 1.105295250488724079e+01
2.757267467152670903e-01 1.118863415675915007e+01
2.760585893887714803e-01 1.132718037754954388e+01
2.763904320622757593e-01 1.147177131856395427e+01
2.767222747357801493e-01 1.160991697027204772e+01
2.770541174092845393e-01 1.175845461859456620e+01
2.773859600827889293e-01 1.191752923918151019e+01
2.777178027562933194e-01 1.206425587099719010e+01
2.780496454297977094e-01 1.221141709991164603e+01
2.783814881033020994e-01 1.237040255856794069e+01
2.787133307768063784e-01 1.253110111834076790e+01
2.790451734503107684e-01 1.269318524140943616e+01
2.793770161238151584e-01 1.286573265517423437e+01
2.797088587973195484e-01 1.302710829385614488e+01
2.800407014708239384e-01 1.319054500953757803e+01
2.803725441443283284e-01 1.336077333462360883e+01
2.807043868178326074e-01 1.353205526836058858e+01
2.810362294913369974e-01 1.370226441921912830e+01
2.813680721648413874e-01 1.386475127488837167e+01
2.816999148383457774e-01 1.405825872915301922e+01
2.820317575118501674e-01 1.424143798632744939e+01
2.823636001853545574e-01 1.443673416754625016e+01
2.826954428588589474e-01 1.462108087267756495e+01
2.830272855323632264e-01 1.481074784290372115e+01
2.833591282058676164e-01 1.500136297550224818e+01
2.836909708793720064e-01 1.520190158022888127e+01
2.840228135528763964e-01 1.539326330583937796e+01
2.843546562263807864e-01 1.558418406170561887e+01
2.846864988998851764e-01 1.579163161404509985e+01
2.850183415733895664e-01 1.597915269923441706e+01
2.853501842468938454e-01 1.616964757585903456e+01
2.856820269203982354e-01 1.639870226036809697e+01
2.860138695939026254e-01 1.659399900054774335e+01
2.863457122674070154e-01 1.681116624256934955e+01
2.866775549409114054e-01 1.704252614854822312e+01
2.870093976144157955e-01 1.725232473239297804e+01
2.873412402879200744e-01 1.746900805188100492e+01
2.876730829614244644e-01 1.768735135819245485e+01
2.880049256349288544e-01 1.796917595702596060e+01
2.883367683084332445e-01 1.822426998720453639e+01
2.886686109819376345e-01 1.847555642789015096e+01
2.890004536554420245e-01 1.871867144292251695e+01
2.893322963289464145e-01 1.899383814057187081e+01
2.896641390024506935e-01 1.926753988037038212e+01
2.899959816759550835e-01 1.951675967231504316e+01
2.903278243494594735e-01 1.977592333683866954e+01
2.906596670229638635e-01 2.001030419188721510e+01
2.909915096964682535e-01 2.029123895319573023e+01
2.913233523699726435e-01 2.056006181610038297e+01
2.916551950434770335e-01 2.085310466846025435e+01
2.919870377169813125e-01 2.111614350767154491e+01
2.923188803904857025e-01 2.137663793361148024e+01
2.926507230639900925e-01 2.162902778760235378e+01
2.929825657374944825e-01 2.191266970980800366e+01
2.933144084109988725e-01 2.225820191473355791e+01
2.936462510845032625e-01 2.258994335202723036e+01
2.939780937580076525e-01 2.287279069604916160e+01
2.943099364315119315e-01 2.315144206248946901e+01
2.946417791050163215e-01 2.338231026178825189e+01
2.949736217785207115e-01 2.367128058957024450e+01
2.953054644520251015e-01 2.390930708681384331e+01
2.956373071255294915e-01 2.415173871834471342e+01
2.959691497990338815e-01 2.452208110036735533e+01
2.963009924725381605e-01 2.489905138927439765e+01
2.966328351460425505e-01 2.521736619188730444e+01
2.969646778195469405e-01 2.546907721743301423e+01
2.972965204930513305e-01 2.594685288933597533e+01
2.976283631665557206e-01 2.620216665576369053e+01
2.979602058400601106e-01 2.646220465677547651e+01
2.982920485135645006e-01 2.672696907133516220e+01
2.986238911870687796e-01 2.715984330553234827e+01
2.989557338605731696e-01 2.743044138515392660e+01
2.992875765340775596e-01 2.783834183012299945e+01
2.996194192075819496e-01 2.811577841835947922e+01
2.999512618810863396e-01 2.862231952692383530e+01
3.002831045545907296e-01 2.890508328848212827e+01
3.006149472280951196e-01 2.919276344673658130e+01
3.009467899015993986e-01 2.948536091871743281e+01
3.012786325751037886e-01 2.978287664795174905e+01
3.016104752486081786e-01 3.008531160406727523e+01
3.019423179221125686e-01 3.081512183352712597e+01
3.022741605956169586e-01 3.181617510993252651e+01
3.026060032691213486e-01 3.211748967259980958e+01
3.029378459426257386e-01 3.242390076241351693e+01
3.032696886161300176e-01 3.273540874847709858e+01
3.036015312896344076e-01 3.305201400282577140e+01
3.039333739631387976e-01 3.337371690036447802e+01
3.042652166366431876e-01 3.424888538049600584e+01
3.045970593101475776e-01 3.525791814303714489e+01
3.049289019836519676e-01 3.558359623806016003e+01
3.052607446571562466e-01 3.591445957530174837e+01
3.055925873306606366e-01 3.625050816830364653e+01
3.059244300041650266e-01 3.659174203069584053e+01
3.062562726776694166e-01 3.693816117619616790e+01
3.065881153511738066e-01 3.916396449525431223e+01
3.069199580246781967e-01 3.951493201546072243e+01
3.072518006981825867e-01 3.987109905446094871e+01
3.075836433716868656e-01 8.289306334778564178e+01
3.079154860451912556e-01 8.289306334778564178e+01
3.082473287186956457e-01 8.289306334778564178e+01
3.085791713922000357e-01 8.289306334778564178e+01
3.089110140657044257e-01 8.289306334778564178e+01
3.092428567392088157e-01 8.289306334778564178e+01
3.095746994127132057e-01 8.289306334778564178e+01
3.099065420862174847e-01 8.289306334778564178e+01
3.102383847597218747e-01 8.289306334778564178e+01
3.105702274332262647e-01 8.289306334778564178e+01
3.109020701067306547e-01 8.289306334778564178e+01
3.112339127802350447e-01 8.289306334778564178e+01
3.115657554537394347e-01 8.289306334778564178e+01
3.118975981272438247e-01 8.289306334778564178e+01
3.122294408007481037e-01 8.289306334778564178e+01
3.125612834742524937e-01 8.289306334778564178e+01
3.128931261477568837e-01 8.289306334778564178e+01
3.132249688212612737e-01 8.289306334778564178e+01
3.135568114947656637e-01 8.289306334778564178e+01
3.138886541682700537e-01 8.289306334778564178e+01
3.142204968417743327e-01 8.289306334778564178e+01
3.145523395152787227e-01 8.289306334778564178e+01
3.148841821887831127e-01 8.289306334778564178e+01
3.152160248622875027e-01 8.289306334778564178e+01
3.155478675357918927e-01 8.289306334778564178e+01
3.158797102092962827e-01 8.289306334778564178e+01
3.162115528828006727e-01 8.289306334778564178e+01
3.165433955563049517e-01 8.289306334778564178e+01
3.168752382298093417e-01 8.289306334778564178e+01
3.172070809033137317e-01 8.289306334778564178e+01
3.175389235768181218e-01 8.289306334778564178e+01
3.178707662503225118e-01 8.289306334778564178e+01
3.182026089238269018e-01 8.289306334778564178e+01
3.185344515973312918e-01 8.289306334778564178e+01
3.188662942708355708e-01 8.289306334778564178e+01
3.191981369443399608e-01 8.289306334778564178e+01
3.195299796178443508e-01 8.289306334778564178e+01
3.198618222913487408e-01 8.289306334778564178e+01
3.201936649648531308e-01 8.289306334778564178e+01
3.205255076383575208e-01 8.289306334778564178e+01
3.208573503118619108e-01 8.289306334778564178e+01
3.211891929853661898e-01 8.289306334778564178e+01
3.215210356588705798e-01 8.289306334778564178e+01
3.218528783323749698e-01 8.289306334778564178e+01
3.221847210058793598e-01 8.289306334778564178e+01
3.225165636793837498e-01 8.289306334778564178e+01
3.228484063528881398e-01 8.289306334778564178e+01
3.231802490263924188e-01 8.289306334778564178e+01
3.235120916998968088e-01 8.289306334778564178e+01
3.238439343734011988e-01 8.289306334778564178e+01
3.241757770469055888e-01 8.289306334778564178e+01
3.245076197204099788e-01 8.289306334778564178e+01
3.248394623939143688e-01 8.289306334778564178e+01
3.251713050674187588e-01 8.289306334778564178e+01
3.255031477409230378e-01 8.289306334778564178e+01
3.258349904144274278e-01 8.289306334778564178e+01
3.261668330879318178e-01 8.289306334778564178e+01
3.264986757614362078e-01 8.289306334778564178e+01
3.268305184349405978e-01 8.289306334778564178e+01
3.271623611084449879e-01 8.289306334778564178e+01
3.274942037819493779e-01 8.289306334778564178e+01
3.278260464554536568e-01 8.289306334778564178e+01
3.281578891289580469e-01 8.289306334778564178e+01
3.284897318024624369e-01 8.289306334778564178e+01
3.288215744759668269e-01 8.289306334778564178e+01
3.291534171494712169e-01 8.289306334778564178e+01
3.294852598229756069e-01 8.289306334778564178e+01
3.298171024964798859e-01 8.289306334778564178e+01
3.301489451699842759e-01 8.289306334778564178e+01
3.304807878434886659e-01 8.289306334778564178e+01
3.308126305169930559e-01 8.289306334778564178e+01
3.311444731904973904e-01 8.289306334778564178e+01
