1.258586244313468216e-01 8.289306334778564178e+01
1.262548005020627251e-01 8.289306334778564178e+01
1.266509765727786563e-01 8.289306334778564178e+01
1.270471526434945597e-01 8.289306334778564178e+01
1.274433287142104909e-01 8.289306334778564178e+01
1.278395047849263944e-01 8.289306334778564178e+01
1.282356808556423255e-01 8.289306334778564178e+01
1.286318569263582290e-01 8.289306334778564178e+01
1.290280329970741602e-01 8.289306334778564178e+01
1.294242090677900636e-01 8.289306334778564178e+01
1.298203851385059671e-01 8.289306334778564178e+01
1.302165612092218983e-01 8.289306334778564178e+01
1.306127372799378017e-01 8.289306334778564178e+01
1.310089133506537329e-01 8.289306334778564178e+01
1.314050894213696363e-01 8.289306334778564178e+01
1.318012654920855675e-01 8.289306334778564178e+01
1.321974415628014710e-01 8.289306334778564178e+01
1.325936176335174022e-01 8.289306334778564178e+01
1.329897937042333056e-01 8.289306334778564178e+01
1.333859697749492090e-01 8.289306334778564178e+01
1.337821458456651402e-01 8.289306334778564178e+01
1.341783219163810437e-01 8.289306334778564178e+01
1.345744979870969749e-01 8.289306334778564178e+01
1.349706740578128783e-01 8.289306334778564178e+01
1.353668501285288095e-01 8.289306334778564178e+01
1.357630261992447129e-01 8.289306334778564178e+01
1.361592022699606441e-01 8.289306334778564178e+01
1.365553783406765476e-01 8.289306334778564178e+01
1.369515544113924510e-01 8.289306334778564178e+01
1.373477304821083822e-01 8.289306334778564178e+01
1.377439065528242856e-01 8.289306334778564178e+01
1.381400826235402168e-01 8.289306334778564178e+01
1.385362586942561203e-01 8.289306334778564178e+01
1.389324347649720515e-01 8.289306334778564178e+01
1.393286108356879549e-01 8.289306334778564178e+01
1.397247869064038583e-01 8.289306334778564178e+01
1.401209629771197895e-01 8.289306334778564178e+01
1.405171390478356930e-01 8.289306334778564178e+01
1.409133151185516242e-01 8.289306334778564178e+01
1.413094911892675276e-01 8.289306334778564178e+01
1.417056672599834588e-01 8.289306334778564178e+01
1.421018433306993622e-01 8.289306334778564178e+01
1.424980194014152657e-01 8.289306334778564178e+01
1.428941954721311969e-01 8.289306334778564178e+01
1.432903715428471003e-01 4.358215593039668789e+01
1.436865476135630315e-01 4.334968272757739527e+01
1.440827236842789350e-01 4.311921370216659710e+01
1.444788997549948661e-01 4.289075766838549697e+01
1.448750758257107696e-01 4.266432341225694813e+01
1.452712518964267008e-01 4.063007743958251439e+01
1.456674279671426042e-01 3.942881171749614566e+01
1.460636040378585077e-01 3.856552745470092702e+01
1.464597801085744389e-01 3.833917243544602371e+01
1.468559561792903423e-01 3.740805077091646069e+01
1.472521322500062735e-01 3.718361380278286532e+01
1.476483083207221769e-01 3.696124218772466463e+01
1.480444843914381081e-01 3.639281093753417196e+01
1.484406604621540116e-01 3.573767053553805795e+01
1.488368365328699428e-01 3.551800160669313300e+01
1.492330126035858462e-01 3.530041971511413124e+01
1.496291886743017496e-01 3.471244501514733827e+01
1.500253647450176808e-01 3.424372666249448116e+01
1.504215408157335843e-01 3.342781512325470317e+01
1.508177168864495155e-01 3.321141236382739947e+01
1.512138929571654189e-01 3.259488011587360745e+01
1.516100690278813501e-01 3.238014693382547193e+01
1.520062450985972535e-01 3.206370752100060884e+01
1.524024211693131847e-01 3.149076004601469236e+01
1.527985972400290882e-01 3.117241091599814595e+01
1.531947733107449916e-01 3.096199598301750555e+01
1.535909493814609228e-01 3.075369448220747870e+01
1.539871254521768262e-01 3.045881545324427719e+01
1.543833015228927574e-01 3.007837355427986736e+01
1.547794775936086609e-01 2.974273895953222890e+01
1.551756536643245921e-01 2.931324747354272731e+01
1.555718297350404955e-01 2.901162212229712267e+01
1.559680058057564267e-01 2.869831429540127132e+01
1.563641818764723301e-01 2.833685203071087955e+01
1.567603579471882336e-01 2.798790412482230749e+01
1.571565340179041648e-01 2.762496610775405159e+01
1.575527100886200682e-01 2.726986986318918582e+01
1.579488861593359994e-01 2.685869085000890166e+01
1.583450622300519028e-01 2.654174477305912205e+01
1.587412383007678340e-01 2.605385577256750196e+01
1.591374143714837375e-01 2.576203299066460062e+01
1.595335904421996687e-01 2.543961833389703031e+01
1.599297665129155721e-01 2.521872470316835901e+01
1.603259425836314755e-01 2.486298790726299401e+01
1.607221186543474067e-01 2.446760285504996091e+01
1.611182947250633102e-01 2.422059878455422677e+01
1.615144707957792414e-01 2.388866928025387892e+01
1.619106468664951448e-01 2.364034301854405129e+01
1.623068229372110483e-01 2.337568055834004355e+01
1.627029990079269794e-01 2.312649548816378342e+01
1.630991750786429106e-01 2.282659125973033198e+01
1.634953511493588141e-01 2.255060369713247326e+01
1.638915272200747175e-01 2.227507578088244955e+01
1.642877032907906487e-01 2.205064453974345895e+01
1.646838793615065522e-01 2.177833662004281834e+01
1.650800554322224833e-01 2.152479942835219262e+01
1.654762315029383868e-01 2.126911629381524094e+01
1.658724075736542902e-01 2.103729461236176590e+01
1.662685836443702214e-01 2.080431611348959819e+01
1.666647597150861526e-01 2.057932844960407692e+01
1.670609357858020561e-01 2.034074627359398590e+01
1.674571118565179595e-01 2.011017576629205195e+01
1.678532879272338907e-01 1.988255239658502305e+01
1.682494639979497941e-01 1.963434357012532416e+01
1.686456400686657253e-01 1.939343632068029777e+01
1.690418161393816288e-01 1.917169568270149682e+01
1.694379922100975322e-01 1.894336073214622829e+01
1.698341682808134634e-01 1.873840784329197007e+01
1.702303443515293946e-01 1.851230824868103042e+01
1.706265204222452980e-01 1.830943379084891021e+01
1.710226964929612015e-01 1.809062142533826290e+01
1.714188725636771327e-01 1.789050761520972443e+01
1.718150486343930361e-01 1.768879765388562575e+01
1.722112247051089673e-01 1.749059255985922690e+01
1.726074007758248707e-01 1.730022011499924517e+01
1.730035768465407742e-01 1.710812007713415639e+01
1.733997529172567054e-01 1.691101789363507635e+01
1.737959289879726366e-01 1.671225363434947653e+01
1.741921050586885400e-01 1.651280338251939028e+01
1.745882811294044434e-01 1.632415342594723029e+01
1.749844572001203746e-01 1.613546917649787815e+01
1.753806332708362781e-01 1.594775864183883129e+01
1.757768093415522093e-01 1.576090470646431996e+01
1.761729854122681127e-01 1.557879150372605181e+01
1.765691614829840161e-01 1.540679092451024346e+01
1.769653375536999473e-01 1.523408848227610513e+01
1.773615136244158785e-01 1.505980430354760635e+01
1.777576896951317820e-01 1.489041132414302382e+01
1.781538657658476854e-01 1.471835665146449124e+01
1.785500418365636166e-01 1.454686333579071622e+01
1.789462179072795200e-01 1.437956128900670016e+01
1.793423939779954512e-01 1.420956734755566941e+01
1.797385700487113547e-01 1.404991015910655605e+01
1.801347461194272581e-01 1.389145705879732873e+01
1.805309221901431893e-01 1.372623531121310592e+01
1.809270982608590927e-01 1.356581199441190400e+01
1.813232743315750239e-01 1.340908464081805462e+01
1.817194504022909274e-01 1.325165366037384906e+01
1.821156264730068586e-01 1.309846923227223314e+01
1.825118025437227620e-01 1.294553637775044663e+01
1.829079786144386932e-01 1.279935193106383373e+01
1.833041546851545966e-01 1.265419708763331386e+01
1.837003307558705001e-01 1.250818578543351300e+01
1.840965068265864313e-01 1.236293646361728804e+01
1.844926828973023347e-01 1.221998136325012752e+01
1.848888589680182659e-01 1.207928424054970584e+01
1.852850350387341694e-01 1.193834239979257639e+01
1.856812111094501005e-01 1.179271142661484895e+01
1.860773871801660040e-01 1.165357660117795113e+01
1.864735632508819352e-01 1.151427896407319018e+01
1.868697393215978386e-01 1.137869003670316914e+01
1.872659153923137421e-01 1.124550547215638296e+01
1.876620914630296733e-01 1.111275679522273485e+01
1.880582675337455767e-01 1.098216715051424508e+01
1.884544436044615079e-01 1.085440016983139522e+01
1.888506196751774113e-01 1.072736195378477575e+01
1.892467957458933148e-01 1.060049538334089370e+01
1.896429718166092460e-01 1.047695534177480958e+01
1.900391478873251772e-01 1.035152263337173117e+01
1.904353239580410806e-01 1.022805536146635497e+01
1.908315000287569840e-01 1.010891408381797518e+01
1.912276760994729152e-01 9.988028413762425117e+00
1.916238521701888464e-01 9.866456354170663801e+00
1.920200282409047499e-01 9.748059313663661740e+00
1.924162043116206533e-01 9.633079854212285298e+00
1.928123803823365567e-01 9.519211056281871919e+00
1.932085564530524879e-01 9.405710483343906247e+00
1.936047325237684191e-01 9.295447049330773481e+00
1.940009085944843226e-01 9.184799853548069493e+00
1.943970846652002260e-01 9.076734881670091681e+00
1.947932607359161572e-01 8.968600948288402819e+00
1.951894368066320606e-01 8.860450972225415001e+00
1.955856128773479918e-01 8.753727672317630493e+00
1.959817889480638953e-01 8.647720388799982061e+00
1.963779650187797987e-01 8.541933870471588364e+00
1.967741410894957299e-01 8.441004651088499955e+00
1.971703171602116611e-01 8.338376282626153824e+00
1.975664932309275645e-01 8.237855133168205057e+00
1.979626693016434680e-01 8.137399098834206868e+00
1.983588453723593992e-01 8.038793976717681034e+00
1.987550214430753026e-01 7.940121893674209730e+00
1.991511975137912338e-01 7.843024693372905531e+00
1.995473735845071372e-01 7.748229369851911130e+00
1.999435496552230407e-01 7.654437377265305820e+00
2.003397257259389719e-01 7.562691142689773827e+00
2.007359017966549031e-01 7.472312569356588163e+00
2.011320778673708065e-01 7.382329076882957253e+00
2.015282539380867100e-01 7.293785491681205713e+00
2.019244300088026411e-01 7.205782789540426947e+00
2.023206060795185446e-01 7.116464758748889174e+00
2.027167821502344758e-01 7.031364187230844998e+00
2.031129582209503792e-01 6.945908913182972100e+00
2.035091342916662827e-01 6.862336945909980557e+00
2.039053103623822139e-01 6.779777851876835015e+00
2.043014864330981450e-01 6.698309512800729060e+00
2.046976625038140485e-01 6.616804060587245573e+00
2.050938385745299519e-01 6.536656588600073370e+00
2.054900146452458554e-01 6.456365770250963365e+00
2.058861907159617866e-01 6.377119119743588804e+00
2.062823667866777178e-01 6.300189678720454545e+00
2.066785428573936212e-01 6.223462345954652974e+00
2.070747189281095246e-01 6.148087208731725539e+00
2.074708949988254558e-01 6.072836055124631649e+00
2.078670710695413870e-01 5.998676222578914086e+00
2.082632471402572905e-01 5.925917941840320502e+00
2.086594232109731939e-01 5.853974409064242934e+00
2.090555992816890973e-01 5.782588208159386234e+00
2.094517753524050285e-01 5.712455145124813782e+00
2.098479514231209597e-01 5.643076870701833947e+00
2.102441274938368632e-01 5.574878614372528851e+00
2.106403035645527666e-01 5.507157366368825357e+00
2.110364796352686978e-01 5.439209280066102714e+00
2.114326557059846290e-01 5.372465836733908873e+00
2.118288317767005324e-01 5.306731303635792152e+00
2.122250078474164359e-01 5.241992211051532458e+00
2.126211839181323393e-01 5.177652671955497610e+00
2.130173599888482705e-01 5.114297589230464958e+00
2.134135360595642017e-01 5.052201126289499911e+00
2.138097121302801051e-01 4.991157260615110225e+00
2.142058882009960086e-01 4.930333794930445102e+00
2.146020642717119398e-01 4.869678013925923032e+00
2.149982403424278710e-01 4.810859207087155198e+00
2.153944164131437744e-01 4.751840192110305061e+00
2.157905924838596778e-01 4.693977119830702094e+00
2.161867685545755813e-01 4.636543491771971226e+00
2.165829446252915125e-01 4.579828918008726824e+00
2.169791206960074437e-01 4.524641593926237881e+00
2.173752967667233471e-01 4.469292612922083130e+00
2.177714728374392505e-01 4.414915338281810264e+00
2.181676489081551817e-01 4.361960788608437944e+00
2.185638249788711129e-01 4.309396097541190684e+00
2.189600010495870164e-01 4.256838094368308845e+00
2.193561771203029198e-01 4.205355868209379899e+00
2.197523531910188233e-01 4.154954783045782918e+00
2.201485292617347544e-01 4.104263117792789295e+00
2.205447053324506856e-01 4.055095797405591007e+00
2.209408814031665891e-01 4.006082701294930715e+00
2.213370574738824925e-01 3.957902641638427088e+00
2.217332335445984237e-01 3.910569132538289860e+00
2.221294096153143549e-01 3.863496851981241154e+00
2.225255856860302583e-01 3.816831286284401603e+00
2.229217617567461618e-01 3.771161586097790952e+00
2.233179378274620652e-01 3.725576766495898973e+00
2.237141138981779964e-01 3.680299960784854552e+00
2.241102899688939276e-01 3.636344600096965696e+00
2.245064660396098311e-01 3.593053767490729467e+00
2.249026421103257345e-01 3.549381639936815436e+00
2.252988181810416657e-01 3.507022891552331156e+00
2.256949942517575691e-01 3.464694728645254518e+00
2.260911703224735003e-01 3.423713349451172672e+00
2.264873463931894038e-01 3.382963326745820343e+00
2.268835224639053072e-01 3.343034789688743125e+00
2.272796985346212384e-01 3.303351715036072278e+00
2.276758746053371696e-01 3.264332514561835374e+00
2.280720506760530730e-01 3.225602806731984629e+00
2.284682267467689765e-01 3.187989727905963910e+00
2.288644028174849077e-01 3.149949990355824792e+00
2.292605788882008111e-01 3.112917483230182025e+00
2.296567549589167423e-01 3.076586061916993131e+00
2.300529310296326457e-01 3.039989449613195838e+00
2.304491071003485492e-01 3.004281704770416450e+00
2.308452831710644804e-01 2.969047497484323728e+00
2.312414592417804116e-01 2.934232193565587732e+00
2.316376353124963150e-01 2.900249390493019330e+00
2.320338113832122184e-01 2.866525615118264980e+00
2.324299874539281219e-01 2.833291985193582274e+00
2.328261635246440531e-01 2.800002095443800965e+00
2.332223395953599843e-01 2.767882093900948082e+00
2.336185156660758877e-01 2.736513296829211850e+00
2.340146917367917911e-01 2.704979902849049544e+00
2.344108678075077223e-01 2.673879157665387751e+00
2.348070438782236535e-01 2.642592089554336443e+00
2.352032199489395570e-01 2.612622636410421695e+00
2.355993960196554604e-01 2.583117080456907022e+00
2.359955720903713638e-01 2.553706790080504163e+00
2.363917481610872950e-01 2.524756657433985474e+00
2.367879242318032262e-01 2.496332859522993886e+00
2.371841003025191297e-01 2.468006275603716659e+00
2.375802763732350331e-01 2.440499764367607405e+00
2.379764524439509643e-01 2.413306250353053350e+00
2.383726285146668955e-01 2.386495213516328651e+00
2.387688045853827989e-01 2.360041358473895290e+00
2.391649806560987024e-01 2.334237520076247296e+00
2.395611567268146058e-01 2.308425145632124309e+00
2.399573327975305370e-01 2.283613773950427195e+00
2.403535088682464682e-01 2.258625530167798878e+00
2.407496849389623716e-01 2.234271043677642510e+00
2.411458610096782751e-01 2.209567431508956847e+00
2.415420370803942063e-01 2.185745804758010724e+00
2.419382131511101375e-01 2.162670468412055236e+00
2.423343892218260409e-01 2.139016287908769964e+00
2.427305652925419444e-01 2.116425544398239378e+00
2.431267413632578478e-01 2.093339429610310720e+00
2.435229174339737790e-01 2.070302742127280826e+00
2.439190935046897102e-01 2.048328727160733553e+00
2.443152695754056136e-01 2.026645974639785130e+00
2.447114456461215171e-01 2.005114703669525156e+00
2.451076217168374483e-01 1.984119990100072339e+00
2.455037977875533795e-01 1.963290456456691757e+00
2.458999738582692829e-01 1.942798523794923016e+00
2.462961499289851863e-01 1.922300440819727285e+00
2.466923259997010898e-01 1.902323770115533774e+00
2.470885020704170210e-01 1.882231289973133048e+00
2.474846781411329522e-01 1.862410695409032257e+00
2.478808542118488556e-01 1.842621349604810055e+00
2.482770302825647590e-01 1.823282822316208751e+00
2.486732063532806902e-01 1.804393283291513939e+00
2.490693824239966214e-01 1.785734682417241315e+00
2.494655584947125249e-01 1.767361229868368744e+00
2.498617345654284283e-01 1.748982930162332528e+00
2.502579106361443317e-01 1.730917274203322309e+00
2.506540867068602907e-01 1.713413580845565498e+00
2.510502627775761386e-01 1.695924273307561014e+00
2.514464388482920976e-01 1.678980981303079600e+00
2.518426149190080010e-01 1.661598178844855056e+00
2.522387909897239044e-01 1.644992414923378776e+00
2.526349670604398634e-01 1.628221292784815644e+00
2.530311431311557668e-01 1.611485911386836500e+00
2.534273192018716703e-01 1.594982284662549654e+00
2.538234952725876292e-01 1.578741547010725332e+00
2.542196713433034772e-01 1.562428251410686642e+00
2.546158474140194361e-01 1.546598938442687032e+00
2.550120234847353395e-01 1.531262120424057294e+00
2.554081995554512430e-01 1.515997299094695272e+00
2.558043756261672019e-01 1.500819070295726032e+00
2.562005516968830499e-01 1.485852801592496775e+00
2.565967277675990088e-01 1.470790489189524708e+00
2.569929038383149122e-01 1.455722605753580368e+00
2.573890799090308157e-01 1.440947995649733526e+00
2.577852559797467746e-01 1.426463691081328422e+00
2.581814320504626226e-01 1.411993515507907082e+00
2.585776081211785815e-01 1.397694437953460378e+00
2.589737841918944850e-01 1.383369882701726672e+00
2.593699602626103884e-01 1.369469235256751904e+00
2.597661363333263473e-01 1.355968338645285209e+00
2.601623124040422508e-01 1.342332041804066067e+00
2.605584884747581542e-01 1.329216497641609429e+00
2.609546645454741132e-01 1.315559670878368781e+00
2.613508406161899611e-01 1.302326563955045868e+00
2.617470166869059200e-01 1.289538553794762343e+00
2.621431927576218235e-01 1.276834401339936420e+00
2.625393688283377269e-01 1.263905326447312572e+00
2.629355448990536859e-01 1.251527900766781221e+00
2.633317209697695338e-01 1.239127470784597840e+00
2.637278970404854928e-01 1.226582254813711970e+00
2.641240731112013962e-01 1.213869676066481107e+00
2.645202491819172996e-01 1.201603553873500818e+00
2.649164252526332586e-01 1.189149235279273853e+00
2.653126013233491065e-01 1.177199807129315490e+00
2.657087773940650655e-01 1.165459734426040006e+00
2.661049534647809689e-01 1.153802640504666410e+00
2.665011295354968723e-01 1.142365341434203430e+00
2.668973056062128313e-01 1.131371512929257861e+00
2.672934816769287347e-01 1.120072627410175103e+00
2.676896577476446382e-01 1.109046948433556778e+00
2.680858338183605416e-01 1.097771851427965739e+00
2.684820098890764450e-01 1.086891075547492314e+00
2.688781859597924040e-01 1.075946484377547474e+00
2.692743620305083074e-01 1.065029480061904898e+00
2.696705381012242109e-01 1.054371148322018392e+00
2.700667141719401698e-01 1.043666087399949927e+00
2.704628902426560177e-01 1.033090683264546117e+00
2.708590663133719767e-01 1.022589306379199314e+00
2.712552423840878801e-01 1.012442885780265867e+00
2.716514184548037836e-01 1.002205275493343928e+00
2.720475945255197425e-01 9.918613344746726179e-01
2.724437705962355905e-01 9.820810170833281783e-01
2.728399466669515494e-01 9.723381506211623559e-01
2.732361227376674528e-01 9.622867474846575897e-01
2.736322988083833563e-01 9.523884192776604918e-01
2.740284748790993152e-01 9.424587307097118671e-01
2.744246509498152187e-01 9.330045165839895294e-01
2.748208270205311221e-01 9.233422995027845692e-01
2.752170030912470255e-01 9.138435909632607324e-01
2.756131791619629290e-01 9.045296691584920890e-01
2.760093552326788879e-01 8.954372793310261258e-01
2.764055313033947914e-01 8.865504758185986933e-01
2.768017073741106948e-01 8.775361744545826514e-01
2.771978834448266538e-01 8.686919381702316034e-01
2.775940595155425017e-01 8.603253853781862581e-01
2.779902355862584606e-01 8.513838775747539778e-01
2.783864116569743641e-01 8.429144618781411191e-01
2.787825877276902675e-01 8.342319007699275923e-01
2.791787637984062265e-01 8.259853476420823126e-01
2.795749398691220744e-01 8.177623221417216204e-01
2.799711159398380333e-01 8.094948784790496621e-01
2.803672920105539368e-01 8.014195017197690563e-01
2.807634680812698402e-01 7.930962882225015553e-01
2.811596441519857992e-01 7.849469559124702123e-01
2.815558202227016471e-01 7.766499188550579635e-01
2.819519962934176061e-01 7.683852704177899229e-01
2.823481723641335095e-01 7.601957559770633477e-01
2.827443484348494129e-01 7.522100273347179789e-01
2.831405245055653719e-01 7.444836588773416919e-01
2.835367005762812753e-01 7.369342248361360204e-01
2.839328766469971788e-01 7.288621368709528037e-01
2.843290527177131377e-01 7.212419874198084946e-01
2.847252287884289856e-01 7.136898117405579001e-01
2.851214048591449446e-01 7.062280782998646700e-01
2.855175809298608480e-01 6.987058301672358640e-01
2.859137570005767515e-01 6.915636483540572588e-01
2.863099330712927104e-01 6.840224879350061959e-01
2.867061091420085583e-01 6.771381125378556076e-01
2.871022852127245173e-01 6.702956273626877737e-01
2.874984612834404207e-01 6.626942376757148923e-01
2.878946373541563242e-01 6.556068235295098301e-01
2.882908134248722831e-01 6.486328904694476094e-01
2.886869894955881310e-01 6.419255777310345357e-01
2.890831655663040900e-01 6.350921877614502664e-01
2.894793416370199934e-01 6.283077759378360438e-01
2.898755177077358969e-01 6.215932378223594235e-01
2.902716937784518558e-01 6.149639622855369581e-01
2.906678698491677593e-01 6.082136762135247343e-01
2.910640459198836627e-01 6.015565509048035331e-01
2.914602219905996217e-01 5.950687921589754570e-01
2.918563980613154696e-01 5.885389421380688990e-01
2.922525741320314285e-01 5.821392047669664560e-01
2.926487502027473320e-01 5.758204426145822064e-01
2.930449262734632354e-01 5.690827359541191788e-01
2.934411023441791944e-01 5.625311717889912577e-01
2.938372784148950423e-01 5.561048919068012353e-01
2.942334544856110012e-01 5.497646324496595627e-01
2.946296305563269047e-01 5.431346055717775068e-01
2.950258066270428081e-01 5.368047489033078712e-01
2.954219826977587671e-01 5.307071194189487695e-01
2.958181587684746150e-01 5.246849517076860314e-01
2.962143348391905739e-01 5.186693583847086231e-01
2.966105109099064774e-01 5.129888186451093679e-01
2.970066869806223808e-01 5.071323915573298091e-01
2.974028630513383398e-01 5.010449556740497190e-01
2.977990391220542432e-01 4.948801483225011011e-01
2.981952151927701467e-01 4.887946029526366032e-01
2.985913912634860501e-01 4.831847034213527237e-01
2.989875673342019535e-01 4.774808073799321484e-01
2.993837434049179125e-01 4.714182296273742301e-01
2.997799194756338159e-01 4.656029987303614281e-01
3.001760955463497194e-01 4.599447775558051510e-01
3.005722716170656783e-01 4.543139475039171260e-01
3.009684476877815262e-01 4.484365305119609735e-01
3.013646237584974852e-01 4.430067302729688294e-01
3.017607998292133886e-01 4.368998792187717140e-01
3.021569758999292921e-01 4.314138909490068952e-01
3.025531519706452510e-01 4.258723204292033659e-01
3.029493280413610989e-01 4.201576066477271665e-01
3.033455041120770579e-01 4.147673893300043435e-01
3.037416801827929613e-01 4.093562693768554306e-01
3.041378562535088648e-01 4.038405583399347076e-01
3.045340323242248237e-01 3.986675624663561512e-01
3.049302083949407272e-01 3.935920172178939969e-01
3.053263844656566306e-01 3.880953269079587264e-01
3.057225605363725340e-01 3.828668386472718899e-01
3.061187366070884375e-01 3.776817381495661818e-01
3.065149126778043964e-01 3.725255645816646921e-01
3.069110887485202999e-01 3.675495984274128047e-01
3.073072648192362033e-01 3.620615363768462935e-01
3.077034408899521623e-01 3.569319558602949138e-01
3.080996169606680102e-01 3.517880745452244828e-01
3.084957930313839691e-01 3.467846986054111680e-01
3.088919691020998726e-01 3.415298386667180441e-01
3.092881451728157760e-01 3.365982574132371230e-01
3.096843212435317350e-01 3.314719872297249847e-01
3.100804973142475829e-01 3.263452060873233140e-01
3.104766733849635418e-01 3.215409289840118756e-01
3.108728494556794453e-01 3.164625556850338972e-01
3.112690255263953487e-01 3.116829635907999441e-01
3.116652015971113077e-01 3.066905630870552790e-01
3.120613776678271556e-01 3.018770777232412383e-01
3.124575537385431145e-01 2.969279931498611802e-01
3.128537298092590180e-01 2.919588502785955830e-01
3.132499058799749214e-01 2.871780639346001585e-01
3.136460819506908804e-01 2.821772262796708453e-01
3.140422580214067838e-01 2.774504324960871959e-01
3.144384340921226872e-01 2.722422757875978538e-01
3.148346101628386462e-01 2.670973960224175547e-01
3.152307862335544941e-01 2.624023344029138838e-01
3.156269623042704531e-01 2.574492181864458940e-01
3.160231383749863565e-01 2.528624392080459637e-01
3.164193144457022600e-01 2.479625936618324866e-01
3.168154905164182189e-01 2.433628201072762232e-01
3.172116665871340668e-01 2.387564848473207602e-01
3.176078426578500258e-01 2.342342998097395879e-01
3.180040187285659292e-01 2.293865860278378466e-01
3.184001947992818327e-01 2.248892955119786152e-01
3.187963708699977916e-01 2.202456621656034841e-01
3.191925469407136395e-01 2.154605101309365889e-01
3.195887230114295985e-01 2.108314777202746904e-01
3.199848990821455019e-01 2.063817186034423434e-01
3.203810751528614054e-01 2.017690965900831856e-01
3.207772512235773643e-01 1.970227520964837609e-01
3.211734272942932678e-01 1.927277081080088217e-01
3.215696033650091712e-01 1.879830011439243553e-01
3.219657794357250746e-01 1.831643453690811607e-01
3.223619555064409781e-01 1.785705455186893942e-01
3.227581315771569370e-01 1.740802057503158529e-01
3.231543076478728405e-01 1.696351813436915712e-01
3.235504837185887439e-01 1.652588130989888215e-01
3.239466597893047028e-01 1.607207768897715161e-01
3.243428358600205508e-01 1.564767194969676478e-01
3.247390119307365097e-01 1.525449163298539801e-01
3.251351880014524132e-01 1.477657947419661888e-01
3.255313640721683166e-01 1.435295097632637296e-01
3.259275401428842756e-01 1.390685486515641223e-01
3.263237162136001235e-01 1.348002042904787590e-01
3.267198922843160824e-01 1.301742140383556345e-01
3.271160683550319859e-01 1.260810381689589088e-01
3.275122444257478893e-01 1.223064646737781064e-01
3.279084204964638483e-01 1.183841240447164600e-01
3.283045965671797517e-01 1.143857167509167161e-01
3.287007726378956551e-01 1.103639967624133328e-01
3.290969487086115586e-01 1.065485657809456393e-01
3.294931247793274620e-01 1.026599777404134106e-01
3.298893008500434210e-01 9.855918301561124306e-02
3.302854769207593244e-01 9.477510580279882579e-02
3.306816529914752278e-01 9.109262127062196790e-02
3.310778290621911868e-01 8.752911225186123245e-02
3.314740051329070347e-01 8.375219719595260182e-02
3.318701812036229937e-01 7.987818554414968797e-02
3.322663572743388971e-01 7.608900253192608931e-02
3.326625333450548005e-01 7.238486214847848765e-02
3.330587094157707595e-01 6.895883416723877501e-02
3.334548854864866074e-01 6.524048439266781629e-02
3.338510615572025664e-01 6.173698792178618222e-02
3.342472376279184698e-01 5.856988165778868188e-02
3.346434136986343733e-01 5.531307713623921651e-02
3.350395897693503322e-01 5.198312452249805732e-02
3.354357658400662356e-01 4.910376319392106836e-02
3.358319419107821391e-01 4.625707790759277238e-02
3.362281179814980425e-01 4.323556055828342570e-02
3.366242940522139460e-01 4.025445445558840929e-02
3.370204701229299049e-01 3.738439768367459587e-02
3.374166461936458083e-01 3.439266114993934365e-02
3.378128222643617118e-01 3.187345530376867186e-02
3.382089983350776707e-01 2.950144054539892424e-02
3.386051744057935187e-01 2.696813522314072190e-02
3.390013504765094776e-01 2.424378424722776690e-02
3.393975265472253811e-01 2.189885505000425253e-02
3.397937026179412845e-01 1.985946117387615145e-02
3.401898786886572434e-01 1.789328499552637897e-02
3.405860547593730914e-01 1.591190355922677060e-02
3.409822308300890503e-01 1.397120896586818289e-02
3.413784069008049538e-01 1.212777714445642530e-02
3.417745829715208572e-01 1.049975534807387131e-02
3.421707590422368161e-01 9.012326796176535482e-03
3.425669351129526641e-01 7.547687405697123438e-03
3.429631111836686230e-01 6.220746386277985381e-03
3.433592872543845265e-01 4.806273063287586772e-03
3.437554633251004299e-01 3.783174282360468599e-03
3.441516393958163889e-01 2.690106001020881130e-03
3.445478154665322923e-01 1.700804463280095481e-03
3.449439915372481957e-01 1.036068345144880356e-03
3.453401676079641547e-01 5.190662596672143735e-04
3.457363436786800026e-01 9.375526798319593611e-05
3.461325197493959616e-01 7.743030814420708637e-05
3.465286958201118650e-01 -0.000000000000000000e+00
3.469248718908277684e-01 2.619866813375524667e-05
3.473210479615437274e-01 1.058068186280373973e-04
3.477172240322595753e-01 5.271144484132682904e-04
3.481134001029755343e-01 9.698251961275098547e-04
3.485095761736914377e-01 1.294677344467524537e-03
3.489057522444073411e-01 1.917452148433543063e-03
3.493019283151233001e-01 2.946036253820784236e-03
3.496981043858391480e-01 3.753335904816247539e-03
3.500942804565551070e-01 4.765020565919792818e-03
3.504904565272710104e-01 6.347577230155610796e-03
3.508866325979869139e-01 7.915571828181543895e-03
3.512828086687028728e-01 9.644046334906515583e-03
3.516789847394187762e-01 1.141525881325123996e-02
3.520751608101346797e-01 1.337433997097534945e-02
3.524713368808505831e-01 1.545080196324811680e-02
3.528675129515664866e-01 1.780422400844088385e-02
3.532636890222824455e-01 2.039828426298475814e-02
3.536598650929983489e-01 2.286786591057111961e-02
3.540560411637142524e-01 2.565927121687151813e-02
3.544522172344302113e-01 2.880035189348836150e-02
3.548483933051460593e-01 3.192781543837514696e-02
3.552445693758620182e-01 3.530678163317622215e-02
3.556407454465779217e-01 3.866104672284705751e-02
3.560369215172938251e-01 4.243266934517158501e-02
3.564330975880097840e-01 4.618011366080844449e-02
3.568292736587256320e-01 4.994220639153833935e-02
3.572254497294415909e-01 5.398679681546057069e-02
3.576216258001574944e-01 5.824080601033700816e-02
3.580178018708733978e-01 6.297658786500943962e-02
3.584139779415893567e-01 6.755403572184882910e-02
3.588101540123052602e-01 7.218083699518901275e-02
3.592063300830211636e-01 7.724327252717412551e-02
3.596025061537370671e-01 8.235880585821137023e-02
3.599986822244529705e-01 8.792098150822043323e-02
3.603948582951689295e-01 9.327385549046894597e-02
3.607910343658848329e-01 9.905338740931671215e-02
3.611872104366007363e-01 1.051006835891117180e-01
3.615833865073166953e-01 1.111764635403622303e-01
3.619795625780325432e-01 1.175795070534165904e-01
3.623757386487485022e-01 1.239114717887067063e-01
3.627719147194644056e-01 1.305257592832419211e-01
3.631680907901803090e-01 1.372913131496403538e-01
3.635642668608962680e-01 1.443757261618411059e-01
3.639604429316121159e-01 1.516710998640974362e-01
3.643566190023280749e-01 1.591524311432644667e-01
3.647527950730439783e-01 1.668611676856293358e-01
3.651489711437598817e-01 1.746932794660269739e-01
3.655451472144758407e-01 1.826550167767556909e-01
3.659413232851916886e-01 1.903189957651348074e-01
3.663374993559076476e-01 1.985433850363944874e-01
3.667336754266235510e-01 2.071184146331800369e-01
3.671298514973394544e-01 2.156084417140011755e-01
3.675260275680554134e-01 2.244751633155822323e-01
3.679222036387713168e-01 2.334877828057021765e-01
3.683183797094872203e-01 2.426475475858901609e-01
3.687145557802031792e-01 2.524311707080647005e-01
3.691107318509190272e-01 2.621004917864655503e-01
3.695069079216349861e-01 2.717712288366136431e-01
3.699030839923508895e-01 2.816346223116483749e-01
3.702992600630667930e-01 2.916622219171780550e-01
3.706954361337827519e-01 3.021246004641857663e-01
3.710916122044985999e-01 3.125754035718131818e-01
3.714877882752145588e-01 3.232374113169653729e-01
3.718839643459304622e-01 3.339668378289658013e-01
3.722801404166463657e-01 3.449953639185627252e-01
3.726763164873623246e-01 3.558940316074905574e-01
3.730724925580781726e-01 3.670928335778051443e-01
3.734686686287941315e-01 3.788684364278592787e-01
3.738648446995100350e-01 3.905682858553332082e-01
3.742610207702259384e-01 4.028399815389605010e-01
3.746571968409418973e-01 4.153286903122297979e-01
3.750533729116578008e-01 4.277107686577940604e-01
3.754495489823737042e-01 4.399112902696020178e-01
3.758457250530896632e-01 4.527150638623339551e-01
3.762419011238055111e-01 4.653661259508650172e-01
3.766380771945214700e-01 4.780799699371227618e-01
3.770342532652373735e-01 4.912299127867030824e-01
3.774304293359532769e-01 5.041400560949813592e-01
3.778266054066691804e-01 5.174041095497186049e-01
3.782227814773851393e-01 5.307676805039236445e-01
3.786189575481010428e-01 5.444268613466950457e-01
3.790151336188169462e-01 5.588485969011396381e-01
3.794113096895328496e-01 5.730447862665651870e-01
3.798074857602487531e-01 5.871605830556247962e-01
3.802036618309647120e-01 6.015955007553391853e-01
3.805998379016806155e-01 6.161077944677687546e-01
3.809960139723965189e-01 6.306671586919812000e-01
3.813921900431124223e-01 6.455543600682046579e-01
3.817883661138283813e-01 6.604405032230429295e-01
3.821845421845442847e-01 6.756251121498628720e-01
3.825807182552601882e-01 6.908537663601627132e-01
3.829768943259760916e-01 7.064828227968010799e-01
3.833730703966919950e-01 7.221366764297831864e-01
3.837692464674079540e-01 7.379732104446163898e-01
3.841654225381238574e-01 7.536373483312787114e-01
3.845615986088397609e-01 7.701097515771031521e-01
3.849577746795556643e-01 7.863851819552273303e-01
3.853539507502716233e-01 8.028214985887984767e-01
3.857501268209875267e-01 8.191670620888893417e-01
3.861463028917034301e-01 8.358389816546789586e-01
3.865424789624193336e-01 8.528319310522142205e-01
3.869386550331352370e-01 8.698038092326779713e-01
3.873348311038511960e-01 8.869643347899492936e-01
3.877310071745670994e-01 9.040507742404312319e-01
3.881271832452830028e-01 9.211641280793543274e-01
3.885233593159989063e-01 9.388096044973623933e-01
3.889195353867148652e-01 9.563826279619473958e-01
3.893157114574307687e-01 9.742352238622832283e-01
3.897118875281466721e-01 9.918713680125800236e-01
3.901080635988625755e-01 1.010168222688650808e+00
3.905042396695784790e-01 1.028014832669279066e+00
3.909004157402944379e-01 1.046250696717190509e+00
3.912965918110103414e-01 1.065142927796012717e+00
3.916927678817262448e-01 1.083244164610465576e+00
3.920889439524421483e-01 1.102238662809562841e+00
3.924851200231581072e-01 1.121306652286621519e+00
3.928812960938740106e-01 1.140313041044322961e+00
3.932774721645899141e-01 1.159582621975601358e+00
3.936736482353058175e-01 1.178958762538538485e+00
3.940698243060217210e-01 1.198682503929129117e+00
3.944660003767376799e-01 1.218247557630343092e+00
3.948621764474535834e-01 1.238069192276184172e+00
3.952583525181694868e-01 1.257833469575108332e+00
3.956545285888853902e-01 1.278012109120660211e+00
3.960507046596013492e-01 1.298405045824084558e+00
3.964468807303172526e-01 1.318555439709609090e+00
3.968430568010331561e-01 1.339198471057613693e+00
3.972392328717490595e-01 1.359929266794614788e+00
3.976354089424649629e-01 1.380637082261914950e+00
3.980315850131809219e-01 1.401579878583558703e+00
3.984277610838968253e-01 1.422600153221581509e+00
3.988239371546127288e-01 1.443952430015018162e+00
3.992201132253286322e-01 1.465805702149670875e+00
3.996162892960445912e-01 1.487083930982750601e+00
4.000124653667604946e-01 1.508851539761971505e+00
4.004086414374763980e-01 1.530764441688391653e+00
4.008048175081923015e-01 1.552327224102654224e+00
4.012009935789082049e-01 1.573858758708782002e+00
4.015971696496241639e-01 1.596231326044466048e+00
4.019933457203400673e-01 1.619166671674094227e+00
4.023895217910559707e-01 1.641651150305384554e+00
4.027856978617718742e-01 1.664909248171545730e+00
4.031818739324877776e-01 1.688250616560970752e+00
4.035780500032037366e-01 1.711822265709719071e+00
4.039742260739196400e-01 1.735305682405323457e+00
4.043704021446355434e-01 1.758777603364543030e+00
4.047665782153514469e-01 1.782716631872531599e+00
4.051627542860674058e-01 1.806773912514880065e+00
4.055589303567833093e-01 1.831027011138348426e+00
4.059551064274992127e-01 1.855547495638233180e+00
4.063512824982151161e-01 1.880686755104481023e+00
4.067474585689310196e-01 1.905478297236103957e+00
4.071436346396469785e-01 1.930646253576949967e+00
4.075398107103628820e-01 1.955760607008934171e+00
4.079359867810787854e-01 1.981526998556830010e+00
4.083321628517946889e-01 2.006732520871199021e+00
4.087283389225106478e-01 2.032264556701527169e+00
4.091245149932265512e-01 2.058121391977252301e+00
4.095206910639424547e-01 2.083983959060564661e+00
4.099168671346583581e-01 2.110561701898658882e+00
4.103130432053742616e-01 2.137380227622517559e+00
4.107092192760902205e-01 2.164496464447754676e+00
4.111053953468061239e-01 2.191830020144181823e+00
4.115015714175220274e-01 2.218840360365058828e+00
4.118977474882379308e-01 2.246133960652425543e+00
4.122939235589538898e-01 2.274237453905759931e+00
4.126900996296697932e-01 2.302741782531420256e+00
4.130862757003856967e-01 2.331223208249754375e+00
4.134824517711016001e-01 2.359463856008117144e+00
4.138786278418175035e-01 2.388142735639429137e+00
4.142748039125334625e-01 2.417288716793837278e+00
4.146709799832493659e-01 2.445995491281123257e+00
4.150671560539652694e-01 2.475574750521515099e+00
4.154633321246811728e-01 2.505781828838282266e+00
4.158595081953971317e-01 2.535867081249564503e+00
4.162556842661130352e-01 2.566378595814483798e+00
4.166518603368289386e-01 2.596625728440063341e+00
4.170480364075448421e-01 2.627165212575530262e+00
4.174442124782607455e-01 2.657970792253167680e+00
4.178403885489767045e-01 2.689474054493520949e+00
4.182365646196926079e-01 2.721213861769978148e+00
4.186327406904085113e-01 2.753629600276900291e+00
4.190289167611244148e-01 2.786021161721388584e+00
4.194250928318403737e-01 2.818769744080569684e+00
4.198212689025562772e-01 2.851923326343469789e+00
4.202174449732721806e-01 2.885240755332364682e+00
4.206136210439880840e-01 2.918423363438960028e+00
4.210097971147039875e-01 2.952183828316212288e+00
4.214059731854199464e-01 2.986309515772960665e+00
4.218021492561358499e-01 3.020710482913160799e+00
4.221983253268517533e-01 3.054939158989586012e+00
4.225945013975676567e-01 3.089858856919655672e+00
4.229906774682836157e-01 3.124702329037670534e+00
4.233868535389995191e-01 3.160127757062128673e+00
4.237830296097154226e-01 3.195916580407676566e+00
4.241792056804313260e-01 3.232345583452024496e+00
4.245753817511472294e-01 3.269296142222001933e+00
4.249715578218631884e-01 3.306216271306809062e+00
4.253677338925790918e-01 3.343699953036591843e+00
4.257639099632949953e-01 3.381013639278010352e+00
4.261600860340108987e-01 3.419139667637786317e+00
4.265562621047268577e-01 3.457168925191074216e+00
4.269524381754427611e-01 3.495707296679714915e+00
4.273486142461586645e-01 3.534745088922039979e+00
4.277447903168745680e-01 3.573474362740471921e+00
4.281409663875904714e-01 3.612950882233350480e+00
4.285371424583064304e-01 3.652766111335338017e+00
4.289333185290223338e-01 3.692803876858381518e+00
4.293294945997382372e-01 3.733763161525658347e+00
4.297256706704541407e-01 3.775661071720859852e+00
4.301218467411700996e-01 3.817212164913686312e+00
4.305180228118860031e-01 3.859249730743813611e+00
4.309141988826019065e-01 3.902019129598460534e+00
4.313103749533178100e-01 3.945585437255243910e+00
4.317065510240337134e-01 3.988364248084589114e+00
4.321027270947496723e-01 4.031574230283249349e+00
4.324989031654655758e-01 4.075766004199736336e+00
4.328950792361814792e-01 4.120912895898666051e+00
4.332912553068973827e-01 4.166071420468818509e+00
4.336874313776132861e-01 4.211526740402572244e+00
4.340836074483292450e-01 4.257718259382059500e+00
4.344797835190451485e-01 4.303941791497406300e+00
4.348759595897610519e-01 4.351182404769612155e+00
4.352721356604769554e-01 4.398990861162701549e+00
4.356683117311929143e-01 4.445851248581282000e+00
4.360644878019088178e-01 4.494215679222049786e+00
4.364606638726247212e-01 4.543172197314001792e+00
4.368568399433406246e-01 4.592537908964673399e+00
4.372530160140565281e-01 4.641077339478590247e+00
4.376491920847724870e-01 4.691299360139697505e+00
4.380453681554883905e-01 4.742448816879145213e+00
4.384415442262042939e-01 4.793850168779824727e+00
4.388377202969201973e-01 4.845780638344945324e+00
4.392338963676361563e-01 4.897674231942332312e+00
4.396300724383520597e-01 4.950462565717167251e+00
4.400262485090679632e-01 5.004166704231672647e+00
4.404224245797838666e-01 5.056817837024325968e+00
4.408186006504997700e-01 5.111664095554922405e+00
4.412147767212157290e-01 5.166509220767403043e+00
4.416109527919316324e-01 5.222797122661225089e+00
4.420071288626475359e-01 5.278527378395764913e+00
4.424033049333634393e-01 5.335507531996338315e+00
4.427994810040793983e-01 5.393018263759056019e+00
4.431956570747953017e-01 5.450994451028986276e+00
4.435918331455112051e-01 5.510346576153567710e+00
4.439880092162271086e-01 5.570098373997097951e+00
4.443841852869430120e-01 5.630579917330375217e+00
4.447803613576589710e-01 5.691472520360330023e+00
4.451765374283748744e-01 5.752143331249151892e+00
4.455727134990907778e-01 5.813201594805088135e+00
4.459688895698066813e-01 5.875945415893276902e+00
4.463650656405226402e-01 5.939523872916121050e+00
4.467612417112385437e-01 6.003487982548966428e+00
4.471574177819544471e-01 6.069706548975520199e+00
4.475535938526703506e-01 6.134707306664410886e+00
4.479497699233862540e-01 6.200153886338237719e+00
4.483459459941022129e-01 6.267225046204954353e+00
4.487421220648181164e-01 6.335627098213946873e+00
4.491382981355340198e-01 6.403197003875750859e+00
4.495344742062499233e-01 6.471710050887945265e+00
4.499306502769658822e-01 6.541024121145672332e+00
4.503268263476817856e-01 6.611187304362557526e+00
4.507230024183976891e-01 6.682356727256543394e+00
4.511191784891135925e-01 6.754134389946153227e+00
4.515153545598294960e-01 6.827444982493508618e+00
4.519115306305454549e-01 6.899539144975817884e+00
4.523077067012613584e-01 6.973681071998585779e+00
4.527038827719772618e-01 7.048730720944382355e+00
4.531000588426931652e-01 7.125634090351979921e+00
4.534962349134091242e-01 7.202479455705512734e+00
4.538924109841250276e-01 7.280897591490106180e+00
4.542885870548409311e-01 7.360453465270954787e+00
4.546847631255568345e-01 7.439307535232092761e+00
4.550809391962727379e-01 7.519580579457971758e+00
4.554771152669886969e-01 7.600415288039616968e+00
4.558732913377046003e-01 7.680387199949043620e+00
4.562694674084205038e-01 7.763178355002043673e+00
4.566656434791364072e-01 7.848346865221323299e+00
4.570618195498523662e-01 7.932460326497609238e+00
4.574579956205682696e-01 8.017376614567892190e+00
4.578541716912841730e-01 8.103843768059389774e+00
4.582503477620000765e-01 8.190226464248368643e+00
4.586465238327159799e-01 8.278373468962788806e+00
4.590426999034319389e-01 8.366222660641213338e+00
4.594388759741478423e-01 8.456247223643279298e+00
4.598350520448637457e-01 8.548883842864723803e+00
4.602312281155796492e-01 8.638259192777159257e+00
4.606274041862955526e-01 8.729177229178672448e+00
4.610235802570115116e-01 8.821972593365654092e+00
4.614197563277274150e-01 8.914860816900754159e+00
4.618159323984433184e-01 9.010847567418592163e+00
4.622121084691592219e-01 9.107880691545227947e+00
4.626082845398751808e-01 9.205390171903818697e+00
4.630044606105910843e-01 9.303932853474989884e+00
4.634006366813069877e-01 9.403487709510704562e+00
4.637968127520228911e-01 9.504329360074617483e+00
4.641929888227387946e-01 9.607461049359361738e+00
4.645891648934547535e-01 9.708388200547238611e+00
4.649853409641706570e-01 9.810296344853391304e+00
4.653815170348865604e-01 9.917844909794364838e+00
4.657776931056024639e-01 1.001788740944009959e+01
4.661738691763184228e-01 1.012431854087920513e+01
4.665700452470343262e-01 1.023133394811076435e+01
4.669662213177502297e-01 1.034065642174059718e+01
4.673623973884661331e-01 1.044942207173018112e+01
4.677585734591820366e-01 1.055907200213908936e+01
4.681547495298979955e-01 1.067016258369650394e+01
4.685509256006138989e-01 1.078437108002795419e+01
4.689471016713298024e-01 1.089764204118113433e+01
4.693432777420457058e-01 1.101457449895002583e+01
4.697394538127616648e-01 1.113047086504714578e+01
4.701356298834775682e-01 1.124891309719085974e+01
4.705318059541934717e-01 1.136485657880314371e+01
4.709279820249093751e-01 1.148686755362083289e+01
4.713241580956252785e-01 1.160508411495887060e+01
4.717203341663412375e-01 1.173132188147795496e+01
4.721165102370571409e-01 1.185228993091340577e+01
4.725126863077730444e-01 1.197516018746181388e+01
4.729088623784889478e-01 1.210440160226256623e+01
4.733050384492049067e-01 1.222760817990039151e+01
4.737012145199208102e-01 1.235262081726308558e+01
4.740973905906367136e-01 1.248289772791342855e+01
4.744935666613526171e-01 1.261116810018951462e+01
4.748897427320685205e-01 1.274427523096698245e+01
4.752859188027844795e-01 1.287452146415957799e+01
4.756820948735003829e-01 1.300460965908084354e+01
4.760782709442162863e-01 1.314378089685612672e+01
4.764744470149321898e-01 1.328230932215290494e+01
4.768706230856481487e-01 1.342146600044794624e+01
4.772667991563640522e-01 1.355917849540554343e+01
4.776629752270799556e-01 1.369864444247843593e+01
4.780591512977958590e-01 1.383813199525189219e+01
4.784553273685117625e-01 1.397899426819195590e+01
4.788515034392277214e-01 1.412279889780736752e+01
4.792476795099436249e-01 1.425965162293954336e+01
4.796438555806595283e-01 1.440570936329821095e+01
4.800400316513754317e-01 1.454895846617722377e+01
4.804362077220913907e-01 1.469061569292575165e+01
4.808323837928072941e-01 1.484692448896101347e+01
4.812285598635231976e-01 1.499597280235856900e+01
4.816247359342391010e-01 1.515449900249453918e+01
4.820209120049550044e-01 1.532366990759123304e+01
4.824170880756709634e-01 1.549312110206757254e+01
4.828132641463868668e-01 1.564974512331957079e+01
4.832094402171027703e-01 1.580487876392908220e+01
4.836056162878186737e-01 1.596042300160936378e+01
4.840017923585346327e-01 1.611702180942946327e+01
4.843979684292505361e-01 1.627912614553945048e+01
4.847941444999664395e-01 1.643857361896954927e+01
4.851903205706823430e-01 1.660682958977924173e+01
4.855864966413982464e-01 1.677625297762932988e+01
4.859826727121142054e-01 1.693984726718219136e+01
4.863788487828301088e-01 1.711076688528975254e+01
4.867750248535460122e-01 1.727902758058013077e+01
4.871712009242619157e-01 1.744149947124460454e+01
4.875673769949778746e-01 1.761330781177550620e+01
4.879635530656937781e-01 1.779013283570739645e+01
4.883597291364096815e-01 1.797842785411750199e+01
4.887559052071255850e-01 1.815682992355467107e+01
4.891520812778414884e-01 1.833526826150660582e+01
4.895482573485574473e-01 1.853222661914763236e+01
4.899444334192733508e-01 1.870863810768431534e+01
4.903406094899892542e-01 1.888916082643677896e+01
4.907367855607051577e-01 1.910558270321970653e+01
4.911329616314210611e-01 1.930077733476576185e+01
4.915291377021370200e-01 1.948769666486466434e+01
4.919253137728529235e-01 1.968148300381393057e+01
4.923214898435688269e-01 1.988556040465624619e+01
4.927176659142847304e-01 2.009572359993274659e+01
4.931138419850006893e-01 2.031723746789801055e+01
4.935100180557165928e-01 2.050036709361023668e+01
4.939061941264324962e-01 2.067904365663881450e+01
4.943023701971483996e-01 2.088355660713056139e+01
4.946985462678643031e-01 2.111411081841074733e+01
4.950947223385802620e-01 2.133455902617131983e+01
4.954908984092961655e-01 2.153320751680317358e+01
4.958870744800120689e-01 2.183140428613149453e+01
4.962832505507279723e-01 2.204819679812752042e+01
4.966794266214439313e-01 2.220653293845566267e+01
4.970756026921598347e-01 2.243018531830322004e+01
4.974717787628757382e-01 2.264077594543135064e+01
4.978679548335916416e-01 2.287804911958236787e+01
4.982641309043075450e-01 2.310145479209000996e+01
4.986603069750235040e-01 2.335505002526063478e+01
4.990564830457394074e-01 2.359565579754804787e+01
4.994526591164553109e-01 2.380635378946784897e+01
4.998488351871712143e-01 2.402659942662110737e+01
5.002450112578871178e-01 2.422864986439007140e+01
5.006411873286030767e-01 2.443856278608167543e+01
5.010373633993190357e-01 2.465725534713925882e+01
5.014335394700348836e-01 2.490250985015216045e+01
5.018297155407507315e-01 2.517469842023930582e+01
5.022258916114668015e-01 2.534322226972365399e+01
5.026220676821826494e-01 2.553521502925264386e+01
5.030182437528984973e-01 2.574958827510080539e+01
5.034144198236144563e-01 2.602586529852192498e+01
5.038105958943304152e-01 2.629640320687076027e+01
5.042067719650462632e-01 2.653041467529813957e+01
5.046029480357622221e-01 2.682094298343456984e+01
5.049991241064781811e-01 2.705179822005629120e+01
5.053953001771940290e-01 2.722754320012600004e+01
5.057914762479099879e-01 2.744594017886637261e+01
5.061876523186259469e-01 2.770187634325586146e+01
5.065838283893417948e-01 2.788168743058128740e+01
5.069800044600576427e-01 2.824132548331586889e+01
5.073761805307737127e-01 2.849592448589577387e+01
5.077723566014895606e-01 2.887298448725623956e+01
5.081685326722054086e-01 2.905424387199816749e+01
5.085647087429213675e-01 2.923748856949964647e+01
5.089608848136373265e-01 2.960831695501605054e+01
5.093570608843531744e-01 2.979303948642803945e+01
5.097532369550691334e-01 3.010439196401423700e+01
5.101494130257850923e-01 3.029149523957188350e+01
5.105455890965009402e-01 3.048059011937850471e+01
5.109417651672168992e-01 3.080687190447308055e+01
5.113379412379328581e-01 3.120424637256681422e+01
5.117341173086487061e-01 3.139536138994997216e+01
5.121302933793645540e-01 3.158847476641769703e+01
5.125264694500805129e-01 3.178357783039442808e+01
5.129226455207964719e-01 3.198066187397466464e+01
5.133188215915123198e-01 3.217971815722730611e+01
5.137149976622282788e-01 3.238073791246863919e+01
5.141111737329442377e-01 3.258371234849558817e+01
5.145073498036600856e-01 3.278863265477075828e+01
5.149035258743760446e-01 3.322430205928574765e+01
5.152997019450920035e-01 3.343153513669442134e+01
5.156958780158078515e-01 3.364069606816244118e+01
5.160920540865236994e-01 3.385177597834419316e+01
5.164882301572397694e-01 3.406476599244356152e+01
5.168844062279556173e-01 3.529953620885484611e+01
5.172805822986714652e-01 3.551160386014395698e+01
5.176767583693874242e-01 3.572557056409362275e+01
5.180729344401033831e-01 3.594142747620724521e+01
5.184691105108192311e-01 3.704897887275510726e+01
5.188652865815351900e-01 3.815278848623852781e+01
5.192614626522511490e-01 3.836843135125049287e+01
5.196576387229669969e-01 3.858594413461698736e+01
5.200538147936829558e-01 3.880531809762552342e+01
5.204499908643989148e-01 3.902654453417072489e+01
5.208461669351147627e-01 4.121299234806385670e+01
5.212423430058306106e-01 4.143602748702747363e+01
5.216385190765465696e-01 8.289306334778564178e+01
5.220346951472625285e-01 8.289306334778564178e+01
5.224308712179783765e-01 8.289306334778564178e+01
5.228270472886943354e-01 8.289306334778564178e+01
5.232232233594102944e-01 8.289306334778564178e+01
5.236193994301261423e-01 8.289306334778564178e+01
5.240155755008421012e-01 8.289306334778564178e+01
5.244117515715580602e-01 8.289306334778564178e+01
5.248079276422739081e-01 8.289306334778564178e+01
5.252041037129897560e-01 8.289306334778564178e+01
5.256002797837058260e-01 8.289306334778564178e+01
5.259964558544216739e-01 8.289306334778564178e+01
5.263926319251375219e-01 8.289306334778564178e+01
5.267888079958534808e-01 8.289306334778564178e+01
5.271849840665694398e-01 8.289306334778564178e+01
5.275811601372852877e-01 8.289306334778564178e+01
5.279773362080012467e-01 8.289306334778564178e+01
5.283735122787172056e-01 8.289306334778564178e+01
5.287696883494330535e-01 8.289306334778564178e+01
5.291658644201490125e-01 8.289306334778564178e+01
5.295620404908649714e-01 8.289306334778564178e+01
5.299582165615808194e-01 8.289306334778564178e+01
5.303543926322966673e-01 8.289306334778564178e+01
5.307505687030127373e-01 8.289306334778564178e+01
5.311467447737285852e-01 8.289306334778564178e+01
