1.253878709081042153e-01 8.289306334778564178e+01
1.258105801063426898e-01 8.289306334778564178e+01
1.262332893045811366e-01 8.289306334778564178e+01
1.266559985028196111e-01 8.289306334778564178e+01
1.270787077010580857e-01 8.289306334778564178e+01
1.275014168992965324e-01 8.289306334778564178e+01
1.279241260975350070e-01 8.289306334778564178e+01
1.283468352957734815e-01 8.289306334778564178e+01
1.287695444940119283e-01 8.289306334778564178e+01
1.291922536922504028e-01 8.289306334778564178e+01
1.296149628904888773e-01 8.289306334778564178e+01
1.300376720887273241e-01 8.289306334778564178e+01
1.304603812869657986e-01 8.289306334778564178e+01
1.308830904852042731e-01 8.289306334778564178e+01
1.313057996834427477e-01 8.289306334778564178e+01
1.317285088816811944e-01 8.289306334778564178e+01
1.321512180799196690e-01 8.289306334778564178e+01
1.325739272781581435e-01 8.289306334778564178e+01
1.329966364763965903e-01 8.289306334778564178e+01
1.334193456746350648e-01 8.289306334778564178e+01
1.338420548728735393e-01 8.289306334778564178e+01
1.342647640711119861e-01 8.289306334778564178e+01
1.346874732693504606e-01 4.450935268511437926e+01
1.351101824675889351e-01 4.429990810009585545e+01
1.355328916658273819e-01 4.409207765381842137e+01
1.359556008640658564e-01 4.388586851464822303e+01
1.363783100623043310e-01 4.368128788833514875e+01
1.368010192605427777e-01 4.347834301664745027e+01
1.372237284587812522e-01 4.327704117589919264e+01
1.376464376570197268e-01 4.307738967537189723e+01
1.380691468552581735e-01 4.287939585563173495e+01
1.384918560534966481e-01 4.268306708674389682e+01
1.389145652517351226e-01 4.248841076638571934e+01
1.393372744499735694e-01 4.229543431786050434e+01
1.397599836482120439e-01 4.210414518801396611e+01
1.401826928464505184e-01 4.191455084505552975e+01
1.406054020446889652e-01 4.172665877628679709e+01
1.410281112429274397e-01 3.993404353169239585e+01
1.414508204411659142e-01 3.973895263962116076e+01
1.418735296394043610e-01 3.954552999369877853e+01
1.422962388376428355e-01 3.935378298428933874e+01
1.427189480358813101e-01 3.916371900935828876e+01
1.431416572341197568e-01 3.897534547171933639e+01
1.435643664323582314e-01 3.878866977621076018e+01
1.439870756305967059e-01 3.758306482692905348e+01
1.444097848288351527e-01 3.739179321649152854e+01
1.448324940270736272e-01 3.616753750355853470e+01
1.452552032253121017e-01 3.597246460864951700e+01
1.456779124235505485e-01 3.518718284519371764e+01
1.461006216217890230e-01 3.499156885245721327e+01
1.465233308200274975e-01 3.454484043221668799e+01
1.469460400182659721e-01 3.401539235233063607e+01
1.473687492165044188e-01 3.356572060649381939e+01
1.477914584147428934e-01 3.337105799779303084e+01
1.482141676129813679e-01 3.317809118726089679e+01
1.486368768112198147e-01 3.268011551741825826e+01
1.490595860094582892e-01 3.198779218520631673e+01
1.494822952076967637e-01 3.137659123658087879e+01
1.499050044059352105e-01 3.100517284848612221e+01
1.503277136041736850e-01 3.074293413058710200e+01
1.507504228024121595e-01 3.054928448697955901e+01
1.511731320006506063e-01 3.029771827160969622e+01
1.515958411988890808e-01 3.010702340686612288e+01
1.520185503971275554e-01 2.985840899773607759e+01
1.524412595953660021e-01 2.957272960005183293e+01
1.528639687936044766e-01 2.938579117989453238e+01
1.532866779918429512e-01 2.915340625492183335e+01
1.537093871900813979e-01 2.886957203721454945e+01
1.541320963883198725e-01 2.858133544563392192e+01
1.545548055865583470e-01 2.821536829105808053e+01
1.549775147847968215e-01 2.796287213522410298e+01
1.554002239830352683e-01 2.772734490860362655e+01
1.558229331812737428e-01 2.745624710481193631e+01
1.562456423795122173e-01 2.718174965566734613e+01
1.566683515777506641e-01 2.684009338610064432e+01
1.570910607759891386e-01 2.655744648279749498e+01
1.575137699742276132e-01 2.628461538900631567e+01
1.579364791724660599e-01 2.602871573309168696e+01
1.583591883707045345e-01 2.570726610612557650e+01
1.587818975689430090e-01 2.536327339410173565e+01
1.592046067671814558e-01 2.507584961885340391e+01
1.596273159654199303e-01 2.476489962801714029e+01
1.600500251636584048e-01 2.450664096466883279e+01
1.604727343618968516e-01 2.426672831448311385e+01
1.608954435601353261e-01 2.405794597161965598e+01
1.613181527583738006e-01 2.384447085073028916e+01
1.617408619566122474e-01 2.364051102586618924e+01
1.621635711548507219e-01 2.339050895119131468e+01
1.625862803530891965e-01 2.316782237443799275e+01
1.630089895513276432e-01 2.291116402612997405e+01
1.634316987495661178e-01 2.270217573474065276e+01
1.638544079478045923e-01 2.246543775345538307e+01
1.642771171460430391e-01 2.222899519865827855e+01
1.646998263442815136e-01 2.194373331402242400e+01
1.651225355425199881e-01 2.170501395457674931e+01
1.655452447407584349e-01 2.146820405363201445e+01
1.659679539389969094e-01 2.123471936617390554e+01
1.663906631372353839e-01 2.100960339724251114e+01
1.668133723354738307e-01 2.079855568160268575e+01
1.672360815337123052e-01 2.059641489338450171e+01
1.676587907319507798e-01 2.037172960253313292e+01
1.680814999301892265e-01 2.017287866254923046e+01
1.685042091284277010e-01 1.993958613274187996e+01
1.689269183266661756e-01 1.973147165794322788e+01
1.693496275249046223e-01 1.951391321468397066e+01
1.697723367231430969e-01 1.929312915461981248e+01
1.701950459213815714e-01 1.908931245766192220e+01
1.706177551196200182e-01 1.890016458397489885e+01
1.710404643178584927e-01 1.868294974965624533e+01
1.714631735160969672e-01 1.848763255822127149e+01
1.718858827143354140e-01 1.826607631504068863e+01
1.723085919125738885e-01 1.807085554628592661e+01
1.727313011108123630e-01 1.788829142071914546e+01
1.731540103090508098e-01 1.770244114304858840e+01
1.735767195072892843e-01 1.751838184101791640e+01
1.739994287055277589e-01 1.733340634766488364e+01
1.744221379037662056e-01 1.715062350721877493e+01
1.748448471020046802e-01 1.695501054683106901e+01
1.752675563002431547e-01 1.677188974980892411e+01
1.756902654984816292e-01 1.658275502082334540e+01
1.761129746967200760e-01 1.640291655023210637e+01
1.765356838949585505e-01 1.622753024974007374e+01
1.769583930931970250e-01 1.605007405892593297e+01
1.773811022914354718e-01 1.588438678087660705e+01
1.778038114896739463e-01 1.570554093566106069e+01
1.782265206879124209e-01 1.552222944408759098e+01
1.786492298861508954e-01 1.535711920741835890e+01
1.790719390843893422e-01 1.519673852112990531e+01
1.794946482826278167e-01 1.503093003513468418e+01
1.799173574808662912e-01 1.486310738369640028e+01
1.803400666791047380e-01 1.470354232551922458e+01
1.807627758773432125e-01 1.454204103166238937e+01
1.811854850755816870e-01 1.438213263246828966e+01
1.816081942738201338e-01 1.422085625837895151e+01
1.820309034720586083e-01 1.406009295791039904e+01
1.824536126702970829e-01 1.390391928381375131e+01
1.828763218685355296e-01 1.375074895340155123e+01
1.832990310667740042e-01 1.360058115162991577e+01
1.837217402650124787e-01 1.344713633544361997e+01
1.841444494632509254e-01 1.329324439279988468e+01
1.845671586614894000e-01 1.314364834646340618e+01
1.849898678597278745e-01 1.299351053504478060e+01
1.854125770579663213e-01 1.284735319527062103e+01
1.858352862562047958e-01 1.270387867288722639e+01
1.862579954544432703e-01 1.255950701030594807e+01
1.866807046526817171e-01 1.241733650796766852e+01
1.871034138509201916e-01 1.227700728230984240e+01
1.875261230491586661e-01 1.213637171195546216e+01
1.879488322473971129e-01 1.200086396395725252e+01
1.883715414456355874e-01 1.186442068921732584e+01
1.887942506438740620e-01 1.172587436228488578e+01
1.892169598421125087e-01 1.159012836898901355e+01
1.896396690403509833e-01 1.145906339655371653e+01
1.900623782385894578e-01 1.132682308480936229e+01
1.904850874368279046e-01 1.119779152114582566e+01
1.909077966350663791e-01 1.106943371398820553e+01
1.913305058333048536e-01 1.094256572122037063e+01
1.917532150315433004e-01 1.081429524969067835e+01
1.921759242297817749e-01 1.068799103544562712e+01
1.925986334280202494e-01 1.056747917113932544e+01
1.930213426262586962e-01 1.044398267602149133e+01
1.934440518244971707e-01 1.032410985699841710e+01
1.938667610227356453e-01 1.020357160357704274e+01
1.942894702209740920e-01 1.008643973752664813e+01
1.947121794192125666e-01 9.969101725749588638e+00
1.951348886174510411e-01 9.851166654534734946e+00
1.955575978156894879e-01 9.733585985525166961e+00
1.959803070139279624e-01 9.618407558414189040e+00
1.964030162121664369e-01 9.507584158787352635e+00
1.968257254104048837e-01 9.395610663140027796e+00
1.972484346086433582e-01 9.285706100849820288e+00
1.976711438068818327e-01 9.173208790041055494e+00
1.980938530051202795e-01 9.063234456271661799e+00
1.985165622033587540e-01 8.954518572905277196e+00
1.989392714015972286e-01 8.847442730234174491e+00
1.993619805998356753e-01 8.741428586132034440e+00
1.997846897980741776e-01 8.637203882218962292e+00
2.002073989963126244e-01 8.535064417636240464e+00
2.006301081945510711e-01 8.435360546604393051e+00
2.010528173927895734e-01 8.332941271042411557e+00
2.014755265910280202e-01 8.232786908849249130e+00
2.018982357892664670e-01 8.134345554908204434e+00
2.023209449875049692e-01 8.036120568622546756e+00
2.027436541857434160e-01 7.938959562730056874e+00
2.031663633839818628e-01 7.843090978179898975e+00
2.035890725822203651e-01 7.748877195547586361e+00
2.040117817804588118e-01 7.654062937328944827e+00
2.044344909786972586e-01 7.562712101382237151e+00
2.048572001769357609e-01 7.469378256618573353e+00
2.052799093751742077e-01 7.377916402761959702e+00
2.057026185734126822e-01 7.288007130746186668e+00
2.061253277716511567e-01 7.199520547195839448e+00
2.065480369698896035e-01 7.111610735475503375e+00
2.069707461681280780e-01 7.024351877008761846e+00
2.073934553663665525e-01 6.938840838129870292e+00
2.078161645646049993e-01 6.852848806718219166e+00
2.082388737628434738e-01 6.767800970030551255e+00
2.086615829610819484e-01 6.684605419152404693e+00
2.090842921593203951e-01 6.602764330225795675e+00
2.095070013575588697e-01 6.520530953770196092e+00
2.099297105557973442e-01 6.439501964915814725e+00
2.103524197540357910e-01 6.359592950713183868e+00
2.107751289522742655e-01 6.280509663607253046e+00
2.111978381505127400e-01 6.202376572437575675e+00
2.116205473487511868e-01 6.124458724192505699e+00
2.120432565469896613e-01 6.047946625334979842e+00
2.124659657452281358e-01 5.974054532840586518e+00
2.128886749434665826e-01 5.899904474616612049e+00
2.133113841417050571e-01 5.826204903605524343e+00
2.137340933399435317e-01 5.753600126872642662e+00
2.141568025381819784e-01 5.680576522804475559e+00
2.145795117364204529e-01 5.609213193487595284e+00
2.150022209346589275e-01 5.539173955547547656e+00
2.154249301328973742e-01 5.470419874544610650e+00
2.158476393311358488e-01 5.401200550276043622e+00
2.162703485293743233e-01 5.334380808471602009e+00
2.166930577276127701e-01 5.267925665066152341e+00
2.171157669258512446e-01 5.201403970862911841e+00
2.175384761240897191e-01 5.135624461793520723e+00
2.179611853223281659e-01 5.071195317981191053e+00
2.183838945205666404e-01 5.007713275832748501e+00
2.188066037188051149e-01 4.944446945883215427e+00
2.192293129170435617e-01 4.882005595213279925e+00
2.196520221152820362e-01 4.820099312882002884e+00
2.200747313135205108e-01 4.759003113052536094e+00
2.204974405117589575e-01 4.699330425634081543e+00
2.209201497099974321e-01 4.640330080337152552e+00
2.213428589082359066e-01 4.581856723936401643e+00
2.217655681064743534e-01 4.524291714984233437e+00
2.221882773047128279e-01 4.466709098310503556e+00
2.226109865029513024e-01 4.410963347531857259e+00
2.230336957011897492e-01 4.355243441493358958e+00
2.234564048994282237e-01 4.299653200411749587e+00
2.238791140976666982e-01 4.245594667481503492e+00
2.243018232959051450e-01 4.191434570363809620e+00
2.247245324941436473e-01 4.138534845512016780e+00
2.251472416923820941e-01 4.086756593573085183e+00
2.255699508906205408e-01 4.035050559662972880e+00
2.259926600888590431e-01 3.984049164567011747e+00
2.264153692870974899e-01 3.933846986905577214e+00
2.268380784853359367e-01 3.883923097041690919e+00
2.272607876835744389e-01 3.834994662800780052e+00
2.276834968818128857e-01 3.786257794737818649e+00
2.281062060800513325e-01 3.738532803911147173e+00
2.285289152782898348e-01 3.691193091653987235e+00
2.289516244765282815e-01 3.644963502342981165e+00
2.293743336747667283e-01 3.599676218881308287e+00
2.297970428730052306e-01 3.554639380795778791e+00
2.302197520712436773e-01 3.509762479300094995e+00
2.306424612694821519e-01 3.465792671058575802e+00
2.310651704677206264e-01 3.422025654549593288e+00
2.314878796659590732e-01 3.379237115213682419e+00
2.319105888641975477e-01 3.336768066638684971e+00
2.323332980624360222e-01 3.294587426939380670e+00
2.327560072606744690e-01 3.253734078823398157e+00
2.331787164589129435e-01 3.213240436669161149e+00
2.336014256571514180e-01 3.172938194769946652e+00
2.340241348553898648e-01 3.132876212714224895e+00
2.344468440536283393e-01 3.093564568737329878e+00
2.348695532518668139e-01 3.055077518949238957e+00
2.352922624501052606e-01 3.016885334009991926e+00
2.357149716483437352e-01 2.979727161284864589e+00
2.361376808465822097e-01 2.942789668602657116e+00
2.365603900448206565e-01 2.906907825092283293e+00
2.369830992430591310e-01 2.870592309334361047e+00
2.374058084412976055e-01 2.835088756993838111e+00
2.378285176395360523e-01 2.799830849732232618e+00
2.382512268377745268e-01 2.765107486671281034e+00
2.386739360360130013e-01 2.731110516833119117e+00
2.390966452342514481e-01 2.697132581290483166e+00
2.395193544324899226e-01 2.663828863611726216e+00
2.399420636307283972e-01 2.631125410762551908e+00
2.403647728289668439e-01 2.598746982933140437e+00
2.407874820272053185e-01 2.567143264267319314e+00
2.412101912254437930e-01 2.535882964276793494e+00
2.416329004236822398e-01 2.504841211835973525e+00
2.420556096219207143e-01 2.474195919063729487e+00
2.424783188201591888e-01 2.443792547565466489e+00
2.429010280183976356e-01 2.413775145728172866e+00
2.433237372166361101e-01 2.384116069722445719e+00
2.437464464148745846e-01 2.354983851150756813e+00
2.441691556131130314e-01 2.326025156926763149e+00
2.445918648113515059e-01 2.297625281151729926e+00
2.450145740095899805e-01 2.269588669485889110e+00
2.454372832078284272e-01 2.242225833929689660e+00
2.458599924060669017e-01 2.215041074611490579e+00
2.462827016043053763e-01 2.188059184578291738e+00
2.467054108025438230e-01 2.161484243447607145e+00
2.471281200007822976e-01 2.135304525909834883e+00
2.475508291990207721e-01 2.109744186715873937e+00
2.479735383972592189e-01 2.084599770822791687e+00
2.483962475954976934e-01 2.059541834980337605e+00
2.488189567937361679e-01 2.034791055302930474e+00
2.492416659919746147e-01 2.010684792600393678e+00
2.496643751902131170e-01 1.986620493483587380e+00
2.500870843884515637e-01 1.962691902722514259e+00
2.505097935866900105e-01 1.939406129295678349e+00
2.509325027849285128e-01 1.916375094686055824e+00
2.513552119831669596e-01 1.893700347247648130e+00
2.517779211814054063e-01 1.870406774230542579e+00
2.522006303796439086e-01 1.848237792236824717e+00
2.526233395778823554e-01 1.826044796004121507e+00
2.530460487761208022e-01 1.803763673795654832e+00
2.534687579743593044e-01 1.781770543468692125e+00
2.538914671725977512e-01 1.760706740792652658e+00
2.543141763708361980e-01 1.739597801463938831e+00
2.547368855690747003e-01 1.718970118456213836e+00
2.551595947673131470e-01 1.698459315626603683e+00
2.555823039655515938e-01 1.678440175046755689e+00
2.560050131637900961e-01 1.658371941368879998e+00
2.564277223620285429e-01 1.638860641926340289e+00
2.568504315602669896e-01 1.619546372962473058e+00
2.572731407585054919e-01 1.600307198993153213e+00
2.576958499567439387e-01 1.581285994896127756e+00
2.581185591549823855e-01 1.562118754874074922e+00
2.585412683532208877e-01 1.543666957302997300e+00
2.589639775514593345e-01 1.525063656458482741e+00
2.593866867496977813e-01 1.507042937726466025e+00
2.598093959479362836e-01 1.489082552111174795e+00
2.602321051461747303e-01 1.471583585466456734e+00
2.606548143444131771e-01 1.454348848155645024e+00
2.610775235426516794e-01 1.437143175943714990e+00
2.615002327408901261e-01 1.420262432401228736e+00
2.619229419391285729e-01 1.403209948504538618e+00
2.623456511373670752e-01 1.386497612258557943e+00
2.627683603356055220e-01 1.370113077456667217e+00
2.631910695338439687e-01 1.353749844034384919e+00
2.636137787320824710e-01 1.337791606851541637e+00
2.640364879303209178e-01 1.321513164344729319e+00
2.644591971285593646e-01 1.305218051042092098e+00
2.648819063267978668e-01 1.289606410658265423e+00
2.653046155250363136e-01 1.273995454025995011e+00
2.657273247232747604e-01 1.258545771690303017e+00
2.661500339215132627e-01 1.243453354367059616e+00
2.665727431197517094e-01 1.228163943667740510e+00
2.669954523179901562e-01 1.213211770646450915e+00
2.674181615162286585e-01 1.198887529393031226e+00
2.678408707144671053e-01 1.184311765559898255e+00
2.682635799127055520e-01 1.169949872906859589e+00
2.686862891109440543e-01 1.155641627322389509e+00
2.691089983091825011e-01 1.141416207227277768e+00
2.695317075074209479e-01 1.127597578155824953e+00
2.699544167056594501e-01 1.114228645611484048e+00
2.703771259038978969e-01 1.100324511421815643e+00
2.707998351021363437e-01 1.086346984089409995e+00
2.712225443003748460e-01 1.072895843104449076e+00
2.716452534986132927e-01 1.059838545182573144e+00
2.720679626968517395e-01 1.046631731936584320e+00
2.724906718950902418e-01 1.033568537213646499e+00
2.729133810933287441e-01 1.020560167088534920e+00
2.733360902915671353e-01 1.007792841718384791e+00
2.737587994898056376e-01 9.952103738176849568e-01
2.741815086880441399e-01 9.826704591843685721e-01
2.746042178862825311e-01 9.700953618844389004e-01
2.750269270845210334e-01 9.576888350281775875e-01
2.754496362827595357e-01 9.454959957353730182e-01
2.758723454809979270e-01 9.335512925316165056e-01
2.762950546792364293e-01 9.218007541097157365e-01
2.767177638774749315e-01 9.100266920375006396e-01
2.771404730757133228e-01 8.983409943847372459e-01
2.775631822739518251e-01 8.865732566930193403e-01
2.779858914721903274e-01 8.752058405723676104e-01
2.784086006704287186e-01 8.641437532360467522e-01
2.788313098686672209e-01 8.529985874494612208e-01
2.792540190669057232e-01 8.420033558320714207e-01
2.796767282651441144e-01 8.308642200141702627e-01
2.800994374633826167e-01 8.199078239166162074e-01
2.805221466616211190e-01 8.095323191403444030e-01
2.809448558598595103e-01 7.986322097300245781e-01
2.813675650580980125e-01 7.878145278393398065e-01
2.817902742563365148e-01 7.772415904174984069e-01
2.822129834545749061e-01 7.666655654173790690e-01
2.826356926528134084e-01 7.562558782581770833e-01
2.830584018510519106e-01 7.460705363281242564e-01
2.834811110492903019e-01 7.361615750677568126e-01
2.839038202475288042e-01 7.263265410090442575e-01
2.843265294457673065e-01 7.162840910368272196e-01
2.847492386440057532e-01 7.065262394458853290e-01
2.851719478422442000e-01 6.967564181574237292e-01
2.855946570404827023e-01 6.871353242418332119e-01
2.860173662387211491e-01 6.775086332673529999e-01
2.864400754369595958e-01 6.681161169539784339e-01
2.868627846351980981e-01 6.589604472502850196e-01
2.872854938334365449e-01 6.498627222457487029e-01
2.877082030316749917e-01 6.405236192316235977e-01
2.881309122299134939e-01 6.313574149502728661e-01
2.885536214281519407e-01 6.223626085311596556e-01
2.889763306263903875e-01 6.132933501990235348e-01
2.893990398246288898e-01 6.050997071936630167e-01
2.898217490228673365e-01 5.963495783229399994e-01
2.902444582211057833e-01 5.879541728358866903e-01
2.906671674193442856e-01 5.794246040698797229e-01
2.910898766175827324e-01 5.710783225021242027e-01
2.915125858158211791e-01 5.625306133373337847e-01
2.919352950140596814e-01 5.542639315388628862e-01
2.923580042122981282e-01 5.458057470071339123e-01
2.927807134105365749e-01 5.378105840507197977e-01
2.932034226087750772e-01 5.301415418745752950e-01
2.936261318070135240e-01 5.221973404402617813e-01
2.940488410052519708e-01 5.143940757300249356e-01
2.944715502034904731e-01 5.066411000126572750e-01
2.948942594017289198e-01 4.990988078909830428e-01
2.953169685999673666e-01 4.913322146126388734e-01
2.957396777982058689e-01 4.841280465319878767e-01
2.961623869964443156e-01 4.766080449247922513e-01
2.965850961946827624e-01 4.697466729430779253e-01
2.970078053929212647e-01 4.625602686261310881e-01
2.974305145911597115e-01 4.553133568906209683e-01
2.978532237893981582e-01 4.484403958690635905e-01
2.982759329876366605e-01 4.416164483169136568e-01
2.986986421858751073e-01 4.348018594129997028e-01
2.991213513841135541e-01 4.282281555584021016e-01
2.995440605823520563e-01 4.216375286264215649e-01
2.999667697805905031e-01 4.152190555066844757e-01
3.003894789788289499e-01 4.086495100872074571e-01
3.008121881770674522e-01 4.021456213336245256e-01
3.012348973753058989e-01 3.960757493221493397e-01
3.016576065735443457e-01 3.898652003236912078e-01
3.020803157717828480e-01 3.834727126847290446e-01
3.025030249700212948e-01 3.775438236256634661e-01
3.029257341682597415e-01 3.715223578023512108e-01
3.033484433664982438e-01 3.656090291719339969e-01
3.037711525647366906e-01 3.596781228031613042e-01
3.041938617629751374e-01 3.535774421378552468e-01
3.046165709612136396e-01 3.478600919653963564e-01
3.050392801594520864e-01 3.421745829110364179e-01
3.054619893576905332e-01 3.362372065417493228e-01
3.058846985559290355e-01 3.312236507360845073e-01
3.063074077541674822e-01 3.256806526653191480e-01
3.067301169524059290e-01 3.200418148168436283e-01
3.071528261506444313e-01 3.147491753845844120e-01
3.075755353488828781e-01 3.098362161726740949e-01
3.079982445471213248e-01 3.044271176955556935e-01
3.084209537453598271e-01 2.991897331811662619e-01
3.088436629435982739e-01 2.942160421991152353e-01
3.092663721418367206e-01 2.893770299246535282e-01
3.096890813400752229e-01 2.841715372419510999e-01
3.101117905383136697e-01 2.793540216112220254e-01
3.105344997365521165e-01 2.745386205583558725e-01
3.109572089347906187e-01 2.698532835764660964e-01
3.113799181330290655e-01 2.651575985845808225e-01
3.118026273312675123e-01 2.604042416480469857e-01
3.122253365295060146e-01 2.556723605930577570e-01
3.126480457277444613e-01 2.508429771244379825e-01
3.130707549259829081e-01 2.463444732998455455e-01
3.134934641242214104e-01 2.418952479358422725e-01
3.139161733224598572e-01 2.376262135794779684e-01
3.143388825206983039e-01 2.330119538797163214e-01
3.147615917189368062e-01 2.287226680897024300e-01
3.151843009171752530e-01 2.247044406167820751e-01
3.156070101154136998e-01 2.203286312784749623e-01
3.160297193136522020e-01 2.164617659650766301e-01
3.164524285118906488e-01 2.122831117515136812e-01
3.168751377101290956e-01 2.079974135073893171e-01
3.172978469083675979e-01 2.040878284507454676e-01
3.177205561066060446e-01 2.000187865348206917e-01
3.181432653048444914e-01 1.960584417615747199e-01
3.185659745030829937e-01 1.921722659340699968e-01
3.189886837013214405e-01 1.883211122555771555e-01
3.194113928995598872e-01 1.846107097682930798e-01
3.198341020977983895e-01 1.808575208873221818e-01
3.202568112960368363e-01 1.771392490140870080e-01
3.206795204942752830e-01 1.733156953594122696e-01
3.211022296925137853e-01 1.694648655662595871e-01
3.215249388907522321e-01 1.657522308826267776e-01
3.219476480889906789e-01 1.619533575066710862e-01
3.223703572872291812e-01 1.581913032572685729e-01
3.227930664854676834e-01 1.546693819905253231e-01
3.232157756837060747e-01 1.509594454352018722e-01
3.236384848819445770e-01 1.474836153397159344e-01
3.240611940801830793e-01 1.439933142213644379e-01
3.244839032784214705e-01 1.404992705828536914e-01
3.249066124766599728e-01 1.369915464890210377e-01
3.253293216748984751e-01 1.335242150084281210e-01
3.257520308731368663e-01 1.301815076191886744e-01
3.261747400713753686e-01 1.266501761010880300e-01
3.265974492696138709e-01 1.234751559526969938e-01
3.270201584678522622e-01 1.201401535366035250e-01
3.274428676660907644e-01 1.167374920431988178e-01
3.278655768643292667e-01 1.132282289099535433e-01
3.282882860625676580e-01 1.096872237416986889e-01
3.287109952608061603e-01 1.067258427342095556e-01
3.291337044590446625e-01 1.036723218895296283e-01
3.295564136572830538e-01 1.007089644562629976e-01
3.299791228555215561e-01 9.766511593065363428e-02
3.304018320537600584e-01 9.463456312780160751e-02
3.308245412519984496e-01 9.168130883339413451e-02
3.312472504502369519e-01 8.862922589460119072e-02
3.316699596484754542e-01 8.546001568950413463e-02
3.320926688467138455e-01 8.279694717614936861e-02
3.325153780449523477e-01 7.979168065178081359e-02
3.329380872431908500e-01 7.708621207297992883e-02
3.333607964414292413e-01 7.430305201486472888e-02
3.337835056396677436e-01 7.147640417251957534e-02
3.342062148379062458e-01 6.864269994120300589e-02
3.346289240361446371e-01 6.568860549276578364e-02
3.350516332343831394e-01 6.304124897427677843e-02
3.354743424326216417e-01 6.029764342634760799e-02
3.358970516308600884e-01 5.761517584670707015e-02
3.363197608290985352e-01 5.510367358798839293e-02
3.367424700273370375e-01 5.263189638105218032e-02
3.371651792255754843e-01 5.003776877006790857e-02
3.375878884238139310e-01 4.741396687226857865e-02
3.380105976220524333e-01 4.520603696064344479e-02
3.384333068202908801e-01 4.288287775920526790e-02
3.388560160185293268e-01 4.054642377739516024e-02
3.392787252167678291e-01 3.796299038347427518e-02
3.397014344150062759e-01 3.550459794012358894e-02
3.401241436132447227e-01 3.358882322855403363e-02
3.405468528114832250e-01 3.141774485277840090e-02
3.409695620097216717e-01 2.935510362580304525e-02
3.413922712079601185e-01 2.753029902535045204e-02
3.418149804061986208e-01 2.579728431762942989e-02
3.422376896044370675e-01 2.389554168564088713e-02
3.426603988026755143e-01 2.223667337209841999e-02
3.430831080009140166e-01 2.050756590838826582e-02
3.435058171991524634e-01 1.887436987480689207e-02
3.439285263973909101e-01 1.719163659001498798e-02
3.443512355956294124e-01 1.566332179140743699e-02
3.447739447938678592e-01 1.435690535340643052e-02
3.451966539921063060e-01 1.311019427189780498e-02
3.456193631903448082e-01 1.169005232142110266e-02
3.460420723885832550e-01 1.020603080646481989e-02
3.464647815868217018e-01 8.887399960502856758e-03
3.468874907850602041e-01 7.610247897101928873e-03
3.473101999832986508e-01 6.488281385036541969e-03
3.477329091815370976e-01 5.444756966485132625e-03
3.481556183797755999e-01 4.794182743616343112e-03
3.485783275780140467e-01 3.971664974838704301e-03
3.490010367762524934e-01 3.099707688501013737e-03
3.494237459744909957e-01 2.340552420454954791e-03
3.498464551727294425e-01 1.987458811984002711e-03
3.502691643709678893e-01 1.449252691269275377e-03
3.506918735692063915e-01 1.081135846540873854e-03
3.511145827674448383e-01 8.418020829069213472e-04
3.515372919656832851e-01 4.792719281385037964e-04
3.519600011639217874e-01 4.620528731919759874e-04
3.523827103621602341e-01 -0.000000000000000000e+00
3.528054195603986809e-01 1.328998340760834714e-04
3.532281287586371832e-01 3.403423370325326758e-04
3.536508379568756300e-01 7.287254202641163135e-04
3.540735471551140767e-01 7.977717976115426390e-04
3.544962563533525790e-01 1.395878126569055503e-03
3.549189655515910258e-01 1.841210855437912372e-03
3.553416747498294725e-01 2.503540323955922697e-03
3.557643839480679748e-01 3.372672781633256987e-03
3.561870931463064216e-01 4.533923608175623177e-03
3.566098023445448684e-01 5.193342051474257245e-03
3.570325115427833707e-01 6.329401701899751119e-03
3.574552207410218174e-01 7.678617846467555332e-03
3.578779299392602642e-01 8.804648331277661541e-03
3.583006391374987665e-01 1.045816660904618119e-02
3.587233483357372132e-01 1.192663686241746297e-02
3.591460575339756600e-01 1.326995882817668011e-02
3.595687667322141623e-01 1.521779546781545749e-02
3.599914759304526091e-01 1.720634953063969463e-02
3.604141851286910558e-01 1.942591933161538428e-02
3.608368943269295581e-01 2.146236926958609501e-02
3.612596035251680049e-01 2.365594832939227690e-02
3.616823127234064517e-01 2.601688742498359935e-02
3.621050219216449539e-01 2.850692121117739258e-02
3.625277311198834007e-01 3.129702191209860623e-02
3.629504403181218475e-01 3.417902814589146576e-02
3.633731495163603498e-01 3.696586575989136564e-02
3.637958587145987965e-01 3.986099979109380964e-02
3.642185679128372433e-01 4.297984879108644740e-02
3.646412771110757456e-01 4.640571359286391195e-02
3.650639863093141924e-01 4.988717558172219013e-02
3.654866955075526391e-01 5.352684812110257428e-02
3.659094047057911414e-01 5.717831073076561771e-02
3.663321139040295882e-01 6.111655744681626645e-02
3.667548231022680350e-01 6.528298170743879192e-02
3.671775323005065372e-01 6.943188149262430331e-02
3.676002414987449840e-01 7.382684544001331950e-02
3.680229506969834308e-01 7.809302471610032881e-02
3.684456598952219331e-01 8.290157341830484139e-02
3.688683690934603798e-01 8.764571630209590236e-02
3.692910782916988266e-01 9.274119657998171340e-02
3.697137874899373289e-01 9.769900731929274940e-02
3.701364966881757756e-01 1.027902881920691180e-01
3.705592058864142224e-01 1.081146548633079296e-01
3.709819150846527247e-01 1.134221684951515624e-01
3.714046242828911715e-01 1.190397373821503041e-01
3.718273334811296182e-01 1.246806755691489965e-01
3.722500426793681205e-01 1.306027060654709193e-01
3.726727518776065673e-01 1.370177330969503671e-01
3.730954610758450141e-01 1.432018919069680540e-01
3.735181702740835163e-01 1.498531803568309007e-01
3.739408794723220186e-01 1.564502379560177570e-01
3.743635886705604099e-01 1.634648107896422842e-01
3.747862978687989122e-01 1.704987237149311330e-01
3.752090070670374145e-01 1.777837118666610594e-01
3.756317162652758612e-01 1.848798640664629789e-01
3.760544254635143080e-01 1.920979421445962176e-01
3.764771346617527548e-01 1.997062539294891803e-01
3.768998438599912570e-01 2.071620100310981871e-01
3.773225530582297038e-01 2.150097678094810838e-01
3.777452622564681506e-01 2.228950997199603823e-01
3.781679714547066529e-01 2.308890594771897953e-01
3.785906806529450996e-01 2.390960358219146320e-01
3.790133898511835464e-01 2.475190107123972361e-01
3.794360990494220487e-01 2.565330027454733042e-01
3.798588082476604955e-01 2.651229916073293835e-01
3.802815174458989422e-01 2.741222172991652495e-01
3.807042266441374445e-01 2.832467379832448451e-01
3.811269358423758913e-01 2.921984822963986650e-01
3.815496450406143381e-01 3.017604347642697804e-01
3.819723542388528403e-01 3.111683216471797242e-01
3.823950634370912871e-01 3.207784790280282516e-01
3.828177726353297339e-01 3.304437933173997033e-01
3.832404818335682362e-01 3.407175470481092483e-01
3.836631910318066829e-01 3.505613673979820488e-01
3.840859002300451297e-01 3.610498574709923303e-01
3.845086094282836320e-01 3.714393196806964892e-01
3.849313186265220788e-01 3.817731576104509417e-01
3.853540278247605255e-01 3.925217197980488959e-01
3.857767370229990278e-01 4.035387299272711892e-01
3.861994462212374746e-01 4.146658842071426765e-01
3.866221554194759213e-01 4.257833359806556528e-01
3.870448646177144236e-01 4.372196703863949763e-01
3.874675738159528704e-01 4.484505053174037692e-01
3.878902830141913172e-01 4.602446040590059129e-01
3.883129922124298194e-01 4.718490331284566075e-01
3.887357014106682662e-01 4.833545336640338030e-01
3.891584106089067130e-01 4.957488353794890501e-01
3.895811198071452153e-01 5.076148028270703882e-01
3.900038290053836620e-01 5.199560170319071917e-01
3.904265382036221088e-01 5.324125606955064649e-01
3.908492474018606111e-01 5.447740941482674959e-01
3.912719566000990579e-01 5.576370725691707220e-01
3.916946657983375046e-01 5.705068600550360358e-01
3.921173749965760069e-01 5.835085371498233142e-01
3.925400841948144537e-01 5.965607076101863138e-01
3.929627933930529560e-01 6.097281306552170266e-01
3.933855025912914027e-01 6.231413400362836308e-01
3.938082117895298495e-01 6.368741424608226342e-01
3.942309209877683518e-01 6.502362636872429658e-01
3.946536301860067986e-01 6.641747129597709298e-01
3.950763393842452453e-01 6.781603733733687633e-01
3.954990485824837476e-01 6.924234632887114049e-01
3.959217577807221944e-01 7.065525862535776414e-01
3.963444669789606412e-01 7.206934738457100309e-01
3.967671761771991434e-01 7.350702314542556515e-01
3.971898853754375902e-01 7.501485676335480912e-01
3.976125945736760370e-01 7.646259001099654506e-01
3.980353037719145393e-01 7.794255758343522356e-01
3.984580129701529860e-01 7.945723337777734763e-01
3.988807221683914328e-01 8.094756113515596541e-01
3.993034313666299351e-01 8.245058347659897091e-01
3.997261405648683819e-01 8.399140195498798755e-01
4.001488497631068286e-01 8.553078598410953637e-01
4.005715589613453309e-01 8.708970302185035095e-01
4.009942681595837777e-01 8.868398711964233794e-01
4.014169773578222244e-01 9.029840422904025221e-01
4.018396865560607267e-01 9.185790000374408626e-01
4.022623957542991735e-01 9.349052918203233364e-01
4.026851049525376203e-01 9.511326731871124762e-01
4.031078141507761226e-01 9.674972573157808453e-01
4.035305233490145693e-01 9.843383774978909928e-01
4.039532325472530161e-01 1.001108489023789572e+00
4.043759417454915184e-01 1.018346751873116407e+00
4.047986509437299651e-01 1.035151047968530857e+00
4.052213601419684119e-01 1.051847614154178379e+00
4.056440693402069142e-01 1.068865868247826256e+00
4.060667785384453610e-01 1.085997111242811286e+00
4.064894877366838077e-01 1.103200364002299594e+00
4.069121969349223100e-01 1.120953811125146915e+00
4.073349061331607568e-01 1.138621469588097179e+00
4.077576153313992036e-01 1.156335230113488821e+00
4.081803245296377058e-01 1.174338841841630066e+00
4.086030337278761526e-01 1.192421393008174846e+00
4.090257429261145994e-01 1.210643094560963640e+00
4.094484521243531017e-01 1.229302147461004857e+00
4.098711613225915484e-01 1.247450060360459023e+00
4.102938705208299952e-01 1.266054234547481228e+00
4.107165797190684975e-01 1.284448176181390622e+00
4.111392889173069443e-01 1.303277896665769209e+00
4.115619981155453910e-01 1.322142049188511415e+00
4.119847073137838933e-01 1.341430094721661526e+00
4.124074165120223401e-01 1.360542161934734207e+00
4.128301257102607869e-01 1.379847280887593008e+00
4.132528349084992891e-01 1.399480554504356045e+00
4.136755441067377359e-01 1.419560975451420015e+00
4.140982533049761827e-01 1.439690791828078575e+00
4.145209625032146850e-01 1.459771922516482245e+00
4.149436717014531317e-01 1.479882748096677636e+00
4.153663808996915785e-01 1.500016364274590286e+00
4.157890900979300808e-01 1.520757872794863186e+00
4.162117992961685276e-01 1.541408880992889641e+00
4.166345084944069743e-01 1.562072178918562981e+00
4.170572176926454766e-01 1.582824141770938997e+00
4.174799268908839234e-01 1.603950897130089315e+00
4.179026360891223701e-01 1.625421892217204123e+00
4.183253452873608724e-01 1.646387702861735747e+00
4.187480544855993192e-01 1.667807505761536024e+00
4.191707636838378215e-01 1.689052739521819113e+00
4.195934728820762682e-01 1.711297537351864628e+00
4.200161820803147150e-01 1.733135738529688830e+00
4.204388912785532173e-01 1.754877952360357485e+00
4.208616004767916641e-01 1.776883672670818148e+00
4.212843096750301108e-01 1.798864708951956715e+00
4.217070188732686131e-01 1.821376900143987232e+00
4.221297280715070599e-01 1.843888752686045684e+00
4.225524372697455067e-01 1.866600381174588597e+00
4.229751464679840089e-01 1.889473151714925248e+00
4.233978556662224557e-01 1.912702254930211510e+00
4.238205648644609025e-01 1.935862083960927293e+00
4.242432740626994048e-01 1.959822711241716808e+00
4.246659832609378515e-01 1.983316910317000969e+00
4.250886924591762983e-01 2.007294594657630604e+00
4.255114016574148006e-01 2.031533271467418356e+00
4.259341108556532474e-01 2.056226471097636566e+00
4.263568200538916941e-01 2.081151392937515165e+00
4.267795292521301964e-01 2.105949270006415297e+00
4.272022384503686432e-01 2.131023472466290869e+00
4.276249476486070900e-01 2.156097426335874978e+00
4.280476568468455922e-01 2.181092566785097553e+00
4.284703660450840390e-01 2.206270606960931246e+00
4.288930752433224858e-01 2.231661696405601525e+00
4.293157844415609881e-01 2.257904702992243884e+00
4.297384936397994348e-01 2.283730024112032186e+00
4.301612028380378816e-01 2.309756016358514241e+00
4.305839120362763839e-01 2.336276672567761281e+00
4.310066212345148307e-01 2.363563368288055688e+00
4.314293304327532774e-01 2.390213415648539286e+00
4.318520396309917797e-01 2.416988764336679196e+00
4.322747488292302265e-01 2.444111308711374608e+00
4.326974580274686732e-01 2.471352777463245332e+00
4.331201672257071755e-01 2.498836966222476086e+00
4.335428764239456223e-01 2.526890050497819118e+00
4.339655856221840691e-01 2.555500858364011307e+00
4.343882948204225714e-01 2.583829929036330686e+00
4.348110040186610181e-01 2.612460152430338134e+00
4.352337132168994649e-01 2.641800179435531248e+00
4.356564224151379672e-01 2.670662048999260740e+00
4.360791316133764139e-01 2.699724623251501754e+00
4.365018408116148607e-01 2.729477157931467168e+00
4.369245500098533630e-01 2.759574931091878014e+00
4.373472592080918098e-01 2.789395415016486801e+00
4.377699684063302565e-01 2.820316190000576206e+00
4.381926776045687588e-01 2.851620075300277168e+00
4.386153868028072056e-01 2.883072414444906251e+00
4.390380960010456524e-01 2.914407340892678722e+00
4.394608051992841546e-01 2.946375812306566644e+00
4.398835143975226014e-01 2.977321860990107538e+00
4.403062235957610482e-01 3.009339828705021258e+00
4.407289327939995505e-01 3.042149641076808297e+00
4.411516419922379972e-01 3.075484936188166873e+00
4.415743511904764440e-01 3.108569550506561807e+00
4.419970603887149463e-01 3.141674367702641746e+00
4.424197695869533931e-01 3.175362824370065340e+00
4.428424787851918398e-01 3.208869499586012086e+00
4.432651879834303421e-01 3.243235087660396587e+00
4.436878971816687889e-01 3.277704391551861995e+00
4.441106063799072912e-01 3.313115455785044627e+00
4.445333155781457379e-01 3.348274460413357190e+00
4.449560247763841847e-01 3.383798418563040755e+00
4.453787339746226870e-01 3.420013317824077692e+00
4.458014431728611338e-01 3.457115595033452671e+00
4.462241523710995805e-01 3.493617324271381719e+00
4.466468615693380828e-01 3.531014646794721656e+00
4.470695707675765296e-01 3.569085870377028069e+00
4.474922799658149764e-01 3.607396820891222600e+00
4.479149891640534786e-01 3.645587458119967206e+00
4.483376983622919254e-01 3.684143001473960677e+00
4.487604075605303722e-01 3.722874880036032952e+00
4.491831167587688745e-01 3.762248503102508579e+00
4.496058259570073212e-01 3.802604958871833141e+00
4.500285351552457680e-01 3.843117983687703187e+00
4.504512443534842703e-01 3.884313045959893351e+00
4.508739535517227170e-01 3.925619032135962083e+00
4.512966627499611638e-01 3.966444645569060956e+00
4.517193719481996661e-01 4.008072119604560335e+00
4.521420811464381129e-01 4.049923610846047239e+00
4.525647903446765596e-01 4.093093256289549231e+00
4.529874995429150619e-01 4.136910889180986040e+00
4.534102087411535087e-01 4.180727543335063245e+00
4.538329179393919555e-01 4.225474429138184718e+00
4.542556271376304577e-01 4.269476802923584557e+00
4.546783363358689045e-01 4.314517321186404963e+00
4.551010455341073513e-01 4.360437444226804793e+00
4.555237547323458536e-01 4.407087359410198246e+00
4.559464639305843003e-01 4.454171661199193721e+00
4.563691731288227471e-01 4.501327374803584469e+00
4.567918823270612494e-01 4.549200070691196807e+00
4.572145915252996962e-01 4.597412588790684040e+00
4.576373007235381429e-01 4.646449107664436085e+00
4.580600099217766452e-01 4.695724805946567493e+00
4.584827191200150920e-01 4.744929855834818078e+00
4.589054283182535388e-01 4.795544678501990177e+00
4.593281375164920410e-01 4.846148677087900758e+00
4.597508467147304878e-01 4.897711064786443025e+00
4.601735559129689346e-01 4.949054852982635921e+00
4.605962651112074369e-01 5.001476686601208144e+00
4.610189743094458836e-01 5.054108732988938257e+00
4.614416835076843304e-01 5.107898561402693716e+00
4.618643927059228327e-01 5.161653315408801568e+00
4.622871019041612795e-01 5.216308679296305151e+00
4.627098111023997262e-01 5.272406202644083884e+00
4.631325203006382285e-01 5.328555796120036270e+00
4.635552294988766753e-01 5.386005016532628531e+00
4.639779386971151220e-01 5.442623224754794542e+00
4.644006478953536243e-01 5.500293953973317329e+00
4.648233570935920711e-01 5.559426506002261625e+00
4.652460662918305179e-01 5.617884104752197238e+00
4.656687754900690202e-01 5.677775267752700472e+00
4.660914846883074669e-01 5.737083624195180143e+00
4.665141938865459137e-01 5.797217182738843455e+00
4.669369030847844160e-01 5.857768542540132906e+00
4.673596122830228627e-01 5.920497460729676753e+00
4.677823214812613095e-01 5.983886516650798626e+00
4.682050306794998118e-01 6.047512083906953606e+00
4.686277398777382586e-01 6.112897629575755332e+00
4.690504490759767053e-01 6.178239540720397827e+00
4.694731582742152076e-01 6.244442759008270727e+00
4.698958674724536544e-01 6.311515959962029854e+00
4.703185766706921567e-01 6.379052773456588277e+00
4.707412858689306034e-01 6.447404286997056921e+00
4.711639950671690502e-01 6.515083748403066366e+00
4.715867042654075525e-01 6.584660640957176625e+00
4.720094134636459993e-01 6.654401249809260399e+00
4.724321226618844460e-01 6.725350566940711872e+00
4.728548318601229483e-01 6.796889026613462725e+00
4.732775410583613951e-01 6.869100328552649515e+00
4.737002502565998419e-01 6.942252138155105889e+00
4.741229594548383441e-01 7.016683378811830352e+00
4.745456686530767909e-01 7.091861454741250625e+00
4.749683778513152377e-01 7.166187329103399506e+00
4.753910870495537400e-01 7.243024705347989922e+00
4.758137962477921867e-01 7.318385988760264027e+00
4.762365054460306335e-01 7.396766831276604393e+00
4.766592146442691358e-01 7.474825830408525995e+00
4.770819238425075826e-01 7.553786662664578877e+00
4.775046330407460293e-01 7.633159618130595625e+00
4.779273422389845316e-01 7.713765485536214328e+00
4.783500514372229784e-01 7.795181676066286869e+00
4.787727606354614251e-01 7.877704390400152690e+00
4.791954698336999274e-01 7.961826375631559038e+00
4.796181790319383742e-01 8.044099572533395914e+00
4.800408882301768210e-01 8.129013217589475815e+00
4.804635974284153233e-01 8.218352112009396748e+00
4.808863066266537700e-01 8.303158504981427157e+00
4.813090158248922168e-01 8.391227304350978855e+00
4.817317250231307191e-01 8.478547515900004328e+00
4.821544342213691658e-01 8.568026435284533449e+00
4.825771434196076126e-01 8.657934280888586187e+00
4.829998526178461149e-01 8.748845213267957277e+00
4.834225618160845617e-01 8.840824556262329992e+00
4.838452710143230084e-01 8.934211930987864037e+00
4.842679802125615107e-01 9.028637548101459132e+00
4.846906894107999575e-01 9.123263849050047725e+00
4.851133986090384043e-01 9.219307081585943919e+00
4.855361078072769065e-01 9.316476772208776680e+00
4.859588170055153533e-01 9.415408739264011118e+00
4.863815262037538001e-01 9.512697973259129469e+00
4.868042354019923024e-01 9.612777217643980521e+00
4.872269446002307491e-01 9.711952281575293000e+00
4.876496537984691959e-01 9.813352336476077298e+00
4.880723629967076982e-01 9.916525532623786887e+00
4.884950721949461450e-01 1.002110322034801726e+01
4.889177813931845917e-01 1.012354222230212386e+01
4.893404905914230940e-01 1.022810677740673491e+01
4.897631997896615408e-01 1.033647692314027644e+01
4.901859089878999876e-01 1.044369162319861211e+01
4.906086181861384898e-01 1.055124509880181627e+01
4.910313273843769366e-01 1.066034212720840557e+01
4.914540365826153834e-01 1.076990625733422924e+01
4.918767457808538857e-01 1.088265016124096007e+01
4.922994549790923324e-01 1.099596881797072179e+01
4.927221641773307792e-01 1.110651000433852786e+01
4.931448733755692815e-01 1.122137510447115005e+01
4.935675825738077283e-01 1.134041130367811512e+01
4.939902917720461750e-01 1.145577390520446137e+01
4.944130009702846773e-01 1.157388803736666638e+01
4.948357101685231241e-01 1.169507651548896376e+01
4.952584193667616264e-01 1.181357380108522115e+01
4.956811285650000731e-01 1.193308950182615646e+01
4.961038377632385199e-01 1.205195680214894871e+01
4.965265469614770222e-01 1.217674804219399576e+01
4.969492561597154690e-01 1.230557016105043111e+01
4.973719653579539157e-01 1.243434842266553986e+01
4.977946745561924180e-01 1.256520501992095262e+01
4.982173837544308648e-01 1.269694423204796863e+01
4.986400929526693115e-01 1.282138237597329145e+01
4.990628021509078138e-01 1.295397200594848108e+01
4.994855113491462606e-01 1.308451130657056005e+01
4.999082205473847074e-01 1.321727462041077139e+01
5.003309297456232096e-01 1.335242713900742650e+01
5.007536389438616009e-01 1.348566087816919357e+01
5.011763481421001032e-01 1.361911185550383152e+01
5.015990573403386055e-01 1.376765325948385232e+01
5.020217665385771078e-01 1.390817389431073536e+01
5.024444757368154990e-01 1.405389532344696946e+01
5.028671849350540013e-01 1.419592070608512024e+01
5.032898941332923926e-01 1.433974567251619803e+01
5.037126033315308948e-01 1.448122066781280637e+01
5.041353125297693971e-01 1.463053623430039352e+01
5.045580217280078994e-01 1.477826156899865495e+01
5.049807309262462907e-01 1.492462368300611075e+01
5.054034401244847929e-01 1.507513397374327546e+01
5.058261493227231842e-01 1.522376153004852917e+01
5.062488585209616865e-01 1.537688712949141490e+01
5.066715677192001888e-01 1.553684582363026223e+01
5.070942769174386910e-01 1.569728859266336407e+01
5.075169861156770823e-01 1.585133281957484108e+01
5.079396953139155846e-01 1.600604242677530209e+01
5.083624045121539758e-01 1.616759713934968090e+01
5.087851137103924781e-01 1.633991024288007310e+01
5.092078229086309804e-01 1.650617363739324972e+01
5.096305321068694827e-01 1.667204370701526983e+01
5.100532413051078739e-01 1.683784245943298430e+01
5.104759505033463762e-01 1.701156722562527079e+01
5.108986597015847675e-01 1.719913994916182887e+01
5.113213688998232698e-01 1.736072534405595036e+01
5.117440780980617721e-01 1.754742811409132841e+01
5.121667872963002743e-01 1.772428400202059606e+01
5.125894964945386656e-01 1.790554722069343896e+01
5.130122056927771679e-01 1.808973648242056242e+01
5.134349148910155591e-01 1.826977108352346946e+01
5.138576240892540614e-01 1.845354497708820674e+01
5.142803332874925637e-01 1.864904492721695561e+01
5.147030424857310660e-01 1.883863323427220493e+01
5.151257516839694572e-01 1.902672221845543987e+01
5.155484608822079595e-01 1.920359960443200364e+01
5.159711700804463508e-01 1.937688150133000775e+01
5.163938792786848531e-01 1.956638620910440807e+01
5.168165884769233553e-01 1.974712198641481820e+01
5.172392976751618576e-01 1.992756685184087928e+01
5.176620068734002489e-01 2.010213514891721331e+01
5.180847160716387512e-01 2.030087050437750307e+01
5.185074252698771424e-01 2.048474241280839436e+01
5.189301344681156447e-01 2.068014689375061721e+01
5.193528436663541470e-01 2.090826083760382303e+01
5.197755528645926493e-01 2.111226657654433225e+01
5.201982620628311516e-01 2.133027521654061687e+01
5.206209712610695428e-01 2.155934712392495456e+01
5.210436804593079341e-01 2.176040990233034123e+01
5.214663896575464364e-01 2.198613733333359477e+01
5.218890988557849386e-01 2.221196814139577214e+01
5.223118080540234409e-01 2.241350929879787657e+01
5.227345172522619432e-01 2.259781221817501162e+01
5.231572264505003345e-01 2.285767068412380709e+01
5.235799356487387257e-01 2.307608109497631688e+01
5.240026448469772280e-01 2.333605094427367632e+01
5.244253540452157303e-01 2.355007624798697208e+01
5.248480632434542326e-01 2.375936427981553578e+01
5.252707724416927348e-01 2.398288183134273055e+01
5.256934816399311261e-01 2.418323944676482284e+01
5.261161908381695174e-01 2.438117285902154663e+01
5.265389000364080196e-01 2.463068352405588257e+01
5.269616092346465219e-01 2.492432517590537344e+01
5.273843184328850242e-01 2.518092439837550955e+01
5.278070276311235265e-01 2.546346825446900297e+01
5.282297368293619177e-01 2.570230734688774987e+01
5.286524460276003090e-01 2.591151129876511305e+01
5.290751552258388113e-01 2.624063416181263975e+01
5.294978644240773136e-01 2.650143394372145167e+01
5.299205736223158159e-01 2.668392372120073830e+01
5.303432828205543181e-01 2.686819779052215296e+01
5.307659920187927094e-01 2.710430611672973811e+01
5.311887012170311007e-01 2.736660524621803603e+01
5.316114104152696029e-01 2.781582040171019088e+01
5.320341196135081052e-01 2.808736165781312266e+01
5.324568288117466075e-01 2.837988954629000204e+01
5.328795380099851098e-01 2.856917524760338267e+01
5.333022472082235010e-01 2.884686774040336488e+01
5.337249564064618923e-01 2.913401001753555164e+01
5.341476656047003946e-01 2.944804508670320331e+01
5.345703748029388969e-01 2.986783493408271539e+01
5.349930840011773991e-01 3.023540984601195802e+01
5.354157931994159014e-01 3.054927284828287526e+01
5.358385023976542927e-01 3.097852383738365134e+01
5.362612115958926839e-01 3.134501756874070111e+01
5.366839207941311862e-01 3.169248086469258752e+01
5.371066299923696885e-01 3.188863621623369582e+01
5.375293391906081908e-01 3.208655371469394879e+01
5.379520483888466931e-01 3.254607607353466392e+01
5.383747575870850843e-01 3.292765619357263063e+01
5.387974667853234756e-01 3.312822267476650495e+01
5.392201759835619779e-01 3.333053232251987197e+01
5.396428851818004802e-01 3.353457759617042200e+01
5.400655943800389824e-01 3.462474559177361755e+01
5.404883035782774847e-01 3.531359605640838595e+01
5.409110127765158760e-01 3.551686164723138006e+01
5.413337219747542672e-01 3.572184940726562985e+01
5.417564311729927695e-01 3.645476620993085959e+01
5.421791403712312718e-01 3.666138656156592646e+01
5.426018495694697741e-01 3.757235702130589772e+01
5.430245587677082764e-01 3.860968755623157733e+01
5.434472679659466676e-01 3.881710880410830811e+01
5.438699771641850589e-01 4.016659010672748309e+01
5.442926863624235612e-01 4.037470544492985169e+01
5.447153955606620634e-01 4.058450065498588799e+01
5.451381047589005657e-01 4.079596831359467046e+01
5.455608139571390680e-01 4.100910102308152716e+01
5.459835231553774593e-01 8.289306334778564178e+01
5.464062323536159616e-01 8.289306334778564178e+01
5.468289415518543528e-01 8.289306334778564178e+01
5.472516507500928551e-01 8.289306334778564178e+01
5.476743599483313574e-01 8.289306334778564178e+01
5.480970691465698597e-01 8.289306334778564178e+01
5.485197783448082509e-01 8.289306334778564178e+01
5.489424875430467532e-01 8.289306334778564178e+01
5.493651967412851445e-01 8.289306334778564178e+01
5.497879059395236467e-01 8.289306334778564178e+01
5.502106151377621490e-01 8.289306334778564178e+01
5.506333243360006513e-01 8.289306334778564178e+01
5.510560335342390426e-01 8.289306334778564178e+01
5.514787427324775448e-01 8.289306334778564178e+01
5.519014519307159361e-01 8.289306334778564178e+01
5.523241611289544384e-01 8.289306334778564178e+01
5.527468703271929407e-01 8.289306334778564178e+01
5.531695795254314429e-01 8.289306334778564178e+01
5.535922887236698342e-01 8.289306334778564178e+01
5.540149979219083365e-01 8.289306334778564178e+01
5.544377071201467277e-01 8.289306334778564178e+01
5.548604163183852300e-01 8.289306334778564178e+01
5.552831255166237323e-01 8.289306334778564178e+01
5.557058347148622346e-01 8.289306334778564178e+01
5.561285439131006259e-01 8.289306334778564178e+01
5.565512531113391281e-01 8.289306334778564178e+01
5.569739623095775194e-01 8.289306334778564178e+01
5.573966715078160217e-01 8.289306334778564178e+01
5.578193807060545240e-01 8.289306334778564178e+01
