3.342381566816588490e-01 8.289306334778564178e+01
3.343556559945886075e-01 8.289306334778564178e+01
3.344731553075183106e-01 8.289306334778564178e+01
3.345906546204480692e-01 8.289306334778564178e+01
3.347081539333777722e-01 8.289306334778564178e+01
3.348256532463075308e-01 8.289306334778564178e+01
3.349431525592372338e-01 8.289306334778564178e+01
3.350606518721669924e-01 8.289306334778564178e+01
3.351781511850967510e-01 8.289306334778564178e+01
3.352956504980264540e-01 8.289306334778564178e+01
3.354131498109562126e-01 8.289306334778564178e+01
3.355306491238859157e-01 8.289306334778564178e+01
3.356481484368156742e-01 8.289306334778564178e+01
3.357656477497454328e-01 8.289306334778564178e+01
3.358831470626751359e-01 8.289306334778564178e+01
3.360006463756048944e-01 8.289306334778564178e+01
3.361181456885345975e-01 8.289306334778564178e+01
3.362356450014643561e-01 8.289306334778564178e+01
3.363531443143941146e-01 8.289306334778564178e+01
3.364706436273238177e-01 8.289306334778564178e+01
3.365881429402535763e-01 8.289306334778564178e+01
3.367056422531832793e-01 8.289306334778564178e+01
3.368231415661130379e-01 8.289306334778564178e+01
3.369406408790427410e-01 8.289306334778564178e+01
3.370581401919724995e-01 8.289306334778564178e+01
3.371756395049022581e-01 8.289306334778564178e+01
3.372931388178319612e-01 8.289306334778564178e+01
3.374106381307617197e-01 8.289306334778564178e+01
3.375281374436914228e-01 8.289306334778564178e+01
3.376456367566211814e-01 8.289306334778564178e+01
3.377631360695509399e-01 8.289306334778564178e+01
3.378806353824806430e-01 8.289306334778564178e+01
3.379981346954104016e-01 8.289306334778564178e+01
3.381156340083401046e-01 8.289306334778564178e+01
3.382331333212698632e-01 8.289306334778564178e+01
3.383506326341995663e-01 8.289306334778564178e+01
3.384681319471293248e-01 3.644086455466013064e+01
3.385856312600590834e-01 3.591960197357978757e+01
3.387031305729887865e-01 3.540928687406930919e+01
3.388206298859185450e-01 3.490997448538357162e+01
3.389381291988482481e-01 3.442171683896940948e+01
3.390556285117780067e-01 3.394456278040375707e+01
3.391731278247077652e-01 3.347855800113639191e+01
3.392906271376374683e-01 3.302374508889216287e+01
3.394081264505672269e-01 3.258016359534477857e+01
3.395256257634969299e-01 3.214785011947084570e+01
3.396431250764266885e-01 3.172683840483204776e+01
3.397606243893563915e-01 3.131538830706552545e+01
3.398781237022861501e-01 2.978604254738373669e+01
3.399956230152159087e-01 2.936351375361017446e+01
3.401131223281456117e-01 2.895169102360935653e+01
3.402306216410753703e-01 2.855055977737415773e+01
3.403481209540050734e-01 2.816010559817084413e+01
3.404656202669348319e-01 2.778031425350269856e+01
3.405831195798645905e-01 2.741117171630151006e+01
3.407006188927942936e-01 2.671892832289567465e+01
3.408181182057240521e-01 2.635680772260386817e+01
3.409356175186537552e-01 2.600480453420537330e+01
3.410531168315835138e-01 2.551076528296268009e+01
3.411706161445132168e-01 2.499525798066269999e+01
3.412881154574429754e-01 2.454051903432188908e+01
3.414056147703727340e-01 2.420680806002036789e+01
3.415231140833024370e-01 2.388233585236539369e+01
3.416406133962321956e-01 2.356707263649775541e+01
3.417581127091618987e-01 2.326099022680962136e+01
3.418756120220916572e-01 2.296406210781510993e+01
3.419931113350214158e-01 2.255112942302383061e+01
3.421106106479511189e-01 2.217160214468303181e+01
3.422281099608808774e-01 2.188864654286210154e+01
3.423456092738105805e-01 2.156713674751505749e+01
3.424631085867403391e-01 2.129812471385020345e+01
3.425806078996700421e-01 2.101005662188183365e+01
3.426981072125998007e-01 2.070366645525038862e+01
3.428156065255295593e-01 2.045395258855975840e+01
3.429331058384592623e-01 2.021213340252471014e+01
3.430506051513890209e-01 1.997817898543600634e+01
3.431681044643187239e-01 1.968913244192139089e+01
3.432856037772484825e-01 1.944812270377368080e+01
3.434031030901781856e-01 1.920534011903485805e+01
3.435206024031079441e-01 1.892534652765267822e+01
3.436381017160377027e-01 1.871609034975255526e+01
3.437556010289674058e-01 1.851376730226439093e+01
3.438731003418971643e-01 1.831834242003988322e+01
3.439905996548268674e-01 1.809322274488620153e+01
3.441080989677566260e-01 1.790851992790161162e+01
3.442255982806863845e-01 1.768808208453654274e+01
3.443430975936160876e-01 1.747930026021901995e+01
3.444605969065458462e-01 1.730776013081705145e+01
3.445780962194755492e-01 1.714233754006624721e+01
3.446955955324053078e-01 1.698299983195286345e+01
3.448130948453350664e-01 1.680752093826871985e+01
3.449305941582647694e-01 1.664320668582301366e+01
3.450480934711945280e-01 1.648799964162027010e+01
3.451655927841242311e-01 1.633193381074461215e+01
3.452830920970539896e-01 1.617557656489019280e+01
3.454005914099836927e-01 1.602193421793671746e+01
3.455180907229134513e-01 1.588541848443119697e+01
3.456355900358432098e-01 1.573364194145939976e+01
3.457530893487729129e-01 1.560301319965283895e+01
3.458705886617026715e-01 1.546873615494813592e+01
3.459880879746323745e-01 1.533308183737535657e+01
3.461055872875621331e-01 1.518933437963373656e+01
3.462230866004918917e-01 1.506842420801762295e+01
3.463405859134215947e-01 1.494538931629269207e+01
3.464580852263513533e-01 1.481670580315101304e+01
3.465755845392810564e-01 1.470323753629288355e+01
3.466930838522108149e-01 1.458894051531544989e+01
3.468105831651405180e-01 1.448205538027378836e+01
3.469280824780702766e-01 1.436258676974905235e+01
3.470455817910000351e-01 1.425156183056237857e+01
3.471630811039297382e-01 1.415117856549415620e+01
3.472805804168594968e-01 1.404065343852871273e+01
3.473980797297891998e-01 1.392873717803675859e+01
3.475155790427189584e-01 1.382413716158601957e+01
3.476330783556487170e-01 1.373287957935007952e+01
3.477505776685784200e-01 1.362621685542300831e+01
3.478680769815081786e-01 1.352258529378986829e+01
3.479855762944378816e-01 1.341598252357908194e+01
3.481030756073676402e-01 1.331209244491262034e+01
3.482205749202973433e-01 1.320739012518037292e+01
3.483380742332271018e-01 1.310714508188368121e+01
3.484555735461568604e-01 1.299763494627826788e+01
3.485730728590865635e-01 1.289748367287773512e+01
3.486905721720163220e-01 1.280453285028092836e+01
3.488080714849460251e-01 1.271026172345873384e+01
3.489255707978757837e-01 1.261254883972923935e+01
3.490430701108055422e-01 1.251118929584696815e+01
3.491605694237352453e-01 1.240805433404234748e+01
3.492780687366650039e-01 1.230417280953821546e+01
3.493955680495947069e-01 1.222686103281342795e+01
3.495130673625244655e-01 1.211687714860710940e+01
3.496305666754541686e-01 1.201532514909281346e+01
3.497480659883839271e-01 1.190066782362492326e+01
3.498655653013136857e-01 1.179372142825293679e+01
3.499830646142433888e-01 1.168356627154228988e+01
3.501005639271731473e-01 1.157845403894889813e+01
3.502180632401028504e-01 1.147845845395261932e+01
3.503355625530326090e-01 1.135530283875548818e+01
3.504530618659623675e-01 1.125196439785891833e+01
3.505705611788920706e-01 1.113362229659166047e+01
3.506880604918218292e-01 1.102712264173250745e+01
3.508055598047515322e-01 1.093296024655219512e+01
3.509230591176812908e-01 1.082214948737982496e+01
3.510405584306109938e-01 1.071038990746648345e+01
3.511580577435407524e-01 1.059675684863622003e+01
3.512755570564705110e-01 1.049162647627906253e+01
3.513930563694002140e-01 1.038702211598445935e+01
3.515105556823299726e-01 1.027847214679872323e+01
3.516280549952596757e-01 1.017567008498459380e+01
3.517455543081894342e-01 1.006489278874323645e+01
3.518630536211191373e-01 9.955484677110082004e+00
3.519805529340488959e-01 9.849908784633857550e+00
3.520980522469786544e-01 9.747357918370164853e+00
3.522155515599083575e-01 9.643064167278742715e+00
3.523330508728381161e-01 9.533570125640244086e+00
3.524505501857678191e-01 9.423043963587861782e+00
3.525680494986975777e-01 9.314320441430949060e+00
3.526855488116273363e-01 9.203349170557205028e+00
3.528030481245570393e-01 9.092044562263581042e+00
3.529205474374867979e-01 8.987405968987539850e+00
3.530380467504165010e-01 8.889368774893180003e+00
3.531555460633462595e-01 8.786990964838782503e+00
3.532730453762760181e-01 8.688874632915878138e+00
3.533905446892057212e-01 8.584507171946388127e+00
3.535080440021354797e-01 8.486611705693430707e+00
3.536255433150651828e-01 8.386230312007240784e+00
3.537430426279949414e-01 8.280173489667763675e+00
3.538605419409246444e-01 8.182154229635655085e+00
3.539780412538544030e-01 8.082534330530730671e+00
3.540955405667841616e-01 7.991180365843807643e+00
3.542130398797138646e-01 7.895199188260935586e+00
3.543305391926436232e-01 7.801010241675636614e+00
3.544480385055733263e-01 7.713811012789370203e+00
3.545655378185030848e-01 7.617469639482988164e+00
3.546830371314327879e-01 7.524635896777873256e+00
3.548005364443625465e-01 7.429870180012635217e+00
3.549180357572923050e-01 7.344282598967889264e+00
3.550355350702220081e-01 7.253980401440705883e+00
3.551530343831517667e-01 7.168344820379257243e+00
3.552705336960814697e-01 7.082227833804656036e+00
3.553880330090112283e-01 6.992515265365132571e+00
3.555055323219409869e-01 6.905369139840614956e+00
3.556230316348706899e-01 6.817867146090017982e+00
3.557405309478004485e-01 6.734434421823715766e+00
3.558580302607301515e-01 6.653345296444961754e+00
3.559755295736599101e-01 6.573411393113560486e+00
3.560930288865896687e-01 6.493706568060780171e+00
3.562105281995193717e-01 6.416460024907640225e+00
3.563280275124491303e-01 6.337469295402279990e+00
3.564455268253788334e-01 6.258188702705995254e+00
3.565630261383085919e-01 6.181532904676913631e+00
3.566805254512382950e-01 6.102421515482708614e+00
3.567980247641680536e-01 6.026029139064679185e+00
3.569155240770978121e-01 5.949263743062036092e+00
3.570330233900275152e-01 5.875752384182869825e+00
3.571505227029572738e-01 5.799948310895555181e+00
3.572680220158869768e-01 5.724335665211809143e+00
3.573855213288167354e-01 5.650513550829181497e+00
3.575030206417464940e-01 5.575375131079788105e+00
3.576205199546761970e-01 5.502555288739671369e+00
3.577380192676059556e-01 5.428624886061036214e+00
3.578555185805356587e-01 5.355240755701506039e+00
3.579730178934654172e-01 5.281151675960742864e+00
3.580905172063951203e-01 5.206666855060753107e+00
3.582080165193248789e-01 5.135358070349987258e+00
3.583255158322546374e-01 5.062920984464260421e+00
3.584430151451843405e-01 4.990306492893683554e+00
3.585605144581140991e-01 4.918208870325918802e+00
3.586780137710438021e-01 4.847109793217524221e+00
3.587955130839735607e-01 4.775942411739412918e+00
3.589130123969033193e-01 4.705582842318088765e+00
3.590305117098330223e-01 4.635752883757427334e+00
3.591480110227627809e-01 4.565008690011898906e+00
3.592655103356924839e-01 4.495236190357099204e+00
3.593830096486222425e-01 4.425681221022630396e+00
3.595005089615519456e-01 4.355495513347280578e+00
3.596180082744817041e-01 4.284884404143824099e+00
3.597355075874114627e-01 4.214846472846694780e+00
3.598530069003411658e-01 4.145614020221765728e+00
3.599705062132709243e-01 4.076486068561141707e+00
3.600880055262006274e-01 4.008807957729311866e+00
3.602055048391303860e-01 3.940423327690175892e+00
3.603230041520601445e-01 3.872332741497219288e+00
3.604405034649898476e-01 3.805803794233429738e+00
3.605580027779196062e-01 3.738301213404667145e+00
3.606755020908493092e-01 3.672939733603945101e+00
3.607930014037790678e-01 3.607406752451709941e+00
3.609105007167087709e-01 3.542407245386947956e+00
3.610280000296385294e-01 3.475471489551288595e+00
3.611454993425682880e-01 3.410160975393132343e+00
3.612629986554979911e-01 3.346163274566928081e+00
3.613804979684277496e-01 3.281683520123840125e+00
3.614979972813574527e-01 3.218967264067597700e+00
3.616154965942872113e-01 3.156176246220137038e+00
3.617329959072169698e-01 3.092137799048323643e+00
3.618504952201466729e-01 3.029359632162983651e+00
3.619679945330764315e-01 2.966783780055631148e+00
3.620854938460061345e-01 2.905652923069110383e+00
3.622029931589358931e-01 2.844514945291078512e+00
3.623204924718655962e-01 2.782874313785128173e+00
3.624379917847953547e-01 2.722934197890022112e+00
3.625554910977251133e-01 2.664554919715699466e+00
3.626729904106548164e-01 2.606262536628296100e+00
3.627904897235845749e-01 2.548345565284122927e+00
3.629079890365142780e-01 2.491270849230433626e+00
3.630254883494440366e-01 2.434294502346732170e+00
3.631429876623737951e-01 2.377801332574274618e+00
3.632604869753034982e-01 2.322529342492778426e+00
3.633779862882332568e-01 2.268464886014826654e+00
3.634954856011629598e-01 2.213795404222142604e+00
3.636129849140927184e-01 2.161373016083724785e+00
3.637304842270224214e-01 2.109628558681306387e+00
3.638479835399521800e-01 2.058467839912561104e+00
3.639654828528819386e-01 2.006012916965967730e+00
3.640829821658116416e-01 1.953970466303676545e+00
3.642004814787414002e-01 1.903776963752454865e+00
3.643179807916711033e-01 1.855009831978710499e+00
3.644354801046008618e-01 1.806161547343891893e+00
3.645529794175306204e-01 1.759291417996148521e+00
3.646704787304603235e-01 1.713017534679987852e+00
3.647879780433900820e-01 1.666622870168645187e+00
3.649054773563197851e-01 1.621233372521803107e+00
3.650229766692495437e-01 1.575838960841728920e+00
3.651404759821792467e-01 1.532022363831904377e+00
3.652579752951090053e-01 1.488324699392791883e+00
3.653754746080387639e-01 1.445360578487022263e+00
3.654929739209684669e-01 1.404243566733383686e+00
3.656104732338982255e-01 1.362446108430257041e+00
3.657279725468279286e-01 1.323016445487601889e+00
3.658454718597576871e-01 1.282228824109940657e+00
3.659629711726873902e-01 1.242955821097722291e+00
3.660804704856171488e-01 1.204851810714609339e+00
3.661979697985469073e-01 1.167176063589620671e+00
3.663154691114766104e-01 1.129626663226581229e+00
3.664329684244063690e-01 1.093320721955427732e+00
3.665504677373361275e-01 1.057333786612797422e+00
3.666679670502658306e-01 1.022458285632268371e+00
3.667854663631955892e-01 9.868612496008487556e-01
3.669029656761252922e-01 9.514234637626578506e-01
3.670204649890550508e-01 9.180577265144621579e-01
3.671379643019847538e-01 8.843768394608750860e-01
3.672554636149145124e-01 8.520529032822050652e-01
3.673729629278442710e-01 8.207299998128879670e-01
3.674904622407739740e-01 7.897335748026426128e-01
3.676079615537037326e-01 7.595268165514096337e-01
3.677254608666334357e-01 7.296734192504020777e-01
3.678429601795631942e-01 7.007919354064755524e-01
3.679604594924928973e-01 6.720371282874731955e-01
3.680779588054226559e-01 6.439904143248703638e-01
3.681954581183524144e-01 6.165101416876005436e-01
3.683129574312821175e-01 5.897638550641363109e-01
3.684304567442118761e-01 5.636692969419965227e-01
3.685479560571415791e-01 5.376025852973141950e-01
3.686654553700713377e-01 5.123107714777206390e-01
3.687829546830010408e-01 4.877878315500011053e-01
3.689004539959307993e-01 4.636670037581475667e-01
3.690179533088605579e-01 4.402594243159086429e-01
3.691354526217902610e-01 4.170641837673242369e-01
3.692529519347200195e-01 3.949009857449399807e-01
3.693704512476497781e-01 3.732325006013180180e-01
3.694879505605794812e-01 3.520795883962217765e-01
3.696054498735092397e-01 3.313799480233091121e-01
3.697229491864389428e-01 3.117220991583011247e-01
3.698404484993687014e-01 2.921078820100965756e-01
3.699579478122984044e-01 2.732756770525757717e-01
3.700754471252281630e-01 2.548039685168430601e-01
3.701929464381579216e-01 2.369384264825120934e-01
3.703104457510876246e-01 2.200878144412357629e-01
3.704279450640173832e-01 2.039351865379184225e-01
3.705454443769470863e-01 1.884853641261700075e-01
3.706629436898768448e-01 1.734487136739850111e-01
3.707804430028065479e-01 1.588306774296584234e-01
3.708979423157363065e-01 1.454600708929666975e-01
3.710154416286660650e-01 1.317920839167860958e-01
3.711329409415957681e-01 1.192888474381690322e-01
3.712504402545255267e-01 1.070591975324957645e-01
3.713679395674552297e-01 9.534433243893114529e-02
3.714854388803849883e-01 8.445174986126266492e-02
3.716029381933146913e-01 7.440069950177481684e-02
3.717204375062444499e-01 6.452047964837298588e-02
3.718379368191742085e-01 5.561723686816703871e-02
3.719554361321039115e-01 4.763404598548782315e-02
3.720729354450336701e-01 3.998221820149808897e-02
3.721904347579634287e-01 3.338250801258268313e-02
3.723079340708931317e-01 2.664837889125334577e-02
3.724254333838228903e-01 2.124109424896215848e-02
3.725429326967525934e-01 1.571520704719923250e-02
3.726604320096823519e-01 1.224371238569929923e-02
3.727779313226120550e-01 8.414198814009545002e-03
3.728954306355418136e-01 5.246971897058563296e-03
3.730129299484715721e-01 2.945414022896497997e-03
3.731304292614012752e-01 7.167890551681298413e-04
3.732479285743310338e-01 2.514632713598826449e-04
3.733654278872607368e-01 -0.000000000000000000e+00
3.734829272001904954e-01 3.206372892393775389e-04
3.736004265131201985e-01 1.304430504590146445e-03
3.737179258260499570e-01 3.510668894401601167e-03
3.738354251389797156e-01 6.035671794980058610e-03
3.739529244519094187e-01 9.301727859718155259e-03
3.740704237648391772e-01 1.371217497072574343e-02
3.741879230777688803e-01 1.874148795861556652e-02
3.743054223906986389e-01 2.402429511726045588e-02
3.744229217036283419e-01 3.097748219250805526e-02
3.745404210165581005e-01 3.795752116666313569e-02
3.746579203294878591e-01 4.609796775263848290e-02
3.747754196424175621e-01 5.460382730703182419e-02
3.748929189553473207e-01 6.454704427711363546e-02
3.750104182682770793e-01 7.581662656047886972e-02
3.751279175812067823e-01 8.683456978075416999e-02
3.752454168941365409e-01 9.898590466412250655e-02
3.753629162070662439e-01 1.120897236036290934e-01
3.754804155199960025e-01 1.261750595183032675e-01
3.755979148329257056e-01 1.408067565299086221e-01
3.757154141458554641e-01 1.560646393085710626e-01
3.758329134587852227e-01 1.725718767402724951e-01
3.759504127717149258e-01 1.901460481086650889e-01
3.760679120846446843e-01 2.076123824887890768e-01
3.761854113975743874e-01 2.268807889866548411e-01
3.763029107105041460e-01 2.467040522924661972e-01
3.764204100234338490e-01 2.672906647322131346e-01
3.765379093363636076e-01 2.890234740103234112e-01
3.766554086492933662e-01 3.111437998471429101e-01
3.767729079622230692e-01 3.347322228533947119e-01
3.768904072751528278e-01 3.586088817995939926e-01
3.770079065880825309e-01 3.832699711184237579e-01
3.771254059010122894e-01 4.089143346529647838e-01
3.772429052139419925e-01 4.359274652542710071e-01
3.773604045268717511e-01 4.628263120295809108e-01
3.774779038398015096e-01 4.913764652353666551e-01
3.775954031527312127e-01 5.196112001488949472e-01
3.777129024656609713e-01 5.496122618059198217e-01
3.778304017785907298e-01 5.816101471109639265e-01
3.779479010915204329e-01 6.128400844400979652e-01
3.780654004044501915e-01 6.451430940599366393e-01
3.781828997173798945e-01 6.782184337571547372e-01
3.783003990303096531e-01 7.115359152713266466e-01
3.784178983432393562e-01 7.467003916174913547e-01
3.785353976561691147e-01 7.821327127494368536e-01
3.786528969690988733e-01 8.181060915194727778e-01
3.787703962820285764e-01 8.548102685921497024e-01
3.788878955949583349e-01 8.935159914079403576e-01
3.790053949078880380e-01 9.327687458954525557e-01
3.791228942208177966e-01 9.728287394891148576e-01
3.792403935337474996e-01 1.013301965489349810e+00
3.793578928466772582e-01 1.054742704027232136e+00
3.794753921596070168e-01 1.097406118212654214e+00
3.795928914725367198e-01 1.140818213573946194e+00
3.797103907854664784e-01 1.185228360883482823e+00
3.798278900983961814e-01 1.230435034123045224e+00
3.799453894113259400e-01 1.276444060201398889e+00
3.800628887242556986e-01 1.323368278055019553e+00
3.801803880371854016e-01 1.371596911122368256e+00
3.802978873501151602e-01 1.420677289041461622e+00
3.804153866630448633e-01 1.470822082246731721e+00
3.805328859759746218e-01 1.521802742180946577e+00
3.806503852889043804e-01 1.573048934569565294e+00
3.807678846018340835e-01 1.625810211737854560e+00
3.808853839147638420e-01 1.678468510036546402e+00
3.810028832276935451e-01 1.733649692970194112e+00
3.811203825406233037e-01 1.788726958177744741e+00
3.812378818535530067e-01 1.845535662134137000e+00
3.813553811664827653e-01 1.903485842962726826e+00
3.814728804794125239e-01 1.962269089907765496e+00
3.815903797923422269e-01 2.021488076503337172e+00
3.817078791052719855e-01 2.082751035846070575e+00
3.818253784182016886e-01 2.144368727157417887e+00
3.819428777311314471e-01 2.208559370706342229e+00
3.820603770440611502e-01 2.272555682798516496e+00
3.821778763569909088e-01 2.337022928114575127e+00
3.822953756699206673e-01 2.403097511005730436e+00
3.824128749828503704e-01 2.470369616265432722e+00
3.825303742957801290e-01 2.538628968958794196e+00
3.826478736087098320e-01 2.608042576574471028e+00
3.827653729216395906e-01 2.677076114680744023e+00
3.828828722345693492e-01 2.748340067218052685e+00
3.830003715474990522e-01 2.819590352630580554e+00
3.831178708604288108e-01 2.893199450801780870e+00
3.832353701733585138e-01 2.967344234160324223e+00
3.833528694862882724e-01 3.041218233308957686e+00
3.834703687992180310e-01 3.117313348519946015e+00
3.835878681121477340e-01 3.193517694415580532e+00
3.837053674250774926e-01 3.272268184818541314e+00
3.838228667380071957e-01 3.352351931308739097e+00
3.839403660509369542e-01 3.431225354277767536e+00
3.840578653638666573e-01 3.513052962883082664e+00
3.841753646767964159e-01 3.590980846290007911e+00
3.842928639897261744e-01 3.671420594789878589e+00
3.844103633026558775e-01 3.753935233528184590e+00
3.845278626155856361e-01 3.836437691469458233e+00
3.846453619285153391e-01 3.918489008471679025e+00
3.847628612414450977e-01 4.002040981108146767e+00
3.848803605543748008e-01 4.088297245189363771e+00
3.849978598673045593e-01 4.172567561432548366e+00
3.851153591802343179e-01 4.257872544500384215e+00
3.852328584931640210e-01 4.344129789598299318e+00
3.853503578060937795e-01 4.430190396584650081e+00
3.854678571190234826e-01 4.517376347871287834e+00
3.855853564319532412e-01 4.604339858231735860e+00
3.857028557448829997e-01 4.692828199994609761e+00
3.858203550578127028e-01 4.780486629547683108e+00
3.859378543707424614e-01 4.869235674064720243e+00
3.860553536836721644e-01 4.958994244455323219e+00
3.861728529966019230e-01 5.048998595126778177e+00
3.862903523095316816e-01 5.137929351689970225e+00
3.864078516224613846e-01 5.227269197004372536e+00
3.865253509353911432e-01 5.319955919299778735e+00
3.866428502483208463e-01 5.410582803166319010e+00
3.867603495612506048e-01 5.502438195282993050e+00
3.868778488741803079e-01 5.595773199288246680e+00
3.869953481871100665e-01 5.689351426903550113e+00
3.871128475000398250e-01 5.781656463549341041e+00
3.872303468129695281e-01 5.874148248752432799e+00
3.873478461258992867e-01 5.967526035742127810e+00
3.874653454388289897e-01 6.061551313621538206e+00
3.875828447517587483e-01 6.156373312616475246e+00
3.877003440646884513e-01 6.249044454533627224e+00
3.878178433776182099e-01 6.347045888120176116e+00
3.879353426905479685e-01 6.442146620521433498e+00
3.880528420034776715e-01 6.536767140682011146e+00
3.881703413164074301e-01 6.635938921394478385e+00
3.882878406293371332e-01 6.735209963662561528e+00
3.884053399422668917e-01 6.833636089628653210e+00
3.885228392551966503e-01 6.936659768774591228e+00
3.886403385681263534e-01 7.037667305471755341e+00
3.887578378810561119e-01 7.135885712386049740e+00
3.888753371939858150e-01 7.237457844901626025e+00
3.889928365069155736e-01 7.342242996266478805e+00
3.891103358198453321e-01 7.448385235586544084e+00
3.892278351327750352e-01 7.553809420967409594e+00
3.893453344457047938e-01 7.658058614194277247e+00
3.894628337586344968e-01 7.767704028119702286e+00
3.895803330715642554e-01 7.879558472465447494e+00
3.896978323844939585e-01 7.992562021938876882e+00
3.898153316974237170e-01 8.099734364857393842e+00
3.899328310103534756e-01 8.208872287305048587e+00
3.900503303232831787e-01 8.323857009126660600e+00
3.901678296362129372e-01 8.427421663136549057e+00
3.902853289491426403e-01 8.543420168205576815e+00
3.904028282620723989e-01 8.655612326669597678e+00
3.905203275750021019e-01 8.774310318610845982e+00
3.906378268879318605e-01 8.893965770894398659e+00
3.907553262008616191e-01 9.016052432512434933e+00
3.908728255137913221e-01 9.131564494265484555e+00
3.909903248267210807e-01 9.252266623120444677e+00
3.911078241396507837e-01 9.363133505038751636e+00
3.912253234525805423e-01 9.477427053419349434e+00
3.913428227655103009e-01 9.589254748887624302e+00
3.914603220784400039e-01 9.713983016388342051e+00
3.915778213913697625e-01 9.839904672385356932e+00
3.916953207042994656e-01 9.967588454937059694e+00
3.918128200172292241e-01 1.008889660324271453e+01
3.919303193301589827e-01 1.021385224514644996e+01
3.920478186430886858e-01 1.034266970445979616e+01
3.921653179560184443e-01 1.046422627647569215e+01
3.922828172689481474e-01 1.058383351159824315e+01
3.924003165818779060e-01 1.070603864748180278e+01
3.925178158948076090e-01 1.083772140330856359e+01
3.926353152077373676e-01 1.096277139724085359e+01
3.927528145206671262e-01 1.108799840029309003e+01
3.928703138335968292e-01 1.120958049325294503e+01
3.929878131465265878e-01 1.133993318947391415e+01
3.931053124594562909e-01 1.147547589454831751e+01
3.932228117723860494e-01 1.160767440219404101e+01
3.933403110853157525e-01 1.173555285954418004e+01
3.934578103982455111e-01 1.185899101931584809e+01
3.935753097111752696e-01 1.198838635377979145e+01
3.936928090241049727e-01 1.212715601687269285e+01
3.938103083370347313e-01 1.225904418707177079e+01
3.939278076499644343e-01 1.239243877406494043e+01
3.940453069628941929e-01 1.251961766075606342e+01
3.941628062758239515e-01 1.265172349268064522e+01
3.942803055887536545e-01 1.278769815358120354e+01
3.943978049016834131e-01 1.291887289568786734e+01
3.945153042146131162e-01 1.304863892691551719e+01
3.946328035275428747e-01 1.317695697711247149e+01
3.947503028404726333e-01 1.330580401789815959e+01
3.948678021534023364e-01 1.344478309241568326e+01
3.949853014663320949e-01 1.357257155952824057e+01
3.951028007792617980e-01 1.373977375596098049e+01
3.952203000921915566e-01 1.389268570568561678e+01
3.953377994051212596e-01 1.402690213900601357e+01
3.954552987180510182e-01 1.417790754146334997e+01
3.955727980309807768e-01 1.432772035581174741e+01
3.956902973439104798e-01 1.448395013057188940e+01
3.958077966568402384e-01 1.461821617575364307e+01
3.959252959697699414e-01 1.477435926225961360e+01
3.960427952826997000e-01 1.492382452486355504e+01
3.961602945956294031e-01 1.508769704833384218e+01
3.962777939085591616e-01 1.524744080788417300e+01
3.963952932214889202e-01 1.540864942466200382e+01
3.965127925344186233e-01 1.557126811564434199e+01
3.966302918473483818e-01 1.574780317925413087e+01
3.967477911602781404e-01 1.592863045914073794e+01
3.968652904732078435e-01 1.608800822199581049e+01
3.969827897861375465e-01 1.627119232786887792e+01
3.971002890990673051e-01 1.645129044293592102e+01
3.972177884119970637e-01 1.666000182039977773e+01
3.973352877249267667e-01 1.685723442671024941e+01
3.974527870378565253e-01 1.705683139412390403e+01
3.975702863507862839e-01 1.728948295697353643e+01
3.976877856637159869e-01 1.750080422444193928e+01
3.978052849766457455e-01 1.770289551616320267e+01
3.979227842895754486e-01 1.795628957397211423e+01
3.980402836025052071e-01 1.819641356128061105e+01
3.981577829154349102e-01 1.844516412253524962e+01
3.982752822283646688e-01 1.869028774574525897e+01
3.983927815412944273e-01 1.896892655901039504e+01
3.985102808542241304e-01 1.922275648203682863e+01
3.986277801671538890e-01 1.954624516955691860e+01
3.987452794800835920e-01 1.972704341670999639e+01
3.988627787930133506e-01 2.001655859913980606e+01
3.989802781059430536e-01 2.033754912228032197e+01
3.990977774188728122e-01 2.058324516225753698e+01
3.992152767318025708e-01 2.085746241500669740e+01
3.993327760447322738e-01 2.112889535200939406e+01
3.994502753576620324e-01 2.138396916624738253e+01
3.995677746705917910e-01 2.152195213801734042e+01
3.996852739835214940e-01 2.174653155855306252e+01
3.998027732964511971e-01 2.199386757258464797e+01
3.999202726093809557e-01 2.223140184649295747e+01
4.000377719223107142e-01 2.242529682558064508e+01
4.001552712352404173e-01 2.254780595403075694e+01
4.002727705481701759e-01 2.268892220119050052e+01
4.003902698610999344e-01 2.280934643339135803e+01
4.005077691740296375e-01 2.290699768205939435e+01
4.006252684869593961e-01 2.291780427770992290e+01
4.007427677998890991e-01 2.295567654024972626e+01
4.008602671128188577e-01 2.301249743487506194e+01
4.009777664257485608e-01 2.290757402562790901e+01
4.010952657386783193e-01 2.306071596165131155e+01
4.012127650516080779e-01 2.294690705222949845e+01
4.013302643645377810e-01 2.287270515343557875e+01
4.014477636774675395e-01 2.271152104949880624e+01
4.015652629903972426e-01 2.253638091336715732e+01
4.016827623033270012e-01 2.234991654911815573e+01
4.018002616162567042e-01 2.209631194770118512e+01
4.019177609291864628e-01 2.187625903759125734e+01
4.020352602421162214e-01 2.167151404503550438e+01
4.021527595550459244e-01 2.147402998126915108e+01
4.022702588679756830e-01 2.126553592380085078e+01
4.023877581809054416e-01 2.098707582962673257e+01
4.025052574938351446e-01 2.074592618969962032e+01
4.026227568067648477e-01 2.051191666985964801e+01
4.027402561196946063e-01 2.033220406594695007e+01
4.028577554326243648e-01 2.010527909155313608e+01
4.029752547455540679e-01 1.985634488400983244e+01
4.030927540584838265e-01 1.964589693375659607e+01
4.032102533714135850e-01 1.936054849467193506e+01
4.033277526843432881e-01 1.912978158453571353e+01
4.034452519972730467e-01 1.889682611497405063e+01
4.035627513102027497e-01 1.870892968022115710e+01
4.036802506231325083e-01 1.851024018451863995e+01
4.037977499360622113e-01 1.826888674262169587e+01
4.039152492489919699e-01 1.809718588755998070e+01
4.040327485619217285e-01 1.793269341364591085e+01
4.041502478748514315e-01 1.777528408123832904e+01
4.042677471877811901e-01 1.762483396757801302e+01
4.043852465007108932e-01 1.745230037789855970e+01
4.045027458136406517e-01 1.731269355516169739e+01
4.046202451265703548e-01 1.716791736484457687e+01
4.047377444395001134e-01 1.701894786774009916e+01
4.048552437524298719e-01 1.687155145634760700e+01
4.049727430653595750e-01 1.674058267448665660e+01
4.050902423782893336e-01 1.659521414336548872e+01
4.052077416912190921e-01 1.646008994598269126e+01
4.053252410041487952e-01 1.631727622076186535e+01
4.054427403170784983e-01 1.617973267695621331e+01
4.055602396300082568e-01 1.603234825893204629e+01
4.056777389429380154e-01 1.589393911649778346e+01
4.057952382558677185e-01 1.575457746321390040e+01
4.059127375687974770e-01 1.563021842492838509e+01
4.060302368817272356e-01 1.550178570186234062e+01
4.061477361946569387e-01 1.539664404614197579e+01
4.062652355075866972e-01 1.529395857282261240e+01
4.063827348205164003e-01 1.518093455124462388e+01
4.065002341334461589e-01 1.506312991537111579e+01
4.066177334463758619e-01 1.494581492522903510e+01
4.067352327593056205e-01 1.484257617510893645e+01
4.068527320722353791e-01 1.474017470214853098e+01
4.069702313851650821e-01 1.462406172006481064e+01
4.070877306980948407e-01 1.450506246977005453e+01
4.072052300110245437e-01 1.440087302670645641e+01
4.073227293239543023e-01 1.430213152301416635e+01
4.074402286368840054e-01 1.420209664238315561e+01
4.075577279498137639e-01 1.409136962756812572e+01
4.076752272627435225e-01 1.398269737634386267e+01
4.077927265756732256e-01 1.387633203427704132e+01
4.079102258886029841e-01 1.377868917624141964e+01
4.080277252015327427e-01 1.367093927061033121e+01
4.081452245144624458e-01 1.356505717969820068e+01
4.082627238273921488e-01 1.345035977713619602e+01
4.083802231403219074e-01 1.335778902696450210e+01
4.084977224532516660e-01 1.326380120231727489e+01
4.086152217661813690e-01 1.315810318666486012e+01
4.087327210791111276e-01 1.305541304882796894e+01
4.088502203920408862e-01 1.294767747513204448e+01
4.089677197049705892e-01 1.283661143557623596e+01
4.090852190179003478e-01 1.274246473184704875e+01
4.092027183308300509e-01 1.264109729828219386e+01
4.093202176437598094e-01 1.253387232747231650e+01
4.094377169566895125e-01 1.244019032967114313e+01
4.095552162696192711e-01 1.233922634621318792e+01
4.096727155825490296e-01 1.225216762948410398e+01
4.097902148954787327e-01 1.215110178361138793e+01
4.099077142084084913e-01 1.205156790834291947e+01
4.100252135213381943e-01 1.195381381083027605e+01
4.101427128342679529e-01 1.186407276740831129e+01
4.102602121471976560e-01 1.177916704313722285e+01
4.103777114601274145e-01 1.169334966232812256e+01
4.104952107730571731e-01 1.162152721856251958e+01
4.106127100859868762e-01 1.153339411473494991e+01
4.107302093989166347e-01 1.144490719751601837e+01
4.108477087118463933e-01 1.135885170801651434e+01
4.109652080247760964e-01 1.127003269226329074e+01
4.110827073377057994e-01 1.118799158708382713e+01
4.112002066506355580e-01 1.110573465678994154e+01
4.113177059635653166e-01 1.101893595175002183e+01
4.114352052764950196e-01 1.093817676445696918e+01
4.115527045894247782e-01 1.086409326396132080e+01
4.116702039023545368e-01 1.078721846560222275e+01
4.117877032152842398e-01 1.070321903913824357e+01
4.119052025282139984e-01 1.063572524957094600e+01
4.120227018411437014e-01 1.055328552224281324e+01
4.121402011540734600e-01 1.047624580001206951e+01
4.122577004670031631e-01 1.040250406827927954e+01
4.123751997799329216e-01 1.033135426521563538e+01
4.124926990928626802e-01 1.026013888473800861e+01
4.126101984057923833e-01 1.018967266800948757e+01
4.127276977187221418e-01 1.012067696274816520e+01
4.128451970316518449e-01 1.005081928137285452e+01
4.129626963445816035e-01 9.984347129839743928e+00
4.130801956575113065e-01 9.916699603471979430e+00
4.131976949704410651e-01 9.846866226742710282e+00
4.133151942833708237e-01 9.782707896217624821e+00
4.134326935963005267e-01 9.717091588425432747e+00
4.135501929092302853e-01 9.650197465162435151e+00
4.136676922221600439e-01 9.581179541908541708e+00
4.137851915350897469e-01 9.514593431418440161e+00
4.139026908480194500e-01 9.447829423990153686e+00
4.140201901609492086e-01 9.380407961778644221e+00
4.141376894738789671e-01 9.322958766162097177e+00
4.142551887868086702e-01 9.265013255746929133e+00
4.143726880997384288e-01 9.204785948405104890e+00
4.144901874126681873e-01 9.142901179581269133e+00
4.146076867255978904e-01 9.086383668185902707e+00
4.147251860385276490e-01 9.029561957959163720e+00
4.148426853514573520e-01 8.966280902444351497e+00
4.149601846643871106e-01 8.902792235218855765e+00
4.150776839773168136e-01 8.841389909517317847e+00
4.151951832902465722e-01 8.783898216475433784e+00
4.153126826031763308e-01 8.729697205353911471e+00
4.154301819161060338e-01 8.671901177474261146e+00
4.155476812290357924e-01 8.618218823354293789e+00
4.156651805419654955e-01 8.564481305930947030e+00
4.157826798548952540e-01 8.511105376621797447e+00
4.159001791678249571e-01 8.454580796252537667e+00
4.160176784807547157e-01 8.405285708969644887e+00
4.161351777936844742e-01 8.353229365676641649e+00
4.162526771066141773e-01 8.301412374671681249e+00
4.163701764195439359e-01 8.250936652178573638e+00
4.164876757324736944e-01 8.203620643216725128e+00
4.166051750454033975e-01 8.153816101118632531e+00
4.167226743583331006e-01 8.100937363086968546e+00
4.168401736712628591e-01 8.048691201128667316e+00
4.169576729841926177e-01 7.994409531359099041e+00
4.170751722971223208e-01 7.942368952455649556e+00
4.171926716100520793e-01 7.886793283178465508e+00
4.173101709229818379e-01 7.835682005399403849e+00
4.174276702359115410e-01 7.782396591389877827e+00
4.175451695488412995e-01 7.732199728834133978e+00
4.176626688617710026e-01 7.682439668559895907e+00
4.177801681747007612e-01 7.631845334228485989e+00
4.178976674876304642e-01 7.583442555195832213e+00
4.180151668005602228e-01 7.534411448973883374e+00
4.181326661134899814e-01 7.484579301366727222e+00
4.182501654264196844e-01 7.435239242299692464e+00
4.183676647393494430e-01 7.384546722137092623e+00
4.184851640522791461e-01 7.338401262242370215e+00
4.186026633652089046e-01 7.293699025411562786e+00
4.187201626781386077e-01 7.248579847580062463e+00
4.188376619910683663e-01 7.201421977295110466e+00
4.189551613039981248e-01 7.157479833654867285e+00
4.190726606169278279e-01 7.116050735837869290e+00
4.191901599298575865e-01 7.076712736787428959e+00
4.193076592427873450e-01 7.032605137937856021e+00
4.194251585557170481e-01 6.989174573459153272e+00
4.195426578686467511e-01 6.949096688907660635e+00
4.196601571815765097e-01 6.909943317050749378e+00
4.197776564945062683e-01 6.873102402845160164e+00
4.198951558074359713e-01 6.836956870887870075e+00
4.200126551203657299e-01 6.799992267311356642e+00
4.201301544332954885e-01 6.765261478203120404e+00
4.202476537462251915e-01 6.730784294441204629e+00
4.203651530591549501e-01 6.694911667239835218e+00
4.204826523720846532e-01 6.664106465579363814e+00
4.206001516850144117e-01 6.631751178099864141e+00
4.207176509979441148e-01 6.598897371601399442e+00
4.208351503108738734e-01 6.568094286544019056e+00
4.209526496238036319e-01 6.538016880037299750e+00
4.210701489367333350e-01 6.507412612636658267e+00
4.211876482496630936e-01 6.476260159010648998e+00
4.213051475625927966e-01 6.450481148921393348e+00
4.214226468755225552e-01 6.424266454953400540e+00
4.215401461884522583e-01 6.397100622499594991e+00
4.216576455013820168e-01 6.372969314246443417e+00
4.217751448143117754e-01 6.346389721551498830e+00
4.218926441272414785e-01 6.323635369620397739e+00
4.220101434401712370e-01 6.301989064389969641e+00
4.221276427531009956e-01 6.278391683066781859e+00
4.222451420660306987e-01 6.257072870116380692e+00
4.223626413789604017e-01 6.233635941559681370e+00
4.224801406918901603e-01 6.212792673872259641e+00
4.225976400048199189e-01 6.190306201584525603e+00
4.227151393177496219e-01 6.170035299708589882e+00
4.228326386306793805e-01 6.146050945279307065e+00
4.229501379436091391e-01 6.124774840772580831e+00
4.230676372565388421e-01 6.103761106055356045e+00
4.231851365694686007e-01 6.083242310572172684e+00
4.233026358823983037e-01 6.063243603919735492e+00
4.234201351953280623e-01 6.044337571268666665e+00
4.235376345082577654e-01 6.024510652843836134e+00
4.236551338211875239e-01 6.004307679005054688e+00
4.237726331341172825e-01 5.984827284550681803e+00
4.238901324470469856e-01 5.966626291418798189e+00
4.240076317599767441e-01 5.945251952143840057e+00
4.241251310729064472e-01 5.925597020812324089e+00
4.242426303858362058e-01 5.906929623832215093e+00
4.243601296987659088e-01 5.886713538973414650e+00
4.244776290116956674e-01 5.869797976629517855e+00
4.245951283246254260e-01 5.852581356833823634e+00
4.247126276375551290e-01 5.836914756909466817e+00
4.248301269504848876e-01 5.820042799813091250e+00
4.249476262634146462e-01 5.802858645848878005e+00
4.250651255763443492e-01 5.783943107415299600e+00
4.251826248892741078e-01 5.765052041373960101e+00
4.253001242022038109e-01 5.749153598437481527e+00
4.254176235151335694e-01 5.730606954060924352e+00
4.255351228280632725e-01 5.712711094119625521e+00
4.256526221409930311e-01 5.698237519176148069e+00
4.257701214539227896e-01 5.684075417994678858e+00
4.258876207668524927e-01 5.669529272340381176e+00
4.260051200797822513e-01 5.655588590948582350e+00
4.261226193927119543e-01 5.641335219744200380e+00
4.262401187056417129e-01 5.626901982302160654e+00
4.263576180185714160e-01 5.613362844639851801e+00
4.264751173315011745e-01 5.601156826581909165e+00
4.265926166444309331e-01 5.587882606295132781e+00
4.267101159573606362e-01 5.578001396272197709e+00
4.268276152702903947e-01 5.569172008834802234e+00
4.269451145832201533e-01 5.559847811041824350e+00
4.270626138961498564e-01 5.553168515454930620e+00
4.271801132090795594e-01 5.546423049502394065e+00
4.272976125220093180e-01 5.538732769964634706e+00
4.274151118349390766e-01 5.531468397111364510e+00
4.275326111478687796e-01 5.527579436305146920e+00
4.276501104607985382e-01 5.526296009574718227e+00
4.277676097737282968e-01 5.524379845564166835e+00
4.278851090866579998e-01 5.523866431003792599e+00
4.280026083995877584e-01 5.523024326343190182e+00
4.281201077125174614e-01 5.523934691811236419e+00
4.282376070254472200e-01 5.525054348310635355e+00
4.283551063383769231e-01 5.529380718766641500e+00
4.284726056513066816e-01 5.532593783725851644e+00
4.285901049642364402e-01 5.537474629192006503e+00
4.287076042771661433e-01 5.543533504294861913e+00
4.288251035900959018e-01 5.550849996220785343e+00
4.289426029030256049e-01 5.560586599570966015e+00
4.290601022159553635e-01 5.570668316641747886e+00
4.291776015288850665e-01 5.579940278286971811e+00
4.292951008418148251e-01 5.592575247583861930e+00
4.294126001547445837e-01 5.603914534502894007e+00
4.295300994676742867e-01 5.613367293083269871e+00
4.296475987806040453e-01 5.626903583014597032e+00
4.297650980935338039e-01 5.641649005082176593e+00
4.298825974064635069e-01 5.659269518771404606e+00
4.300000967193932100e-01 5.677049448830075562e+00
4.301175960323229686e-01 5.693741793035049348e+00
4.302350953452527271e-01 5.713194169816851797e+00
4.303525946581824302e-01 5.734782841845902368e+00
4.304700939711121888e-01 5.755223421324414446e+00
4.305875932840419473e-01 5.776097305046479669e+00
4.307050925969716504e-01 5.796442395341449227e+00
4.308225919099014090e-01 5.820665672397704604e+00
4.309400912228311120e-01 5.846310603319399668e+00
4.310575905357608706e-01 5.872108330138464893e+00
4.311750898486905736e-01 5.902316471165510059e+00
4.312925891616203322e-01 5.933145934542530142e+00
4.314100884745500908e-01 5.962922325250459288e+00
4.315275877874797938e-01 5.996664393228376078e+00
4.316450871004095524e-01 6.029387098476754581e+00
4.317625864133392555e-01 6.061650807370360106e+00
4.318800857262690140e-01 6.095869893459608058e+00
4.319975850391987171e-01 6.133043189342923363e+00
4.321150843521284757e-01 6.173151943874778169e+00
4.322325836650582342e-01 6.209610679474885764e+00
4.323500829779879373e-01 6.251397456619383064e+00
4.324675822909176959e-01 6.291971284251090424e+00
4.325850816038474544e-01 6.336264220747389153e+00
4.327025809167771575e-01 6.382637149303771018e+00
4.328200802297068606e-01 6.429250676461608194e+00
4.329375795426366191e-01 6.476978399928629671e+00
4.330550788555663777e-01 6.527080813969543982e+00
4.331725781684960808e-01 6.578426686183673766e+00
4.332900774814258393e-01 6.632510405705319911e+00
4.334075767943555979e-01 6.684038244323814659e+00
4.335250761072853010e-01 6.739679479288659181e+00
4.336425754202150595e-01 6.799057265154667462e+00
4.337600747331447626e-01 6.860139663870583604e+00
4.338775740460745212e-01 6.923528171521384778e+00
4.339950733590042242e-01 6.985123498218669624e+00
4.341125726719339828e-01 7.047185784692866051e+00
4.342300719848637414e-01 7.112418263772148919e+00
4.343475712977934444e-01 7.176572086241228554e+00
4.344650706107232030e-01 7.245272914311390977e+00
4.345825699236529061e-01 7.313650486162869946e+00
4.347000692365826646e-01 7.383520785828259214e+00
4.348175685495123677e-01 7.453086320612860582e+00
4.349350678624421263e-01 7.524002879463551174e+00
4.350525671753718848e-01 7.599469574815018724e+00
4.351700664883015879e-01 7.675088705253257260e+00
4.352875658012313465e-01 7.752141648645801020e+00
4.354050651141611050e-01 7.827577214382295701e+00
4.355225644270908081e-01 7.906766530422943084e+00
4.356400637400205111e-01 7.985122625010311559e+00
4.357575630529502697e-01 8.067567876320483222e+00
4.358750623658800283e-01 8.150941682663505716e+00
4.359925616788097313e-01 8.238326119363005517e+00
4.361100609917394899e-01 8.322779937555884189e+00
4.362275603046692485e-01 8.407810223931292626e+00
4.363450596175989515e-01 8.499299532394145373e+00
4.364625589305287101e-01 8.588936595867238566e+00
4.365800582434584132e-01 8.677923390631214318e+00
4.366975575563881717e-01 8.768397133598949011e+00
4.368150568693178748e-01 8.862519458407538409e+00
4.369325561822476334e-01 8.955605899373674461e+00
4.370500554951773919e-01 9.048928988856429712e+00
4.371675548081070950e-01 9.146137227439405493e+00
4.372850541210368536e-01 9.239388438986846808e+00
4.374025534339665566e-01 9.334126940705340658e+00
4.375200527468963152e-01 9.431392157188977166e+00
4.376375520598260183e-01 9.526784886007629183e+00
4.377550513727557768e-01 9.625290392717472443e+00
4.378725506856855354e-01 9.722614944741579279e+00
4.379900499986152385e-01 9.819614852684107831e+00
4.381075493115449970e-01 9.923242996896128432e+00
4.382250486244747556e-01 1.003143289411494088e+01
4.383425479374044587e-01 1.013967305143641440e+01
4.384600472503341617e-01 1.024325088903593262e+01
4.385775465632639203e-01 1.034829705776482278e+01
4.386950458761936789e-01 1.045636997279904179e+01
4.388125451891233819e-01 1.056961098128840426e+01
4.389300445020531405e-01 1.067938137576639157e+01
4.390475438149828991e-01 1.079675022064747480e+01
4.391650431279126021e-01 1.091324990320603305e+01
4.392825424408423607e-01 1.102891051902884989e+01
4.394000417537720637e-01 1.111862104752314728e+01
4.395175410667018223e-01 1.122886113743483882e+01
4.396350403796315254e-01 1.134590322865905065e+01
4.397525396925612839e-01 1.146543416093704870e+01
4.398700390054910425e-01 1.158376617437677147e+01
4.399875383184207456e-01 1.170485980497979028e+01
4.401050376313505041e-01 1.183681194402904424e+01
4.402225369442802072e-01 1.196516029576119777e+01
4.403400362572099658e-01 1.210110674339245840e+01
4.404575355701396688e-01 1.225115495714510239e+01
4.405750348830694274e-01 1.238607661533170123e+01
4.406925341959991860e-01 1.252729348150973188e+01
4.408100335089288890e-01 1.265621868665955674e+01
4.409275328218586476e-01 1.278704499517195003e+01
4.410450321347884062e-01 1.293852986607981848e+01
4.411625314477181092e-01 1.308765978746099279e+01
4.412800307606478123e-01 1.323538573309658517e+01
4.413975300735775709e-01 1.340003349203260896e+01
4.415150293865073294e-01 1.356531417768282566e+01
4.416325286994370325e-01 1.374018447352492878e+01
4.417500280123667911e-01 1.389550108413099494e+01
4.418675273252965496e-01 1.404082901733222677e+01
4.419850266382262527e-01 1.420271121800340453e+01
4.421025259511560113e-01 1.435063628438696881e+01
4.422200252640857143e-01 1.450314058653612115e+01
4.423375245770154729e-01 1.466440543940407437e+01
4.424550238899451760e-01 1.482852029691490081e+01
4.425725232028749345e-01 1.501420159721348568e+01
4.426900225158046931e-01 1.520442175422288855e+01
4.428075218287343962e-01 1.538675085085457361e+01
4.429250211416641547e-01 1.555171166532500138e+01
4.430425204545938578e-01 1.571143369841035486e+01
4.431600197675236164e-01 1.589718113230313001e+01
4.432775190804533194e-01 1.607265365045016026e+01
4.433950183933830780e-01 1.629014660786023327e+01
4.435125177063128366e-01 1.645573397728582421e+01
4.436300170192425396e-01 1.665411311313774334e+01
4.437475163321722982e-01 1.683893924948748833e+01
4.438650156451020568e-01 1.703688971179367684e+01
4.439825149580317598e-01 1.722442690977542767e+01
4.441000142709614629e-01 1.741947563971550750e+01
4.442175135838912214e-01 1.762001201147877794e+01
4.443350128968209800e-01 1.784934535474181772e+01
4.444525122097506831e-01 1.807411322057463465e+01
4.445700115226804416e-01 1.827013576414697127e+01
4.446875108356102002e-01 1.848642168595291935e+01
4.448050101485399033e-01 1.869478909453889770e+01
4.449225094614696618e-01 1.892978144641645954e+01
4.450400087743993649e-01 1.916618964100062072e+01
4.451575080873291235e-01 1.936186767558138300e+01
4.452750074002588265e-01 1.961685325022150295e+01
4.453925067131885851e-01 1.985134992367335727e+01
4.455100060261183437e-01 2.020031096335594967e+01
4.456275053390480467e-01 2.044148164949445245e+01
4.457450046519778053e-01 2.070539442025215848e+01
4.458625039649075084e-01 2.108922167176708129e+01
4.459800032778372669e-01 2.133693822938460727e+01
4.460975025907669700e-01 2.154246147868949990e+01
4.462150019036967286e-01 2.183727608641131823e+01
4.463325012166264871e-01 2.209849913292340062e+01
4.464500005295561902e-01 2.236698264758445021e+01
4.465674998424859488e-01 2.259372556243838659e+01
4.466849991554157073e-01 2.288973141325708838e+01
4.468024984683454104e-01 2.317679104637629806e+01
4.469199977812751134e-01 2.342433690506276989e+01
4.470374970942048720e-01 2.374646173290573259e+01
4.471549964071346306e-01 2.400954429409602042e+01
4.472724957200643336e-01 2.428284094484731170e+01
4.473899950329940922e-01 2.456638943458576918e+01
4.475074943459238508e-01 2.486022740628980898e+01
4.476249936588535538e-01 2.516439232907129409e+01
4.477424929717833124e-01 2.547892143401065468e+01
4.478599922847130155e-01 2.580385165343647813e+01
4.479774915976427740e-01 2.613921956380450595e+01
4.480949909105724771e-01 2.648506133229554038e+01
4.482124902235022357e-01 2.708488119173217612e+01
4.483299895364319942e-01 2.744088149269616750e+01
4.484474888493616973e-01 2.810728396119143113e+01
4.485649881622914559e-01 2.847237348456377504e+01
4.486824874752211589e-01 2.884905315153513428e+01
4.487999867881509175e-01 2.923732296210547332e+01
4.489174861010806206e-01 2.963718291627475310e+01
4.490349854140103791e-01 3.004863301404290965e+01
4.491524847269401377e-01 3.046964472868377172e+01
4.492699840398698408e-01 3.090195820456032294e+01
4.493874833527995993e-01 3.134553969811105745e+01
4.495049826657293579e-01 3.180035261035958882e+01
4.496224819786590610e-01 3.226635738963250333e+01
4.497399812915887640e-01 3.274351144820533932e+01
4.498574806045185226e-01 3.323176909462887352e+01
4.499749799174482812e-01 3.373108148332687506e+01
4.500924792303779842e-01 3.424139658285348276e+01
4.502099785433077428e-01 3.476265916395515632e+01
4.503274778562375014e-01 8.289306334778564178e+01
4.504449771691672044e-01 8.289306334778564178e+01
4.505624764820969630e-01 8.289306334778564178e+01
4.506799757950266661e-01 8.289306334778564178e+01
4.507974751079564246e-01 8.289306334778564178e+01
4.509149744208861277e-01 8.289306334778564178e+01
4.510324737338158863e-01 8.289306334778564178e+01
4.511499730467456448e-01 8.289306334778564178e+01
4.512674723596753479e-01 8.289306334778564178e+01
4.513849716726051065e-01 8.289306334778564178e+01
4.515024709855348095e-01 8.289306334778564178e+01
4.516199702984645681e-01 8.289306334778564178e+01
4.517374696113942711e-01 8.289306334778564178e+01
4.518549689243240297e-01 8.289306334778564178e+01
4.519724682372537883e-01 8.289306334778564178e+01
4.520899675501834913e-01 8.289306334778564178e+01
4.522074668631132499e-01 8.289306334778564178e+01
4.523249661760430085e-01 8.289306334778564178e+01
4.524424654889727115e-01 8.289306334778564178e+01
4.525599648019024146e-01 8.289306334778564178e+01
4.526774641148321732e-01 8.289306334778564178e+01
4.527949634277619317e-01 8.289306334778564178e+01
4.529124627406916348e-01 8.289306334778564178e+01
4.530299620536213934e-01 8.289306334778564178e+01
4.531474613665511519e-01 8.289306334778564178e+01
4.532649606794808550e-01 8.289306334778564178e+01
4.533824599924106136e-01 8.289306334778564178e+01
4.534999593053403166e-01 8.289306334778564178e+01
4.536174586182700752e-01 8.289306334778564178e+01
4.537349579311997783e-01 8.289306334778564178e+01
4.538524572441295368e-01 8.289306334778564178e+01
4.539699565570592954e-01 8.289306334778564178e+01
4.540874558699889985e-01 8.289306334778564178e+01
4.542049551829187570e-01 8.289306334778564178e+01
4.543224544958484601e-01 8.289306334778564178e+01
4.544399538087782187e-01 8.289306334778564178e+01
