3.391841951717767811e-01 8.289306334778564178e+01
3.393163663823128839e-01 8.289306334778564178e+01
3.394485375928489868e-01 8.289306334778564178e+01
3.395807088033850896e-01 8.289306334778564178e+01
3.397128800139211924e-01 8.289306334778564178e+01
3.398450512244573507e-01 8.289306334778564178e+01
3.399772224349934535e-01 8.289306334778564178e+01
3.401093936455295563e-01 8.289306334778564178e+01
3.402415648560656591e-01 8.289306334778564178e+01
3.403737360666017620e-01 8.289306334778564178e+01
3.405059072771378648e-01 8.289306334778564178e+01
3.406380784876739676e-01 8.289306334778564178e+01
3.407702496982100704e-01 8.289306334778564178e+01
3.409024209087462287e-01 8.289306334778564178e+01
3.410345921192823315e-01 8.289306334778564178e+01
3.411667633298184343e-01 8.289306334778564178e+01
3.412989345403545371e-01 8.289306334778564178e+01
3.414311057508906400e-01 8.289306334778564178e+01
3.415632769614267428e-01 8.289306334778564178e+01
3.416954481719628456e-01 8.289306334778564178e+01
3.418276193824989484e-01 8.289306334778564178e+01
3.419597905930351067e-01 8.289306334778564178e+01
3.420919618035712095e-01 8.289306334778564178e+01
3.422241330141073123e-01 8.289306334778564178e+01
3.423563042246434152e-01 8.289306334778564178e+01
3.424884754351795180e-01 8.289306334778564178e+01
3.426206466457156208e-01 8.289306334778564178e+01
3.427528178562517236e-01 8.289306334778564178e+01
3.428849890667878264e-01 8.289306334778564178e+01
3.430171602773239847e-01 8.289306334778564178e+01
3.431493314878600875e-01 8.289306334778564178e+01
3.432815026983961904e-01 8.289306334778564178e+01
3.434136739089322932e-01 8.289306334778564178e+01
3.435458451194683960e-01 8.289306334778564178e+01
3.436780163300044988e-01 8.289306334778564178e+01
3.438101875405406016e-01 3.885986825621835550e+01
3.439423587510767044e-01 3.833172114532037256e+01
3.440745299616128627e-01 3.781437609417206147e+01
3.442067011721489656e-01 3.730789125872222911e+01
3.443388723826850684e-01 3.681232165842876469e+01
3.444710435932211712e-01 3.632771916464724171e+01
3.446032148037572740e-01 3.585413250934836782e+01
3.447353860142933768e-01 3.539160731335643106e+01
3.448675572248294796e-01 3.494018613302848308e+01
3.449997284353655824e-01 3.449990852405338160e+01
3.451318996459017407e-01 3.407081112084652119e+01
3.452640708564378436e-01 3.365292772985358738e+01
3.453962420669739464e-01 3.324628943495742561e+01
3.455284132775100492e-01 3.284935124122110750e+01
3.456605844880461520e-01 3.246391850237466770e+01
3.457927556985822548e-01 3.160722792511904089e+01
3.459249269091183576e-01 3.122511112142667145e+01
3.460570981196544604e-01 3.085375844966722525e+01
3.461892693301906188e-01 3.012007783777310266e+01
3.463214405407267216e-01 2.975407137597438023e+01
3.464536117512628244e-01 2.939819478298851863e+01
3.465857829617989272e-01 2.905241378224085125e+01
3.467179541723350300e-01 2.817149242075801041e+01
3.468501253828711328e-01 2.782051449863319448e+01
3.469822965934072356e-01 2.747868470483586734e+01
3.471144678039433384e-01 2.693634015897233525e+01
3.472466390144794968e-01 2.641462932601669067e+01
3.473788102250155996e-01 2.608099435008822198e+01
3.475109814355517024e-01 2.575579364691203565e+01
3.476431526460878052e-01 2.535139054428470118e+01
3.477753238566239080e-01 2.497152578251454713e+01
3.479074950671600108e-01 2.466344355570275226e+01
3.480396662776961136e-01 2.423311903164969294e+01
3.481718374882322165e-01 2.393416948886414986e+01
3.483040086987683193e-01 2.360098111675832655e+01
3.484361799093044776e-01 2.328235684106483205e+01
3.485683511198405804e-01 2.284619885100880765e+01
3.487005223303766832e-01 2.249717585934480368e+01
3.488326935409127860e-01 2.209319886560838953e+01
3.489648647514488888e-01 2.170539445618636520e+01
3.490970359619849916e-01 2.142778329873678800e+01
3.492292071725210945e-01 2.108920462187659695e+01
3.493613783830571973e-01 2.078176304603340085e+01
3.494935495935933556e-01 2.040163920763163574e+01
3.496257208041294584e-01 2.011965289853981531e+01
3.497578920146655612e-01 1.980720638290960878e+01
3.498900632252016640e-01 1.953505410470768311e+01
3.500222344357377668e-01 1.920861215550718271e+01
3.501544056462738697e-01 1.891842052886043035e+01
3.502865768568099725e-01 1.863503475032844037e+01
3.504187480673460753e-01 1.837118922639128016e+01
3.505509192778822336e-01 1.813111851474776159e+01
3.506830904884183364e-01 1.787707580980225330e+01
3.508152616989544392e-01 1.764059490544315167e+01
3.509474329094905420e-01 1.740673696944325854e+01
3.510796041200266449e-01 1.715447292656547518e+01
3.512117753305627477e-01 1.693269532302501545e+01
3.513439465410988505e-01 1.668091139181504445e+01
3.514761177516349533e-01 1.646433388909603934e+01
3.516082889621711116e-01 1.624645618679774728e+01
3.517404601727072144e-01 1.603908960796285399e+01
3.518726313832433172e-01 1.583337538551858614e+01
3.520048025937794201e-01 1.563039018651615031e+01
3.521369738043155229e-01 1.542295287554388317e+01
3.522691450148516257e-01 1.522677443921755902e+01
3.524013162253877285e-01 1.504039581735684727e+01
3.525334874359238313e-01 1.486306614391047276e+01
3.526656586464599896e-01 1.467577690107943766e+01
3.527978298569960924e-01 1.448748953352368218e+01
3.529300010675321952e-01 1.431098053614914356e+01
3.530621722780682981e-01 1.412466097578360191e+01
3.531943434886044009e-01 1.393140003694266937e+01
3.533265146991405037e-01 1.376646706510641671e+01
3.534586859096766065e-01 1.358993250971030697e+01
3.535908571202127093e-01 1.343673800563448850e+01
3.537230283307488676e-01 1.327287355260758517e+01
3.538551995412849704e-01 1.311528345882356561e+01
3.539873707518210733e-01 1.296787250461677843e+01
3.541195419623571761e-01 1.282652442954097438e+01
3.542517131728932789e-01 1.268149005583234690e+01
3.543838843834293817e-01 1.254334940929500597e+01
3.545160555939654845e-01 1.240324484847679720e+01
3.546482268045015873e-01 1.226688865215674085e+01
3.547803980150377456e-01 1.214352530021918319e+01
3.549125692255738485e-01 1.201375071240393311e+01
3.550447404361099513e-01 1.188945363007725220e+01
3.551769116466460541e-01 1.176562033884900593e+01
3.553090828571821569e-01 1.163497716040355989e+01
3.554412540677182597e-01 1.151216927293591219e+01
3.555734252782543625e-01 1.138904857864484299e+01
3.557055964887904653e-01 1.126136234460817498e+01
3.558377676993266236e-01 1.115220892547422160e+01
3.559699389098627265e-01 1.103556466654507240e+01
3.561021101203988293e-01 1.092448558994575336e+01
3.562342813309349321e-01 1.081056039571635630e+01
3.563664525414710349e-01 1.071302473729443783e+01
3.564986237520071377e-01 1.060244618687527307e+01
3.566307949625432405e-01 1.049124315827088338e+01
3.567629661730793433e-01 1.038202602566115651e+01
3.568951373836154461e-01 1.026649667952487910e+01
3.570273085941516045e-01 1.015664289505301099e+01
3.571594798046877073e-01 1.004458777246974144e+01
3.572916510152238101e-01 9.931682739301226803e+00
3.574238222257599129e-01 9.823064468062110421e+00
3.575559934362960157e-01 9.715286073673972567e+00
3.576881646468321185e-01 9.605177841864962929e+00
3.578203358573682213e-01 9.498047562081609385e+00
3.579525070679043797e-01 9.389928849739794359e+00
3.580846782784404825e-01 9.284326864908152288e+00
3.582168494889765853e-01 9.175456813076866780e+00
3.583490206995126881e-01 9.067487303885281236e+00
3.584811919100487909e-01 8.952895493309505071e+00
3.586133631205848937e-01 8.844677174299720335e+00
3.587455343311209965e-01 8.738427066895624762e+00
3.588777055416570994e-01 8.628027889198014222e+00
3.590098767521932022e-01 8.517201451277202295e+00
3.591420479627293605e-01 8.404494237680186330e+00
3.592742191732654633e-01 8.299625627365420755e+00
3.594063903838015661e-01 8.191474553057021879e+00
3.595385615943376689e-01 8.080807128263996830e+00
3.596707328048737717e-01 7.972696195046443890e+00
3.598029040154098745e-01 7.864097929306153034e+00
3.599350752259459774e-01 7.753523408020192242e+00
3.600672464364820802e-01 7.642777924034493964e+00
3.601994176470182385e-01 7.535641683684190184e+00
3.603315888575543413e-01 7.425889593950321554e+00
3.604637600680904441e-01 7.317629449296572552e+00
3.605959312786265469e-01 7.209363290948872738e+00
3.607281024891626497e-01 7.101779188078176652e+00
3.608602736996987526e-01 6.992495769906508229e+00
3.609924449102348554e-01 6.885952869331287474e+00
3.611246161207709582e-01 6.782009668334088914e+00
3.612567873313071165e-01 6.673461718483970628e+00
3.613889585418432193e-01 6.569123848229503793e+00
3.615211297523793221e-01 6.462142369668842257e+00
3.616533009629154249e-01 6.355749979975334973e+00
3.617854721734515278e-01 6.251631036122829777e+00
3.619176433839876306e-01 6.147137782560765373e+00
3.620498145945237334e-01 6.044294211605275358e+00
3.621819858050598362e-01 5.938020871288565594e+00
3.623141570155959945e-01 5.837242684948886762e+00
3.624463282261320973e-01 5.734624926862735173e+00
3.625784994366682001e-01 5.635893273841428908e+00
3.627106706472043030e-01 5.535884832100118835e+00
3.628428418577404058e-01 5.436807846910309827e+00
3.629750130682765086e-01 5.337669714057360792e+00
3.631071842788126114e-01 5.238965273795886723e+00
3.632393554893487142e-01 5.142000425456340729e+00
3.633715266998848170e-01 5.046811686062088853e+00
3.635036979104209753e-01 4.950924454446337108e+00
3.636358691209570781e-01 4.857646015228875847e+00
3.637680403314931810e-01 4.761737160622631748e+00
3.639002115420292838e-01 4.671349798020087540e+00
3.640323827525653866e-01 4.579451263621692192e+00
3.641645539631014894e-01 4.488846684975198009e+00
3.642967251736375922e-01 4.399316448406894509e+00
3.644288963841737505e-01 4.310822717719913655e+00
3.645610675947098533e-01 4.225010619795936506e+00
3.646932388052459562e-01 4.140795693383855891e+00
3.648254100157820590e-01 4.056859433657189484e+00
3.649575812263181618e-01 3.973734650484816999e+00
3.650897524368542646e-01 3.890584317889225208e+00
3.652219236473903674e-01 3.809121871138712034e+00
3.653540948579264702e-01 3.730017298514276103e+00
3.654862660684625730e-01 3.650154510254869145e+00
3.656184372789987314e-01 3.572056520670971125e+00
3.657506084895348342e-01 3.497351008537612049e+00
3.658827797000709370e-01 3.420662652296387218e+00
3.660149509106070398e-01 3.347463804267290843e+00
3.661471221211431426e-01 3.272710401613843967e+00
3.662792933316792454e-01 3.199393097233866001e+00
3.664114645422153482e-01 3.127820640070612779e+00
3.665436357527515066e-01 3.056222321447743084e+00
3.666758069632876094e-01 2.986157542448684588e+00
3.668079781738237122e-01 2.916864309763022245e+00
3.669401493843598150e-01 2.848548986354790813e+00
3.670723205948959178e-01 2.781980486840245348e+00
3.672044918054320206e-01 2.716062130544295350e+00
3.673366630159681234e-01 2.650487708066262105e+00
3.674688342265042262e-01 2.586601743367758832e+00
3.676010054370403290e-01 2.523546317510935388e+00
3.677331766475764874e-01 2.461764965431847862e+00
3.678653478581125902e-01 2.401639774734169563e+00
3.679975190686486930e-01 2.341937707379166955e+00
3.681296902791847958e-01 2.281898483791897192e+00
3.682618614897208986e-01 2.224452727780511729e+00
3.683940327002570014e-01 2.165414679942303522e+00
3.685262039107931042e-01 2.108313816102233229e+00
3.686583751213292071e-01 2.051906349224787984e+00
3.687905463318653654e-01 1.997201143953892810e+00
3.689227175424014682e-01 1.942609306040692596e+00
3.690548887529375710e-01 1.889647801432242202e+00
3.691870599634736738e-01 1.836730741115024212e+00
3.693192311740097766e-01 1.784941735959600706e+00
3.694514023845458794e-01 1.734608359350658935e+00
3.695835735950819823e-01 1.684559298941156857e+00
3.697157448056180851e-01 1.635844063436731943e+00
3.698479160161542434e-01 1.587625925853092701e+00
3.699800872266903462e-01 1.539578446373334186e+00
3.701122584372264490e-01 1.492603105696380661e+00
3.702444296477625518e-01 1.446471278099275670e+00
3.703766008582986546e-01 1.400928881889324407e+00
3.705087720688347575e-01 1.356377721188211760e+00
3.706409432793708603e-01 1.312162731636196344e+00
3.707731144899069631e-01 1.268899997895475584e+00
3.709052857004431214e-01 1.227304944277005205e+00
3.710374569109792242e-01 1.186376607921421744e+00
3.711696281215153270e-01 1.145118460539016558e+00
3.713017993320514298e-01 1.105093777830359114e+00
3.714339705425875326e-01 1.065739814248070294e+00
3.715661417531236355e-01 1.027321520063347204e+00
3.716983129636597383e-01 9.895770309235910611e-01
3.718304841741958411e-01 9.524368546351315024e-01
3.719626553847319439e-01 9.153382893788006847e-01
3.720948265952681022e-01 8.791918351285568090e-01
3.722269978058042050e-01 8.442456899499533041e-01
3.723591690163403078e-01 8.096371441638685607e-01
3.724913402268764107e-01 7.757461144153641186e-01
3.726235114374125135e-01 7.424758112317750847e-01
3.727556826479486163e-01 7.100780944951518014e-01
3.728878538584847191e-01 6.784167438115790150e-01
3.730200250690208774e-01 6.467914057745142165e-01
3.731521962795569802e-01 6.166765212298399579e-01
3.732843674900930830e-01 5.866092800392134210e-01
3.734165387006291859e-01 5.577161937157469884e-01
3.735487099111652887e-01 5.286956058450815732e-01
3.736808811217013915e-01 5.010472802466034992e-01
3.738130523322374943e-01 4.742494429986658933e-01
3.739452235427735971e-01 4.477512139089827037e-01
3.740773947533096999e-01 4.222296141859055441e-01
3.742095659638458582e-01 3.969101722112137742e-01
3.743417371743819611e-01 3.723637819136433880e-01
3.744739083849180639e-01 3.486731421004489739e-01
3.746060795954541667e-01 3.265893518321882905e-01
3.747382508059902695e-01 3.043291811174040906e-01
3.748704220165263723e-01 2.821312600614543920e-01
3.750025932270624751e-01 2.610556362830410149e-01
3.751347644375986334e-01 2.408440218730854565e-01
3.752669356481347362e-01 2.217429035769206136e-01
3.753991068586708391e-01 2.035653196311797974e-01
3.755312780692069419e-01 1.855667327506212161e-01
3.756634492797430447e-01 1.683269357069751282e-01
3.757956204902791475e-01 1.521704201388935640e-01
3.759277917008152503e-01 1.363481484457621518e-01
3.760599629113513531e-01 1.217497153965292206e-01
3.761921341218874559e-01 1.079858920732693350e-01
3.763243053324236143e-01 9.570774005479044944e-02
3.764564765429597171e-01 8.372785467441819229e-02
3.765886477534958199e-01 7.258217224474522444e-02
3.767208189640319227e-01 6.207302252281996641e-02
3.768529901745680255e-01 5.204092813392972167e-02
3.769851613851041283e-01 4.290048620607235519e-02
3.771173325956402311e-01 3.453279582350221588e-02
3.772495038061763895e-01 2.699051810884545502e-02
3.773816750167124923e-01 2.024296457797898283e-02
3.775138462272485951e-01 1.468408589633424938e-02
3.776460174377846979e-01 1.032172939443291512e-02
3.777781886483208007e-01 6.699147524068960885e-03
3.779103598588569035e-01 3.715105742104227692e-03
3.780425310693930063e-01 2.096355480134846645e-03
3.781747022799291091e-01 8.335045272021472749e-04
3.783068734904652120e-01 -0.000000000000000000e+00
3.784390447010013148e-01 1.738975140693301328e-04
3.785712159115374731e-01 4.944313013326859458e-04
3.787033871220735759e-01 2.710316770106423016e-03
3.788355583326096787e-01 5.769982310681357265e-03
3.789677295431457815e-01 9.366637926505839637e-03
3.790999007536818843e-01 1.397154916116555290e-02
3.792320719642179871e-01 1.905809543236139381e-02
3.793642431747540900e-01 2.536490538496855712e-02
3.794964143852902483e-01 3.238981567082499513e-02
3.796285855958263511e-01 3.993400475523434245e-02
3.797607568063624539e-01 4.838359597679187107e-02
3.798929280168985567e-01 5.768266668781394518e-02
3.800250992274346595e-01 6.764801972503201033e-02
3.801572704379707623e-01 7.830212354220190962e-02
3.802894416485068652e-01 9.003520888626317942e-02
3.804216128590429680e-01 1.026599954491191208e-01
3.805537840695790708e-01 1.158726601355653807e-01
3.806859552801152291e-01 1.299125308990358163e-01
3.808181264906513319e-01 1.444318723625438172e-01
3.809502977011874347e-01 1.599148625456505990e-01
3.810824689117235375e-01 1.761387829666904992e-01
3.812146401222596404e-01 1.928591090237522510e-01
3.813468113327957432e-01 2.099334542363630596e-01
3.814789825433318460e-01 2.281791915827768302e-01
3.816111537538680043e-01 2.468542622545251974e-01
3.817433249644041071e-01 2.665752783132798731e-01
3.818754961749402099e-01 2.870759876012738410e-01
3.820076673854763127e-01 3.079949508514783219e-01
3.821398385960124156e-01 3.295040430822875899e-01
3.822720098065485184e-01 3.521085513870034212e-01
3.824041810170846212e-01 3.753782068127112237e-01
3.825363522276207240e-01 3.994051113549649257e-01
3.826685234381568268e-01 4.237204532067533336e-01
3.828006946486929851e-01 4.488112869889840373e-01
3.829328658592290879e-01 4.744704409371527931e-01
3.830650370697651907e-01 5.013032376981788607e-01
3.831972082803012936e-01 5.283144905899354038e-01
3.833293794908373964e-01 5.567242893678197024e-01
3.834615507013734992e-01 5.850399859649542122e-01
3.835937219119096020e-01 6.135076089213932216e-01
3.837258931224457603e-01 6.434819345219671138e-01
3.838580643329818631e-01 6.737234365490158972e-01
3.839902355435179659e-01 7.050650721221874972e-01
3.841224067540540688e-01 7.364262422026307542e-01
3.842545779645901716e-01 7.692940596903303785e-01
3.843867491751262744e-01 8.027093204334707632e-01
3.845189203856623772e-01 8.363734737433068389e-01
3.846510915961984800e-01 8.712288991870716925e-01
3.847832628067345828e-01 9.061147470460118036e-01
3.849154340172707411e-01 9.423885744501018236e-01
3.850476052278068440e-01 9.790816339200488772e-01
3.851797764383429468e-01 1.016610360625708420e+00
3.853119476488790496e-01 1.054885445400050692e+00
3.854441188594151524e-01 1.093583057899518707e+00
3.855762900699512552e-01 1.133619986260371526e+00
3.857084612804873580e-01 1.174215697435111005e+00
3.858406324910234608e-01 1.215687295643734345e+00
3.859728037015596191e-01 1.258015589935932654e+00
3.861049749120957220e-01 1.301319862439851649e+00
3.862371461226318248e-01 1.345007811015661803e+00
3.863693173331679276e-01 1.389483449348408950e+00
3.865014885437040304e-01 1.434729609782350090e+00
3.866336597542401332e-01 1.481633899223560036e+00
3.867658309647762360e-01 1.528567918406299686e+00
3.868980021753123388e-01 1.576876635066321475e+00
3.870301733858484416e-01 1.625327750789699044e+00
3.871623445963846000e-01 1.674434176210731984e+00
3.872945158069207028e-01 1.725314864837298456e+00
3.874266870174568056e-01 1.776613660005280426e+00
3.875588582279929084e-01 1.828890833655787418e+00
3.876910294385290112e-01 1.881810330319068303e+00
3.878232006490651140e-01 1.935560461670298826e+00
3.879553718596012168e-01 1.990575597109007777e+00
3.880875430701373752e-01 2.047053746435403720e+00
3.882197142806734780e-01 2.104385472408722979e+00
3.883518854912095808e-01 2.163255454922663024e+00
3.884840567017456836e-01 2.222627733661255878e+00
3.886162279122817864e-01 2.283534780124903296e+00
3.887483991228178892e-01 2.344783810393515022e+00
3.888805703333539920e-01 2.406727086144685668e+00
3.890127415438900949e-01 2.470043957712126925e+00
3.891449127544261977e-01 2.533231047235739108e+00
3.892770839649623560e-01 2.598930078898609164e+00
3.894092551754984588e-01 2.666193394930445049e+00
3.895414263860345616e-01 2.733926675890117952e+00
3.896735975965706644e-01 2.801768829170394604e+00
3.898057688071067672e-01 2.870504800015432512e+00
3.899379400176428700e-01 2.939398770170649211e+00
3.900701112281789729e-01 3.008959993570233582e+00
3.902022824387151312e-01 3.080409367492552786e+00
3.903344536492512340e-01 3.151369793476078485e+00
3.904666248597873368e-01 3.223715196325207089e+00
3.905987960703234396e-01 3.296325216955368731e+00
3.907309672808595424e-01 3.371505799797288816e+00
3.908631384913956452e-01 3.447343921954872936e+00
3.909953097019317481e-01 3.523256259433718007e+00
3.911274809124678509e-01 3.600873014990594978e+00
3.912596521230039537e-01 3.677487752183552505e+00
3.913918233335401120e-01 3.754323537498206242e+00
3.915239945440762148e-01 3.832577118147006523e+00
3.916561657546123176e-01 3.911436353306960267e+00
3.917883369651484204e-01 3.991189611355235201e+00
3.919205081756845233e-01 4.071193114331773444e+00
3.920526793862206261e-01 4.151770200563843716e+00
3.921848505967567289e-01 4.233012667423496467e+00
3.923170218072928872e-01 4.313722153693396066e+00
3.924491930178289900e-01 4.395335541475943408e+00
3.925813642283650928e-01 4.478622104084618805e+00
3.927135354389011956e-01 4.562603262498698520e+00
3.928457066494372985e-01 4.646135253642338370e+00
3.929778778599734013e-01 4.730303411431918015e+00
3.931100490705095041e-01 4.816055994081106739e+00
3.932422202810456069e-01 4.904178730810862419e+00
3.933743914915817097e-01 4.990110907765840764e+00
3.935065627021178680e-01 5.076175782975903772e+00
3.936387339126539708e-01 5.163566641037733440e+00
3.937709051231900736e-01 5.250597334982328057e+00
3.939030763337261765e-01 5.340275966027609122e+00
3.940352475442622793e-01 5.428285733913283728e+00
3.941674187547983821e-01 5.518627513392290851e+00
3.942995899653344849e-01 5.609074264508009833e+00
3.944317611758705877e-01 5.699063897360892028e+00
3.945639323864067460e-01 5.790253323099248561e+00
3.946961035969428488e-01 5.881840246983228049e+00
3.948282748074789517e-01 5.972998172825987773e+00
3.949604460180150545e-01 6.064997603643313973e+00
3.950926172285511573e-01 6.158671147376399979e+00
3.952247884390872601e-01 6.254287165978921870e+00
3.953569596496233629e-01 6.348824775695241840e+00
3.954891308601594657e-01 6.445890506579246448e+00
3.956213020706955685e-01 6.541202200554034007e+00
3.957534732812317269e-01 6.640909274394452666e+00
3.958856444917678297e-01 6.736062529212645700e+00
3.960178157023039325e-01 6.835810523764767055e+00
3.961499869128400353e-01 6.939015089599916308e+00
3.962821581233761381e-01 7.039489018920980001e+00
3.964143293339122409e-01 7.141524406158773708e+00
3.965465005444483437e-01 7.242053875412840291e+00
3.966786717549845021e-01 7.342380045517280074e+00
3.968108429655206049e-01 7.444560488864819803e+00
3.969430141760567077e-01 7.549389288469829928e+00
3.970751853865928105e-01 7.659345424978372563e+00
3.972073565971289133e-01 7.765280455147632210e+00
3.973395278076650161e-01 7.868734869908729834e+00
3.974716990182011189e-01 7.976052196743790290e+00
3.976038702287372217e-01 8.084605446203505963e+00
3.977360414392733245e-01 8.196537796741973025e+00
3.978682126498094829e-01 8.301695724154892986e+00
3.980003838603455857e-01 8.417744538283695732e+00
3.981325550708816885e-01 8.532369777100646147e+00
3.982647262814177913e-01 8.647222009620309180e+00
3.983968974919538941e-01 8.763535640071156152e+00
3.985290687024899969e-01 8.881353006144713902e+00
3.986612399130260997e-01 9.002134124639843193e+00
3.987934111235622581e-01 9.122877813526994117e+00
3.989255823340983609e-01 9.247297970780669729e+00
3.990577535446344637e-01 9.372909201383979649e+00
3.991899247551705665e-01 9.494834367526490126e+00
3.993220959657066693e-01 9.621983763960278324e+00
3.994542671762427721e-01 9.748390416722781282e+00
3.995864383867788749e-01 9.880481424773746468e+00
3.997186095973149778e-01 1.001069400355151373e+01
3.998507808078510806e-01 1.014497232094704060e+01
3.999829520183872389e-01 1.028354174783408759e+01
4.001151232289233417e-01 1.041960076426487269e+01
4.002472944394594445e-01 1.055707462252372508e+01
4.003794656499955473e-01 1.069288502055910683e+01
4.005116368605316501e-01 1.082564055579284279e+01
4.006438080710677530e-01 1.096552623657958492e+01
4.007759792816038558e-01 1.110562361452723756e+01
4.009081504921400141e-01 1.123925810014450555e+01
4.010403217026761169e-01 1.136369088618199541e+01
4.011724929132122197e-01 1.150094885871527595e+01
4.013046641237483225e-01 1.164404228716187895e+01
4.014368353342844253e-01 1.178688762934134360e+01
4.015690065448205281e-01 1.192575629812708193e+01
4.017011777553566310e-01 1.208043379869767087e+01
4.018333489658927338e-01 1.222472912917666932e+01
4.019655201764288366e-01 1.236897176220425898e+01
4.020976913869649394e-01 1.251994120674035749e+01
4.022298625975010977e-01 1.267299641081946326e+01
4.023620338080372005e-01 1.283085331404611296e+01
4.024942050185733033e-01 1.300125162108041899e+01
4.026263762291094062e-01 1.316429151716195456e+01
4.027585474396455090e-01 1.331580013165299192e+01
4.028907186501816118e-01 1.349309568055292807e+01
4.030228898607177701e-01 1.365809873017802545e+01
4.031550610712538729e-01 1.382736783273281134e+01
4.032872322817899757e-01 1.399156063004361350e+01
4.034194034923260785e-01 1.415062102900408902e+01
4.035515747028621814e-01 1.432656853632184379e+01
4.036837459133982842e-01 1.449826461435248959e+01
4.038159171239343870e-01 1.467013886352493834e+01
4.039480883344704898e-01 1.486349615444878580e+01
4.040802595450065926e-01 1.504045233668836445e+01
4.042124307555426954e-01 1.522253398637527688e+01
4.043446019660788537e-01 1.538505361171136165e+01
4.044767731766149566e-01 1.557331100886388597e+01
4.046089443871510594e-01 1.574180613641591897e+01
4.047411155976871622e-01 1.593405658792804402e+01
4.048732868082232650e-01 1.614292863053908533e+01
4.050054580187593678e-01 1.633561794851235405e+01
4.051376292292955261e-01 1.650278972188747417e+01
4.052698004398316289e-01 1.666468773136546844e+01
4.054019716503677317e-01 1.684010477880774559e+01
4.055341428609038346e-01 1.701284896106590239e+01
4.056663140714399374e-01 1.717962993215676448e+01
4.057984852819760402e-01 1.735429302594013024e+01
4.059306564925121430e-01 1.754389794671337910e+01
4.060628277030482458e-01 1.775134621584518513e+01
4.061949989135843486e-01 1.792404247784795501e+01
4.063271701241204514e-01 1.809239740793390183e+01
4.064593413346566098e-01 1.823770153263068750e+01
4.065915125451927126e-01 1.837378175718116324e+01
4.067236837557288154e-01 1.849715115633928164e+01
4.068558549662649182e-01 1.864548404001844872e+01
4.069880261768010210e-01 1.877146162183602129e+01
4.071201973873371238e-01 1.890364195305049932e+01
4.072523685978732266e-01 1.903136594468702825e+01
4.073845398084093850e-01 1.911855240199285788e+01
4.075167110189454878e-01 1.922653925801209951e+01
4.076488822294815906e-01 1.930555363339870922e+01
4.077810534400176934e-01 1.934518004328171870e+01
4.079132246505537962e-01 1.941039984562480569e+01
4.080453958610898990e-01 1.944177383878091803e+01
4.081775670716260018e-01 1.946339029858729575e+01
4.083097382821621046e-01 1.942906550438785374e+01
4.084419094926982075e-01 1.940412238633179243e+01
4.085740807032343103e-01 1.935944316664943443e+01
4.087062519137704686e-01 1.934575581865306404e+01
4.088384231243065714e-01 1.928983846362622856e+01
4.089705943348426742e-01 1.923969778305993827e+01
4.091027655453787770e-01 1.918829054251265376e+01
4.092349367559148798e-01 1.916526152592037135e+01
4.093671079664509826e-01 1.904793305210398557e+01
4.094992791769871410e-01 1.893951608900228223e+01
4.096314503875232438e-01 1.882946027706835679e+01
4.097636215980593466e-01 1.865564462479957086e+01
4.098957928085954494e-01 1.857926870969054534e+01
4.100279640191315522e-01 1.844628814361410818e+01
4.101601352296676550e-01 1.832685615075587648e+01
4.102923064402037578e-01 1.819674997202180577e+01
4.104244776507398607e-01 1.798953208140803284e+01
4.105566488612759635e-01 1.783902315295305385e+01
4.106888200718120663e-01 1.765904886066027046e+01
4.108209912823482246e-01 1.752314180132389154e+01
4.109531624928843274e-01 1.737488213560880723e+01
4.110853337034204302e-01 1.721896183036753314e+01
4.112175049139565330e-01 1.702568257174570832e+01
4.113496761244926359e-01 1.689265551295825674e+01
4.114818473350287387e-01 1.675660316810348149e+01
4.116140185455648970e-01 1.659719480552776716e+01
4.117461897561009998e-01 1.646230624103852236e+01
4.118783609666371026e-01 1.632034281954318899e+01
4.120105321771732054e-01 1.619512921659504556e+01
4.121427033877093082e-01 1.605035940630914482e+01
4.122748745982454111e-01 1.592398571679904506e+01
4.124070458087815139e-01 1.577491297211334675e+01
4.125392170193176167e-01 1.565452450444538357e+01
4.126713882298537195e-01 1.552902226277060826e+01
4.128035594403898223e-01 1.539636991632191076e+01
4.129357306509259806e-01 1.527584854238876488e+01
4.130679018614620834e-01 1.513326242617499062e+01
4.132000730719981862e-01 1.501102454366069239e+01
4.133322442825342891e-01 1.489850563048844201e+01
4.134644154930703919e-01 1.477208086222781525e+01
4.135965867036064947e-01 1.466903784362712670e+01
4.137287579141426530e-01 1.452761742124965672e+01
4.138609291246787558e-01 1.440633050296834305e+01
4.139931003352148586e-01 1.428585679602822545e+01
4.141252715457509614e-01 1.416355445792303058e+01
4.142574427562870643e-01 1.403124995389739205e+01
4.143896139668231671e-01 1.390379417946822116e+01
4.145217851773592699e-01 1.379542469283037676e+01
4.146539563878953727e-01 1.367681949626900639e+01
4.147861275984314755e-01 1.356455685127682820e+01
4.149182988089675783e-01 1.344748926063085825e+01
4.150504700195037366e-01 1.333433687782979860e+01
4.151826412300398395e-01 1.323459324255266978e+01
4.153148124405759423e-01 1.312235557757252735e+01
4.154469836511120451e-01 1.302293753818611854e+01
4.155791548616481479e-01 1.290310981247544397e+01
4.157113260721842507e-01 1.279989059900155013e+01
4.158434972827203535e-01 1.269336582202398844e+01
4.159756684932565118e-01 1.259297705046909499e+01
4.161078397037926146e-01 1.249184017254564516e+01
4.162400109143287175e-01 1.238975725667052608e+01
4.163721821248648203e-01 1.228511150600494872e+01
4.165043533354009231e-01 1.218851401390485556e+01
4.166365245459370259e-01 1.209199112649037922e+01
4.167686957564731287e-01 1.199295309330472747e+01
4.169008669670092315e-01 1.191138839041179942e+01
4.170330381775453343e-01 1.182619512163013198e+01
4.171652093880814371e-01 1.174723213787514986e+01
4.172973805986175955e-01 1.165540876550233484e+01
4.174295518091536983e-01 1.156377722706018929e+01
4.175617230196898011e-01 1.147402188715951965e+01
4.176938942302259039e-01 1.138838988531900753e+01
4.178260654407620067e-01 1.130968923896602796e+01
4.179582366512981095e-01 1.121956641238771901e+01
4.180904078618342679e-01 1.112946903114017516e+01
4.182225790723703707e-01 1.104030327471855699e+01
4.183547502829064735e-01 1.095281869656115070e+01
4.184869214934425763e-01 1.086609988854813480e+01
4.186190927039786791e-01 1.078499006364475044e+01
4.187512639145147819e-01 1.070066107241939868e+01
4.188834351250508847e-01 1.062264955907888186e+01
4.190156063355869875e-01 1.054023429029013315e+01
4.191477775461230904e-01 1.046448975061445097e+01
4.192799487566591932e-01 1.038278093754973774e+01
4.194121199671953515e-01 1.030407353779161284e+01
4.195442911777314543e-01 1.021945048813318735e+01
4.196764623882675571e-01 1.014131297402172116e+01
4.198086335988036599e-01 1.006367493613433695e+01
4.199408048093397627e-01 9.984846939668017285e+00
4.200729760198758655e-01 9.908389049106620661e+00
4.202051472304120239e-01 9.831244159915437208e+00
4.203373184409481267e-01 9.756690750502759357e+00
4.204694896514842295e-01 9.686281657162915337e+00
4.206016608620203323e-01 9.604638902782401289e+00
4.207338320725564351e-01 9.526205504990915784e+00
4.208660032830925379e-01 9.446806433528045943e+00
4.209981744936286407e-01 9.377039034462452349e+00
4.211303457041647436e-01 9.298150530623612298e+00
4.212625169147008464e-01 9.223852933032988588e+00
4.213946881252369492e-01 9.142986768662927588e+00
4.215268593357731075e-01 9.065887040970675770e+00
4.216590305463092103e-01 8.988747297649970491e+00
4.217912017568453131e-01 8.912138842831781815e+00
4.219233729673814159e-01 8.838670587409469093e+00
4.220555441779175188e-01 8.763171184434895622e+00
4.221877153884536216e-01 8.689739954630727681e+00
4.223198865989897799e-01 8.617969123253192976e+00
4.224520578095258827e-01 8.545237406775875399e+00
4.225842290200619855e-01 8.469893796897105531e+00
4.227164002305980883e-01 8.392795066263708748e+00
4.228485714411341911e-01 8.320983655538551460e+00
4.229807426516702940e-01 8.256425042876822218e+00
4.231129138622063968e-01 8.181527632448979404e+00
4.232450850727424996e-01 8.112925198784964209e+00
4.233772562832786024e-01 8.036864647526398286e+00
4.235094274938147052e-01 7.963674117389507146e+00
4.236415987043508635e-01 7.887993546185082749e+00
4.237737699148869663e-01 7.821958958164194620e+00
4.239059411254230691e-01 7.748184363312870637e+00
4.240381123359591720e-01 7.675593720757539984e+00
4.241702835464952748e-01 7.607070792326262598e+00
4.243024547570313776e-01 7.535000739923288116e+00
4.244346259675674804e-01 7.465707744372314991e+00
4.245667971781036387e-01 7.393165241686732614e+00
4.246989683886397415e-01 7.325376401723085351e+00
4.248311395991758443e-01 7.253567809116083787e+00
4.249633108097119472e-01 7.186285272017099324e+00
4.250954820202480500e-01 7.119251204737046201e+00
4.252276532307841528e-01 7.050308978633966106e+00
4.253598244413202556e-01 6.981815934757993780e+00
4.254919956518563584e-01 6.915769977839007154e+00
4.256241668623924612e-01 6.850625916295014051e+00
4.257563380729285640e-01 6.784311175482334200e+00
4.258885092834647224e-01 6.717913782165895853e+00
4.260206804940008252e-01 6.653450822418536248e+00
4.261528517045369280e-01 6.588990224919118788e+00
4.262850229150730308e-01 6.527358565991260519e+00
4.264171941256091336e-01 6.461403015309705289e+00
4.265493653361452364e-01 6.399402951770760239e+00
4.266815365466813947e-01 6.337394830223658460e+00
4.268137077572174976e-01 6.278503902294809258e+00
4.269458789677536004e-01 6.218216686925628345e+00
4.270780501782897032e-01 6.154775229391223235e+00
4.272102213888258060e-01 6.095777362437577729e+00
4.273423925993619088e-01 6.036460639678073115e+00
4.274745638098980116e-01 5.977465618577975981e+00
4.276067350204341144e-01 5.918837274200000387e+00
4.277389062309702172e-01 5.860198176414485260e+00
4.278710774415063200e-01 5.804419962096615926e+00
4.280032486520424784e-01 5.747661819948088002e+00
4.281354198625785812e-01 5.694508142256878180e+00
4.282675910731146840e-01 5.639972723021629442e+00
4.283997622836507868e-01 5.586473755202002955e+00
4.285319334941868896e-01 5.532408904157970930e+00
4.286641047047229924e-01 5.480240582749209111e+00
4.287962759152591508e-01 5.428758820568373444e+00
4.289284471257952536e-01 5.378032560631588410e+00
4.290606183363313564e-01 5.326934249503937124e+00
4.291927895468674592e-01 5.277437091179876916e+00
4.293249607574035620e-01 5.230087049680618883e+00
4.294571319679396648e-01 5.181618787931986603e+00
4.295893031784757676e-01 5.130632644709369750e+00
4.297214743890118704e-01 5.083470309639535500e+00
4.298536455995479733e-01 5.038167018778595185e+00
4.299858168100840761e-01 4.993999793873848958e+00
4.301179880206202344e-01 4.951178208199848996e+00
4.302501592311563372e-01 4.908756485084634136e+00
4.303823304416924400e-01 4.865846199782157377e+00
4.305145016522285428e-01 4.824515653579888763e+00
4.306466728627646456e-01 4.785028765689070873e+00
4.307788440733007485e-01 4.746797503115250727e+00
4.309110152838369068e-01 4.707487316566136393e+00
4.310431864943730096e-01 4.669540718676322477e+00
4.311753577049091124e-01 4.631744829893456483e+00
4.313075289154452152e-01 4.595149057921314117e+00
4.314397001259813180e-01 4.560281670920910635e+00
4.315718713365174208e-01 4.525743995023233879e+00
4.317040425470535236e-01 4.490444270278539207e+00
4.318362137575896265e-01 4.456825634822614290e+00
4.319683849681257293e-01 4.424640465075577289e+00
4.321005561786618321e-01 4.394176204403457575e+00
4.322327273891979349e-01 4.363266146753701058e+00
4.323648985997340932e-01 4.333894511232630364e+00
4.324970698102701960e-01 4.305578264289189327e+00
4.326292410208062988e-01 4.278341465454795767e+00
4.327614122313424017e-01 4.250785477957679248e+00
4.328935834418785045e-01 4.224130452872227437e+00
4.330257546524146073e-01 4.198230315813026969e+00
4.331579258629507656e-01 4.175450592097535107e+00
4.332900970734868684e-01 4.152517561997560946e+00
4.334222682840229712e-01 4.132815668356598415e+00
4.335544394945590740e-01 4.111000836820922544e+00
4.336866107050951769e-01 4.090366406540888455e+00
4.338187819156312797e-01 4.070204309883828309e+00
4.339509531261673825e-01 4.052237447183033581e+00
4.340831243367034853e-01 4.034240367605554489e+00
4.342152955472395881e-01 4.016603405855399878e+00
4.343474667577756909e-01 3.999899155849424126e+00
4.344796379683118492e-01 3.983862898765474281e+00
4.346118091788479521e-01 3.968849752318174495e+00
4.347439803893840549e-01 3.953529601772679314e+00
4.348761515999201577e-01 3.939777026112477376e+00
4.350083228104562605e-01 3.925627482042938432e+00
4.351404940209923633e-01 3.912971291672568963e+00
4.352726652315285216e-01 3.902253582574371382e+00
4.354048364420646244e-01 3.889845330314119831e+00
4.355370076526007272e-01 3.879700842554454798e+00
4.356691788631368301e-01 3.871578448384866089e+00
4.358013500736729329e-01 3.862673396555639016e+00
4.359335212842090357e-01 3.855022869526886886e+00
4.360656924947451385e-01 3.847187456332300304e+00
4.361978637052812413e-01 3.840475188578662102e+00
4.363300349158173441e-01 3.832444246149597777e+00
4.364622061263534469e-01 3.826464349511618401e+00
4.365943773368896053e-01 3.821188892807313664e+00
4.367265485474257081e-01 3.815191591881722744e+00
4.368587197579618109e-01 3.811825624403915036e+00
4.369908909684979137e-01 3.808594447241525405e+00
4.371230621790340165e-01 3.806332593202185866e+00
4.372552333895701193e-01 3.804840109318988528e+00
4.373874046001062776e-01 3.803665518404046875e+00
4.375195758106423805e-01 3.802435974346179748e+00
4.376517470211784833e-01 3.800504055547510252e+00
4.377839182317145861e-01 3.801185918014466925e+00
4.379160894422506889e-01 3.802449155597906749e+00
4.380482606527867917e-01 3.802073395869879580e+00
4.381804318633228945e-01 3.804780197066043534e+00
4.383126030738589973e-01 3.806531462504298080e+00
4.384447742843951001e-01 3.808584476659288676e+00
4.385769454949312030e-01 3.812429278906670049e+00
4.387091167054673613e-01 3.816051259181670652e+00
4.388412879160034641e-01 3.820523901660055177e+00
4.389734591265395669e-01 3.827371496024181585e+00
4.391056303370756697e-01 3.831937756342670642e+00
4.392378015476117725e-01 3.838687504189651989e+00
4.393699727581478753e-01 3.844539660169144391e+00
4.395021439686840337e-01 3.851911974828943208e+00
4.396343151792201365e-01 3.860721483269839993e+00
4.397664863897562393e-01 3.869030605296888581e+00
4.398986576002923421e-01 3.877601269303138753e+00
4.400308288108284449e-01 3.887900964822593064e+00
4.401630000213645477e-01 3.898721720281639769e+00
4.402951712319006505e-01 3.909679848510681399e+00
4.404273424424367533e-01 3.922416104927833214e+00
4.405595136529728562e-01 3.934323866539214176e+00
4.406916848635089590e-01 3.947803973951986567e+00
4.408238560740450618e-01 3.959932893104620266e+00
4.409560272845812201e-01 3.974937886059854986e+00
4.410881984951173229e-01 3.991528123226879110e+00
4.412203697056534257e-01 4.007195941393443483e+00
4.413525409161895285e-01 4.024746424204200146e+00
4.414847121267256314e-01 4.043761672586764000e+00
4.416168833372617342e-01 4.064518686667389247e+00
4.417490545477978925e-01 4.084312998286649510e+00
4.418812257583339953e-01 4.104438389394867492e+00
4.420133969688700981e-01 4.126266357566611198e+00
4.421455681794062009e-01 4.149728285083273960e+00
4.422777393899423037e-01 4.173469452725570683e+00
4.424099106004784066e-01 4.197893897263990759e+00
4.425420818110145094e-01 4.222203012129706501e+00
4.426742530215506122e-01 4.247819134140407904e+00
4.428064242320867150e-01 4.274792393792703926e+00
4.429385954426228178e-01 4.302918089800624735e+00
4.430707666531589761e-01 4.331745006221091820e+00
4.432029378636950789e-01 4.361284335038521753e+00
4.433351090742311817e-01 4.390405493645360480e+00
4.434672802847672846e-01 4.421948253719987676e+00
4.435994514953033874e-01 4.453111380590503821e+00
4.437316227058394902e-01 4.485937902916438347e+00
4.438637939163756485e-01 4.518931712180178195e+00
4.439959651269117513e-01 4.552850431680585785e+00
4.441281363374478541e-01 4.587273270201041697e+00
4.442603075479839569e-01 4.624329963586320424e+00
4.443924787585200598e-01 4.661424368568702015e+00
4.445246499690561626e-01 4.699083359333446452e+00
4.446568211795922654e-01 4.737238611505770969e+00
4.447889923901283682e-01 4.776234863094090066e+00
4.449211636006644710e-01 4.816693803519249251e+00
4.450533348112005738e-01 4.855563203277014850e+00
4.451855060217367321e-01 4.896400607647921177e+00
4.453176772322728350e-01 4.939278038984336483e+00
4.454498484428089378e-01 4.983221023997994159e+00
4.455820196533450406e-01 5.026920917018311563e+00
4.457141908638811434e-01 5.071257411351124844e+00
4.458463620744172462e-01 5.116942290514588265e+00
4.459785332849534045e-01 5.161939066533228093e+00
4.461107044954895073e-01 5.208117318331401790e+00
4.462428757060256101e-01 5.254802025457486536e+00
4.463750469165617130e-01 5.302702243878918864e+00
4.465072181270978158e-01 5.350774565611684075e+00
4.466393893376339186e-01 5.401426295757163487e+00
4.467715605481700214e-01 5.452670795251989055e+00
4.469037317587061242e-01 5.504357252042356485e+00
4.470359029692422270e-01 5.557592428978247234e+00
4.471680741797783298e-01 5.610189556201086170e+00
4.473002453903144882e-01 5.665251487929018559e+00
4.474324166008505910e-01 5.720471170262198868e+00
4.475645878113866938e-01 5.776071897948598100e+00
4.476967590219227966e-01 5.834733528664266089e+00
4.478289302324588994e-01 5.891451955995018253e+00
4.479611014429950022e-01 5.951266220634081172e+00
4.480932726535311605e-01 6.009203130429196626e+00
4.482254438640672634e-01 6.068623514079123815e+00
4.483576150746033662e-01 6.129968102421495146e+00
4.484897862851394690e-01 6.190840476130534675e+00
4.486219574956755718e-01 6.254068986110340234e+00
4.487541287062116746e-01 6.318762059147718269e+00
4.488862999167477774e-01 6.383582775747721705e+00
4.490184711272838802e-01 6.446082892109643581e+00
4.491506423378199830e-01 6.510229503981813437e+00
4.492828135483560859e-01 6.576049326505903458e+00
4.494149847588921887e-01 6.638896703197242566e+00
4.495471559694283470e-01 6.702901393294713017e+00
4.496793271799644498e-01 6.768532699475851011e+00
4.498114983905005526e-01 6.833859249355650256e+00
4.499436696010366554e-01 6.902159985468884429e+00
4.500758408115727582e-01 6.970468378632924455e+00
4.502080120221088610e-01 7.041606367658203247e+00
4.503401832326450194e-01 7.110895685643096265e+00
4.504723544431811222e-01 7.182557972816669078e+00
4.506045256537172250e-01 7.255394644671111948e+00
4.507366968642533278e-01 7.327065360354992229e+00
4.508688680747894306e-01 7.402551602125473806e+00
4.510010392853255334e-01 7.478193889374562531e+00
4.511332104958616362e-01 7.551874908739878656e+00
4.512653817063977391e-01 7.627345166045381042e+00
4.513975529169338419e-01 7.700172050949412927e+00
4.515297241274699447e-01 7.775425874534001913e+00
4.516618953380061030e-01 7.855598263360428213e+00
4.517940665485422058e-01 7.933592529239786195e+00
4.519262377590783086e-01 8.015857924256327038e+00
4.520584089696144114e-01 8.091760468862238653e+00
4.521905801801505143e-01 8.173094798341553613e+00
4.523227513906866171e-01 8.253622452132182374e+00
4.524549226012227754e-01 8.338873959522739909e+00
4.525870938117588782e-01 8.421854382901983627e+00
4.527192650222949810e-01 8.507209651647329451e+00
4.528514362328310838e-01 8.593520243290468485e+00
4.529836074433671866e-01 8.676068048359070417e+00
4.531157786539032895e-01 8.767162546138195012e+00
4.532479498644393923e-01 8.854587695834363004e+00
4.533801210749754951e-01 8.951296235657920874e+00
4.535122922855115979e-01 9.041269798420769277e+00
4.536444634960477007e-01 9.130649395049394101e+00
4.537766347065838590e-01 9.226309612802438664e+00
4.539088059171199618e-01 9.319746338489611759e+00
4.540409771276560646e-01 9.413372641607560709e+00
4.541731483381921675e-01 9.504775241467889657e+00
4.543053195487282703e-01 9.595629772122991952e+00
4.544374907592643731e-01 9.695878991826942794e+00
4.545696619698005314e-01 9.796547292106078331e+00
4.547018331803366342e-01 9.902717361153669628e+00
4.548340043908727370e-01 1.000424096754027481e+01
4.549661756014088398e-01 1.010890834432548324e+01
4.550983468119449427e-01 1.021959453906601567e+01
4.552305180224810455e-01 1.032748534500342785e+01
4.553626892330171483e-01 1.043945929815534512e+01
4.554948604435532511e-01 1.055202589178133543e+01
4.556270316540893539e-01 1.066821779442870266e+01
4.557592028646254567e-01 1.078341867774588536e+01
4.558913740751616150e-01 1.090634149891766391e+01
4.560235452856977179e-01 1.103094869750463225e+01
4.561557164962338207e-01 1.116070308043128989e+01
4.562878877067699235e-01 1.128638168626654625e+01
4.564200589173060263e-01 1.142074434916909986e+01
4.565522301278421291e-01 1.155069535557026761e+01
4.566844013383782874e-01 1.168801970468152263e+01
4.568165725489143902e-01 1.182449331440229123e+01
4.569487437594504931e-01 1.196381810145798497e+01
4.570809149699865959e-01 1.210108875462557698e+01
4.572130861805226987e-01 1.224773533093325106e+01
4.573452573910588015e-01 1.235070258455183279e+01
4.574774286015949043e-01 1.248750430742368422e+01
4.576095998121310071e-01 1.264625363206907949e+01
4.577417710226671099e-01 1.279313125485307623e+01
4.578739422332032127e-01 1.294610182668471410e+01
4.580061134437393155e-01 1.309778131883389385e+01
4.581382846542754739e-01 1.325168277957905794e+01
4.582704558648115767e-01 1.340675827510898799e+01
4.584026270753476795e-01 1.356217009711267174e+01
4.585347982858837823e-01 1.372078489324850104e+01
4.586669694964198851e-01 1.388824085304494460e+01
4.587991407069559879e-01 1.406751824660408801e+01
4.589313119174921463e-01 1.422913701732826119e+01
4.590634831280282491e-01 1.440798365076222254e+01
4.591956543385643519e-01 1.456027796541611963e+01
4.593278255491004547e-01 1.472612767017402291e+01
4.594599967596365575e-01 1.489343475377514103e+01
4.595921679701726603e-01 1.505406030719629840e+01
4.597243391807087631e-01 1.522666955981978987e+01
4.598565103912448659e-01 1.539246369701300132e+01
4.599886816017809688e-01 1.557280757002938465e+01
4.601208528123170716e-01 1.574212004158444955e+01
4.602530240228532299e-01 1.589051480531485083e+01
4.603851952333893327e-01 1.605143711001768381e+01
4.605173664439254355e-01 1.620651387238478947e+01
4.606495376544615383e-01 1.637440074007268720e+01
4.607817088649976411e-01 1.651983856485249547e+01
4.609138800755337440e-01 1.667100261913353521e+01
4.610460512860699023e-01 1.685612015535296848e+01
4.611782224966060051e-01 1.702704687534890482e+01
4.613103937071421079e-01 1.719762780289762816e+01
4.614425649176782107e-01 1.737200307617855799e+01
4.615747361282143135e-01 1.756431280901146508e+01
4.617069073387504163e-01 1.773622788074937517e+01
4.618390785492865191e-01 1.792702660753464627e+01
4.619712497598226220e-01 1.811937846304095956e+01
4.621034209703587248e-01 1.830769637589308729e+01
4.622355921808948276e-01 1.849490479127796050e+01
4.623677633914309859e-01 1.866603035728586590e+01
4.624999346019670887e-01 1.885013994640000590e+01
4.626321058125031915e-01 1.904863656061980848e+01
4.627642770230392943e-01 1.920114743719540940e+01
4.628964482335753972e-01 1.937933904095818960e+01
4.630286194441115000e-01 1.953851677179572022e+01
4.631607906546476583e-01 1.973807886356511787e+01
4.632929618651837611e-01 1.988420075484060234e+01
4.634251330757198639e-01 2.003492996501388745e+01
4.635573042862559667e-01 2.021254165651388846e+01
4.636894754967920695e-01 2.039809895763771053e+01
4.638216467073281724e-01 2.060771879018419739e+01
4.639538179178642752e-01 2.090492724111426526e+01
4.640859891284003780e-01 2.106271914832444025e+01
4.642181603389364808e-01 2.122656175659390243e+01
4.643503315494725836e-01 2.139656570714736006e+01
4.644825027600086864e-01 2.157285053050071966e+01
4.646146739705448447e-01 2.194248954200859814e+01
4.647468451810809476e-01 2.211716830579194237e+01
4.648790163916170504e-01 2.236956440718092765e+01
4.650111876021531532e-01 2.255393595049470790e+01
4.651433588126893115e-01 2.279964054394450557e+01
4.652755300232254143e-01 2.299634301336399389e+01
4.654077012337615171e-01 2.320174816559354269e+01
4.655398724442976199e-01 2.347336466712414804e+01
4.656720436548337227e-01 2.369219594097666359e+01
4.658042148653698256e-01 2.400027784823352661e+01
4.659363860759059284e-01 2.423196378973761256e+01
4.660685572864420312e-01 2.447352631005224310e+01
4.662007284969781340e-01 2.472503745634714889e+01
4.663328997075142368e-01 2.498656766315244582e+01
4.664650709180503396e-01 2.525818562441972404e+01
4.665972421285864424e-01 2.553995818434745857e+01
4.667294133391225452e-01 2.583195024643035964e+01
4.668615845496587036e-01 2.645195785124895593e+01
4.669937557601948064e-01 2.674534695097133863e+01
4.671259269707309092e-01 2.705024150558476492e+01
4.672580981812670120e-01 2.736664151508922771e+01
4.673902693918031703e-01 2.769454697948471278e+01
4.675224406023392731e-01 2.803395789877121302e+01
4.676546118128753760e-01 2.838487427294870713e+01
4.677867830234114788e-01 2.874729610201717023e+01
4.679189542339475816e-01 2.912122338597657389e+01
4.680511254444836844e-01 2.950665612482688260e+01
4.681832966550197872e-01 2.990359431856804306e+01
4.683154678655558900e-01 3.031023261347027287e+01
4.684476390760919928e-01 3.072811600447087343e+01
4.685798102866280956e-01 3.115721340768745762e+01
4.687119814971641985e-01 3.159749101667495808e+01
4.688441527077003013e-01 3.204891219701880090e+01
4.689763239182364596e-01 3.251143739303120839e+01
4.691084951287725624e-01 3.298502404835656421e+01
4.692406663393086652e-01 3.346962654217252719e+01
4.693728375498447680e-01 3.396519614251100450e+01
4.695050087603809263e-01 3.447168097801993270e+01
4.696371799709170292e-01 3.498902602924622585e+01
4.697693511814531320e-01 3.551717314024762118e+01
4.699015223919892348e-01 8.289306334778564178e+01
4.700336936025253376e-01 8.289306334778564178e+01
4.701658648130614404e-01 8.289306334778564178e+01
4.702980360235975432e-01 8.289306334778564178e+01
4.704302072341336460e-01 8.289306334778564178e+01
4.705623784446697488e-01 8.289306334778564178e+01
4.706945496552058517e-01 8.289306334778564178e+01
4.708267208657419545e-01 8.289306334778564178e+01
4.709588920762780573e-01 8.289306334778564178e+01
4.710910632868142156e-01 8.289306334778564178e+01
4.712232344973503184e-01 8.289306334778564178e+01
4.713554057078864212e-01 8.289306334778564178e+01
4.714875769184225240e-01 8.289306334778564178e+01
4.716197481289586824e-01 8.289306334778564178e+01
4.717519193394947852e-01 8.289306334778564178e+01
4.718840905500308880e-01 8.289306334778564178e+01
4.720162617605669908e-01 8.289306334778564178e+01
4.721484329711030936e-01 8.289306334778564178e+01
4.722806041816391964e-01 8.289306334778564178e+01
4.724127753921752992e-01 8.289306334778564178e+01
4.725449466027114021e-01 8.289306334778564178e+01
4.726771178132475049e-01 8.289306334778564178e+01
4.728092890237836077e-01 8.289306334778564178e+01
4.729414602343197105e-01 8.289306334778564178e+01
4.730736314448558133e-01 8.289306334778564178e+01
4.732058026553919716e-01 8.289306334778564178e+01
4.733379738659280744e-01 8.289306334778564178e+01
4.734701450764641772e-01 8.289306334778564178e+01
4.736023162870002801e-01 8.289306334778564178e+01
4.737344874975364384e-01 8.289306334778564178e+01
4.738666587080725412e-01 8.289306334778564178e+01
4.739988299186086440e-01 8.289306334778564178e+01
4.741310011291447468e-01 8.289306334778564178e+01
4.742631723396808496e-01 8.289306334778564178e+01
4.743953435502169524e-01 8.289306334778564178e+01
