3.344252201730649743e-01 8.289306334778564178e+01
3.347481303993975477e-01 8.289306334778564178e+01
3.350710406257301210e-01 8.289306334778564178e+01
3.353939508520626944e-01 8.289306334778564178e+01
3.357168610783952678e-01 8.289306334778564178e+01
3.360397713047278967e-01 8.289306334778564178e+01
3.363626815310604701e-01 8.289306334778564178e+01
3.366855917573930435e-01 8.289306334778564178e+01
3.370085019837256168e-01 8.289306334778564178e+01
3.373314122100581902e-01 8.289306334778564178e+01
3.376543224363907636e-01 8.289306334778564178e+01
3.379772326627233370e-01 8.289306334778564178e+01
3.383001428890559104e-01 8.289306334778564178e+01
3.386230531153885392e-01 8.289306334778564178e+01
3.389459633417211126e-01 8.289306334778564178e+01
3.392688735680536860e-01 8.289306334778564178e+01
3.395917837943862594e-01 8.289306334778564178e+01
3.399146940207188328e-01 8.289306334778564178e+01
3.402376042470514061e-01 8.289306334778564178e+01
3.405605144733839795e-01 8.289306334778564178e+01
3.408834246997165529e-01 8.289306334778564178e+01
3.412063349260491818e-01 8.289306334778564178e+01
3.415292451523817552e-01 8.289306334778564178e+01
3.418521553787143286e-01 8.289306334778564178e+01
3.421750656050469019e-01 8.289306334778564178e+01
3.424979758313794753e-01 8.289306334778564178e+01
3.428208860577120487e-01 8.289306334778564178e+01
3.431437962840446221e-01 8.289306334778564178e+01
3.434667065103771955e-01 8.289306334778564178e+01
3.437896167367098244e-01 8.289306334778564178e+01
3.441125269630423977e-01 8.289306334778564178e+01
3.444354371893749711e-01 8.289306334778564178e+01
3.447583474157075445e-01 8.289306334778564178e+01
3.450812576420401179e-01 8.289306334778564178e+01
3.454041678683726913e-01 4.155189575525318446e+01
3.457270780947052646e-01 4.129634456605891302e+01
3.460499883210378380e-01 3.884170862930999846e+01
3.463728985473704669e-01 3.858849184492260065e+01
3.466958087737030403e-01 3.833773225732390699e+01
3.470187190000356137e-01 3.808944223880121172e+01
3.473416292263681870e-01 3.784363414035524897e+01
3.476645394527007604e-01 3.760032028458045517e+01
3.479874496790333338e-01 3.735951295843015174e+01
3.483103599053659072e-01 3.712122440588390049e+01
3.486332701316984806e-01 3.532577450446751754e+01
3.489561803580311095e-01 3.435818565483033638e+01
3.492790905843636828e-01 3.411508027229903206e+01
3.496020008106962562e-01 3.387449301281212399e+01
3.499249110370288296e-01 3.363643575766812432e+01
3.502478212633614030e-01 3.340092030136256795e+01
3.505707314896939764e-01 3.316795834410398669e+01
3.508936417160265497e-01 3.266545213364112499e+01
3.512165519423591231e-01 3.221235247465339313e+01
3.515394621686916965e-01 3.198282769332930187e+01
3.518623723950243254e-01 3.175587338301387064e+01
3.521852826213568988e-01 3.135184935236220838e+01
3.525081928476894721e-01 3.112820016413865787e+01
3.528311030740220455e-01 3.090713870172704603e+01
3.531540133003546189e-01 3.068867548779409304e+01
3.534769235266871923e-01 3.034394693817356981e+01
3.537998337530197657e-01 2.995378912872526556e+01
3.541227439793523946e-01 2.944036796788191168e+01
3.544456542056849679e-01 2.922458320204363957e+01
3.547685644320175413e-01 2.892755458579907213e+01
3.550914746583501147e-01 2.871578369263862740e+01
3.554143848846826881e-01 2.850658907049015767e+01
3.557372951110152615e-01 2.829997941148097951e+01
3.560602053373478348e-01 2.809596321862316515e+01
3.563831155636804082e-01 2.789454880246550061e+01
3.567060257900129816e-01 2.769574427810390205e+01
3.570289360163456105e-01 2.740621162853316406e+01
3.573518462426781839e-01 2.715636943963491845e+01
3.576747564690107573e-01 2.696274348309845692e+01
3.579976666953433306e-01 2.672802538283667673e+01
3.583205769216759040e-01 2.641825592674020484e+01
3.586434871480084774e-01 2.607547419782791565e+01
3.589663973743410508e-01 2.585191447297907530e+01
3.592893076006736797e-01 2.563424094696611277e+01
3.596122178270062530e-01 2.536386445058400696e+01
3.599351280533388264e-01 2.514457152312919419e+01
3.602580382796713998e-01 2.492340645190684967e+01
3.605809485060039732e-01 2.463898537622573670e+01
3.609038587323365466e-01 2.437460357518730092e+01
3.612267689586691199e-01 2.415302794248560403e+01
3.615496791850016933e-01 2.390596866973016077e+01
3.618725894113342667e-01 2.366282056352352470e+01
3.621954996376668956e-01 2.346693391754389424e+01
3.625184098639994690e-01 2.327467515640982043e+01
3.628413200903320424e-01 2.301330810788543246e+01
3.631642303166646157e-01 2.279782182122752943e+01
3.634871405429971891e-01 2.257812093536674070e+01
3.638100507693297625e-01 2.239367641878785165e+01
3.641329609956623359e-01 2.211000175704632298e+01
3.644558712219949093e-01 2.191289277695112503e+01
3.647787814483275382e-01 2.168043991262584669e+01
3.651016916746601115e-01 2.147977491178166431e+01
3.654246019009926849e-01 2.127179585663587247e+01
3.657475121273252583e-01 2.104925674788816181e+01
3.660704223536578317e-01 2.084276681924813346e+01
3.663933325799904051e-01 2.062348777017013290e+01
3.667162428063229784e-01 2.037161888810886268e+01
3.670391530326555518e-01 2.016353721563380574e+01
3.673620632589881252e-01 1.996535996877837249e+01
3.676849734853207541e-01 1.978746357909570364e+01
3.680078837116533275e-01 1.957272638804853671e+01
3.683307939379859008e-01 1.940394343139867317e+01
3.686537041643184742e-01 1.920756480335740335e+01
3.689766143906510476e-01 1.902310657218587764e+01
3.692995246169836210e-01 1.882774236951330593e+01
3.696224348433161944e-01 1.865544830193845627e+01
3.699453450696488233e-01 1.848280434994467569e+01
3.702682552959813966e-01 1.830975828390791804e+01
3.705911655223139700e-01 1.813846476742200409e+01
3.709140757486465434e-01 1.793723311641944207e+01
3.712369859749791168e-01 1.776307420011506011e+01
3.715598962013116902e-01 1.758449889188772985e+01
3.718828064276442635e-01 1.741959770135360586e+01
3.722057166539768369e-01 1.724913265684984864e+01
3.725286268803094103e-01 1.707457931025820130e+01
3.728515371066420392e-01 1.689930437055194901e+01
3.731744473329746126e-01 1.673218344984414685e+01
3.734973575593071859e-01 1.655714720620380831e+01
3.738202677856397593e-01 1.639066352638126034e+01
3.741431780119723327e-01 1.621320823270318812e+01
3.744660882383049061e-01 1.606207149066030837e+01
3.747889984646374795e-01 1.590499410905263744e+01
3.751119086909701084e-01 1.574861671698631049e+01
3.754348189173026817e-01 1.560349518964426530e+01
3.757577291436352551e-01 1.544271401491045381e+01
3.760806393699678285e-01 1.530375264264117519e+01
3.764035495963004019e-01 1.514520736621279617e+01
3.767264598226329753e-01 1.499662456603376981e+01
3.770493700489655486e-01 1.484246107255237490e+01
3.773722802752981220e-01 1.469044127362728247e+01
3.776951905016306954e-01 1.453288922947894513e+01
3.780181007279633243e-01 1.438281106099385731e+01
3.783410109542958977e-01 1.423701723994636303e+01
3.786639211806284711e-01 1.408972602565777521e+01
3.789868314069610444e-01 1.395233630181383511e+01
3.793097416332936178e-01 1.381163060739600290e+01
3.796326518596261912e-01 1.366286551047019771e+01
3.799555620859587646e-01 1.352547575928757873e+01
3.802784723122913935e-01 1.339718794642721278e+01
3.806013825386239668e-01 1.326417994935968103e+01
3.809242927649565402e-01 1.312617850469049330e+01
3.812472029912891136e-01 1.299486208669285503e+01
3.815701132176216870e-01 1.286263768924303896e+01
3.818930234439542604e-01 1.273312629139659791e+01
3.822159336702868337e-01 1.259909498803522254e+01
3.825388438966194071e-01 1.246613605992838814e+01
3.828617541229519805e-01 1.234094966062775534e+01
3.831846643492846094e-01 1.220936270023788417e+01
3.835075745756171828e-01 1.207770518551940242e+01
3.838304848019497562e-01 1.195562119640034204e+01
3.841533950282823295e-01 1.183274820316094988e+01
3.844763052546149029e-01 1.170484520669890394e+01
3.847992154809474763e-01 1.158502092441790410e+01
3.851221257072800497e-01 1.146378509717494687e+01
3.854450359336126786e-01 1.134512346095617197e+01
3.857679461599452519e-01 1.122743779458004809e+01
3.860908563862778253e-01 1.111307680053713476e+01
3.864137666126103987e-01 1.099944953844424766e+01
3.867366768389429721e-01 1.088527944583365503e+01
3.870595870652755455e-01 1.077150683138563281e+01
3.873824972916081189e-01 1.065895499329089802e+01
3.877054075179406922e-01 1.054964300862361704e+01
3.880283177442732656e-01 1.043903046416895641e+01
3.883512279706058390e-01 1.032680653987968000e+01
3.886741381969384679e-01 1.021694834294798859e+01
3.889970484232710413e-01 1.010713471607370728e+01
3.893199586496036146e-01 1.000241828493594909e+01
3.896428688759361880e-01 9.898540472400553014e+00
3.899657791022687614e-01 9.796035197477232614e+00
3.902886893286013348e-01 9.692709016034319447e+00
3.906115995549339082e-01 9.588482113464745993e+00
3.909345097812665371e-01 9.485750528827786354e+00
3.912574200075991104e-01 9.387420866877864256e+00
3.915803302339316838e-01 9.287423145089739762e+00
3.919032404602642572e-01 9.190433462387753494e+00
3.922261506865968306e-01 9.094069610498623391e+00
3.925490609129294040e-01 8.998526832089581262e+00
3.928719711392619773e-01 8.900996689995013256e+00
3.931948813655945507e-01 8.807114553887009478e+00
3.935177915919271241e-01 8.714222718257390810e+00
3.938407018182597530e-01 8.616314606735612003e+00
3.941636120445923264e-01 8.523643471251812542e+00
3.944865222709248997e-01 8.432716593494594903e+00
3.948094324972574731e-01 8.341516393797158813e+00
3.951323427235900465e-01 8.253999029512053554e+00
3.954552529499226199e-01 8.167440292571795268e+00
3.957781631762551933e-01 8.079033843227568568e+00
3.961010734025878222e-01 7.992422404992022500e+00
3.964239836289203955e-01 7.906735369209360265e+00
3.967468938552529689e-01 7.821516162656627635e+00
3.970698040815855423e-01 7.736982866784384960e+00
3.973927143079181157e-01 7.653612036493083082e+00
3.977156245342506891e-01 7.571329557206643024e+00
3.980385347605832624e-01 7.490573207044103121e+00
3.983614449869158358e-01 7.411329599284731451e+00
3.986843552132484092e-01 7.333179610581317398e+00
3.990072654395809826e-01 7.255762210109390153e+00
3.993301756659136115e-01 7.177802901362692722e+00
3.996530858922461849e-01 7.102575733600453134e+00
3.999759961185787582e-01 7.025604950921683134e+00
4.002989063449113316e-01 6.949961417995468516e+00
4.006218165712439050e-01 6.875282119738200137e+00
4.009447267975764784e-01 6.800541307098544763e+00
4.012676370239091073e-01 6.728468871867169909e+00
4.015905472502416806e-01 6.656392475039937473e+00
4.019134574765742540e-01 6.584853464780567656e+00
4.022363677029068274e-01 6.513444282475625791e+00
4.025592779292394008e-01 6.442957332330412790e+00
4.028821881555719742e-01 6.374664320265241990e+00
4.032050983819045475e-01 6.306820852935874910e+00
4.035280086082371209e-01 6.240432968819265902e+00
4.038509188345696943e-01 6.173735842229228332e+00
4.041738290609022677e-01 6.108566477231664571e+00
4.044967392872348966e-01 6.045178185284843408e+00
4.048196495135674700e-01 5.980509293991353559e+00
4.051425597399000433e-01 5.917737798348453815e+00
4.054654699662326167e-01 5.854724324718752371e+00
4.057883801925651901e-01 5.792967424820314015e+00
4.061112904188977635e-01 5.731967117331736361e+00
4.064342006452303924e-01 5.671748706944227614e+00
4.067571108715629657e-01 5.610900841818603269e+00
4.070800210978955391e-01 5.550230559439266464e+00
4.074029313242281125e-01 5.491663026724347141e+00
4.077258415505606859e-01 5.434651584432460325e+00
4.080487517768932593e-01 5.379126790738591346e+00
4.083716620032258326e-01 5.322259420825040444e+00
4.086945722295584060e-01 5.266750331173273736e+00
4.090174824558909794e-01 5.211541319105285730e+00
4.093403926822235528e-01 5.156875466286072296e+00
4.096633029085561817e-01 5.102548180316137660e+00
4.099862131348887551e-01 5.050019059336171345e+00
4.103091233612213284e-01 4.998721551028567411e+00
4.106320335875539018e-01 4.946393461962422577e+00
4.109549438138864752e-01 4.894647881251030341e+00
4.112778540402190486e-01 4.843986464975829520e+00
4.116007642665516775e-01 4.793963251346551324e+00
4.119236744928842509e-01 4.744636429826782908e+00
4.122465847192168242e-01 4.695330731522147083e+00
4.125694949455493976e-01 4.647299209524923924e+00
4.128924051718819710e-01 4.599515938692248618e+00
4.132153153982145444e-01 4.552972582103149257e+00
4.135382256245471178e-01 4.506538943030296451e+00
4.138611358508796911e-01 4.460353876779406868e+00
4.141840460772122645e-01 4.415267719101441557e+00
4.145069563035448379e-01 4.369208264044846857e+00
4.148298665298774668e-01 4.324619743959035034e+00
4.151527767562100402e-01 4.280470905737688625e+00
4.154756869825426135e-01 4.237027516951199502e+00
4.157985972088751869e-01 4.193510179319185127e+00
4.161215074352077603e-01 4.150959685954547673e+00
4.164444176615403337e-01 4.109379150876690368e+00
4.167673278878729626e-01 4.068040884361476373e+00
4.170902381142055360e-01 4.026804315473869522e+00
4.174131483405381093e-01 3.987077284908303376e+00
4.177360585668706827e-01 3.948460756327119459e+00
4.180589687932032561e-01 3.909623124616424583e+00
4.183818790195358295e-01 3.870288568471789148e+00
4.187047892458684029e-01 3.832101091083533806e+00
4.190276994722009762e-01 3.794056429267628872e+00
4.193506096985335496e-01 3.756484902560778938e+00
4.196735199248661230e-01 3.720348655094482648e+00
4.199964301511986964e-01 3.684332469419931755e+00
4.203193403775313253e-01 3.648078533419687464e+00
4.206422506038638987e-01 3.612454660140111518e+00
4.209651608301964720e-01 3.577613937177194892e+00
4.212880710565290454e-01 3.542587407935056110e+00
4.216109812828616188e-01 3.507569414823734633e+00
4.219338915091941922e-01 3.474245459883637199e+00
4.222568017355268211e-01 3.440619950047567155e+00
4.225797119618593944e-01 3.407628870468141447e+00
4.229026221881919678e-01 3.374816353951619607e+00
4.232255324145245412e-01 3.343833351480631766e+00
4.235484426408571146e-01 3.311769752570126180e+00
4.238713528671896880e-01 3.280497238388413450e+00
4.241942630935222613e-01 3.249347132235121727e+00
4.245171733198548347e-01 3.218810935842788545e+00
4.248400835461874081e-01 3.188473070904872309e+00
4.251629937725199815e-01 3.158496128352889620e+00
4.254859039988526104e-01 3.128804621086921145e+00
4.258088142251851838e-01 3.099665518342332504e+00
4.261317244515177571e-01 3.070668829313086601e+00
4.264546346778503305e-01 3.041207994693829519e+00
4.267775449041829039e-01 3.012485215056137644e+00
4.271004551305154773e-01 2.984875601582425819e+00
4.274233653568481062e-01 2.956447274726204277e+00
4.277462755831806795e-01 2.928922076599027591e+00
4.280691858095132529e-01 2.902270243887145718e+00
4.283920960358458263e-01 2.876192483824289159e+00
4.287150062621783997e-01 2.849278866996046489e+00
4.290379164885109731e-01 2.822795669817622866e+00
4.293608267148435464e-01 2.796745797236005249e+00
4.296837369411761198e-01 2.770983197939387743e+00
4.300066471675086932e-01 2.746202453166553425e+00
4.303295573938412666e-01 2.720969865203290095e+00
4.306524676201738955e-01 2.696195774932631295e+00
4.309753778465064689e-01 2.671458254942070010e+00
4.312982880728390422e-01 2.647318001497075191e+00
4.316211982991716156e-01 2.623417010199553090e+00
4.319441085255041890e-01 2.599327579271060173e+00
4.322670187518367624e-01 2.576194819663745417e+00
4.325899289781693913e-01 2.553856225572494143e+00
4.329128392045019647e-01 2.530800477396050852e+00
4.332357494308345380e-01 2.508882703235188139e+00
4.335586596571671114e-01 2.486260577760121659e+00
4.338815698834996848e-01 2.464382342331737696e+00
4.342044801098322582e-01 2.442756866859444820e+00
4.345273903361648316e-01 2.421240966555977092e+00
4.348503005624974049e-01 2.400120669354125713e+00
4.351732107888299783e-01 2.378710479279787293e+00
4.354961210151625517e-01 2.357947570205649157e+00
4.358190312414951806e-01 2.337156048109829243e+00
4.361419414678277540e-01 2.317279624335984334e+00
4.364648516941603273e-01 2.297452491700455735e+00
4.367877619204929007e-01 2.278166369464865504e+00
4.371106721468254741e-01 2.258597871669972612e+00
4.374335823731580475e-01 2.239761288390349936e+00
4.377564925994906764e-01 2.220600858345212814e+00
4.380794028258232498e-01 2.201142623749248628e+00
4.384023130521558231e-01 2.182852670644192639e+00
4.387252232784883965e-01 2.164684386512982339e+00
4.390481335048209699e-01 2.146185897071770210e+00
4.393710437311535433e-01 2.127609810014031932e+00
4.396939539574861167e-01 2.109099633476434921e+00
4.400168641838186900e-01 2.091831050501220091e+00
4.403397744101512634e-01 2.074003759208705944e+00
4.406626846364838368e-01 2.056844374972397471e+00
4.409855948628164102e-01 2.039963925323168059e+00
4.413085050891490391e-01 2.023544049006051448e+00
4.416314153154816124e-01 2.006756911613823302e+00
4.419543255418141858e-01 1.990223818938587241e+00
4.422772357681467592e-01 1.974388735960103114e+00
4.426001459944793326e-01 1.958763962939522818e+00
4.429230562208119060e-01 1.942622058291559428e+00
4.432459664471445349e-01 1.926473376418792016e+00
4.435688766734771082e-01 1.911486643505255989e+00
4.438917868998096816e-01 1.896209740405751409e+00
4.442146971261422550e-01 1.880901238881662163e+00
4.445376073524748284e-01 1.865426149222556118e+00
4.448605175788074018e-01 1.850321693488842234e+00
4.451834278051399751e-01 1.835294915483129730e+00
4.455063380314725485e-01 1.820629847288444791e+00
4.458292482578051219e-01 1.805982962528703384e+00
4.461521584841376953e-01 1.791805600086143313e+00
4.464750687104703242e-01 1.778011680181418974e+00
4.467979789368028976e-01 1.763827832122959460e+00
4.471208891631354709e-01 1.750401167336425035e+00
4.474437993894680443e-01 1.737331310356071690e+00
4.477667096158006177e-01 1.724286690415458123e+00
4.480896198421331911e-01 1.711714473173560291e+00
4.484125300684658200e-01 1.698633553782361139e+00
4.487354402947983933e-01 1.685496199422225283e+00
4.490583505211309667e-01 1.672643758846333650e+00
4.493812607474635401e-01 1.660447219520075679e+00
4.497041709737961135e-01 1.648251702486419168e+00
4.500270812001286869e-01 1.636167916349308360e+00
4.503499914264612602e-01 1.623654035447228416e+00
4.506729016527938336e-01 1.611560244847099810e+00
4.509958118791264070e-01 1.599819883588202263e+00
4.513187221054589804e-01 1.587509671134638811e+00
4.516416323317916093e-01 1.575656116105327964e+00
4.519645425581241827e-01 1.564752156554634510e+00
4.522874527844567560e-01 1.553362746478833767e+00
4.526103630107893294e-01 1.542096525374616833e+00
4.529332732371219028e-01 1.531829962459134942e+00
4.532561834634544762e-01 1.520641690918254296e+00
4.535790936897871051e-01 1.509817297269739234e+00
4.539020039161196785e-01 1.499127799557958607e+00
4.542249141424522518e-01 1.488480525391867149e+00
4.545478243687848252e-01 1.477875017141202507e+00
4.548707345951173986e-01 1.468036387878082438e+00
4.551936448214499720e-01 1.457934875522686635e+00
4.555165550477825454e-01 1.447932906880987858e+00
4.558394652741151187e-01 1.438042122900128339e+00
4.561623755004476921e-01 1.428381730070093614e+00
4.564852857267802655e-01 1.418671055041694995e+00
4.568081959531128944e-01 1.409356408796038629e+00
4.571311061794454678e-01 1.400010716106629083e+00
4.574540164057780411e-01 1.390328492296019069e+00
4.577769266321106145e-01 1.380787682995114007e+00
4.580998368584431879e-01 1.370838438212629073e+00
4.584227470847757613e-01 1.361704873124525150e+00
4.587456573111083347e-01 1.352763613680601162e+00
4.590685675374409636e-01 1.344171913549262243e+00
4.593914777637735369e-01 1.335316834952108511e+00
4.597143879901061103e-01 1.326883432812477226e+00
4.600372982164386837e-01 1.318756837826096318e+00
4.603602084427712571e-01 1.310118027733333301e+00
4.606831186691038305e-01 1.302005363511443914e+00
4.610060288954364038e-01 1.293690214882659895e+00
4.613289391217689772e-01 1.285489329876470022e+00
4.616518493481015506e-01 1.277657570201825576e+00
4.619747595744341240e-01 1.269644768761311271e+00
4.622976698007666974e-01 1.261322127961131745e+00
4.626205800270993262e-01 1.252947411684891543e+00
4.629434902534318996e-01 1.245216575477557486e+00
4.632664004797644730e-01 1.237209800436263052e+00
4.635893107060970464e-01 1.229425169758500580e+00
4.639122209324296753e-01 1.221684911111031280e+00
4.642351311587622487e-01 1.214347928890243677e+00
4.645580413850948220e-01 1.206992166292829127e+00
4.648809516114273954e-01 1.199579517097819403e+00
4.652038618377599688e-01 1.192033763077384290e+00
4.655267720640925422e-01 1.184732470539442417e+00
4.658496822904251156e-01 1.177755047561261481e+00
4.661725925167576889e-01 1.171039868460625799e+00
4.664955027430902623e-01 1.163870432325155857e+00
4.668184129694228357e-01 1.156929336147786369e+00
4.671413231957554091e-01 1.149537272254507414e+00
4.674642334220879825e-01 1.142552350135443096e+00
4.677871436484206114e-01 1.135562118842620816e+00
4.681100538747531847e-01 1.128716336320067848e+00
4.684329641010857581e-01 1.121980512681861386e+00
4.687558743274183315e-01 1.115191113553583246e+00
4.690787845537509604e-01 1.108260270814062975e+00
4.694016947800835338e-01 1.101121053278669715e+00
4.697246050064161071e-01 1.094696066106252363e+00
4.700475152327486805e-01 1.088440185933297499e+00
4.703704254590812539e-01 1.082110600935902944e+00
4.706933356854138273e-01 1.075310758332551186e+00
4.710162459117464007e-01 1.068549659097292492e+00
4.713391561380789740e-01 1.062276428949433971e+00
4.716620663644115474e-01 1.056031829229388208e+00
4.719849765907441208e-01 1.049722525326122202e+00
4.723078868170766942e-01 1.043468344757020994e+00
4.726307970434092676e-01 1.037023055476285149e+00
4.729537072697418965e-01 1.030656660846676509e+00
4.732766174960744698e-01 1.024346685523574996e+00
4.735995277224070432e-01 1.018209456408545321e+00
4.739224379487396166e-01 1.012203252816540333e+00
4.742453481750722455e-01 1.006113355227800987e+00
4.745682584014048189e-01 9.997667338929829839e-01
4.748911686277373922e-01 9.940777688813703383e-01
4.752140788540699656e-01 9.881233050665595430e-01
4.755369890804025390e-01 9.817440149571853292e-01
4.758598993067351124e-01 9.755909096370644074e-01
4.761828095330676858e-01 9.697319187236358440e-01
4.765057197594002592e-01 9.634953096618029678e-01
4.768286299857328325e-01 9.570801290943089512e-01
4.771515402120654059e-01 9.505766576171319482e-01
4.774744504383979793e-01 9.446897376265319668e-01
4.777973606647305527e-01 9.385976185075483036e-01
4.781202708910631816e-01 9.324070675801737762e-01
4.784431811173957549e-01 9.263126824561943584e-01
4.787660913437283283e-01 9.201137745213786578e-01
4.790890015700609017e-01 9.138457254330040191e-01
4.794119117963934751e-01 9.076942142012377479e-01
4.797348220227261040e-01 9.015812814388637353e-01
4.800577322490586774e-01 8.953560344637976343e-01
4.803806424753912507e-01 8.892468535204719471e-01
4.807035527017238241e-01 8.834783947916151625e-01
4.810264629280563975e-01 8.768976159259487257e-01
4.813493731543889709e-01 8.709958266574354679e-01
4.816722833807215443e-01 8.649080860062405840e-01
4.819951936070541176e-01 8.586749805431423965e-01
4.823181038333866910e-01 8.520634744823629703e-01
4.826410140597192644e-01 8.460000472857812648e-01
4.829639242860518378e-01 8.398882474233300144e-01
4.832868345123844112e-01 8.336880110586345483e-01
4.836097447387170400e-01 8.270264450369411158e-01
4.839326549650496134e-01 8.207856841431709904e-01
4.842555651913821868e-01 8.145178463463180751e-01
4.845784754177147602e-01 8.083403557432942144e-01
4.849013856440473891e-01 8.024314881629444063e-01
4.852242958703799625e-01 7.960710965229342850e-01
4.855472060967125358e-01 7.900307835378062027e-01
4.858701163230451092e-01 7.837839338540326661e-01
4.861930265493776826e-01 7.772617407350935759e-01
4.865159367757102560e-01 7.710661007460095639e-01
4.868388470020428294e-01 7.649075401571098221e-01
4.871617572283754027e-01 7.583817701721126125e-01
4.874846674547079761e-01 7.515896976007361285e-01
4.878075776810405495e-01 7.452714461160393489e-01
4.881304879073731229e-01 7.387558981640186540e-01
4.884533981337056963e-01 7.324622251058290345e-01
4.887763083600383252e-01 7.260640072130136735e-01
4.890992185863708985e-01 7.196108959443224817e-01
4.894221288127034719e-01 7.135636371718978577e-01
4.897450390390360453e-01 7.072033687283166836e-01
4.900679492653686742e-01 7.007437378590045673e-01
4.903908594917012476e-01 6.943098346602228910e-01
4.907137697180338209e-01 6.876137802638929708e-01
4.910366799443663943e-01 6.813329973213826385e-01
4.913595901706989677e-01 6.747230285172217679e-01
4.916825003970315411e-01 6.681011341317569796e-01
4.920054106233641145e-01 6.614998595782339841e-01
4.923283208496966878e-01 6.549574977675204357e-01
4.926512310760292612e-01 6.482117462666017182e-01
4.929741413023618346e-01 6.417491818524142522e-01
4.932970515286944080e-01 6.355566095057320064e-01
4.936199617550269814e-01 6.287228347331316192e-01
4.939428719813596103e-01 6.224217175432399385e-01
4.942657822076921836e-01 6.160470646505054049e-01
4.945886924340247570e-01 6.096605065957226843e-01
4.949116026603573304e-01 6.033884196774221831e-01
4.952345128866899593e-01 5.970335359115533924e-01
4.955574231130225327e-01 5.906922562466306870e-01
4.958803333393551060e-01 5.844036358932689357e-01
4.962032435656876794e-01 5.781801606451965059e-01
4.965261537920202528e-01 5.714358107759119898e-01
4.968490640183528262e-01 5.655384350534269355e-01
4.971719742446853996e-01 5.592576859260270927e-01
4.974948844710179729e-01 5.526210315522657179e-01
4.978177946973505463e-01 5.464614807793382045e-01
4.981407049236831197e-01 5.400556992874223639e-01
4.984636151500156931e-01 5.335110026134649575e-01
4.987865253763482665e-01 5.274670254058123620e-01
4.991094356026808954e-01 5.209106896099340300e-01
4.994323458290134687e-01 5.147686749294655417e-01
4.997552560553460421e-01 5.082096857975235693e-01
5.000781662816786710e-01 5.017565556028240614e-01
5.004010765080111334e-01 4.953745882115664356e-01
5.007239867343438178e-01 4.896277567745952464e-01
5.010468969606763912e-01 4.831574489695757979e-01
5.013698071870089645e-01 4.771053861719405376e-01
5.016927174133415379e-01 4.707759359983042513e-01
5.020156276396741113e-01 4.649689798539496932e-01
5.023385378660066847e-01 4.590360294374916661e-01
5.026614480923392581e-01 4.526098730682983073e-01
5.029843583186718314e-01 4.464564226047888496e-01
5.033072685450044048e-01 4.403105455721487149e-01
5.036301787713369782e-01 4.344572673745819014e-01
5.039530889976695516e-01 4.282949925696826199e-01
5.042759992240021250e-01 4.221361643665851870e-01
5.045989094503346983e-01 4.159000177713195745e-01
5.049218196766673827e-01 4.097471868314293553e-01
5.052447299029998451e-01 4.034921460154736184e-01
5.055676401293325295e-01 3.973280826032377644e-01
5.058905503556651029e-01 3.912520300556303066e-01
5.062134605819976763e-01 3.849235918898741837e-01
5.065363708083302496e-01 3.786094476211142590e-01
5.068592810346628230e-01 3.722985402448161230e-01
5.071821912609953964e-01 3.659263781245245539e-01
5.075051014873279698e-01 3.593608905462061243e-01
5.078280117136605432e-01 3.534564495714475063e-01
5.081509219399931165e-01 3.473731011250201228e-01
5.084738321663256899e-01 3.409701339735332071e-01
5.087967423926582633e-01 3.348849702861677602e-01
5.091196526189908367e-01 3.288829058348886614e-01
5.094425628453234101e-01 3.230740262878475377e-01
5.097654730716560945e-01 3.171132973100238561e-01
5.100883832979885568e-01 3.111011786333364726e-01
5.104112935243212412e-01 3.053820987545050603e-01
5.107342037506537036e-01 2.995082521875766512e-01
5.110571139769863880e-01 2.933476438498656136e-01
5.113800242033189614e-01 2.875152800580815238e-01
5.117029344296515347e-01 2.815485323521522143e-01
5.120258446559841081e-01 2.756774569447896783e-01
5.123487548823166815e-01 2.699626484111412594e-01
5.126716651086492549e-01 2.637633627468390918e-01
5.129945753349818283e-01 2.579646608363562188e-01
5.133174855613144016e-01 2.519058214383256278e-01
5.136403957876469750e-01 2.458382922985605790e-01
5.139633060139795484e-01 2.395484867649268212e-01
5.142862162403121218e-01 2.336445915420047592e-01
5.146091264666446952e-01 2.277140003763833132e-01
5.149320366929772685e-01 2.215986601632717878e-01
5.152549469193099529e-01 2.159715399586225604e-01
5.155778571456424153e-01 2.102324288385871709e-01
5.159007673719750997e-01 2.043568218525257107e-01
5.162236775983076731e-01 1.985561442119259667e-01
5.165465878246402465e-01 1.932769646332933022e-01
5.168694980509728198e-01 1.874907315620145121e-01
5.171924082773053932e-01 1.823314332872784937e-01
5.175153185036379666e-01 1.770657234908931121e-01
5.178382287299705400e-01 1.713857462560856859e-01
5.181611389563031134e-01 1.658216095588766203e-01
5.184840491826356867e-01 1.604666468419304604e-01
5.188069594089682601e-01 1.547336515209250807e-01
5.191298696353008335e-01 1.492314905168387884e-01
5.194527798616334069e-01 1.438631820428270536e-01
5.197756900879659803e-01 1.388529189734930558e-01
5.200986003142986647e-01 1.338947425171644889e-01
5.204215105406311270e-01 1.288438971393133792e-01
5.207444207669638114e-01 1.237033532383650103e-01
5.210673309932962738e-01 1.183960430579278772e-01
5.213902412196289582e-01 1.137481148162927252e-01
5.217131514459615316e-01 1.092066596372954779e-01
5.220360616722941050e-01 1.042067455273158888e-01
5.223589718986266783e-01 9.983803453405534767e-02
5.226818821249592517e-01 9.525808820943361399e-02
5.230047923512918251e-01 9.078791312820565229e-02
5.233277025776243985e-01 8.621427475827367348e-02
5.236506128039569719e-01 8.169440335331847047e-02
5.239735230302895452e-01 7.732384498850825016e-02
5.242964332566221186e-01 7.329415492260432652e-02
5.246193434829546920e-01 6.927926640635526101e-02
5.249422537092872654e-01 6.528378658137504176e-02
5.252651639356198388e-01 6.140210270750165455e-02
5.255880741619525232e-01 5.748821362224079690e-02
5.259109843882849855e-01 5.394178900480554872e-02
5.262338946146176699e-01 5.049171257102825355e-02
5.265568048409501323e-01 4.692511569176854164e-02
5.268797150672828167e-01 4.351826294968107189e-02
5.272026252936153901e-01 4.031567810662707585e-02
5.275255355199479634e-01 3.706974015056092864e-02
5.278484457462805368e-01 3.412079728490940989e-02
5.281713559726131102e-01 3.146321076223362184e-02
5.284942661989456836e-01 2.876889438601741220e-02
5.288171764252782570e-01 2.585882987776500289e-02
5.291400866516108303e-01 2.302677957767617148e-02
5.294629968779434037e-01 2.050450684125029385e-02
5.297859071042759771e-01 1.852050504420238095e-02
5.301088173306085505e-01 1.640614914137435848e-02
5.304317275569411239e-01 1.432196358466474376e-02
5.307546377832736972e-01 1.217467398629377452e-02
5.310775480096063816e-01 1.047728054157062889e-02
5.314004582359388440e-01 8.820589769494109264e-03
5.317233684622715284e-01 7.219276693416980251e-03
5.320462786886041018e-01 5.997779323670252016e-03
5.323691889149366752e-01 4.593317310480124656e-03
5.326920991412692485e-01 3.700504241295911930e-03
5.330150093676018219e-01 2.735211497187792652e-03
5.333379195939343953e-01 1.779732812564598088e-03
5.336608298202669687e-01 1.299636040360374178e-03
5.339837400465995421e-01 8.052665588967244849e-04
5.343066502729321154e-01 4.881252335809872409e-04
5.346295604992646888e-01 2.882474643632980784e-04
5.349524707255972622e-01 1.449393403582301888e-05
5.352753809519298356e-01 -0.000000000000000000e+00
5.355982911782624090e-01 2.758460817655108673e-04
5.359212014045950934e-01 7.723949522819110189e-04
5.362441116309275557e-01 1.738359372473348907e-03
5.365670218572602401e-01 2.493093754861112031e-03
5.368899320835927025e-01 3.358142544293468094e-03
5.372128423099253869e-01 4.496557641299232452e-03
5.375357525362579603e-01 5.799441218630327181e-03
5.378586627625905336e-01 7.039503074342906737e-03
5.381815729889231070e-01 8.908475892126739570e-03
5.385044832152556804e-01 1.074761661812773973e-02
5.388273934415882538e-01 1.302863190291899537e-02
5.391503036679208272e-01 1.522315146178899493e-02
5.394732138942534005e-01 1.763029526953875312e-02
5.397961241205859739e-01 2.016346293237545120e-02
5.401190343469185473e-01 2.339993938978675650e-02
5.404419445732511207e-01 2.618351709395196764e-02
5.407648547995836941e-01 2.901488683695531076e-02
5.410877650259162674e-01 3.253316770546993419e-02
5.414106752522489518e-01 3.604889466048429719e-02
5.417335854785814142e-01 3.977750858723085037e-02
5.420564957049140986e-01 4.339830252859426529e-02
5.423794059312465610e-01 4.747761748323348768e-02
5.427023161575792454e-01 5.205136682010211291e-02
5.430252263839118188e-01 5.666172260531714827e-02
5.433481366102443921e-01 6.146012099773719151e-02
5.436710468365769655e-01 6.673794347426957596e-02
5.439939570629095389e-01 7.179600555106360749e-02
5.443168672892421123e-01 7.731468975974176150e-02
5.446397775155746857e-01 8.282634181998456413e-02
5.449626877419072590e-01 8.852464487998273901e-02
5.452855979682398324e-01 9.483507996982400157e-02
5.456085081945724058e-01 1.011880947759092181e-01
5.459314184209049792e-01 1.074078324186623495e-01
5.462543286472375526e-01 1.140119402537185384e-01
5.465772388735701259e-01 1.208341826358696192e-01
5.469001490999028103e-01 1.281629437703570573e-01
5.472230593262352727e-01 1.357158775491304759e-01
5.475459695525679571e-01 1.432295516457535445e-01
5.478688797789005305e-01 1.511592061853251623e-01
5.481917900052331039e-01 1.593729455386655725e-01
5.485147002315656772e-01 1.674541837567126434e-01
5.488376104578982506e-01 1.762043008755824758e-01
5.491605206842308240e-01 1.853267348211975474e-01
5.494834309105633974e-01 1.945515778872306811e-01
5.498063411368959708e-01 2.044808835514166090e-01
5.501292513632285441e-01 2.145587896251384685e-01
5.504521615895611175e-01 2.242252526357494669e-01
5.507750718158936909e-01 2.345616144636570588e-01
5.510979820422262643e-01 2.455560837209579683e-01
5.514208922685588377e-01 2.561666817055130441e-01
5.517438024948915221e-01 2.672905799220635648e-01
5.520667127212239844e-01 2.783876451083340253e-01
5.523896229475566688e-01 2.898473922064920272e-01
5.527125331738891312e-01 3.016469930193372284e-01
5.530354434002218156e-01 3.136039458896797694e-01
5.533583536265543890e-01 3.260449193374616028e-01
5.536812638528869623e-01 3.388001113183394808e-01
5.540041740792195357e-01 3.516310522951478501e-01
5.543270843055521091e-01 3.647735288372475071e-01
5.546499945318846825e-01 3.782337549672931676e-01
5.549729047582172559e-01 3.919570711882360836e-01
5.552958149845498292e-01 4.062509983816141590e-01
5.556187252108824026e-01 4.206576688955434573e-01
5.559416354372149760e-01 4.354132096867315282e-01
5.562645456635475494e-01 4.507026458214710152e-01
5.565874558898801228e-01 4.662036409905737644e-01
5.569103661162126961e-01 4.821152543652690858e-01
5.572332763425453805e-01 4.985157396259990437e-01
5.575561865688778429e-01 5.151953761146652599e-01
5.578790967952105273e-01 5.320023497765874465e-01
5.582020070215431007e-01 5.491329676230743972e-01
5.585249172478756741e-01 5.664186159639441609e-01
5.588478274742082474e-01 5.841182489790723853e-01
5.591707377005408208e-01 6.019126236038904176e-01
5.594936479268733942e-01 6.204498185034497126e-01
5.598165581532059676e-01 6.387657735505238854e-01
5.601394683795385410e-01 6.578368241720955467e-01
5.604623786058711143e-01 6.770552508675991010e-01
5.607852888322036877e-01 6.968146267320070031e-01
5.611081990585362611e-01 7.163247807744048679e-01
5.614311092848688345e-01 7.369767671333840031e-01
5.617540195112014079e-01 7.579306069483396913e-01
5.620769297375339812e-01 7.792391357992392020e-01
5.623998399638665546e-01 8.011506797673507707e-01
5.627227501901992390e-01 8.231701405401131710e-01
5.630456604165317014e-01 8.457659152977539119e-01
5.633685706428643858e-01 8.687531367056603449e-01
5.636914808691969592e-01 8.916016089118882215e-01
5.640143910955295325e-01 9.150795172006291889e-01
5.643373013218621059e-01 9.391181964806295523e-01
5.646602115481946793e-01 9.633846651973893005e-01
5.649831217745272527e-01 9.881099611000576655e-01
5.653060320008598261e-01 1.013446490460884197e+00
5.656289422271923995e-01 1.039279583000077389e+00
5.659518524535249728e-01 1.065238269997427656e+00
5.662747626798575462e-01 1.091594785812150414e+00
5.665976729061901196e-01 1.118786746260095333e+00
5.669205831325226930e-01 1.145880763575547245e+00
5.672434933588552664e-01 1.173275627505417251e+00
5.675664035851879508e-01 1.201503175645072252e+00
5.678893138115204131e-01 1.229646390771655495e+00
5.682122240378530975e-01 1.258450632283707238e+00
5.685351342641855599e-01 1.287715325248533382e+00
5.688580444905182443e-01 1.317794437477977754e+00
5.691809547168508177e-01 1.347651335017304497e+00
5.695038649431833910e-01 1.378224979054445631e+00
5.698267751695159644e-01 1.409116375845223201e+00
5.701496853958485378e-01 1.440949688587950916e+00
5.704725956221811112e-01 1.473054523347327560e+00
5.707955058485136846e-01 1.505669262489581328e+00
5.711184160748462579e-01 1.538654878673436643e+00
5.714413263011788313e-01 1.572543602596502055e+00
5.717642365275114047e-01 1.606736794553896619e+00
5.720871467538439781e-01 1.641117906492400635e+00
5.724100569801765515e-01 1.676425695028527230e+00
5.727329672065091248e-01 1.711795362236912643e+00
5.730558774328418092e-01 1.747564403408021327e+00
5.733787876591742716e-01 1.784146554823954789e+00
5.737016978855069560e-01 1.821344743425112433e+00
5.740246081118395294e-01 1.859238054471079815e+00
5.743475183381721028e-01 1.896836186006951586e+00
5.746704285645046761e-01 1.935129749042513447e+00
5.749933387908372495e-01 1.974051881209316184e+00
5.753162490171698229e-01 2.013067185153074590e+00
5.756391592435023963e-01 2.052850452591354902e+00
5.759620694698349697e-01 2.093710225398962788e+00
5.762849796961675430e-01 2.134805778166850132e+00
5.766078899225001164e-01 2.176472900669511823e+00
5.769308001488326898e-01 2.218560773499262950e+00
5.772537103751652632e-01 2.261692659650522241e+00
5.775766206014978366e-01 2.304878859768135335e+00
5.778995308278305210e-01 2.348606040318236943e+00
5.782224410541629833e-01 2.392838123443181697e+00
5.785453512804956677e-01 2.437731810949893774e+00
5.788682615068281301e-01 2.482516328125265570e+00
5.791911717331608145e-01 2.528443599946315512e+00
5.795140819594933879e-01 2.575487081104257836e+00
5.798369921858259612e-01 2.621882547855131307e+00
5.801599024121585346e-01 2.669942031293690565e+00
5.804828126384911080e-01 2.717641047657479714e+00
5.808057228648236814e-01 2.765789394780676869e+00
5.811286330911562548e-01 2.815462822170458068e+00
5.814515433174888281e-01 2.864777455984969023e+00
5.817744535438214015e-01 2.915626224452516624e+00
5.820973637701539749e-01 2.966950184415047875e+00
5.824202739964865483e-01 3.018445737967880849e+00
5.827431842228191217e-01 3.071055954186254766e+00
5.830660944491516950e-01 3.123592650702852858e+00
5.833890046754843794e-01 3.177035936440397279e+00
5.837119149018168418e-01 3.230989127655948145e+00
5.840348251281495262e-01 3.286011884519774551e+00
5.843577353544819886e-01 3.340976857044991366e+00
5.846806455808146730e-01 3.397494286496053562e+00
5.850035558071471353e-01 3.453597221534792538e+00
5.853264660334798197e-01 3.510416915475494282e+00
5.856493762598123931e-01 3.568679299919000680e+00
5.859722864861449665e-01 3.627151330441548804e+00
5.862951967124775399e-01 3.685460250945308491e+00
5.866181069388101132e-01 3.744736474303639095e+00
5.869410171651426866e-01 3.805266272640058567e+00
5.872639273914752600e-01 3.865926002038789555e+00
5.875868376178078334e-01 3.927779399543643635e+00
5.879097478441404068e-01 3.990657136780808578e+00
5.882326580704730912e-01 4.054086670391016334e+00
5.885555682968055535e-01 4.117025299432638619e+00
5.888784785231382379e-01 4.180933985765643790e+00
5.892013887494707003e-01 4.246254915675601538e+00
5.895242989758033847e-01 4.311968157064245410e+00
5.898472092021358471e-01 4.378778321135673224e+00
5.901701194284685315e-01 4.445164977882414270e+00
5.904930296548011048e-01 4.512935971398474244e+00
5.908159398811336782e-01 4.580715485844502055e+00
5.911388501074662516e-01 4.649705800065680350e+00
5.914617603337988250e-01 4.719566843319011440e+00
5.917846705601313984e-01 4.790052245469929026e+00
5.921075807864639717e-01 4.860666051515219799e+00
5.924304910127965451e-01 4.933051407400100175e+00
5.927534012391291185e-01 5.005495758591259836e+00
5.930763114654618029e-01 5.078173731227884069e+00
5.933992216917942653e-01 5.152397520375962436e+00
5.937221319181269497e-01 5.227974026161168908e+00
5.940450421444594120e-01 5.304499356581420244e+00
5.943679523707920964e-01 5.381246608248041241e+00
5.946908625971245588e-01 5.458565798692963433e+00
5.950137728234572432e-01 5.536411206391467665e+00
5.953366830497897055e-01 5.614018823894673105e+00
5.956595932761223899e-01 5.693518815314613235e+00
5.959825035024549633e-01 5.774246935438895889e+00
5.963054137287875367e-01 5.855523839091608451e+00
5.966283239551201101e-01 5.937222185209240166e+00
5.969512341814526835e-01 6.020434664356946186e+00
5.972741444077852568e-01 6.102792583013807004e+00
5.975970546341178302e-01 6.187252295276955749e+00
5.979199648604504036e-01 6.270935263829980677e+00
5.982428750867829770e-01 6.356679322026946188e+00
5.985657853131156614e-01 6.443041402582016630e+00
5.988886955394481237e-01 6.529947781448257160e+00
5.992116057657808081e-01 6.617062986671498059e+00
5.995345159921132705e-01 6.706290593116960075e+00
5.998574262184459549e-01 6.797811136758672212e+00
6.001803364447784173e-01 6.887522741230782231e+00
6.005032466711111017e-01 6.980514108747436275e+00
6.008261568974436750e-01 7.072646137381249254e+00
6.011490671237762484e-01 7.168084488690133149e+00
6.014719773501088218e-01 7.262680694759263034e+00
6.017948875764413952e-01 7.358268451987397540e+00
6.021177978027739686e-01 7.454429147729321414e+00
6.024407080291065419e-01 7.551052324380510328e+00
6.027636182554391153e-01 7.646872207026224721e+00
6.030865284817716887e-01 7.746167340751610730e+00
6.034094387081042621e-01 7.845601458624861912e+00
6.037323489344368355e-01 7.947785143225698512e+00
6.040552591607695199e-01 8.049726255387291474e+00
6.043781693871019822e-01 8.150871923892939463e+00
6.047010796134346666e-01 8.253638533181819170e+00
6.050239898397671290e-01 8.360113807515585194e+00
6.053469000660998134e-01 8.465858208567405896e+00
6.056698102924322757e-01 8.574929738644190280e+00
6.059927205187649601e-01 8.681636203045984601e+00
6.063156307450975335e-01 8.790527776868675147e+00
6.066385409714301069e-01 8.900744497629940355e+00
6.069614511977626803e-01 9.011108525534035962e+00
6.072843614240952537e-01 9.122563547992534438e+00
6.076072716504278270e-01 9.235969474881960295e+00
6.079301818767604004e-01 9.348593290964020142e+00
6.082530921030929738e-01 9.461452625500680114e+00
6.085760023294255472e-01 9.576170194557425575e+00
6.088989125557582316e-01 9.690377376208441973e+00
6.092218227820906939e-01 9.805402778809018116e+00
6.095447330084233784e-01 9.927558743628155824e+00
6.098676432347558407e-01 1.004445151394361169e+01
6.101905534610885251e-01 1.016271708553346187e+01
6.105134636874209875e-01 1.028655817384643356e+01
6.108363739137536719e-01 1.041184639248894506e+01
6.111592841400861342e-01 1.053730462462824846e+01
6.114821943664188186e-01 1.066026976700917750e+01
6.118051045927513920e-01 1.079130936713364619e+01
6.121280148190839654e-01 1.092213429781848433e+01
6.124509250454165388e-01 1.105027479830409654e+01
6.127738352717491122e-01 1.118329115963969045e+01
6.130967454980816855e-01 1.131807499752435575e+01
6.134196557244142589e-01 1.145133830178005319e+01
6.137425659507468323e-01 1.158727051313265299e+01
6.140654761770794057e-01 1.172428781466723535e+01
6.143883864034120901e-01 1.185922722556259679e+01
6.147112966297445524e-01 1.200144758260856648e+01
6.150342068560772368e-01 1.213708476051632879e+01
6.153571170824096992e-01 1.227850805559030789e+01
6.156800273087423836e-01 1.242143321453503013e+01
6.160029375350748460e-01 1.256201511627717515e+01
6.163258477614075304e-01 1.270547723037882903e+01
6.166487579877401037e-01 1.285229459616086523e+01
6.169716682140726771e-01 1.300058858953464735e+01
6.172945784404052505e-01 1.315173717135468223e+01
6.176174886667378239e-01 1.330554195472282153e+01
6.179403988930703973e-01 1.346349153861256021e+01
6.182633091194029706e-01 1.362348240916895570e+01
6.185862193457355440e-01 1.377480874650799869e+01
6.189091295720681174e-01 1.393605627813177961e+01
6.192320397984008018e-01 1.409849290746618600e+01
6.195549500247332642e-01 1.425664796677329704e+01
6.198778602510659486e-01 1.442133688769151334e+01
6.202007704773984109e-01 1.459155768992939528e+01
6.205236807037310953e-01 1.475139910046715741e+01
6.208465909300635577e-01 1.491981264847349919e+01
6.211695011563962421e-01 1.507928803317415323e+01
6.214924113827287044e-01 1.524415279825200997e+01
6.218153216090613888e-01 1.541409700268177296e+01
6.221382318353939622e-01 1.558533158811258446e+01
6.224611420617265356e-01 1.575487847081128479e+01
6.227840522880591090e-01 1.594567727462589346e+01
6.231069625143916824e-01 1.613346626566783826e+01
6.234298727407242557e-01 1.631187541831121735e+01
6.237527829670568291e-01 1.648794319867880986e+01
6.240756931933894025e-01 1.667254970772948397e+01
6.243986034197219759e-01 1.685056891929955469e+01
6.247215136460546603e-01 1.702951072477894456e+01
6.250444238723871226e-01 1.722387965795820719e+01
6.253673340987198070e-01 1.741662432563946084e+01
6.256902443250522694e-01 1.761211526249763537e+01
6.260131545513849538e-01 1.780474819712043555e+01
6.263360647777174162e-01 1.801175972105329848e+01
6.266589750040501006e-01 1.820786887429084544e+01
6.269818852303825629e-01 1.843269522430981766e+01
6.273047954567152473e-01 1.863655028316294704e+01
6.276277056830478207e-01 1.883514597766726695e+01
6.279506159093803941e-01 1.902936391513017611e+01
6.282735261357129675e-01 1.924706800038794796e+01
6.285964363620455408e-01 1.947308942317826919e+01
6.289193465883781142e-01 1.970306756333788201e+01
6.292422568147106876e-01 1.989953984014648825e+01
6.295651670410432610e-01 2.009974679523253016e+01
6.298880772673758344e-01 2.031772041087903347e+01
6.302109874937085188e-01 2.053634846399233993e+01
6.305338977200409811e-01 2.073426695703419753e+01
6.308568079463736655e-01 2.097673198192474686e+01
6.311797181727061279e-01 2.121174389917092640e+01
6.315026283990388123e-01 2.141154116986700728e+01
6.318255386253712746e-01 2.167285776246564311e+01
6.321484488517039591e-01 2.196313748277589539e+01
6.324713590780365324e-01 2.218806199195118367e+01
6.327942693043691058e-01 2.241319732182949309e+01
6.331171795307016792e-01 2.266308981418786672e+01
6.334400897570342526e-01 2.290986253252844662e+01
6.337629999833668260e-01 2.318153080624476559e+01
6.340859102096993993e-01 2.342758400146692566e+01
6.344088204360319727e-01 2.373411474601405402e+01
6.347317306623645461e-01 2.395602300582599042e+01
6.350546408886972305e-01 2.422430188902623271e+01
6.353775511150296929e-01 2.448264981742356738e+01
6.357004613413623773e-01 2.468574062487987675e+01
6.360233715676948396e-01 2.495028097503196918e+01
6.363462817940275240e-01 2.518434906199192724e+01
6.366691920203599864e-01 2.550607914171807167e+01
6.369921022466926708e-01 2.587849116239357983e+01
6.373150124730251331e-01 2.618769783186337818e+01
6.376379226993578175e-01 2.649774143380348690e+01
6.379608329256903909e-01 2.676523225720520927e+01
6.382837431520229643e-01 2.703429202036280188e+01
6.386066533783555377e-01 2.727908047217139043e+01
6.389295636046881111e-01 2.777925897769886632e+01
6.392524738310206844e-01 2.808078503224218991e+01
6.395753840573532578e-01 2.851298585649155726e+01
6.398982942836858312e-01 2.894210122752445358e+01
6.402212045100184046e-01 2.927570734482383941e+01
6.405441147363510890e-01 2.960968906648147936e+01
6.408670249626835513e-01 2.983064811346048018e+01
6.411899351890162357e-01 3.013132427605615149e+01
6.415128454153486981e-01 3.055358246702763125e+01
6.418357556416813825e-01 3.077941356238198622e+01
6.421586658680138449e-01 3.125541332267246020e+01
6.424815760943465293e-01 3.148395058303879424e+01
6.428044863206791026e-01 3.171518888167544858e+01
6.431273965470116760e-01 3.194911980094528303e+01
6.434503067733442494e-01 3.246017877644649730e+01
6.437732169996768228e-01 3.269709049089676256e+01
6.440961272260093962e-01 3.327043618705516792e+01
6.444190374523419695e-01 3.382294965987959046e+01
6.447419476786745429e-01 3.406280800283329313e+01
6.450648579050071163e-01 3.430534547327526695e+01
6.453877681313396897e-01 3.513880077499069898e+01
6.457106783576722631e-01 3.617382734539864231e+01
6.460335885840049475e-01 3.641512265020695338e+01
6.463564988103374098e-01 3.665910331663726396e+01
6.466794090366700942e-01 3.690575881509591483e+01
6.470023192630025566e-01 3.715507845843266921e+01
6.473252294893352410e-01 3.740705140814572616e+01
6.476481397156677033e-01 3.913270395020020942e+01
6.479710499420003877e-01 3.938430596769124747e+01
6.482939601683329611e-01 3.963854517973208402e+01
6.486168703946655345e-01 3.989541018340832323e+01
6.489397806209981079e-01 4.015488945830777823e+01
6.492626908473306813e-01 4.270590217810393341e+01
6.495856010736632546e-01 4.296795515059081794e+01
6.499085112999958280e-01 8.289306334778564178e+01
6.502314215263284014e-01 8.289306334778564178e+01
6.505543317526609748e-01 8.289306334778564178e+01
6.508772419789936592e-01 8.289306334778564178e+01
6.512001522053261215e-01 8.289306334778564178e+01
6.515230624316588059e-01 8.289306334778564178e+01
6.518459726579912683e-01 8.289306334778564178e+01
6.521688828843239527e-01 8.289306334778564178e+01
6.524917931106564151e-01 8.289306334778564178e+01
6.528147033369890995e-01 8.289306334778564178e+01
6.531376135633215618e-01 8.289306334778564178e+01
6.534605237896542462e-01 8.289306334778564178e+01
6.537834340159868196e-01 8.289306334778564178e+01
6.541063442423193930e-01 8.289306334778564178e+01
6.544292544686519664e-01 8.289306334778564178e+01
6.547521646949845398e-01 8.289306334778564178e+01
6.550750749213171131e-01 8.289306334778564178e+01
6.553979851476496865e-01 8.289306334778564178e+01
6.557208953739822599e-01 8.289306334778564178e+01
6.560438056003148333e-01 8.289306334778564178e+01
6.563667158266475177e-01 8.289306334778564178e+01
6.566896260529799800e-01 8.289306334778564178e+01
6.570125362793126644e-01 8.289306334778564178e+01
6.573354465056451268e-01 8.289306334778564178e+01
6.576583567319778112e-01 8.289306334778564178e+01
6.579812669583102736e-01 8.289306334778564178e+01
6.583041771846429580e-01 8.289306334778564178e+01
6.586270874109755313e-01 8.289306334778564178e+01
6.589499976373081047e-01 8.289306334778564178e+01
6.592729078636406781e-01 8.289306334778564178e+01
6.595958180899732515e-01 8.289306334778564178e+01
6.599187283163058249e-01 8.289306334778564178e+01
6.602416385426383982e-01 8.289306334778564178e+01
6.605645487689709716e-01 8.289306334778564178e+01
6.608874589953035450e-01 8.289306334778564178e+01
6.612103692216362294e-01 8.289306334778564178e+01
6.615332794479686918e-01 8.289306334778564178e+01
6.618561896743013762e-01 8.289306334778564178e+01
6.621790999006338385e-01 8.289306334778564178e+01
6.625020101269665229e-01 8.289306334778564178e+01
6.628249203532989853e-01 8.289306334778564178e+01
6.631478305796316697e-01 8.289306334778564178e+01
6.634707408059641320e-01 8.289306334778564178e+01
6.637936510322968164e-01 8.289306334778564178e+01
6.641165612586293898e-01 8.289306334778564178e+01
6.644394714849619632e-01 8.289306334778564178e+01
6.647623817112945366e-01 8.289306334778564178e+01
