3.307314017928483230e-01 8.289306334778564178e+01
3.310737343455452120e-01 8.289306334778564178e+01
3.314160668982420455e-01 8.289306334778564178e+01
3.317583994509389345e-01 8.289306334778564178e+01
3.321007320036357680e-01 8.289306334778564178e+01
3.324430645563326570e-01 8.289306334778564178e+01
3.327853971090294904e-01 8.289306334778564178e+01
3.331277296617263795e-01 8.289306334778564178e+01
3.334700622144232129e-01 8.289306334778564178e+01
3.338123947671201019e-01 8.289306334778564178e+01
3.341547273198169354e-01 8.289306334778564178e+01
3.344970598725138244e-01 8.289306334778564178e+01
3.348393924252106579e-01 8.289306334778564178e+01
3.351817249779075469e-01 8.289306334778564178e+01
3.355240575306043804e-01 8.289306334778564178e+01
3.358663900833012694e-01 8.289306334778564178e+01
3.362087226359981029e-01 8.289306334778564178e+01
3.365510551886949919e-01 8.289306334778564178e+01
3.368933877413918254e-01 8.289306334778564178e+01
3.372357202940887144e-01 8.289306334778564178e+01
3.375780528467855479e-01 8.289306334778564178e+01
3.379203853994824369e-01 8.289306334778564178e+01
3.382627179521792704e-01 8.289306334778564178e+01
3.386050505048761594e-01 8.289306334778564178e+01
3.389473830575729929e-01 8.289306334778564178e+01
3.392897156102698819e-01 8.289306334778564178e+01
3.396320481629667154e-01 8.289306334778564178e+01
3.399743807156636044e-01 8.289306334778564178e+01
3.403167132683604379e-01 8.289306334778564178e+01
3.406590458210573269e-01 8.289306334778564178e+01
3.410013783737542159e-01 8.289306334778564178e+01
3.413437109264510494e-01 8.289306334778564178e+01
3.416860434791479384e-01 8.289306334778564178e+01
3.420283760318447719e-01 8.289306334778564178e+01
3.423707085845416609e-01 8.289306334778564178e+01
3.427130411372384944e-01 8.289306334778564178e+01
3.430553736899353834e-01 8.289306334778564178e+01
3.433977062426322169e-01 8.289306334778564178e+01
3.437400387953291059e-01 4.223555670446766186e+01
3.440823713480259394e-01 4.197137014947210076e+01
3.444247039007228284e-01 4.170979395750133989e+01
3.447670364534196619e-01 4.145084127917299810e+01
3.451093690061165509e-01 4.119452521870668704e+01
3.454517015588133844e-01 4.094085882563084056e+01
3.457940341115102734e-01 4.068985508641774373e+01
3.461363666642071069e-01 3.856885232282451170e+01
3.464786992169039959e-01 3.831499287651762842e+01
3.468210317696008294e-01 3.806380639330838989e+01
3.471633643222977184e-01 3.781530548471007336e+01
3.475056968749945518e-01 3.756950265742164419e+01
3.478480294276914409e-01 3.732641030502192336e+01
3.481903619803882743e-01 3.708604069975814355e+01
3.485326945330851633e-01 3.684840598445382653e+01
3.488750270857819968e-01 3.661351816456048169e+01
3.492173596384788858e-01 3.534144635182474303e+01
3.495596921911757193e-01 3.510260297676990859e+01
3.499020247438726083e-01 3.486647291887730660e+01
3.502443572965694418e-01 3.463306730616650952e+01
3.505866898492663308e-01 3.440239709477801000e+01
3.509290224019632198e-01 3.417447306242285521e+01
3.512713549546600533e-01 3.328674237559064863e+01
3.516136875073569423e-01 3.270119179306448842e+01
3.519560200600537758e-01 3.247016220370324646e+01
3.522983526127506648e-01 3.196463361796925540e+01
3.526406851654474983e-01 3.173590685291186730e+01
3.529830177181443873e-01 3.150987726625137242e+01
3.533253502708412208e-01 3.090876339769542724e+01
3.536676828235381098e-01 3.068350357500965586e+01
3.540100153762349433e-01 3.024558067024649333e+01
3.543523479289318323e-01 2.993719024521831074e+01
3.546946804816286658e-01 2.951992523803274793e+01
3.550370130343255548e-01 2.919497137690067845e+01
3.553793455870223883e-01 2.897531528114705779e+01
3.557216781397192773e-01 2.869855324906646032e+01
3.560640106924161108e-01 2.848338319162576937e+01
3.564063432451129998e-01 2.814740651955886719e+01
3.567486757978098333e-01 2.783594387160200512e+01
3.570910083505067223e-01 2.747517605497034765e+01
3.574333409032035558e-01 2.698064095739887591e+01
3.577756734559004448e-01 2.676858658154127824e+01
3.581180060085972783e-01 2.655914246736294260e+01
3.584603385612941673e-01 2.630823281299972649e+01
3.588026711139910008e-01 2.610328857969848571e+01
3.591450036666878898e-01 2.575634744684944266e+01
3.594873362193847788e-01 2.542339344790059030e+01
3.598296687720816123e-01 2.516622653592640901e+01
3.601720013247784458e-01 2.494239286609252915e+01
3.605143338774753348e-01 2.469760531549660243e+01
3.608566664301722238e-01 2.448410071113494624e+01
3.611989989828690573e-01 2.425521848013361037e+01
3.615413315355659463e-01 2.398579378685030861e+01
3.618836640882627798e-01 2.374940975634750018e+01
3.622259966409596688e-01 2.351679890968539510e+01
3.625683291936565023e-01 2.325436356137565852e+01
3.629106617463533913e-01 2.303019136846424431e+01
3.632529942990502247e-01 2.273877688544557429e+01
3.635953268517471137e-01 2.243200640205599328e+01
3.639376594044439472e-01 2.221851634285301813e+01
3.642799919571408362e-01 2.201393415836645673e+01
3.646223245098376697e-01 2.171580763316631391e+01
3.649646570625345587e-01 2.147943824787778055e+01
3.653069896152313922e-01 2.128263894858855920e+01
3.656493221679282812e-01 2.105480733095973633e+01
3.659916547206251147e-01 2.078925416469751042e+01
3.663339872733220037e-01 2.055441667636044301e+01
3.666763198260188372e-01 2.032701322358993679e+01
3.670186523787157262e-01 2.011031349611477026e+01
3.673609849314125597e-01 1.986368090576358725e+01
3.677033174841094487e-01 1.963908948160753454e+01
3.680456500368062822e-01 1.939228923478909294e+01
3.683879825895031712e-01 1.918901657183360143e+01
3.687303151422000047e-01 1.900131418223322299e+01
3.690726476948968937e-01 1.880911556143992058e+01
3.694149802475937827e-01 1.859892325556775816e+01
3.697573128002906162e-01 1.842854287846682837e+01
3.700996453529874497e-01 1.820055375374861839e+01
3.704419779056843387e-01 1.800018262198646823e+01
3.707843104583812277e-01 1.780524387466508429e+01
3.711266430110780612e-01 1.759361543858643984e+01
3.714689755637749502e-01 1.739212306538552255e+01
3.718113081164717837e-01 1.718984914654549456e+01
3.721536406691686727e-01 1.699815126752852734e+01
3.724959732218655062e-01 1.681927317567676283e+01
3.728383057745623952e-01 1.663614136367971952e+01
3.731806383272592287e-01 1.645780405599424157e+01
3.735229708799561177e-01 1.628332102302858431e+01
3.738653034326529512e-01 1.610991768140340241e+01
3.742076359853498402e-01 1.592704629810666717e+01
3.745499685380466737e-01 1.574632882536422862e+01
3.748923010907435627e-01 1.558671408362038591e+01
3.752346336434403962e-01 1.541609890614354583e+01
3.755769661961372852e-01 1.525052984488306507e+01
3.759192987488341187e-01 1.508842692977917821e+01
3.762616313015310077e-01 1.492178778866971456e+01
3.766039638542278412e-01 1.476821903457695129e+01
3.769462964069247302e-01 1.461535183959736095e+01
3.772886289596215637e-01 1.446413698240018775e+01
3.776309615123184527e-01 1.429968914412395264e+01
3.779732940650152861e-01 1.414696208548633471e+01
3.783156266177121752e-01 1.398406220053164084e+01
3.786579591704090086e-01 1.383030614932208380e+01
3.790002917231058976e-01 1.367554349263419766e+01
3.793426242758027866e-01 1.352830777192780864e+01
3.796849568284996201e-01 1.338017952338381455e+01
3.800272893811964536e-01 1.323392968516841073e+01
3.803696219338933426e-01 1.308826964093527323e+01
3.807119544865902316e-01 1.294149679767832595e+01
3.810542870392870651e-01 1.279849922824254982e+01
3.813966195919839541e-01 1.266305666501713034e+01
3.817389521446807876e-01 1.252707476822949317e+01
3.820812846973776766e-01 1.238824164791595983e+01
3.824236172500745101e-01 1.225058500424660757e+01
3.827659498027713991e-01 1.211927359800490578e+01
3.831082823554682326e-01 1.198110708539367764e+01
3.834506149081651216e-01 1.184667357028161128e+01
3.837929474608619551e-01 1.171524286127111480e+01
3.841352800135588441e-01 1.158404438199494635e+01
3.844776125662556776e-01 1.145462112187190407e+01
3.848199451189525666e-01 1.132912467160135961e+01
3.851622776716494001e-01 1.120358607307809073e+01
3.855046102243462891e-01 1.107924355596650479e+01
3.858469427770431226e-01 1.095495125384230661e+01
3.861892753297400116e-01 1.083407829814228762e+01
3.865316078824368451e-01 1.071648323473780628e+01
3.868739404351337341e-01 1.059999647615982177e+01
3.872162729878305676e-01 1.047941232942205225e+01
3.875586055405274566e-01 1.036400606424636983e+01
3.879009380932242901e-01 1.024774160146788304e+01
3.882432706459211791e-01 1.013471617715100059e+01
3.885856031986180126e-01 1.002202102266260830e+01
3.889279357513149016e-01 9.910980602379419580e+00
3.892702683040117906e-01 9.801498276984149882e+00
3.896126008567086241e-01 9.695715778731454293e+00
3.899549334094054576e-01 9.589831850319090023e+00
3.902972659621023466e-01 9.485196598171624416e+00
3.906395985147992356e-01 9.378792406286684979e+00
3.909819310674960691e-01 9.274776273420838990e+00
3.913242636201929581e-01 9.174058122976260776e+00
3.916665961728897916e-01 9.071563602550542171e+00
3.920089287255866806e-01 8.971994992349014097e+00
3.923512612782835141e-01 8.872859063108720079e+00
3.926935938309804031e-01 8.770566415364944746e+00
3.930359263836772366e-01 8.673315281636510221e+00
3.933782589363741256e-01 8.575960858075919901e+00
3.937205914890709590e-01 8.481830672344344180e+00
3.940629240417678480e-01 8.388283744866161129e+00
3.944052565944646815e-01 8.294337647350989329e+00
3.947475891471615705e-01 8.203215564171218332e+00
3.950899216998584040e-01 8.113086856131900504e+00
3.954322542525552930e-01 8.023066566415879564e+00
3.957745868052521265e-01 7.934904994731557082e+00
3.961169193579490155e-01 7.847211370736694391e+00
3.964592519106459045e-01 7.761550902403884677e+00
3.968015844633427380e-01 7.673610200761216582e+00
3.971439170160395715e-01 7.588534327836065962e+00
3.974862495687364605e-01 7.502556982242351680e+00
3.978285821214333495e-01 7.418634316187054267e+00
3.981709146741301830e-01 7.334172704529769327e+00
3.985132472268270165e-01 7.252711872585273056e+00
3.988555797795239055e-01 7.171609831029142512e+00
3.991979123322207945e-01 7.092334202107767105e+00
3.995402448849176280e-01 7.012899053518586889e+00
3.998825774376144615e-01 6.934086802677509986e+00
4.002249099903113505e-01 6.857333755557634802e+00
4.005672425430082395e-01 6.780371568101025481e+00
4.009095750957050730e-01 6.703608569492737423e+00
4.012519076484019065e-01 6.628966936828208922e+00
4.015942402010987955e-01 6.554847888326054139e+00
4.019365727537956845e-01 6.480836886111184469e+00
4.022789053064925180e-01 6.409034904883671224e+00
4.026212378591894070e-01 6.337525637054532979e+00
4.029635704118862405e-01 6.266846111040075940e+00
4.033059029645831295e-01 6.197410111991001003e+00
4.036482355172799630e-01 6.128570012039852521e+00
4.039905680699768520e-01 6.058404534896754789e+00
4.043329006226736855e-01 5.989630887252178404e+00
4.046752331753705745e-01 5.921847888436979623e+00
4.050175657280674080e-01 5.856190080638963735e+00
4.053598982807642970e-01 5.789662099446437615e+00
4.057022308334611305e-01 5.724391095874644009e+00
4.060445633861580195e-01 5.658817073175935519e+00
4.063868959388549085e-01 5.595451128441768951e+00
4.067292284915517420e-01 5.532577670148117299e+00
4.070715610442485755e-01 5.468696543586366587e+00
4.074138935969454645e-01 5.407007750045442762e+00
4.077562261496423535e-01 5.345239378809476527e+00
4.080985587023391870e-01 5.285425797059574826e+00
4.084408912550360204e-01 5.224880279231228997e+00
4.087832238077329094e-01 5.165064271058729339e+00
4.091255563604297985e-01 5.106573706035968385e+00
4.094678889131266319e-01 5.048561278863149759e+00
4.098102214658234654e-01 4.990616053944727071e+00
4.101525540185203544e-01 4.934056682084880130e+00
4.104948865712172434e-01 4.878683752810278662e+00
4.108372191239140769e-01 4.821863006231153825e+00
4.111795516766109659e-01 4.766608416027611206e+00
4.115218842293077994e-01 4.711537796867792061e+00
4.118642167820046884e-01 4.656435119552188695e+00
4.122065493347015219e-01 4.603488129261656958e+00
4.125488818873984109e-01 4.550684935272922615e+00
4.128912144400952444e-01 4.498515438891255158e+00
4.132335469927921334e-01 4.446204534875378478e+00
4.135758795454889669e-01 4.394440583112706911e+00
4.139182120981858559e-01 4.342746335727448503e+00
4.142605446508826894e-01 4.291742759892449577e+00
4.146028772035795784e-01 4.242771878115101813e+00
4.149452097562764119e-01 4.192874916280326936e+00
4.152875423089733009e-01 4.143584777440620037e+00
4.156298748616701344e-01 4.094880660536544426e+00
4.159722074143670234e-01 4.046965844863685824e+00
4.163145399670639124e-01 3.999497481379282959e+00
4.166568725197607459e-01 3.952218377903981672e+00
4.169992050724575794e-01 3.905549243930071857e+00
4.173415376251544684e-01 3.858711153326152221e+00
4.176838701778513574e-01 3.813500361152300844e+00
4.180262027305481909e-01 3.768079592512610709e+00
4.183685352832450244e-01 3.723926820556316741e+00
4.187108678359419134e-01 3.680295492808480340e+00
4.190532003886388024e-01 3.635618840534609042e+00
4.193955329413356359e-01 3.591963045003175203e+00
4.197378654940324694e-01 3.549468860726631370e+00
4.200801980467293584e-01 3.507185256113228178e+00
4.204225305994262474e-01 3.465683199784451496e+00
4.207648631521230809e-01 3.424297308484615776e+00
4.211071957048199699e-01 3.383739795846213205e+00
4.214495282575168034e-01 3.343043784460590473e+00
4.217918608102136924e-01 3.302597780684739082e+00
4.221341933629105259e-01 3.262704483200395966e+00
4.224765259156074149e-01 3.223985177700300575e+00
4.228188584683042484e-01 3.185467515204203348e+00
4.231611910210011374e-01 3.147243390584972822e+00
4.235035235736979708e-01 3.109472942388132655e+00
4.238458561263948599e-01 3.072544028216531053e+00
4.241881886790916933e-01 3.035795730632182554e+00
4.245305212317885823e-01 3.000329430386474261e+00
4.248728537844854158e-01 2.965060067553048295e+00
4.252151863371823048e-01 2.929106857814960385e+00
4.255575188898791383e-01 2.893152277501240821e+00
4.258998514425760273e-01 2.859592800836854298e+00
4.262421839952729163e-01 2.825756091048147400e+00
4.265845165479697498e-01 2.791350375723040234e+00
4.269268491006665833e-01 2.758149041961741599e+00
4.272691816533634723e-01 2.725722739992380905e+00
4.276115142060603613e-01 2.692669443955264974e+00
4.279538467587571948e-01 2.660856373842990674e+00
4.282961793114540283e-01 2.628552980885719759e+00
4.286385118641509173e-01 2.597616247954121604e+00
4.289808444168478063e-01 2.566720722993871107e+00
4.293231769695446398e-01 2.537341165728121073e+00
4.296655095222414733e-01 2.507242624007840703e+00
4.300078420749383623e-01 2.476972475385530892e+00
4.303501746276352513e-01 2.447539604431285376e+00
4.306925071803320848e-01 2.418888100893679116e+00
4.310348397330289738e-01 2.389926030741410745e+00
4.313771722857258073e-01 2.362361493673613033e+00
4.317195048384226963e-01 2.334189237861087118e+00
4.320618373911195298e-01 2.306954964013995024e+00
4.324041699438164188e-01 2.280563627282395700e+00
4.327465024965132523e-01 2.254747406837998902e+00
4.330888350492101413e-01 2.228627490746875051e+00
4.334311676019069748e-01 2.203653892457206442e+00
4.337735001546038638e-01 2.177863224170809797e+00
4.341158327073006973e-01 2.152863843238660202e+00
4.344581652599975863e-01 2.127984253906959555e+00
4.348004978126944198e-01 2.103346113522643002e+00
4.351428303653913088e-01 2.079304552149281449e+00
4.354851629180881423e-01 2.055924910303592590e+00
4.358274954707850313e-01 2.032987073984840354e+00
4.361698280234819203e-01 2.009592641182306405e+00
4.365121605761787538e-01 1.986832657752218179e+00
4.368544931288755873e-01 1.964704717361736686e+00
4.371968256815724763e-01 1.942837438331988853e+00
4.375391582342693653e-01 1.921655870365462038e+00
4.378814907869661988e-01 1.899930666823355985e+00
4.382238233396630323e-01 1.878980382049138420e+00
4.385661558923599213e-01 1.858256878277307234e+00
4.389084884450568103e-01 1.838929727943615644e+00
4.392508209977536437e-01 1.819080597665091892e+00
4.395931535504504772e-01 1.800146576540962773e+00
4.399354861031473662e-01 1.780796236547220301e+00
4.402778186558442552e-01 1.762444565094391846e+00
4.406201512085410887e-01 1.744095518970871561e+00
4.409624837612379777e-01 1.726082774331219261e+00
4.413048163139348112e-01 1.708599592492884733e+00
4.416471488666317002e-01 1.691242582347245893e+00
4.419894814193285337e-01 1.674422575561117288e+00
4.423318139720254227e-01 1.657572768009473618e+00
4.426741465247222562e-01 1.640590237651954109e+00
4.430164790774191452e-01 1.623737360394428730e+00
4.433588116301159787e-01 1.607901072671317655e+00
4.437011441828128677e-01 1.592170621638695494e+00
4.440434767355097012e-01 1.576271016319260143e+00
4.443858092882065902e-01 1.561053285946420566e+00
4.447281418409034237e-01 1.546230813197052134e+00
4.450704743936003127e-01 1.531261460349178538e+00
4.454128069462971462e-01 1.516879178037934706e+00
4.457551394989940352e-01 1.502773174038057880e+00
4.460974720516909242e-01 1.488264166085342621e+00
4.464398046043877577e-01 1.474676950657640928e+00
4.467821371570845912e-01 1.460985862484138309e+00
4.471244697097814802e-01 1.447229333286891739e+00
4.474668022624783692e-01 1.433818858600856672e+00
4.478091348151752027e-01 1.420569064484888067e+00
4.481514673678720362e-01 1.407509684585625642e+00
4.484937999205689252e-01 1.394999784730332815e+00
4.488361324732658142e-01 1.382254103862662786e+00
4.491784650259626477e-01 1.370327356340193425e+00
4.495207975786594812e-01 1.357823507237441163e+00
4.498631301313563702e-01 1.346173378355411065e+00
4.502054626840532592e-01 1.334092469394056568e+00
4.505477952367500927e-01 1.322417160069422559e+00
4.508901277894469817e-01 1.310581126256315398e+00
4.512324603421438152e-01 1.298734261728851980e+00
4.515747928948407042e-01 1.287506230312367661e+00
4.519171254475375377e-01 1.276579185640743797e+00
4.522594580002344267e-01 1.266048675622663877e+00
4.526017905529312602e-01 1.255121763743543228e+00
4.529441231056281492e-01 1.245176747551377971e+00
4.532864556583249827e-01 1.234661327869265524e+00
4.536287882110218717e-01 1.224511368796690869e+00
4.539711207637187051e-01 1.214576596361446992e+00
4.543134533164155942e-01 1.204623048852327072e+00
4.546557858691124276e-01 1.194816742094878093e+00
4.549981184218093166e-01 1.184737667354705870e+00
4.553404509745061501e-01 1.174878590537358214e+00
4.556827835272030391e-01 1.165754358869593110e+00
4.560251160798999281e-01 1.156208976067566452e+00
4.563674486325967616e-01 1.146721459564364887e+00
4.567097811852935951e-01 1.137534606114906310e+00
4.570521137379904841e-01 1.128065728369297860e+00
4.573944462906873731e-01 1.118869019006347276e+00
4.577367788433842066e-01 1.109390175342759299e+00
4.580791113960810401e-01 1.100897329937783997e+00
4.584214439487779291e-01 1.092195577752953506e+00
4.587637765014748181e-01 1.083795233016297210e+00
4.591061090541716516e-01 1.075390894045179069e+00
4.594484416068684851e-01 1.067265128362332449e+00
4.597907741595653741e-01 1.058640242073926263e+00
4.601331067122622631e-01 1.050379743570775570e+00
4.604754392649590966e-01 1.041912394338629033e+00
4.608177718176559301e-01 1.033675234579870317e+00
4.611601043703528191e-01 1.025534580214709113e+00
4.615024369230497081e-01 1.017312780359802327e+00
4.618447694757465416e-01 1.009255911403019512e+00
4.621871020284434306e-01 1.001368837397942135e+00
4.625294345811402641e-01 9.932839536133928338e-01
4.628717671338371531e-01 9.851665321099247752e-01
4.632140996865340421e-01 9.772626785347238165e-01
4.635564322392308756e-01 9.697438826651967325e-01
4.638987647919277091e-01 9.623142302405557347e-01
4.642410973446245981e-01 9.544819534487017920e-01
4.645834298973214871e-01 9.467448441462485986e-01
4.649257624500183206e-01 9.391723494504576886e-01
4.652680950027151541e-01 9.322841862366116894e-01
4.656104275554120431e-01 9.253201302905368353e-01
4.659527601081089321e-01 9.182706380766241239e-01
4.662950926608057656e-01 9.113082903086318076e-01
4.666374252135025991e-01 9.044210838055248836e-01
4.669797577661994881e-01 8.975911624928598620e-01
4.673220903188963771e-01 8.905997250913159080e-01
4.676644228715932106e-01 8.833973332444018389e-01
4.680067554242900441e-01 8.764619680523930700e-01
4.683490879769869331e-01 8.697991646954116307e-01
4.686914205296838221e-01 8.630702290595234638e-01
4.690337530823806556e-01 8.563341458522627514e-01
4.693760856350774890e-01 8.493242124516876546e-01
4.697184181877743780e-01 8.425707800510390255e-01
4.700607507404712671e-01 8.360607293817211572e-01
4.704030832931681005e-01 8.297746328640630553e-01
4.707454158458649340e-01 8.236065138198676028e-01
4.710877483985618230e-01 8.173892082366420730e-01
4.714300809512587120e-01 8.110619604125650639e-01
4.717724135039555455e-01 8.046761051791151420e-01
4.721147460566524345e-01 7.988629085711039801e-01
4.724570786093492680e-01 7.926768935326765630e-01
4.727994111620461570e-01 7.867253581936479723e-01
4.731417437147430460e-01 7.810395180533877824e-01
4.734840762674398795e-01 7.749109745183165865e-01
4.738264088201367130e-01 7.695605446801414562e-01
4.741687413728336020e-01 7.639891911801305335e-01
4.745110739255304910e-01 7.585152689882609378e-01
4.748534064782273245e-01 7.530832601554897643e-01
4.751957390309241580e-01 7.478668253880186301e-01
4.755380715836210470e-01 7.425813146902917605e-01
4.758804041363179360e-01 7.371758624151607542e-01
4.762227366890147695e-01 7.317577716566291413e-01
4.765650692417116030e-01 7.267798027739692523e-01
4.769074017944084920e-01 7.216570458750444228e-01
4.772497343471053810e-01 7.163354814426990957e-01
4.775920668998022145e-01 7.113243558289655821e-01
4.779343994524990480e-01 7.062425634767883764e-01
4.782767320051959370e-01 7.011703902590984416e-01
4.786190645578928260e-01 6.961483501531773310e-01
4.789613971105896595e-01 6.911188594609933844e-01
4.793037296632864930e-01 6.861402012181747612e-01
4.796460622159833820e-01 6.810552886650125259e-01
4.799883947686802710e-01 6.763503751955743937e-01
4.803307273213771045e-01 6.718072940302943774e-01
4.806730598740739380e-01 6.670293873672377138e-01
4.810153924267708270e-01 6.618816537052737425e-01
4.813577249794677160e-01 6.568516794764592825e-01
4.817000575321646050e-01 6.522340151838079692e-01
4.820423900848614385e-01 6.478151037459126682e-01
4.823847226375582720e-01 6.432654839225496746e-01
4.827270551902551610e-01 6.389433411621836534e-01
4.830693877429520500e-01 6.344858843413797578e-01
4.834117202956488835e-01 6.300708396003713574e-01
4.837540528483457170e-01 6.253519026043501405e-01
4.840963854010426060e-01 6.210361960037187323e-01
4.844387179537394950e-01 6.166038204104631326e-01
4.847810505064363285e-01 6.122721148123912993e-01
4.851233830591331619e-01 6.080702783194461558e-01
4.854657156118300509e-01 6.037693238556521846e-01
4.858080481645269399e-01 5.994309950682890076e-01
4.861503807172237734e-01 5.951270705275480966e-01
4.864927132699206069e-01 5.910906109096890626e-01
4.868350458226174959e-01 5.872430603279451544e-01
4.871773783753143849e-01 5.831734035001233662e-01
4.875197109280112184e-01 5.790714771626754853e-01
4.878620434807080519e-01 5.751482205911223611e-01
4.882043760334049409e-01 5.710162614193651232e-01
4.885467085861018299e-01 5.674983695339197443e-01
4.888890411387986634e-01 5.639700518714142463e-01
4.892313736914954969e-01 5.598635767406495711e-01
4.895737062441923859e-01 5.560501713759720133e-01
4.899160387968892749e-01 5.521325572638358103e-01
4.902583713495861084e-01 5.480152647529786814e-01
4.906007039022829419e-01 5.436631353973647718e-01
4.909430364549798309e-01 5.397183755528984772e-01
4.912853690076767199e-01 5.359284032107161089e-01
4.916277015603736089e-01 5.320449727210816437e-01
4.919700341130704424e-01 5.279572517982803470e-01
4.923123666657672759e-01 5.240495481814368972e-01
4.926546992184641649e-01 5.202114354652012107e-01
4.929970317711610539e-01 5.165575537153362928e-01
4.933393643238578874e-01 5.127085987456374561e-01
4.936816968765547209e-01 5.087384331246621594e-01
4.940240294292516099e-01 5.047989423957921495e-01
4.943663619819484989e-01 5.013616179858680910e-01
4.947086945346453324e-01 4.970451976819849627e-01
4.950510270873421659e-01 4.935234574561039311e-01
4.953933596400390549e-01 4.897290560455643815e-01
4.957356921927359439e-01 4.861021609379751474e-01
4.960780247454327774e-01 4.824124483600881752e-01
4.964203572981296109e-01 4.787992413462264230e-01
4.967626898508264999e-01 4.750785687638920396e-01
4.971050224035233889e-01 4.714431544966294352e-01
4.974473549562202224e-01 4.676126429942129570e-01
4.977896875089170559e-01 4.639294666418439794e-01
4.981320200616139449e-01 4.598788202512176237e-01
4.984743526143108339e-01 4.560930816733582138e-01
4.988166851670076674e-01 4.521281040737099577e-01
4.991590177197045008e-01 4.483297768921101212e-01
4.995013502724013899e-01 4.440969549557194362e-01
4.998436828250982789e-01 4.402133700558442109e-01
5.001860153777950568e-01 4.360045963839773719e-01
5.005283479304919458e-01 4.324264218431359552e-01
5.008706804831888348e-01 4.283764070054530415e-01
5.012130130358857238e-01 4.245945226334030820e-01
5.015553455885826128e-01 4.205386127360600246e-01
5.018976781412793908e-01 4.163841232115756408e-01
5.022400106939762798e-01 4.122891360695417617e-01
5.025823432466731688e-01 4.082566144454470858e-01
5.029246757993700578e-01 4.042952949604493029e-01
5.032670083520669468e-01 3.997876679029827018e-01
5.036093409047637248e-01 3.957853359881490229e-01
5.039516734574606138e-01 3.914390767283001948e-01
5.042940060101575028e-01 3.877400315597002156e-01
5.046363385628542808e-01 3.834248534101573069e-01
5.049786711155511698e-01 3.793633752032120054e-01
5.053210036682480588e-01 3.754054098679324714e-01
5.056633362209449478e-01 3.717843251162551987e-01
5.060056687736418368e-01 3.676607079895102825e-01
5.063480013263386148e-01 3.637235475328354783e-01
5.066903338790355038e-01 3.594127087620689887e-01
5.070326664317323928e-01 3.550699523610697517e-01
5.073749989844291708e-01 3.512092402017015225e-01
5.077173315371260598e-01 3.468636306958634563e-01
5.080596640898229488e-01 3.428790718505166368e-01
5.084019966425198378e-01 3.388848264196979154e-01
5.087443291952167268e-01 3.346896881150602798e-01
5.090866617479135048e-01 3.303427678402982570e-01
5.094289943006103938e-01 3.261046711903818895e-01
5.097713268533072828e-01 3.220264342332192498e-01
5.101136594060040608e-01 3.179625676156631608e-01
5.104559919587009498e-01 3.136114463450049850e-01
5.107983245113978388e-01 3.094727359569873215e-01
5.111406570640947278e-01 3.050591212753264170e-01
5.114829896167916168e-01 3.010467625294073746e-01
5.118253221694883948e-01 2.966568372591262270e-01
5.121676547221852838e-01 2.924075315949668519e-01
5.125099872748821728e-01 2.886936871736771604e-01
5.128523198275790618e-01 2.842815434046758183e-01
5.131946523802759508e-01 2.800505073457495442e-01
5.135369849329727288e-01 2.754367334452957894e-01
5.138793174856696178e-01 2.710004307593952833e-01
5.142216500383665068e-01 2.664341878173421829e-01
5.145639825910632847e-01 2.621693659971380819e-01
5.149063151437601737e-01 2.576432126585400106e-01
5.152486476964570628e-01 2.535357759102680464e-01
5.155909802491539518e-01 2.493562127648273063e-01
5.159333128018508408e-01 2.448169071800371244e-01
5.162756453545476187e-01 2.406836897140970100e-01
5.166179779072445077e-01 2.364525831858007854e-01
5.169603104599413967e-01 2.317714886967199572e-01
5.173026430126381747e-01 2.275609345567459751e-01
5.176449755653350637e-01 2.231006268998720066e-01
5.179873081180319527e-01 2.187992576661948185e-01
5.183296406707288417e-01 2.145910451171825772e-01
5.186719732234257307e-01 2.104366848573452076e-01
5.190143057761225087e-01 2.062906060608581393e-01
5.193566383288193977e-01 2.018805180181236503e-01
5.196989708815162867e-01 1.974517844904099817e-01
5.200413034342130647e-01 1.931652495378599899e-01
5.203836359869099537e-01 1.888850858159511759e-01
5.207259685396068427e-01 1.845804449610685405e-01
5.210683010923037317e-01 1.804762185898057814e-01
5.214106336450006207e-01 1.760466269803936112e-01
5.217529661976973987e-01 1.719212533349828986e-01
5.220952987503942877e-01 1.677248263947660467e-01
5.224376313030911767e-01 1.634624133217361941e-01
5.227799638557880657e-01 1.591555927127745740e-01
5.231222964084849547e-01 1.549840086525053895e-01
5.234646289611817327e-01 1.508685001273148696e-01
5.238069615138786217e-01 1.468136217837773261e-01
5.241492940665755107e-01 1.429058491635184502e-01
5.244916266192722887e-01 1.386622325270121803e-01
5.248339591719691777e-01 1.340213179340984107e-01
5.251762917246660667e-01 1.297695161021629739e-01
5.255186242773629557e-01 1.257986979180548415e-01
5.258609568300598447e-01 1.219750960645929055e-01
5.262032893827566227e-01 1.179706802543410982e-01
5.265456219354535117e-01 1.137501187978259692e-01
5.268879544881504007e-01 1.097972749764370842e-01
5.272302870408471787e-01 1.057614028158408576e-01
5.275726195935440677e-01 1.016241301533524072e-01
5.279149521462409567e-01 9.763509931631327021e-02
5.282572846989378457e-01 9.371420836835647750e-02
5.285996172516347347e-01 9.009743180842978705e-02
5.289419498043315127e-01 8.627119536663054034e-02
5.292842823570284017e-01 8.227955823583323058e-02
5.296266149097252907e-01 7.881972601941344969e-02
5.299689474624220686e-01 7.521959222524883526e-02
5.303112800151189576e-01 7.169061322351631682e-02
5.306536125678158466e-01 6.817770515711349399e-02
5.309959451205127356e-01 6.498885416809374593e-02
5.313382776732096247e-01 6.143985368727169355e-02
5.316806102259064026e-01 5.784453077382243485e-02
5.320229427786032916e-01 5.416878660584500266e-02
5.323652753313001806e-01 5.098369161437665137e-02
5.327076078839970696e-01 4.762218908852588334e-02
5.330499404366939586e-01 4.464911448092494933e-02
5.333922729893907366e-01 4.138692027292795866e-02
5.337346055420876256e-01 3.871810623196299261e-02
5.340769380947845146e-01 3.608397932401387342e-02
5.344192706474812926e-01 3.309819513212505088e-02
5.347616032001781816e-01 3.028070024230437862e-02
5.351039357528750706e-01 2.748192786609420651e-02
5.354462683055719596e-01 2.511482292279514777e-02
5.357886008582688486e-01 2.263657990553359298e-02
5.361309334109656266e-01 2.036551788784711839e-02
5.364732659636625156e-01 1.778085409790959928e-02
5.368155985163594046e-01 1.547681334167286607e-02
5.371579310690561826e-01 1.332331839530424486e-02
5.375002636217530716e-01 1.171349374174894716e-02
5.378425961744499606e-01 9.975961328149353380e-03
5.381849287271468496e-01 8.436834806544982537e-03
5.385272612798437386e-01 6.851835140284454756e-03
5.388695938325405166e-01 5.269296023510270689e-03
5.392119263852374056e-01 4.034033488416067376e-03
5.395542589379342946e-01 2.956719681742340979e-03
5.398965914906310726e-01 2.102228115046857713e-03
5.402389240433280726e-01 1.296163701115208991e-03
5.405812565960248506e-01 1.061475585977129975e-03
5.409235891487217396e-01 9.783480874395675004e-04
5.412659217014186286e-01 5.619404513361496911e-04
5.416082542541154066e-01 2.739289515133867966e-04
5.419505868068122956e-01 -0.000000000000000000e+00
5.422929193595091846e-01 3.163285078111676796e-04
5.426352519122060736e-01 8.077620228558016246e-04
5.429775844649029626e-01 1.040282924030048019e-03
5.433199170175997406e-01 1.352582149243569719e-03
5.436622495702966296e-01 1.724271033892723140e-03
5.440045821229935186e-01 2.475067561964234327e-03
5.443469146756902965e-01 3.923578639341594038e-03
5.446892472283871856e-01 5.024772077718611327e-03
5.450315797810840746e-01 6.695692349411985073e-03
5.453739123337809636e-01 8.197362572265911446e-03
5.457162448864778526e-01 9.868589366166765839e-03
5.460585774391746305e-01 1.196033595167730716e-02
5.464009099918715195e-01 1.388509757768020304e-02
5.467432425445684085e-01 1.615731742688202022e-02
5.470855750972651865e-01 1.885779264395181370e-02
5.474279076499620755e-01 2.163651409570044662e-02
5.477702402026589645e-01 2.472064185878089168e-02
5.481125727553558535e-01 2.783761880740500891e-02
5.484549053080527425e-01 3.100426571397204775e-02
5.487972378607495205e-01 3.454337123854801100e-02
5.491395704134464095e-01 3.832682001037715502e-02
5.494819029661432985e-01 4.212948079893694825e-02
5.498242355188400765e-01 4.607089769919716499e-02
5.501665680715370765e-01 5.055227162387257445e-02
5.505089006242338545e-01 5.522478236847981614e-02
5.508512331769307435e-01 6.013096334296803847e-02
5.511935657296276325e-01 6.534369396934253116e-02
5.515358982823244105e-01 7.080091865466675571e-02
5.518782308350212995e-01 7.640831892513169632e-02
5.522205633877181885e-01 8.224185943194180226e-02
5.525628959404150775e-01 8.802243715150095960e-02
5.529052284931119665e-01 9.398292988538407833e-02
5.532475610458087445e-01 1.005660763145470871e-01
5.535898935985056335e-01 1.072033618105301678e-01
5.539322261512025225e-01 1.139854408633980271e-01
5.542745587038993005e-01 1.212777946386618677e-01
5.546168912565961895e-01 1.283788774546083533e-01
5.549592238092930785e-01 1.357778339324274275e-01
5.553015563619899675e-01 1.433604589056481360e-01
5.556438889146868565e-01 1.512376585488173497e-01
5.559862214673836345e-01 1.599260529046631074e-01
5.563285540200805235e-01 1.683932017765349121e-01
5.566708865727774125e-01 1.775105566436549764e-01
5.570132191254741905e-01 1.865662471683557644e-01
5.573555516781710795e-01 1.958374046396377244e-01
5.576978842308679685e-01 2.052384810135348125e-01
5.580402167835648575e-01 2.151865909028169155e-01
5.583825493362617465e-01 2.254463930270658445e-01
5.587248818889585245e-01 2.362744980293205455e-01
5.590672144416554135e-01 2.470482252671444001e-01
5.594095469943523025e-01 2.584524139956444477e-01
5.597518795470491915e-01 2.695617421118721713e-01
5.600942120997460805e-01 2.811500316444466296e-01
5.604365446524428584e-01 2.931467972061558291e-01
5.607788772051397475e-01 3.055831149199680352e-01
5.611212097578366365e-01 3.179201980888378132e-01
5.614635423105334144e-01 3.308737158921346011e-01
5.618058748632303034e-01 3.438800374117638725e-01
5.621482074159271924e-01 3.573640160422934531e-01
5.624905399686240814e-01 3.710138242961979471e-01
5.628328725213209704e-01 3.850784364524126313e-01
5.631752050740177484e-01 3.993963777270685966e-01
5.635175376267146374e-01 4.141277651639907464e-01
5.638598701794115264e-01 4.287008457048764321e-01
5.642022027321083044e-01 4.437732494308979647e-01
5.645445352848051934e-01 4.597937863671386904e-01
5.648868678375020824e-01 4.754137366442984791e-01
5.652292003901989714e-01 4.919455610532150747e-01
5.655715329428958604e-01 5.082048565664231132e-01
5.659138654955926384e-01 5.253580603842509245e-01
5.662561980482895274e-01 5.423077101785804821e-01
5.665985306009864164e-01 5.599331136740940407e-01
5.669408631536831944e-01 5.775596173949359979e-01
5.672831957063800834e-01 5.956869252928813641e-01
5.676255282590769724e-01 6.142794631059631527e-01
5.679678608117738614e-01 6.335181423086824193e-01
5.683101933644707504e-01 6.530901512186834124e-01
5.686525259171675284e-01 6.721947149664750931e-01
5.689948584698644174e-01 6.918395642928767408e-01
5.693371910225613064e-01 7.121188888464899946e-01
5.696795235752581954e-01 7.331153263580932888e-01
5.700218561279550844e-01 7.541511987332769618e-01
5.703641886806518624e-01 7.754989542954728865e-01
5.707065212333487514e-01 7.971920937634601190e-01
5.710488537860456404e-01 8.191138421129866565e-01
5.713911863387424184e-01 8.411379002715562159e-01
5.717335188914393074e-01 8.640053700597818409e-01
5.720758514441361964e-01 8.872073395366435467e-01
5.724181839968330854e-01 9.104970864721357859e-01
5.727605165495299744e-01 9.344059990348997369e-01
5.731028491022267524e-01 9.589621278982930486e-01
5.734451816549236414e-01 9.833609624063339716e-01
5.737875142076205304e-01 1.008127763764189888e+00
5.741298467603173084e-01 1.033488731710279884e+00
5.744721793130141974e-01 1.059285200525506010e+00
5.748145118657110864e-01 1.085545072642932096e+00
5.751568444184079754e-01 1.112421177637819003e+00
5.754991769711048644e-01 1.139528751022436781e+00
5.758415095238016423e-01 1.166982234367722526e+00
5.761838420764985313e-01 1.194780783378078359e+00
5.765261746291954204e-01 1.223061426225147352e+00
5.768685071818921983e-01 1.251157927680541571e+00
5.772108397345890873e-01 1.280312668258445363e+00
5.775531722872859763e-01 1.309527898043064464e+00
5.778955048399828653e-01 1.339116724969085181e+00
5.782378373926797543e-01 1.370045014760966406e+00
5.785801699453765323e-01 1.400140669949691219e+00
5.789225024980734213e-01 1.431517651349981879e+00
5.792648350507703103e-01 1.462942945859060817e+00
5.796071676034671993e-01 1.495256377400484338e+00
5.799495001561640883e-01 1.527680006798330936e+00
5.802918327088608663e-01 1.560746808392966312e+00
5.806341652615577553e-01 1.594386914916199327e+00
5.809764978142546443e-01 1.628584254484894300e+00
5.813188303669514223e-01 1.662681057664685547e+00
5.816611629196483113e-01 1.697069211673852163e+00
5.820034954723452003e-01 1.731679652246463919e+00
5.823458280250419783e-01 1.767342086317610583e+00
5.826881605777389783e-01 1.803154624175148601e+00
5.830304931304357563e-01 1.839601342049368204e+00
5.833728256831326453e-01 1.876194061712886274e+00
5.837151582358295343e-01 1.914063202677935172e+00
5.840574907885263123e-01 1.952167513888303008e+00
5.843998233412233123e-01 1.990631488651991354e+00
5.847421558939200903e-01 2.029370195106314778e+00
5.850844884466169793e-01 2.068698427477510648e+00
5.854268209993138683e-01 2.108871172350138767e+00
5.857691535520106463e-01 2.149528962280509603e+00
5.861114861047075353e-01 2.190615667645945397e+00
5.864538186574044243e-01 2.232181511335596724e+00
5.867961512101012023e-01 2.274064266674033163e+00
5.871384837627982023e-01 2.315659032785869709e+00
5.874808163154949803e-01 2.358137606552660692e+00
5.878231488681918693e-01 2.402021805175148739e+00
5.881654814208887583e-01 2.445091103956508416e+00
5.885078139735855363e-01 2.489560149360130481e+00
5.888501465262824253e-01 2.534588415068883993e+00
5.891924790789793143e-01 2.580155491106726373e+00
5.895348116316760922e-01 2.625698478653934131e+00
5.898771441843730923e-01 2.671953426026178580e+00
5.902194767370698703e-01 2.719018911446694275e+00
5.905618092897667593e-01 2.766341954143087367e+00
5.909041418424636483e-01 2.813806423300715842e+00
5.912464743951604262e-01 2.862188957846279358e+00
5.915888069478573152e-01 2.911346091443991480e+00
5.919311395005542042e-01 2.960796178206379192e+00
5.922734720532509822e-01 3.010231660036593038e+00
5.926158046059479823e-01 3.060606815594451025e+00
5.929581371586447602e-01 3.111511690072910952e+00
5.933004697113416492e-01 3.163099114768568310e+00
5.936428022640385382e-01 3.215196171124669267e+00
5.939851348167353162e-01 3.267896379312870803e+00
5.943274673694323162e-01 3.320409173460317831e+00
5.946697999221290942e-01 3.374417424315137914e+00
5.950121324748259832e-01 3.427403255112922764e+00
5.953544650275228722e-01 3.481345247904683138e+00
5.956967975802196502e-01 3.536445984425879541e+00
5.960391301329165392e-01 3.592468241900690362e+00
5.963814626856134282e-01 3.647743906810070769e+00
5.967237952383102062e-01 3.703081439868631364e+00
5.970661277910072062e-01 3.760324632268695400e+00
5.974084603437039842e-01 3.818305836505630158e+00
5.977507928964008732e-01 3.877510788555480925e+00
5.980931254490977622e-01 3.936876559162482359e+00
5.984354580017945402e-01 3.995992277267010895e+00
5.987777905544914292e-01 4.055567129323139675e+00
5.991201231071883182e-01 4.115937968774750821e+00
5.994624556598850962e-01 4.175406991040047089e+00
5.998047882125820962e-01 4.237883676840024094e+00
6.001471207652788742e-01 4.300299888426242667e+00
6.004894533179757632e-01 4.362896703608377003e+00
6.008317858706726522e-01 4.426229154478400041e+00
6.011741184233694302e-01 4.489609922172694390e+00
6.015164509760663192e-01 4.553797632958040076e+00
6.018587835287632082e-01 4.617795345749311942e+00
6.022011160814599862e-01 4.682119567829667872e+00
6.025434486341569862e-01 4.747352475969246477e+00
6.028857811868537642e-01 4.813201687274360374e+00
6.032281137395506532e-01 4.881161338993574184e+00
6.035704462922475422e-01 4.948708029136675179e+00
6.039127788449443202e-01 5.016624356876070223e+00
6.042551113976413202e-01 5.086382671651881182e+00
6.045974439503380982e-01 5.156881593056753310e+00
6.049397765030349872e-01 5.227666645607239815e+00
6.052821090557318762e-01 5.298318886093899671e+00
6.056244416084286541e-01 5.367480577277693676e+00
6.059667741611255432e-01 5.440120099649645269e+00
6.063091067138224322e-01 5.511915418889794083e+00
6.066514392665192101e-01 5.585722608003085732e+00
6.069937718192162102e-01 5.660595886637341145e+00
6.073361043719129881e-01 5.734663404786273233e+00
6.076784369246098771e-01 5.810561145007929085e+00
6.080207694773067661e-01 5.886829712557344330e+00
6.083631020300035441e-01 5.962589800865457867e+00
6.087054345827004331e-01 6.040608253257763849e+00
6.090477671353973221e-01 6.117955043531095427e+00
6.093900996880941001e-01 6.197017999549392364e+00
6.097324322407911001e-01 6.276618673407388549e+00
6.100747647934878781e-01 6.356488288975011614e+00
6.104170973461847671e-01 6.437650154460158980e+00
6.107594298988816561e-01 6.520802023019389715e+00
6.111017624515784341e-01 6.602665035479600597e+00
6.114440950042753231e-01 6.685449418482146022e+00
6.117864275569722121e-01 6.769621703161345039e+00
6.121287601096689901e-01 6.855228712894840370e+00
6.124710926623659901e-01 6.940119423371674756e+00
6.128134252150627681e-01 7.026925225882858506e+00
6.131557577677596571e-01 7.114113119747427660e+00
6.134980903204565461e-01 7.201261728642871063e+00
6.138404228731533241e-01 7.291615402709823890e+00
6.141827554258503241e-01 7.382669872129627109e+00
6.145250879785471021e-01 7.473171561692520726e+00
6.148674205312439911e-01 7.564514539418328631e+00
6.152097530839408801e-01 7.658070454058963250e+00
6.155520856366376581e-01 7.750615643346328909e+00
6.158944181893345471e-01 7.846015589110369781e+00
6.162367507420314361e-01 7.942651150372666002e+00
6.165790832947282141e-01 8.038755557944716301e+00
6.169214158474252141e-01 8.135373598628527603e+00
6.172637484001219921e-01 8.230373162679150312e+00
6.176060809528188811e-01 8.328994892545653173e+00
6.179484135055157701e-01 8.426163701553132768e+00
6.182907460582125481e-01 8.526851564393925997e+00
6.186330786109094371e-01 8.629717498553361565e+00
6.189754111636063261e-01 8.732895395229617108e+00
6.193177437163031041e-01 8.835686085641393461e+00
6.196600762690001041e-01 8.937749726939475892e+00
6.200024088216968821e-01 9.040767219192215265e+00
6.203447413743937711e-01 9.147735753821862659e+00
6.206870739270906601e-01 9.252733513859958236e+00
6.210294064797874380e-01 9.362518838407901001e+00
6.213717390324843270e-01 9.472339720350758441e+00
6.217140715851812161e-01 9.582893161445522168e+00
6.220564041378779940e-01 9.694229986003476185e+00
6.223987366905749941e-01 9.807892710302576589e+00
6.227410692432717720e-01 9.919118058609340594e+00
6.230834017959686610e-01 1.003050429528101262e+01
6.234257343486655500e-01 1.014622134388034169e+01
6.237680669013623280e-01 1.026404520885450822e+01
6.241103994540593281e-01 1.037973039895198468e+01
6.244527320067561060e-01 1.049890036583085617e+01
6.247950645594529950e-01 1.061787812655696861e+01
6.251373971121498840e-01 1.074152981649523042e+01
6.254797296648466620e-01 1.086506646666638254e+01
6.258220622175435510e-01 1.098716384152765890e+01
6.261643947702404400e-01 1.111505460137395573e+01
6.265067273229372180e-01 1.124040102863345325e+01
6.268490598756342180e-01 1.136844420652166576e+01
6.271913924283309960e-01 1.149278164571627237e+01
6.275337249810278850e-01 1.162486192699191712e+01
6.278760575337247740e-01 1.175157674341548741e+01
6.282183900864215520e-01 1.188103991497817802e+01
6.285607226391184410e-01 1.201413166143529310e+01
6.289030551918153300e-01 1.214635450710771458e+01
6.292453877445121080e-01 1.227765441765448884e+01
6.295877202972091080e-01 1.241019008846478933e+01
6.299300528499058860e-01 1.255650440746238949e+01
6.302723854026027750e-01 1.270113044224217980e+01
6.306147179552996640e-01 1.283901857598670482e+01
6.309570505079964420e-01 1.297723222015249256e+01
6.312993830606933310e-01 1.312219400038083883e+01
6.316417156133902200e-01 1.327086730959373106e+01
6.319840481660869980e-01 1.341905652381589142e+01
6.323263807187839980e-01 1.357002754848327974e+01
6.326687132714807760e-01 1.372898873465796221e+01
6.330110458241776650e-01 1.387660628685216935e+01
6.333533783768745540e-01 1.403301036385947853e+01
6.336957109295713320e-01 1.419283594342333288e+01
6.340380434822683320e-01 1.434849810017747274e+01
6.343803760349651100e-01 1.450353642265506871e+01
6.347227085876619990e-01 1.467212757091019881e+01
6.350650411403588880e-01 1.483233421602121815e+01
6.354073736930556660e-01 1.500066875596434635e+01
6.357497062457525550e-01 1.516741909403535615e+01
6.360920387984494440e-01 1.533661669913896475e+01
6.364343713511462219e-01 1.550242882404800682e+01
6.367767039038432220e-01 1.566647634792482258e+01
6.371190364565399999e-01 1.583893768898066057e+01
6.374613690092368889e-01 1.602183918253510697e+01
6.378037015619337780e-01 1.619888846918781056e+01
6.381460341146305559e-01 1.638771672607212793e+01
6.384883666673274449e-01 1.657650065450373944e+01
6.388306992200243339e-01 1.676209980789869647e+01
6.391730317727211119e-01 1.695519593687041393e+01
6.395153643254181119e-01 1.711902753356894635e+01
6.398576968781148899e-01 1.732583808238040746e+01
6.402000294308117789e-01 1.751442766364715453e+01
6.405423619835086679e-01 1.770921738066020623e+01
6.408846945362054459e-01 1.789106914316911201e+01
6.412270270889023349e-01 1.808211772492377634e+01
6.415693596415992239e-01 1.827586025504107781e+01
6.419116921942960019e-01 1.846237749347291413e+01
6.422540247469930019e-01 1.864596061117255132e+01
6.425963572996897799e-01 1.885772515913453162e+01
6.429386898523866689e-01 1.907331616581952005e+01
6.432810224050835579e-01 1.931219138855700024e+01
6.436233549577803359e-01 1.951230238273781126e+01
6.439656875104773359e-01 1.975273609160580790e+01
6.443080200631741139e-01 1.996201099910574328e+01
6.446503526158710029e-01 2.020819437848713207e+01
6.449926851685678919e-01 2.040716276296006271e+01
6.453350177212646699e-01 2.062342459302983144e+01
6.456773502739615589e-01 2.084618145487809215e+01
6.460196828266584479e-01 2.108115663616107938e+01
6.463620153793552259e-01 2.130051095590247456e+01
6.467043479320522259e-01 2.149175586173211983e+01
6.470466804847490039e-01 2.173404679545517126e+01
6.473890130374458929e-01 2.196716486466947416e+01
6.477313455901427819e-01 2.216252292179862948e+01
6.480736781428395599e-01 2.239978772402233886e+01
6.484160106955364489e-01 2.267451845260936238e+01
6.487583432482333379e-01 2.294536508363512439e+01
6.491006758009301159e-01 2.314914569834413882e+01
6.494430083536271159e-01 2.344715483806341894e+01
6.497853409063238939e-01 2.368572453770035224e+01
6.501276734590207829e-01 2.394145114651117723e+01
6.504700060117176719e-01 2.417431738693667853e+01
6.508123385644144498e-01 2.444560908037770375e+01
6.511546711171113389e-01 2.472686645213026679e+01
6.514970036698082279e-01 2.500026628432473075e+01
6.518393362225050058e-01 2.533618472801972388e+01
6.521816687752020059e-01 2.562928218928967183e+01
6.525240013278987838e-01 2.590316756366325279e+01
6.528663338805956728e-01 2.611258861202152914e+01
6.532086664332925618e-01 2.636867484142728202e+01
6.535509989859893398e-01 2.668357525383222395e+01
6.538933315386863399e-01 2.701817672498954082e+01
6.542356640913831178e-01 2.726699394897252304e+01
6.545779966440800068e-01 2.757442635624506977e+01
6.549203291967768958e-01 2.779420820843736450e+01
6.552626617494736738e-01 2.810696256619254640e+01
6.556049943021705628e-01 2.852854471818661608e+01
6.559473268548674518e-01 2.881201018875029263e+01
6.562896594075642298e-01 2.921951662602696942e+01
6.566319919602612298e-01 2.953088022997747331e+01
6.569743245129580078e-01 2.999727246737985098e+01
6.573166570656548968e-01 3.022522896567426187e+01
6.576589896183517858e-01 3.080233469348621256e+01
6.580013221710485638e-01 3.134159426932272652e+01
6.583436547237454528e-01 3.156997048511252046e+01
6.586859872764423418e-01 3.180115957766368240e+01
6.590283198291391198e-01 3.203515217027818096e+01
6.593706523818361198e-01 3.227193866797568944e+01
6.597129849345328978e-01 3.278018658125591145e+01
6.600553174872297868e-01 3.302001759348762988e+01
6.603976500399266758e-01 3.326262925447866081e+01
6.607399825926234538e-01 3.431067159535579236e+01
6.610823151453203428e-01 3.455217210365602654e+01
6.614246476980172318e-01 3.479646131874259396e+01
6.617669802507140098e-01 3.504352812584973975e+01
6.621093128034110098e-01 3.529336123021223415e+01
6.624516453561077878e-01 3.611215969953852323e+01
6.627939779088046768e-01 3.636422474918539649e+01
6.631363104615015658e-01 3.661903315169456619e+01
6.634786430141983438e-01 3.687657296486533909e+01
6.638209755668953438e-01 3.870971312756004323e+01
6.641633081195921218e-01 4.089332886960428226e+01
6.645056406722890108e-01 4.114341683979266406e+01
6.648479732249858998e-01 4.139623115541471776e+01
6.651903057776826778e-01 4.165175927166595216e+01
6.655326383303795668e-01 4.190998853858575757e+01
6.658749708830764558e-01 4.217090620943496049e+01
6.662173034357732337e-01 4.243449944911866112e+01
6.665596359884702338e-01 4.270075534262996086e+01
6.669019685411670118e-01 8.289306334778564178e+01
6.672443010938639008e-01 8.289306334778564178e+01
6.675866336465607898e-01 8.289306334778564178e+01
6.679289661992575677e-01 8.289306334778564178e+01
6.682712987519544567e-01 8.289306334778564178e+01
6.686136313046513457e-01 8.289306334778564178e+01
6.689559638573481237e-01 8.289306334778564178e+01
6.692982964100451237e-01 8.289306334778564178e+01
6.696406289627419017e-01 8.289306334778564178e+01
6.699829615154387907e-01 8.289306334778564178e+01
6.703252940681356797e-01 8.289306334778564178e+01
6.706676266208324577e-01 8.289306334778564178e+01
6.710099591735293467e-01 8.289306334778564178e+01
6.713522917262262357e-01 8.289306334778564178e+01
6.716946242789231247e-01 8.289306334778564178e+01
6.720369568316200137e-01 8.289306334778564178e+01
6.723792893843167917e-01 8.289306334778564178e+01
6.727216219370136807e-01 8.289306334778564178e+01
6.730639544897105697e-01 8.289306334778564178e+01
6.734062870424073477e-01 8.289306334778564178e+01
6.737486195951043477e-01 8.289306334778564178e+01
6.740909521478011257e-01 8.289306334778564178e+01
6.744332847004980147e-01 8.289306334778564178e+01
6.747756172531949037e-01 8.289306334778564178e+01
6.751179498058916817e-01 8.289306334778564178e+01
6.754602823585885707e-01 8.289306334778564178e+01
6.758026149112854597e-01 8.289306334778564178e+01
6.761449474639822377e-01 8.289306334778564178e+01
6.764872800166792377e-01 8.289306334778564178e+01
6.768296125693760157e-01 8.289306334778564178e+01
6.771719451220729047e-01 8.289306334778564178e+01
6.775142776747697937e-01 8.289306334778564178e+01
6.778566102274665717e-01 8.289306334778564178e+01
6.781989427801634607e-01 8.289306334778564178e+01
6.785412753328603497e-01 8.289306334778564178e+01
6.788836078855571277e-01 8.289306334778564178e+01
6.792259404382541277e-01 8.289306334778564178e+01
6.795682729909509057e-01 8.289306334778564178e+01
6.799106055436477947e-01 8.289306334778564178e+01
6.802529380963446837e-01 8.289306334778564178e+01
6.805952706490414617e-01 8.289306334778564178e+01
6.809376032017383507e-01 8.289306334778564178e+01
