4.257076645889196764e-01 8.289306334778564178e+01
4.258424634931809449e-01 8.289306334778564178e+01
4.259772623974422134e-01 8.289306334778564178e+01
4.261120613017035375e-01 8.289306334778564178e+01
4.262468602059648060e-01 8.289306334778564178e+01
4.263816591102260745e-01 8.289306334778564178e+01
4.265164580144873430e-01 8.289306334778564178e+01
4.266512569187486115e-01 8.289306334778564178e+01
4.267860558230098800e-01 8.289306334778564178e+01
4.269208547272712040e-01 8.289306334778564178e+01
4.270556536315324725e-01 8.289306334778564178e+01
4.271904525357937410e-01 8.289306334778564178e+01
4.273252514400550095e-01 8.289306334778564178e+01
4.274600503443162780e-01 8.289306334778564178e+01
4.275948492485776020e-01 8.289306334778564178e+01
4.277296481528388705e-01 8.289306334778564178e+01
4.278644470571001390e-01 8.289306334778564178e+01
4.279992459613614075e-01 8.289306334778564178e+01
4.281340448656226760e-01 8.289306334778564178e+01
4.282688437698839445e-01 8.289306334778564178e+01
4.284036426741452686e-01 8.289306334778564178e+01
4.285384415784065371e-01 8.289306334778564178e+01
4.286732404826678056e-01 8.289306334778564178e+01
4.288080393869290741e-01 8.289306334778564178e+01
4.289428382911903426e-01 8.289306334778564178e+01
4.290776371954516666e-01 8.289306334778564178e+01
4.292124360997129351e-01 8.289306334778564178e+01
4.293472350039742036e-01 8.289306334778564178e+01
4.294820339082354721e-01 8.289306334778564178e+01
4.296168328124967406e-01 8.289306334778564178e+01
4.297516317167580091e-01 8.289306334778564178e+01
4.298864306210193331e-01 8.289306334778564178e+01
4.300212295252806016e-01 8.289306334778564178e+01
4.301560284295418701e-01 8.289306334778564178e+01
4.302908273338031386e-01 8.289306334778564178e+01
4.304256262380644071e-01 8.289306334778564178e+01
4.305604251423257312e-01 8.289306334778564178e+01
4.306952240465869997e-01 8.289306334778564178e+01
4.308300229508482682e-01 8.289306334778564178e+01
4.309648218551095367e-01 8.289306334778564178e+01
4.310996207593708052e-01 8.289306334778564178e+01
4.312344196636320737e-01 8.289306334778564178e+01
4.313692185678933977e-01 8.289306334778564178e+01
4.315040174721546662e-01 3.697804970053319806e+01
4.316388163764159347e-01 3.637752152036773623e+01
4.317736152806772032e-01 3.579182119648874760e+01
4.319084141849384717e-01 3.522094872890063044e+01
4.320432130891997957e-01 3.466490411760647561e+01
4.321780119934610642e-01 3.412368736260845026e+01
4.323128108977223327e-01 3.359729846390810337e+01
4.324476098019836012e-01 3.308573742150652208e+01
4.325824087062448697e-01 3.258900423540451641e+01
4.327172076105061382e-01 3.210709890560264057e+01
4.328520065147674623e-01 3.164002143210132090e+01
4.329868054190287308e-01 3.118777181490084871e+01
4.331216043232899993e-01 3.075035005400145138e+01
4.332564032275512678e-01 2.992635090183649282e+01
4.333912021318125363e-01 2.949996664604681484e+01
4.335260010360738603e-01 2.908760122899768419e+01
4.336607999403351288e-01 2.868922431329292522e+01
4.337955988445963973e-01 2.782996057677952351e+01
4.339303977488576658e-01 2.725037366011801154e+01
4.340651966531189343e-01 2.653546660961472980e+01
4.341999955573802028e-01 2.613886014636474187e+01
4.343347944616415268e-01 2.575397907585337620e+01
4.344695933659027953e-01 2.538076259610654617e+01
4.346043922701640638e-01 2.483756047503244346e+01
4.347391911744253323e-01 2.427393116110783566e+01
4.348739900786866008e-01 2.374392476555381037e+01
4.350087889829479249e-01 2.338391724037705188e+01
4.351435878872091934e-01 2.294006799278271913e+01
4.352783867914704619e-01 2.259488586882322281e+01
4.354131856957317304e-01 2.219592865264391435e+01
4.355479845999929989e-01 2.183987066642361086e+01
4.356827835042542674e-01 2.140927904675989524e+01
4.358175824085155914e-01 2.102245810049069163e+01
4.359523813127768599e-01 2.070850361204616519e+01
4.360871802170381284e-01 2.033050825792218674e+01
4.362219791212993969e-01 2.000280212697111182e+01
4.363567780255606654e-01 1.970903773598792696e+01
4.364915769298219894e-01 1.941350202353227061e+01
4.366263758340832579e-01 1.909653006582402313e+01
4.367611747383445264e-01 1.879589197538835776e+01
4.368959736426057949e-01 1.851348746226021547e+01
4.370307725468670634e-01 1.824606767049445821e+01
4.371655714511283874e-01 1.797868321809395553e+01
4.373003703553896560e-01 1.771233610901488120e+01
4.374351692596509245e-01 1.747035153727262724e+01
4.375699681639121930e-01 1.723436026441827451e+01
4.377047670681734615e-01 1.699465887463651015e+01
4.378395659724347300e-01 1.673868679533591930e+01
4.379743648766960540e-01 1.648323111468907598e+01
4.381091637809573225e-01 1.623329385058835683e+01
4.382439626852185910e-01 1.602407238491245067e+01
4.383787615894798595e-01 1.580365339134580971e+01
4.385135604937411280e-01 1.559026381721027299e+01
4.386483593980024520e-01 1.537917808341735437e+01
4.387831583022637205e-01 1.516433053064360159e+01
4.389179572065249890e-01 1.496889967016858591e+01
4.390527561107862575e-01 1.477182363072905780e+01
4.391875550150475260e-01 1.457236045136201952e+01
4.393223539193087945e-01 1.439646257742958291e+01
4.394571528235701185e-01 1.422527111639197450e+01
4.395919517278313871e-01 1.404419854050065553e+01
4.397267506320926556e-01 1.386173900886350552e+01
4.398615495363539241e-01 1.369223663856693740e+01
4.399963484406151926e-01 1.352832686466880219e+01
4.401311473448765166e-01 1.336801144488326365e+01
4.402659462491377851e-01 1.320519761770578526e+01
4.404007451533990536e-01 1.305053444992545408e+01
4.405355440576603221e-01 1.290131529632141394e+01
4.406703429619215906e-01 1.275586628655636368e+01
4.408051418661828591e-01 1.260846969465468881e+01
4.409399407704441831e-01 1.246179673328461845e+01
4.410747396747054516e-01 1.231021335207933909e+01
4.412095385789667201e-01 1.216936175600204528e+01
4.413443374832279886e-01 1.203254013743903883e+01
4.414791363874892571e-01 1.189427545474086578e+01
4.416139352917505811e-01 1.174811782458729681e+01
4.417487341960118497e-01 1.161818615081976702e+01
4.418835331002731182e-01 1.148799631257083398e+01
4.420183320045343867e-01 1.135706750906972218e+01
4.421531309087956552e-01 1.122164672163972199e+01
4.422879298130569237e-01 1.109939345621619466e+01
4.424227287173182477e-01 1.097188955369688301e+01
4.425575276215795162e-01 1.084992684205317204e+01
4.426923265258407847e-01 1.074270025762123915e+01
4.428271254301020532e-01 1.061794947198247741e+01
4.429619243343633217e-01 1.049299635999430436e+01
4.430967232386246457e-01 1.037308814276664393e+01
4.432315221428859142e-01 1.025658968667465842e+01
4.433663210471471827e-01 1.014011440473576542e+01
4.435011199514084512e-01 1.002376291635707872e+01
4.436359188556697197e-01 9.907165284003827566e+00
4.437707177599310437e-01 9.795461469671248977e+00
4.439055166641923122e-01 9.683768466999019608e+00
4.440403155684535808e-01 9.577636147810423495e+00
4.441751144727148493e-01 9.467628838650888667e+00
4.443099133769761178e-01 9.358793034580713766e+00
4.444447122812373863e-01 9.259303968057739809e+00
4.445795111854987103e-01 9.156399568837869651e+00
4.447143100897599788e-01 9.056989237811709614e+00
4.448491089940212473e-01 8.959361245210702762e+00
4.449839078982825158e-01 8.864573317482712156e+00
4.451187068025437843e-01 8.773970410678300524e+00
4.452535057068051083e-01 8.684997471852927475e+00
4.453883046110663768e-01 8.593511379046416820e+00
4.455231035153276453e-01 8.502783820096452061e+00
4.456579024195889138e-01 8.417688680426449466e+00
4.457927013238501823e-01 8.336914833147609727e+00
4.459275002281114508e-01 8.256621637620728649e+00
4.460622991323727748e-01 8.179878035574033035e+00
4.461970980366340433e-01 8.100627487362197954e+00
4.463318969408953119e-01 8.025395347528467838e+00
4.464666958451565804e-01 7.946022370547243696e+00
4.466014947494178489e-01 7.870441396814165103e+00
4.467362936536791729e-01 7.798549144132690181e+00
4.468710925579404414e-01 7.726462149571440285e+00
4.470058914622017099e-01 7.657740183906586395e+00
4.471406903664629784e-01 7.588739143703809198e+00
4.472754892707242469e-01 7.524096955487297400e+00
4.474102881749855154e-01 7.456258602736152596e+00
4.475450870792468394e-01 7.392762817494809902e+00
4.476798859835081079e-01 7.330465063452765051e+00
4.478146848877693764e-01 7.270687208609766472e+00
4.479494837920306449e-01 7.212670567191531212e+00
4.480842826962919134e-01 7.151823858777730081e+00
4.482190816005532374e-01 7.096402854623247158e+00
4.483538805048145059e-01 7.039546807079620550e+00
4.484886794090757745e-01 6.986717307062705551e+00
4.486234783133370430e-01 6.931604125922958382e+00
4.487582772175983115e-01 6.879352583535246701e+00
4.488930761218595800e-01 6.825858113484464695e+00
4.490278750261209040e-01 6.774443885505413654e+00
4.491626739303821725e-01 6.727687914809909131e+00
4.492974728346434410e-01 6.682278243153752406e+00
4.494322717389047095e-01 6.634095020421201028e+00
4.495670706431659780e-01 6.587449593539057346e+00
4.497018695474273020e-01 6.541440337332710797e+00
4.498366684516885705e-01 6.498468235109198687e+00
4.499714673559498390e-01 6.457734330018111812e+00
4.501062662602111075e-01 6.416022643933635194e+00
4.502410651644723760e-01 6.376594656782702764e+00
4.503758640687336445e-01 6.340443453393981521e+00
4.505106629729949685e-01 6.299839042665072775e+00
4.506454618772562370e-01 6.259813129576875745e+00
4.507802607815175056e-01 6.224771269181657907e+00
4.509150596857787741e-01 6.190894692515453990e+00
4.510498585900400426e-01 6.157750235634627423e+00
4.511846574943013666e-01 6.124133805157916832e+00
4.513194563985626351e-01 6.090121134423794658e+00
4.514542553028239036e-01 6.060499827456760968e+00
4.515890542070851721e-01 6.029409982019989123e+00
4.517238531113464406e-01 5.998292304087120108e+00
4.518586520156077091e-01 5.971443878610227962e+00
4.519934509198690331e-01 5.944214529885286424e+00
4.521282498241303016e-01 5.919438907538719263e+00
4.522630487283915701e-01 5.894542733272575497e+00
4.523978476326528386e-01 5.869524964693706437e+00
4.525326465369141071e-01 5.846696058274776675e+00
4.526674454411754311e-01 5.824607500335432064e+00
4.528022443454366996e-01 5.804651363565139555e+00
4.529370432496979682e-01 5.783101269528350130e+00
4.530718421539592367e-01 5.762468627707972857e+00
4.532066410582205052e-01 5.741787062227168725e+00
4.533414399624817737e-01 5.724953851058044663e+00
4.534762388667430977e-01 5.707412481384253944e+00
4.536110377710043662e-01 5.692383240681114565e+00
4.537458366752656347e-01 5.675345352810578170e+00
4.538806355795269032e-01 5.661199343776139870e+00
4.540154344837881717e-01 5.647959259818389199e+00
4.541502333880494957e-01 5.635641917597127737e+00
4.542850322923107642e-01 5.625253440300486574e+00
4.544198311965720327e-01 5.613030326115119983e+00
4.545546301008333012e-01 5.605052890087727668e+00
4.546894290050945697e-01 5.599573638879530968e+00
4.548242279093558382e-01 5.594838798544195413e+00
4.549590268136171622e-01 5.589327219881851327e+00
4.550938257178784307e-01 5.584651364143196517e+00
4.552286246221396993e-01 5.579986062887714482e+00
4.553634235264009678e-01 5.578999318847913891e+00
4.554982224306622363e-01 5.579419365915113893e+00
4.556330213349235603e-01 5.580056746260007472e+00
4.557678202391848288e-01 5.579623617229969135e+00
4.559026191434460973e-01 5.580742960967698174e+00
4.560374180477073658e-01 5.582418138280422326e+00
4.561722169519686343e-01 5.587240088480631250e+00
4.563070158562299028e-01 5.592582151313425065e+00
4.564418147604912268e-01 5.598373666503665191e+00
4.565766136647524953e-01 5.603772404022500098e+00
4.567114125690137638e-01 5.611121700311740845e+00
4.568462114732750323e-01 5.617924673708586170e+00
4.569810103775363008e-01 5.626435600015760485e+00
4.571158092817976248e-01 5.636934472533972951e+00
4.572506081860588933e-01 5.648193100211774897e+00
4.573854070903201618e-01 5.660925201621368252e+00
4.575202059945814304e-01 5.673381800502784067e+00
4.576550048988426989e-01 5.690119346412271462e+00
4.577898038031039674e-01 5.705642341193446043e+00
4.579246027073652914e-01 5.721044550749213364e+00
4.580594016116265599e-01 5.738595020277860392e+00
4.581942005158878284e-01 5.754320375131530163e+00
4.583289994201490969e-01 5.770303348804904253e+00
4.584637983244103654e-01 5.789734124511985769e+00
4.585985972286716894e-01 5.812716829964534426e+00
4.587333961329329579e-01 5.834155576828470302e+00
4.588681950371942264e-01 5.856302298400008155e+00
4.590029939414554949e-01 5.879971050139861433e+00
4.591377928457167634e-01 5.903707678243707235e+00
4.592725917499780319e-01 5.930834081085218479e+00
4.594073906542393559e-01 5.957424404450692101e+00
4.595421895585006244e-01 5.988165774774682149e+00
4.596769884627618930e-01 6.015668178739413285e+00
4.598117873670231615e-01 6.047970271701686329e+00
4.599465862712844300e-01 6.082423327525225076e+00
4.600813851755457540e-01 6.117975086840941046e+00
4.602161840798070225e-01 6.156416539603176474e+00
4.603509829840682910e-01 6.192136774090575280e+00
4.604857818883295595e-01 6.227119222389579711e+00
4.606205807925908280e-01 6.265175024587069430e+00
4.607553796968520965e-01 6.303593850809001253e+00
4.608901786011134205e-01 6.344162044910679477e+00
4.610249775053746890e-01 6.386176963697298703e+00
4.611597764096359575e-01 6.423687720514014821e+00
4.612945753138972260e-01 6.462753815124674617e+00
4.614293742181584945e-01 6.505663071303921186e+00
4.615641731224198185e-01 6.545678740239201154e+00
4.616989720266810870e-01 6.592274171066016208e+00
4.618337709309423555e-01 6.637292048107352294e+00
4.619685698352036241e-01 6.679588867198765989e+00
4.621033687394648926e-01 6.723521616734970507e+00
4.622381676437261611e-01 6.765748997574786650e+00
4.623729665479874851e-01 6.808945196645440845e+00
4.625077654522487536e-01 6.852349455714699111e+00
4.626425643565100221e-01 6.892262057362711580e+00
4.627773632607712906e-01 6.934443099611183214e+00
4.629121621650325591e-01 6.978235971906181057e+00
4.630469610692938831e-01 7.017210147802814824e+00
4.631817599735551516e-01 7.060201296078293609e+00
4.633165588778164201e-01 7.101621125468041029e+00
4.634513577820776886e-01 7.146460902317441466e+00
4.635861566863389571e-01 7.189354854097968150e+00
4.637209555906002256e-01 7.229335023017019246e+00
4.638557544948615496e-01 7.270503638891668174e+00
4.639905533991228181e-01 7.312882896217494100e+00
4.641253523033840866e-01 7.356302452927637958e+00
4.642601512076453552e-01 7.401514156415010426e+00
4.643949501119066237e-01 7.448959963056678291e+00
4.645297490161679477e-01 7.494754796083572757e+00
4.646645479204292162e-01 7.539958416110969175e+00
4.647993468246904847e-01 7.588441751989643436e+00
4.649341457289517532e-01 7.634872826787158395e+00
4.650689446332130217e-01 7.675453878957264386e+00
4.652037435374742902e-01 7.726603681097428122e+00
4.653385424417356142e-01 7.776000197370197320e+00
4.654733413459968827e-01 7.825902143757139662e+00
4.656081402502581512e-01 7.884059258684190219e+00
4.657429391545194197e-01 7.936161034272819492e+00
4.658777380587806882e-01 7.986709385728998356e+00
4.660125369630420122e-01 8.044478461915907985e+00
4.661473358673032807e-01 8.106621620291308616e+00
4.662821347715645492e-01 8.172045227853136140e+00
4.664169336758258178e-01 8.238939347310894945e+00
4.665517325800870863e-01 8.303164061426896225e+00
4.666865314843483548e-01 8.368576331483366104e+00
4.668213303886096788e-01 8.431290248311716695e+00
4.669561292928709473e-01 8.503768495332433730e+00
4.670909281971322158e-01 8.576337469958602355e+00
4.672257271013934843e-01 8.650131127551954791e+00
4.673605260056547528e-01 8.724444195308720396e+00
4.674953249099160768e-01 8.797410936411900195e+00
4.676301238141773453e-01 8.868826929756433941e+00
4.677649227184386138e-01 8.945611942321939125e+00
4.678997216226998823e-01 9.024253771242788602e+00
4.680345205269611508e-01 9.103225644821749896e+00
4.681693194312224193e-01 9.181488689553612303e+00
4.683041183354837433e-01 9.262209952616625941e+00
4.684389172397450118e-01 9.341349744905633301e+00
4.685737161440062803e-01 9.417476091420452278e+00
4.687085150482675489e-01 9.494519377322975018e+00
4.688433139525288729e-01 9.571274274669951510e+00
4.689781128567901414e-01 9.655862874933850648e+00
4.691129117610514099e-01 9.733995234620653747e+00
4.692477106653126784e-01 9.816768039821255343e+00
4.693825095695739469e-01 9.903099211368271426e+00
4.695173084738352154e-01 9.986370244630256465e+00
4.696521073780964839e-01 1.006531604998327367e+01
4.697869062823578079e-01 1.014195698109087296e+01
4.699217051866190764e-01 1.022030452911512910e+01
4.700565040908803449e-01 1.030334834234097130e+01
4.701913029951416134e-01 1.038655868593180820e+01
4.703261018994029374e-01 1.046540527514608954e+01
4.704609008036642059e-01 1.054229100696246668e+01
4.705956997079254744e-01 1.062087774280288777e+01
4.707304986121867429e-01 1.068857240794386243e+01
4.708652975164480115e-01 1.077484853400421905e+01
4.710000964207092800e-01 1.085434093899355190e+01
4.711348953249705485e-01 1.092354069180874632e+01
4.712696942292318725e-01 1.100004574960531833e+01
4.714044931334931410e-01 1.107623413173785032e+01
4.715392920377544095e-01 1.115671672819044602e+01
4.716740909420156780e-01 1.124346655265327577e+01
4.718088898462770020e-01 1.132590398544282451e+01
4.719436887505382705e-01 1.141453822568355392e+01
4.720784876547995390e-01 1.149826478942208574e+01
4.722132865590608075e-01 1.157477489240146618e+01
4.723480854633220760e-01 1.167239953826334720e+01
4.724828843675833445e-01 1.176741816651339967e+01
4.726176832718446130e-01 1.184783157402555176e+01
4.727524821761059370e-01 1.193904082386497834e+01
4.728872810803672055e-01 1.202185119654290091e+01
4.730220799846284740e-01 1.211641498196304312e+01
4.731568788888897426e-01 1.221330930123505532e+01
4.732916777931510666e-01 1.230755834952344685e+01
4.734264766974123351e-01 1.239379462748201810e+01
4.735612756016736036e-01 1.249607184680294480e+01
4.736960745059348721e-01 1.260428459728651696e+01
4.738308734101961406e-01 1.271291041918003195e+01
4.739656723144574091e-01 1.282143940111761715e+01
4.741004712187186776e-01 1.292641116240879740e+01
4.742352701229800016e-01 1.301696989465415832e+01
4.743700690272412701e-01 1.312148590446152241e+01
4.745048679315025386e-01 1.322871082127286435e+01
4.746396668357638071e-01 1.333680468991021328e+01
4.747744657400251311e-01 1.345300523294127437e+01
4.749092646442863996e-01 1.357616112786652529e+01
4.750440635485476681e-01 1.370337345576273336e+01
4.751788624528089366e-01 1.383030476055854585e+01
4.753136613570702051e-01 1.395351084023387322e+01
4.754484602613314737e-01 1.407816276119768339e+01
4.755832591655927977e-01 1.418455916502899861e+01
4.757180580698540662e-01 1.430974220190031332e+01
4.758528569741153347e-01 1.443987396643720800e+01
4.759876558783766032e-01 1.456399853717794279e+01
4.761224547826378717e-01 1.472698238770991352e+01
4.762572536868991957e-01 1.490394237904348174e+01
4.763920525911604642e-01 1.503586194798745801e+01
4.765268514954217327e-01 1.518884378983564076e+01
4.766616503996830012e-01 1.532428040349123854e+01
4.767964493039442697e-01 1.544702855626907123e+01
4.769312482082055382e-01 1.558787642048193867e+01
4.770660471124668622e-01 1.569344816695440770e+01
4.772008460167281307e-01 1.581342737611573845e+01
4.773356449209893992e-01 1.592923532759780869e+01
4.774704438252506677e-01 1.604515228973975027e+01
4.776052427295119363e-01 1.613060857351154098e+01
4.777400416337732603e-01 1.625867763391295995e+01
4.778748405380345288e-01 1.638161557828709292e+01
4.780096394422957973e-01 1.652117136298066313e+01
4.781444383465570658e-01 1.660710816829545067e+01
4.782792372508183343e-01 1.669973879877224121e+01
4.784140361550796028e-01 1.679651524460817669e+01
4.785488350593409268e-01 1.688081487813887094e+01
4.786836339636021953e-01 1.694985462570428680e+01
4.788184328678634638e-01 1.706404613214372645e+01
4.789532317721247323e-01 1.714695701866531863e+01
4.790880306763860008e-01 1.720181438700104337e+01
4.792228295806473248e-01 1.721945929424457233e+01
4.793576284849085933e-01 1.726493016149203541e+01
4.794924273891698618e-01 1.722335610832940844e+01
4.796272262934311303e-01 1.722839806053750422e+01
4.797620251976923988e-01 1.724758876485095982e+01
4.798968241019536674e-01 1.728054537138558544e+01
4.800316230062149914e-01 1.727033121934738702e+01
4.801664219104762599e-01 1.724136374218991108e+01
4.803012208147375284e-01 1.723240443419554424e+01
4.804360197189987969e-01 1.720642941702075746e+01
4.805708186232600654e-01 1.715994194880786239e+01
4.807056175275213894e-01 1.712535353208798838e+01
4.808404164317826579e-01 1.707224928922915907e+01
4.809752153360439264e-01 1.701797004364986776e+01
4.811100142403051949e-01 1.696303392994337145e+01
4.812448131445664634e-01 1.690797912343318288e+01
4.813796120488277319e-01 1.685335581496887869e+01
4.815144109530890559e-01 1.682187331662219520e+01
4.816492098573503244e-01 1.679153095552380393e+01
4.817840087616115929e-01 1.673463883166867916e+01
4.819188076658728614e-01 1.671242426734517394e+01
4.820536065701341299e-01 1.665829823027355516e+01
4.821884054743954540e-01 1.660926688414168595e+01
4.823232043786567225e-01 1.657607822916543938e+01
4.824580032829179910e-01 1.655271832564920587e+01
4.825928021871792595e-01 1.651689490371430225e+01
4.827276010914405280e-01 1.644760799942821095e+01
4.828623999957017965e-01 1.641942513354845445e+01
4.829971988999631205e-01 1.639763679238433269e+01
4.831319978042243890e-01 1.638235620563159145e+01
4.832667967084856575e-01 1.637368652362867394e+01
4.834015956127469260e-01 1.637171910475121805e+01
4.835363945170081945e-01 1.637653193511192740e+01
4.836711934212695185e-01 1.638818818465773930e+01
4.838059923255307870e-01 1.640673490405312762e+01
4.839407912297920555e-01 1.643220186789598714e+01
4.840755901340533240e-01 1.646460057173576175e+01
4.842103890383145925e-01 1.650392339291918731e+01
4.843451879425758611e-01 1.655014292830751899e+01
4.844799868468371851e-01 1.654464390484575276e+01
4.846147857510984536e-01 1.661350054881105009e+01
4.847495846553597221e-01 1.666559365693552408e+01
4.848843835596209906e-01 1.672276676233154546e+01
4.850191824638822591e-01 1.678463220280355017e+01
4.851539813681435831e-01 1.685076953154164059e+01
4.852887802724048516e-01 1.692072777073276768e+01
4.854235791766661201e-01 1.701948952311031604e+01
4.855583780809273886e-01 1.709234990436906543e+01
4.856931769851886571e-01 1.716790010775102715e+01
4.858279758894499256e-01 1.724557665131098361e+01
4.859627747937112496e-01 1.732481557748192103e+01
4.860975736979725181e-01 1.740506086109636286e+01
4.862323726022337866e-01 1.748577354062973654e+01
4.863671715064950551e-01 1.756644131810925202e+01
4.865019704107563236e-01 1.764658832543512190e+01
4.866367693150176477e-01 1.772578472424117280e+01
4.867715682192789162e-01 1.783753132325070112e+01
4.869063671235401847e-01 1.790945855184403612e+01
4.870411660278014532e-01 1.797995797883766400e+01
4.871759649320627217e-01 1.804883254828910921e+01
4.873107638363239902e-01 1.811596613598051064e+01
4.874455627405853142e-01 1.818132617312951282e+01
4.875803616448465827e-01 1.824496453985345212e+01
4.877151605491078512e-01 1.830701672382239309e+01
4.878499594533691197e-01 1.836769929573726046e+01
4.879847583576303882e-01 1.842730580434485432e+01
4.881195572618917122e-01 1.848620123999378251e+01
4.882543561661529807e-01 1.861575305850589146e+01
4.883891550704142492e-01 1.866539986054266009e+01
4.885239539746755177e-01 1.871678721946822677e+01
4.886587528789367862e-01 1.877041401769852769e+01
4.887935517831980547e-01 1.887492230406636651e+01
4.889283506874593788e-01 1.892841796983008962e+01
4.890631495917206473e-01 1.898649764198341927e+01
4.891979484959819158e-01 1.904967305899161545e+01
4.893327474002431843e-01 1.916370094318494566e+01
4.894675463045045083e-01 1.923286739470682249e+01
4.896023452087657768e-01 1.930930385454595211e+01
4.897371441130270453e-01 1.939343751430309837e+01
4.898719430172883138e-01 1.948568219761233067e+01
4.900067419215495823e-01 1.958643619790041868e+01
4.901415408258108508e-01 1.969608065104604222e+01
4.902763397300721193e-01 1.981497839891545709e+01
4.904111386343334433e-01 2.000420597830626690e+01
4.905459375385947118e-01 2.013566327670862677e+01
4.906807364428559803e-01 2.040330557545554058e+01
4.908155353471172488e-01 2.054280338954007945e+01
4.909503342513785729e-01 2.069520947722385174e+01
4.910851331556398414e-01 2.086056160678798932e+01
4.912199320599011099e-01 2.103889852426453544e+01
4.913547309641623784e-01 2.123025982868523087e+01
4.914895298684236469e-01 2.143468584898678131e+01
4.916243287726849154e-01 2.165221752323178350e+01
4.917591276769461839e-01 2.188289628074782556e+01
4.918939265812075079e-01 2.212676392772734602e+01
4.920287254854687764e-01 2.238386253676947391e+01
4.921635243897300449e-01 2.265423434078250509e+01
4.922983232939913134e-01 2.293792163160343023e+01
4.924331221982526374e-01 2.323496666362943941e+01
4.925679211025139059e-01 2.354541156269656099e+01
4.927027200067751744e-01 2.386929824038307046e+01
4.928375189110364429e-01 2.420666831386067130e+01
4.929723178152977114e-01 2.455756303136506702e+01
4.931071167195589799e-01 2.492202320330977372e+01
4.932419156238202484e-01 2.530008913902335976e+01
4.933767145280815725e-01 2.569180058905031672e+01
4.935115134323428410e-01 2.609719669292034894e+01
4.936463123366041095e-01 2.651631593225937422e+01
4.937811112408653780e-01 2.694919608908828934e+01
4.939159101451267020e-01 2.791890357987143645e+01
4.940507090493879705e-01 2.835632534077259592e+01
4.941855079536492390e-01 2.880857495797534185e+01
4.943203068579105075e-01 2.927565243147962093e+01
4.944551057621717760e-01 2.975755776128536212e+01
4.945899046664330445e-01 2.916478737342842820e+01
4.947247035706943130e-01 2.939030835879058756e+01
4.948595024749556370e-01 2.957163390042882867e+01
4.949943013792169055e-01 2.970312273968777816e+01
4.951291002834781740e-01 2.978061778339638721e+01
4.952638991877394425e-01 2.980183575814672281e+01
4.953986980920007666e-01 2.976658587481311002e+01
4.955334969962620351e-01 2.967678820609694412e+01
4.956682959005233036e-01 3.096894913486245926e+01
4.958030948047845721e-01 3.048704380505775191e+01
4.959378937090458406e-01 3.001996633155426153e+01
4.960726926133071091e-01 2.916700269963635961e+01
4.962074915175683776e-01 2.871384781263587982e+01
4.963422904218297016e-01 2.827493947568829569e+01
4.964770893260909701e-01 2.759738300538247202e+01
4.966118882303522386e-01 2.717523277477691579e+01
4.967466871346135071e-01 2.676680021234534834e+01
4.968814860388748311e-01 2.637205183716691792e+01
4.970162849431360996e-01 2.586408985297843799e+01
4.971510838473973681e-01 2.548935428100330469e+01
4.972858827516586366e-01 2.499480722249227682e+01
4.974206816559199051e-01 2.463831350180756985e+01
4.975554805601811736e-01 2.421193890778090463e+01
4.976902794644424421e-01 2.387539970640945342e+01
4.978250783687037662e-01 2.339409886518837567e+01
4.979598772729650347e-01 2.307129152156121776e+01
4.980946761772263032e-01 2.276005068262861641e+01
4.982294750814875717e-01 2.246029036776251075e+01
4.983642739857488957e-01 2.217192656671552697e+01
4.984990728900101642e-01 2.189487756319488199e+01
4.986338717942714327e-01 2.157578677802455402e+01
4.987686706985327012e-01 2.127075593162684441e+01
4.989034696027939697e-01 2.101864469370615396e+01
4.990382685070552382e-01 2.077698263383647515e+01
4.991730674113165067e-01 2.054568031332446765e+01
4.993078663155778307e-01 2.025209795677640656e+01
4.994426652198390992e-01 1.999735046759819213e+01
4.995774641241003677e-01 1.976690720792320022e+01
4.997122630283616362e-01 1.952420604381887870e+01
4.998470619326229603e-01 1.932580193887341480e+01
4.999818608368842288e-01 1.905713482174318685e+01
5.001166597411454973e-01 1.877051508273649105e+01
5.002514586454067658e-01 1.858044861737303677e+01
5.003862575496680343e-01 1.839753359527900400e+01
5.005210564539293028e-01 1.820447290701521226e+01
5.006558553581905713e-01 1.800085677969321551e+01
5.007906542624518398e-01 1.779483530499262400e+01
5.009254531667131083e-01 1.763021525675207712e+01
5.010602520709743768e-01 1.741516851232471907e+01
5.011950509752357563e-01 1.720154506936082939e+01
5.013298498794970248e-01 1.704327282870966442e+01
5.014646487837582933e-01 1.687451342117255138e+01
5.015994476880195618e-01 1.669643820014828606e+01
5.017342465922808303e-01 1.653193178345169301e+01
5.018690454965420988e-01 1.636067180942358590e+01
5.020038444008033673e-01 1.620375433604501580e+01
5.021386433050646358e-01 1.603118807295926374e+01
5.022734422093259044e-01 1.586151451966406789e+01
5.024082411135872839e-01 1.568981412511075391e+01
5.025430400178485524e-01 1.555111684263750504e+01
5.026778389221098209e-01 1.537641077533454315e+01
5.028126378263710894e-01 1.522892563960919077e+01
5.029474367306323579e-01 1.508169068651123901e+01
5.030822356348936264e-01 1.494956085490538911e+01
5.032170345391548949e-01 1.478041698140279081e+01
5.033518334434161634e-01 1.462642768047980901e+01
5.034866323476774319e-01 1.446840253305680690e+01
5.036214312519387004e-01 1.432255376787852619e+01
5.037562301561999689e-01 1.415751986610860413e+01
5.038910290604612374e-01 1.400363132487145812e+01
5.040258279647225059e-01 1.386540948268711837e+01
5.041606268689838855e-01 1.370768827945258650e+01
5.042954257732451540e-01 1.355958459756456058e+01
5.044302246775064225e-01 1.341320533266439874e+01
5.045650235817676910e-01 1.327737705844667460e+01
5.046998224860289595e-01 1.313509747138447104e+01
5.048346213902902280e-01 1.299634712492425059e+01
5.049694202945514965e-01 1.285279752940391162e+01
5.051042191988127650e-01 1.271794647814494894e+01
5.052390181030740335e-01 1.258615237404768195e+01
5.053738170073354130e-01 1.244881584225037230e+01
5.055086159115966815e-01 1.230552988717449203e+01
5.056434148158579500e-01 1.216863252353157776e+01
5.057782137201192185e-01 1.206524367562581723e+01
5.059130126243804870e-01 1.192405817248286581e+01
5.060478115286417555e-01 1.179512004365103728e+01
5.061826104329030240e-01 1.164940772072374564e+01
5.063174093371642925e-01 1.151520567277470519e+01
5.064522082414255610e-01 1.138419320839602200e+01
5.065870071456868295e-01 1.125480192407972524e+01
5.067218060499480980e-01 1.113184715387986756e+01
5.068566049542093666e-01 1.100980146927702918e+01
5.069914038584706351e-01 1.088384457380798409e+01
5.071262027627320146e-01 1.076315506885799778e+01
5.072610016669932831e-01 1.064752816244728173e+01
5.073958005712545516e-01 1.052960992584583266e+01
5.075305994755158201e-01 1.041498125906474215e+01
5.076653983797770886e-01 1.030984958381732142e+01
5.078001972840383571e-01 1.019213670351779477e+01
5.079349961882996256e-01 1.007968826208235669e+01
5.080697950925608941e-01 9.965345116088590416e+00
5.082045939968221626e-01 9.852540974379978778e+00
5.083393929010835421e-01 9.741783506808754822e+00
5.084741918053448106e-01 9.637744099310333823e+00
5.086089907096060792e-01 9.524266526745956085e+00
5.087437896138673477e-01 9.415648321407870114e+00
5.088785885181286162e-01 9.308005657541663425e+00
5.090133874223898847e-01 9.208224355440940201e+00
5.091481863266511532e-01 9.102350334348523475e+00
5.092829852309124217e-01 8.998168125192714584e+00
5.094177841351736902e-01 8.894803564536635676e+00
5.095525830394349587e-01 8.798537120588857618e+00
5.096873819436962272e-01 8.693088011429725981e+00
5.098221808479574957e-01 8.595324531239036503e+00
5.099569797522188752e-01 8.497050106727506602e+00
5.100917786564801437e-01 8.396457787832575903e+00
5.102265775607414122e-01 8.295608249401009715e+00
5.103613764650026807e-01 8.200410229501041925e+00
5.104961753692639492e-01 8.107610487668766908e+00
5.106309742735252177e-01 8.010714378772339828e+00
5.107657731777864862e-01 7.915540802066707293e+00
5.109005720820477547e-01 7.820881515535112349e+00
5.110353709863090232e-01 7.725464660580128040e+00
5.111701698905702917e-01 7.634357628690983333e+00
5.113049687948316713e-01 7.546783224694266323e+00
5.114397676990929398e-01 7.453290574729309448e+00
5.115745666033542083e-01 7.361856018659343803e+00
5.117093655076154768e-01 7.270713563288268233e+00
5.118441644118767453e-01 7.179689615282839554e+00
5.119789633161380138e-01 7.090141874638890229e+00
5.121137622203992823e-01 6.996606542400003903e+00
5.122485611246605508e-01 6.909723626684176168e+00
5.123833600289218193e-01 6.822523933636743365e+00
5.125181589331830878e-01 6.731349633662505383e+00
5.126529578374443563e-01 6.643644632494484448e+00
5.127877567417056248e-01 6.556858799582301778e+00
5.129225556459670043e-01 6.468613973848115428e+00
5.130573545502282728e-01 6.382562525396821229e+00
5.131921534544895414e-01 6.295615724402642499e+00
5.133269523587508099e-01 6.210046108552151445e+00
5.134617512630120784e-01 6.126313392481549158e+00
5.135965501672733469e-01 6.040572115147932131e+00
5.137313490715346154e-01 5.954524623812593731e+00
5.138661479757958839e-01 5.870839264113787870e+00
5.140009468800571524e-01 5.784532694583378820e+00
5.141357457843184209e-01 5.702008488969030786e+00
5.142705446885798004e-01 5.617731548754654192e+00
5.144053435928410689e-01 5.536922512146637665e+00
5.145401424971023374e-01 5.454242305965326665e+00
5.146749414013636059e-01 5.375643698392152281e+00
5.148097403056248744e-01 5.293849855313355057e+00
5.149445392098861429e-01 5.215125073038205272e+00
5.150793381141474114e-01 5.135991467573332692e+00
5.152141370184086799e-01 5.054218427048244422e+00
5.153489359226699484e-01 4.977900199191904740e+00
5.154837348269312169e-01 4.900086736167568624e+00
5.156185337311924854e-01 4.822664239133727548e+00
5.157533326354537540e-01 4.743410259147536223e+00
5.158881315397151335e-01 4.666650879430732424e+00
5.160229304439764020e-01 4.588909562401825681e+00
5.161577293482376705e-01 4.513408793703784561e+00
5.162925282524989390e-01 4.437152033768094306e+00
5.164273271567602075e-01 4.361342188188083391e+00
5.165621260610214760e-01 4.288198789987180959e+00
5.166969249652827445e-01 4.213368205220143992e+00
5.168317238695440130e-01 4.141399819420450434e+00
5.169665227738052815e-01 4.069020514393632659e+00
5.171013216780665500e-01 3.997385010960727403e+00
5.172361205823279295e-01 3.924340890691420114e+00
5.173709194865891980e-01 3.855606650190351203e+00
5.175057183908504665e-01 3.783821715032954724e+00
5.176405172951117351e-01 3.713959281774374066e+00
5.177753161993730036e-01 3.645032547125300670e+00
5.179101151036342721e-01 3.575485021961346543e+00
5.180449140078955406e-01 3.505307699712359781e+00
5.181797129121568091e-01 3.436522942372426392e+00
5.183145118164180776e-01 3.370040181364382104e+00
5.184493107206793461e-01 3.304128384943010754e+00
5.185841096249406146e-01 3.238233326770425524e+00
5.187189085292018831e-01 3.173711686307493451e+00
5.188537074334632626e-01 3.109030899806997983e+00
5.189885063377245311e-01 3.046699824921862199e+00
5.191233052419857996e-01 2.983282885260471140e+00
5.192581041462470681e-01 2.922201621626291157e+00
5.193929030505083366e-01 2.861460561800647007e+00
5.195277019547696051e-01 2.800917532905576657e+00
5.196625008590308736e-01 2.741002077516016655e+00
5.197972997632921421e-01 2.682809980376488657e+00
5.199320986675534106e-01 2.625086661596947035e+00
5.200668975718146791e-01 2.566855221471924242e+00
5.202016964760760587e-01 2.508994977287638761e+00
5.203364953803373272e-01 2.453447174538605946e+00
5.204712942845985957e-01 2.398214696378109689e+00
5.206060931888598642e-01 2.343065378448526914e+00
5.207408920931211327e-01 2.287151621178888927e+00
5.208756909973824012e-01 2.234990677632819001e+00
5.210104899016436697e-01 2.182124438854640136e+00
5.211452888059049382e-01 2.130054419623239603e+00
5.212800877101662067e-01 2.078782034032859105e+00
5.214148866144274752e-01 2.027845120991117245e+00
5.215496855186887437e-01 1.976784268491840191e+00
5.216844844229500122e-01 1.926938786193392872e+00
5.218192833272113917e-01 1.877997363187585256e+00
5.219540822314726602e-01 1.829823456497809531e+00
5.220888811357339288e-01 1.782407457688366170e+00
5.222236800399951973e-01 1.734864384373397739e+00
5.223584789442564658e-01 1.687960175320539102e+00
5.224932778485177343e-01 1.641148108118086313e+00
5.226280767527790028e-01 1.594775620630520363e+00
5.227628756570402713e-01 1.549294320433316496e+00
5.228976745613015398e-01 1.503319487893002071e+00
5.230324734655628083e-01 1.458865316962250747e+00
5.231672723698241878e-01 1.414908003541115677e+00
5.233020712740854563e-01 1.371880928315146742e+00
5.234368701783467248e-01 1.327949796721107578e+00
5.235716690826079933e-01 1.284962685026817875e+00
5.237064679868692618e-01 1.242294765128612255e+00
5.238412668911305303e-01 1.200385715846965295e+00
5.239760657953917988e-01 1.159103564491855476e+00
5.241108646996530673e-01 1.118433535977421123e+00
5.242456636039143358e-01 1.078143280188551101e+00
5.243804625081756043e-01 1.039072718416241159e+00
5.245152614124368728e-01 9.998240440921940531e-01
5.246500603166981413e-01 9.610496352128355957e-01
5.247848592209595209e-01 9.233327950059397882e-01
5.249196581252207894e-01 8.862997911318446498e-01
5.250544570294820579e-01 8.505487241924848396e-01
5.251892559337433264e-01 8.152419651577199611e-01
5.253240548380045949e-01 7.792322289915601941e-01
5.254588537422658634e-01 7.451935544091825570e-01
5.255936526465271319e-01 7.111857903333693720e-01
5.257284515507884004e-01 6.783250838800400917e-01
5.258632504550496689e-01 6.455827071559445685e-01
5.259980493593109374e-01 6.136863334776466727e-01
5.261328482635723169e-01 5.825664227729995259e-01
5.262676471678335854e-01 5.521367624994520940e-01
5.264024460720948539e-01 5.234200755582265607e-01
5.265372449763561225e-01 4.943373618181748919e-01
5.266720438806173910e-01 4.663161408830319710e-01
5.268068427848786595e-01 4.391990020993686850e-01
5.269416416891399280e-01 4.130749762560821381e-01
5.270764405934011965e-01 3.872817697665698611e-01
5.272112394976624650e-01 3.629642648888240508e-01
5.273460384019237335e-01 3.389647253059171472e-01
5.274808373061850020e-01 3.154686329013405843e-01
5.276156362104462705e-01 2.932162675316808964e-01
5.277504351147076500e-01 2.712581959678108667e-01
5.278852340189689185e-01 2.510891986902860085e-01
5.280200329232301870e-01 2.300498156874117572e-01
5.281548318274914555e-01 2.105224953134030852e-01
5.282896307317527240e-01 1.920472879917973774e-01
5.284244296360139925e-01 1.746646005695608184e-01
5.285592285402752610e-01 1.574087279924191451e-01
5.286940274445365295e-01 1.419488804927357961e-01
5.288288263487977980e-01 1.264816233319492611e-01
5.289636252530591776e-01 1.116457790897405072e-01
5.290984241573204461e-01 9.783881780030258268e-02
5.292332230615817146e-01 8.588991036918813826e-02
5.293680219658429831e-01 7.444955896387236982e-02
5.295028208701042516e-01 6.327013506375978036e-02
5.296376197743655201e-01 5.308242433571001145e-02
5.297724186786267886e-01 4.361951884334921981e-02
5.299072175828880571e-01 3.476962787393553939e-02
5.300420164871493256e-01 2.722859541146631368e-02
5.301768153914105941e-01 2.069582552881884044e-02
5.303116142956718626e-01 1.506615469905873278e-02
5.304464131999331311e-01 1.006271229630107018e-02
5.305812121041943996e-01 6.823549618183709885e-03
5.307160110084557791e-01 3.552660411716896706e-03
5.308508099127170476e-01 1.555311829288915726e-03
5.309856088169783161e-01 -0.000000000000000000e+00
5.311204077212395847e-01 2.554659625691557516e-04
5.312552066255008532e-01 1.556881588170586864e-03
5.313900055297621217e-01 3.791701411098117973e-03
5.315248044340233902e-01 6.385303332780649550e-03
5.316596033382846587e-01 1.000504017269320672e-02
5.317944022425459272e-01 1.472952282303491810e-02
5.319292011468073067e-01 2.087010922162092427e-02
5.320640000510685752e-01 2.736176170181546519e-02
5.321987989553298437e-01 3.538717093484089471e-02
5.323335978595911122e-01 4.405614408014527084e-02
5.324683967638523807e-01 5.387082985472467500e-02
5.326031956681136492e-01 6.507189835846279025e-02
5.327379945723749177e-01 7.710274961865866417e-02
5.328727934766361862e-01 9.006583940495715979e-02
5.330075923808974547e-01 1.040287391515893195e-01
5.331423912851587232e-01 1.185359411809442931e-01
5.332771901894199917e-01 1.341960195219567553e-01
5.334119890936812602e-01 1.511050362323564655e-01
5.335467879979425287e-01 1.694194996652675089e-01
5.336815869022039083e-01 1.886201217129023500e-01
5.338163858064651768e-01 2.088225243564950651e-01
5.339511847107264453e-01 2.293474669948994127e-01
5.340859836149877138e-01 2.524385787480727394e-01
5.342207825192489823e-01 2.754335908422969048e-01
5.343555814235102508e-01 2.995479446494707654e-01
5.344903803277715193e-01 3.239757142809787660e-01
5.346251792320327878e-01 3.510526876005128361e-01
5.347599781362940563e-01 3.785571990467204162e-01
5.348947770405554358e-01 4.073790263797140154e-01
5.350295759448167043e-01 4.367675300565913021e-01
5.351643748490779728e-01 4.671998242991798889e-01
5.352991737533392413e-01 4.983695804129586460e-01
5.354339726576005098e-01 5.305804627638437410e-01
5.355687715618617784e-01 5.641173373093644194e-01
5.357035704661230469e-01 5.992589734200491902e-01
5.358383693703843154e-01 6.346641199369498221e-01
5.359731682746455839e-01 6.718092880791487476e-01
5.361079671789068524e-01 7.093126891369107012e-01
5.362427660831681209e-01 7.475133715513465615e-01
5.363775649874293894e-01 7.875026739333126358e-01
5.365123638916906579e-01 8.290551730511748207e-01
5.366471627959520374e-01 8.704540792601637156e-01
5.367819617002133059e-01 9.142572857284531063e-01
5.369167606044745744e-01 9.585797155315392004e-01
5.370515595087358429e-01 1.003942110080475958e+00
5.371863584129971114e-01 1.051365676609107958e+00
5.373211573172583799e-01 1.099489507585190928e+00
5.374559562215196484e-01 1.149005259389564104e+00
5.375907551257809169e-01 1.199603841650356273e+00
5.377255540300421854e-01 1.252131498950590061e+00
5.378603529343035650e-01 1.305748327496576433e+00
5.379951518385648335e-01 1.360821876338176084e+00
5.381299507428261020e-01 1.417110956432207525e+00
5.382647496470873705e-01 1.475476726471024680e+00
5.383995485513486390e-01 1.535076840236284434e+00
5.385343474556099075e-01 1.596376926764118354e+00
5.386691463598711760e-01 1.659160749803916257e+00
5.388039452641324445e-01 1.722419793493174422e+00
5.389387441683937130e-01 1.787751918525918748e+00
5.390735430726549815e-01 1.854479281121057088e+00
5.392083419769162500e-01 1.924081123024137474e+00
5.393431408811775185e-01 1.993936508234251503e+00
5.394779397854388980e-01 2.065957560417875261e+00
5.396127386897001665e-01 2.139080377120798904e+00
5.397475375939614350e-01 2.214042638084189552e+00
5.398823364982227035e-01 2.290642080639567091e+00
5.400171354024839721e-01 2.369307600876362052e+00
5.401519343067452406e-01 2.449793449182493976e+00
5.402867332110065091e-01 2.532327971427172031e+00
5.404215321152677776e-01 2.614686338202410365e+00
5.405563310195290461e-01 2.700552673653012103e+00
5.406911299237903146e-01 2.787144450283735697e+00
5.408259288280516941e-01 2.875610369539868483e+00
5.409607277323129626e-01 2.965889654441602907e+00
5.410955266365742311e-01 3.058602955939342838e+00
5.412303255408354996e-01 3.152704705320527268e+00
5.413651244450967681e-01 3.247221057803653554e+00
5.414999233493580366e-01 3.344518073574227479e+00
5.416347222536193051e-01 3.443464296800620605e+00
5.417695211578805736e-01 3.543751942627304530e+00
5.419043200621418421e-01 3.646797946626195497e+00
5.420391189664031106e-01 3.751440308946928592e+00
5.421739178706643791e-01 3.858749292650847096e+00
5.423087167749256476e-01 3.964718474516851554e+00
5.424435156791870272e-01 4.072953152922359266e+00
5.425783145834482957e-01 4.184876396474090043e+00
5.427131134877095642e-01 4.295322070652011881e+00
5.428479123919708327e-01 4.409996879407851900e+00
5.429827112962321012e-01 4.526018494437330730e+00
5.431175102004933697e-01 4.644306237854584296e+00
5.432523091047546382e-01 4.762371837601927282e+00
5.433871080090159067e-01 4.881409860131194378e+00
5.435219069132771752e-01 5.005677168353830808e+00
5.436567058175384437e-01 5.129378695407760702e+00
5.437915047217998232e-01 5.255957276586316951e+00
5.439263036260610917e-01 5.384808828952859727e+00
5.440611025303223602e-01 5.515854378811661185e+00
5.441959014345836287e-01 5.649451816596856801e+00
5.443307003388448972e-01 5.783731800800110179e+00
5.444654992431061657e-01 5.921484479660599654e+00
5.446002981473674343e-01 6.061769596353189904e+00
5.447350970516287028e-01 6.198320158883598552e+00
5.448698959558899713e-01 6.341439594390268830e+00
5.450046948601512398e-01 6.487328395137478942e+00
5.451394937644125083e-01 6.637235622401809643e+00
5.452742926686737768e-01 6.785758891213500732e+00
5.454090915729351563e-01 6.939766637148557571e+00
5.455438904771964248e-01 7.090326865722501815e+00
5.456786893814576933e-01 7.250650885837966797e+00
5.458134882857189618e-01 7.406378012580214332e+00
5.459482871899802303e-01 7.566793681019198026e+00
5.460830860942414988e-01 7.728835964826779481e+00
5.462178849985027673e-01 7.893731779492211054e+00
5.463526839027640358e-01 8.062381536291464812e+00
5.464874828070253043e-01 8.237149411540549693e+00
5.466222817112865728e-01 8.400299011792613513e+00
5.467570806155479524e-01 8.571878506887747662e+00
5.468918795198092209e-01 8.748833066603230790e+00
5.470266784240704894e-01 8.932795370428758375e+00
5.471614773283317579e-01 9.114539993019143083e+00
5.472962762325930264e-01 9.300844095932365718e+00
5.474310751368542949e-01 9.492675675757112685e+00
5.475658740411155634e-01 9.683671591297789760e+00
5.477006729453768319e-01 9.878791053672449252e+00
5.478354718496381004e-01 1.008062278009066937e+01
5.479702707538993689e-01 1.028134678193954521e+01
5.481050696581606374e-01 1.048757007575674116e+01
5.482398685624219059e-01 1.069497223973139732e+01
5.483746674666832854e-01 1.090290294222780787e+01
5.485094663709445539e-01 1.111638045391467777e+01
5.486442652752058224e-01 1.132932515550406549e+01
5.487790641794670909e-01 1.154066327276195736e+01
5.489138630837283594e-01 1.175486882095596819e+01
5.490486619879896280e-01 1.197731156225190929e+01
5.491834608922508965e-01 1.220023557247187362e+01
5.493182597965121650e-01 1.243269517146414316e+01
5.494530587007734335e-01 1.265952888705205659e+01
5.495878576050347020e-01 1.288641823400162423e+01
5.497226565092960815e-01 1.311763835522373611e+01
5.498574554135573500e-01 1.336242855348042724e+01
5.499922543178186185e-01 1.361601967010105696e+01
5.501270532220798870e-01 1.386645322251322732e+01
5.502618521263411555e-01 1.412293270342492590e+01
5.503966510306024240e-01 1.437181223659776919e+01
5.505314499348636925e-01 1.463454169923367409e+01
5.506662488391249610e-01 1.489172580134558821e+01
5.508010477433862295e-01 1.516124748827104973e+01
5.509358466476474980e-01 1.544002091432086488e+01
5.510706455519087665e-01 1.570863312390429911e+01
5.512054444561700350e-01 1.598167032758790818e+01
5.513402433604313035e-01 1.626037000502623542e+01
5.514750422646926831e-01 1.653439648263069728e+01
5.516098411689539516e-01 1.683946079307983723e+01
5.517446400732152201e-01 1.710883021217004440e+01
5.518794389774764886e-01 1.739894275699026949e+01
5.520142378817377571e-01 1.770707152921828609e+01
5.521490367859990256e-01 1.802793132124616449e+01
5.522838356902602941e-01 1.832379634123624967e+01
5.524186345945215626e-01 1.863340834559134507e+01
5.525534334987829421e-01 1.898013392101426078e+01
5.526882324030442106e-01 1.933452562068130121e+01
5.528230313073054791e-01 1.966664392186566346e+01
5.529578302115667476e-01 1.997070410317653355e+01
5.530926291158280161e-01 2.033066607494658840e+01
5.532274280200892846e-01 2.064858884606180212e+01
5.533622269243505531e-01 2.099276842652007957e+01
5.534970258286118217e-01 2.137270511183346855e+01
5.536318247328730902e-01 2.176979917964512623e+01
5.537666236371343587e-01 2.208771751322638011e+01
5.539014225413956272e-01 2.258462432089897831e+01
5.540362214456568957e-01 2.297215345772147899e+01
5.541710203499181642e-01 2.344259849037252863e+01
5.543058192541794327e-01 2.381238921869831060e+01
5.544406181584408122e-01 2.434450291438019320e+01
5.545754170627020807e-01 2.486530842139388042e+01
5.547102159669633492e-01 2.521425396787278217e+01
5.548450148712246177e-01 2.571909617220708100e+01
5.549798137754858862e-01 2.608486682285899860e+01
5.551146126797471547e-01 2.646369850761772113e+01
5.552494115840084232e-01 2.685562298085131516e+01
5.553842104882696917e-01 2.726067255627897623e+01
5.555190093925310713e-01 2.785294769234501544e+01
5.556538082967923398e-01 2.827628054886595521e+01
5.557886072010536083e-01 2.871314492053783596e+01
5.559234061053148768e-01 2.964688405290759832e+01
5.560582050095761453e-01 3.009091736619944513e+01
5.561930039138374138e-01 3.054927581273697967e+01
5.563278028180986823e-01 3.102196844764738515e+01
5.564626017223599508e-01 3.150900428627363326e+01
5.565974006266212193e-01 3.201039229848198886e+01
5.567321995308824878e-01 3.322459855005541840e+01
5.568669984351437563e-01 3.373615959245635310e+01
5.570017973394050248e-01 3.426254849115584733e+01
5.571365962436662933e-01 3.480376524615272160e+01
5.572713951479275618e-01 3.535980985744532745e+01
5.574061940521889413e-01 3.593068232503133430e+01
5.575409929564502098e-01 3.651638264890743102e+01
5.576757918607114783e-01 3.711691082906889960e+01
5.578105907649727468e-01 8.289306334778564178e+01
5.579453896692340154e-01 8.289306334778564178e+01
5.580801885734952839e-01 8.289306334778564178e+01
5.582149874777565524e-01 8.289306334778564178e+01
5.583497863820178209e-01 8.289306334778564178e+01
5.584845852862792004e-01 8.289306334778564178e+01
5.586193841905404689e-01 8.289306334778564178e+01
5.587541830948017374e-01 8.289306334778564178e+01
5.588889819990630059e-01 8.289306334778564178e+01
5.590237809033242744e-01 8.289306334778564178e+01
5.591585798075855429e-01 8.289306334778564178e+01
5.592933787118468114e-01 8.289306334778564178e+01
5.594281776161080799e-01 8.289306334778564178e+01
5.595629765203693484e-01 8.289306334778564178e+01
5.596977754246306169e-01 8.289306334778564178e+01
5.598325743288918854e-01 8.289306334778564178e+01
5.599673732331531539e-01 8.289306334778564178e+01
5.601021721374144224e-01 8.289306334778564178e+01
5.602369710416758020e-01 8.289306334778564178e+01
5.603717699459370705e-01 8.289306334778564178e+01
5.605065688501983390e-01 8.289306334778564178e+01
5.606413677544596075e-01 8.289306334778564178e+01
5.607761666587208760e-01 8.289306334778564178e+01
5.609109655629821445e-01 8.289306334778564178e+01
5.610457644672434130e-01 8.289306334778564178e+01
5.611805633715046815e-01 8.289306334778564178e+01
5.613153622757659500e-01 8.289306334778564178e+01
5.614501611800273295e-01 8.289306334778564178e+01
5.615849600842885980e-01 8.289306334778564178e+01
5.617197589885498665e-01 8.289306334778564178e+01
5.618545578928111350e-01 8.289306334778564178e+01
5.619893567970724035e-01 8.289306334778564178e+01
5.621241557013336720e-01 8.289306334778564178e+01
5.622589546055949405e-01 8.289306334778564178e+01
5.623937535098562090e-01 8.289306334778564178e+01
5.625285524141174776e-01 8.289306334778564178e+01
5.626633513183787461e-01 8.289306334778564178e+01
5.627981502226400146e-01 8.289306334778564178e+01
5.629329491269012831e-01 8.289306334778564178e+01
5.630677480311625516e-01 8.289306334778564178e+01
5.632025469354239311e-01 8.289306334778564178e+01
5.633373458396851996e-01 8.289306334778564178e+01
5.634721447439464681e-01 8.289306334778564178e+01
5.636069436482077366e-01 8.289306334778564178e+01
