4.259678250866513749e-01 8.289306334778564178e+01
4.261202841739187841e-01 8.289306334778564178e+01
4.262727432611861933e-01 8.289306334778564178e+01
4.264252023484536580e-01 8.289306334778564178e+01
4.265776614357210672e-01 8.289306334778564178e+01
4.267301205229884764e-01 8.289306334778564178e+01
4.268825796102558856e-01 8.289306334778564178e+01
4.270350386975232948e-01 8.289306334778564178e+01
4.271874977847907595e-01 8.289306334778564178e+01
4.273399568720581687e-01 8.289306334778564178e+01
4.274924159593255779e-01 8.289306334778564178e+01
4.276448750465929871e-01 8.289306334778564178e+01
4.277973341338603963e-01 8.289306334778564178e+01
4.279497932211278055e-01 8.289306334778564178e+01
4.281022523083952702e-01 8.289306334778564178e+01
4.282547113956626794e-01 8.289306334778564178e+01
4.284071704829300886e-01 8.289306334778564178e+01
4.285596295701974978e-01 8.289306334778564178e+01
4.287120886574649070e-01 8.289306334778564178e+01
4.288645477447323717e-01 8.289306334778564178e+01
4.290170068319997809e-01 8.289306334778564178e+01
4.291694659192671901e-01 8.289306334778564178e+01
4.293219250065345993e-01 8.289306334778564178e+01
4.294743840938020085e-01 8.289306334778564178e+01
4.296268431810694732e-01 8.289306334778564178e+01
4.297793022683368824e-01 8.289306334778564178e+01
4.299317613556042916e-01 8.289306334778564178e+01
4.300842204428717008e-01 8.289306334778564178e+01
4.302366795301391100e-01 8.289306334778564178e+01
4.303891386174065747e-01 8.289306334778564178e+01
4.305415977046739839e-01 8.289306334778564178e+01
4.306940567919413931e-01 8.289306334778564178e+01
4.308465158792088023e-01 8.289306334778564178e+01
4.309989749664762115e-01 8.289306334778564178e+01
4.311514340537436207e-01 8.289306334778564178e+01
4.313038931410110854e-01 8.289306334778564178e+01
4.314563522282784946e-01 8.289306334778564178e+01
4.316088113155459038e-01 8.289306334778564178e+01
4.317612704028133130e-01 8.289306334778564178e+01
4.319137294900807222e-01 3.876147186731228800e+01
4.320661885773481869e-01 3.823246659247718071e+01
4.322186476646155961e-01 3.771469967150540015e+01
4.323711067518830053e-01 3.499402607431672152e+01
4.325235658391504145e-01 3.448390798491948317e+01
4.326760249264178237e-01 3.398508063746151464e+01
4.328284840136852885e-01 3.349758042043055184e+01
4.329809431009526977e-01 3.302144083291407384e+01
4.331334021882201069e-01 3.255497491140613420e+01
4.332858612754875161e-01 3.113265775550373249e+01
4.334383203627549253e-01 3.067011841340166001e+01
4.335907794500223345e-01 3.021889981558476990e+01
4.337432385372897992e-01 2.977899854501262311e+01
4.338956976245572084e-01 2.903260332633069041e+01
4.340481567118246176e-01 2.860650644474044668e+01
4.342006157990920268e-01 2.803865883447986462e+01
4.343530748863594360e-01 2.762995685835564785e+01
4.345055339736269007e-01 2.723222658021139253e+01
4.346579930608943099e-01 2.684546026741881874e+01
4.348104521481617191e-01 2.628718678087751215e+01
4.349629112354291283e-01 2.582556420452787549e+01
4.351153703226965375e-01 2.536699021062033665e+01
4.352678294099640022e-01 2.487661720022694212e+01
4.354202884972314114e-01 2.452232964150936567e+01
4.355727475844988206e-01 2.401813791487242611e+01
4.357252066717662298e-01 2.358450331219546214e+01
4.358776657590336390e-01 2.317475405954303724e+01
4.360301248463011037e-01 2.277043348987355742e+01
4.361825839335685129e-01 2.244610763940550768e+01
4.363350430208359221e-01 2.213110943762022487e+01
4.364875021081033313e-01 2.180128788000333984e+01
4.366399611953707405e-01 2.150350150731255283e+01
4.367924202826381497e-01 2.116969210817502045e+01
4.369448793699056144e-01 2.077856418410812367e+01
4.370973384571730236e-01 2.046173185361663016e+01
4.372497975444404328e-01 2.012557057407008543e+01
4.374022566317078420e-01 1.984143008999536661e+01
4.375547157189752512e-01 1.954066606556527930e+01
4.377071748062427159e-01 1.926862193786167055e+01
4.378596338935101251e-01 1.900332194918451378e+01
4.380120929807775343e-01 1.873597222627050840e+01
4.381645520680449435e-01 1.846296923111544785e+01
4.383170111553123527e-01 1.822327542671103728e+01
4.384694702425798174e-01 1.796750573051806299e+01
4.386219293298472266e-01 1.773450202399082798e+01
4.387743884171146358e-01 1.750389148342476631e+01
4.389268475043820450e-01 1.725256916932985973e+01
4.390793065916494542e-01 1.701893347248419985e+01
4.392317656789168634e-01 1.681534013129139282e+01
4.393842247661843281e-01 1.659887039840840828e+01
4.395366838534517373e-01 1.637056102473318475e+01
4.396891429407191465e-01 1.617487602289207160e+01
4.398416020279865557e-01 1.598291772639007569e+01
4.399940611152539649e-01 1.579395192303270612e+01
4.401465202025214296e-01 1.560339140987731099e+01
4.402989792897888388e-01 1.540969869691916472e+01
4.404514383770562480e-01 1.521140898537765018e+01
4.406038974643236572e-01 1.503033542583538384e+01
4.407563565515910664e-01 1.485248322520799213e+01
4.409088156388585311e-01 1.466449941013043734e+01
4.410612747261259403e-01 1.449442576464461219e+01
4.412137338133933495e-01 1.433216895659798951e+01
4.413661929006607587e-01 1.415995615618778203e+01
4.415186519879281679e-01 1.399357689165818108e+01
4.416711110751956326e-01 1.383985297853741336e+01
4.418235701624630418e-01 1.368642279951007623e+01
4.419760292497304510e-01 1.351658857346944842e+01
4.421284883369978602e-01 1.335638777974959446e+01
4.422809474242652694e-01 1.320296119888557840e+01
4.424334065115326786e-01 1.305706757932326134e+01
4.425858655988001433e-01 1.289656181123263501e+01
4.427383246860675525e-01 1.275423967469175857e+01
4.428907837733349617e-01 1.261588871993177818e+01
4.430432428606023709e-01 1.245478013501767478e+01
4.431957019478697801e-01 1.230629206088558014e+01
4.433481610351372448e-01 1.216522831192740384e+01
4.435006201224046540e-01 1.202674410372549829e+01
4.436530792096720632e-01 1.188527854909529680e+01
4.438055382969394724e-01 1.174628706960293201e+01
4.439579973842068816e-01 1.160879094230511832e+01
4.441104564714743463e-01 1.146171956864981034e+01
4.442629155587417555e-01 1.132350917251587497e+01
4.444153746460091647e-01 1.119573904338715131e+01
4.445678337332765739e-01 1.106319060462727322e+01
4.447202928205439831e-01 1.092789141869868708e+01
4.448727519078113923e-01 1.079464535769479205e+01
4.450252109950788570e-01 1.065927064363611265e+01
4.451776700823462662e-01 1.052726718149397200e+01
4.453301291696136754e-01 1.040195063681742305e+01
4.454825882568810846e-01 1.026991343807981849e+01
4.456350473441484938e-01 1.013634425573897069e+01
4.457875064314159586e-01 1.000969566373860786e+01
4.459399655186833678e-01 9.881933645421449697e+00
4.460924246059507770e-01 9.763096914273784677e+00
4.462448836932181861e-01 9.639332886617637541e+00
4.463973427804855953e-01 9.517788972168808925e+00
4.465498018677530601e-01 9.401960027566744316e+00
4.467022609550204693e-01 9.275721184000623509e+00
4.468547200422878785e-01 9.156781696541502313e+00
4.470071791295552877e-01 9.032021313799909024e+00
4.471596382168226969e-01 8.916576028177122026e+00
4.473120973040901616e-01 8.795053507478746369e+00
4.474645563913575708e-01 8.689147152041790889e+00
4.476170154786249800e-01 8.572195437935683060e+00
4.477694745658923892e-01 8.460111952528768242e+00
4.479219336531597984e-01 8.348083962947287162e+00
4.480743927404272631e-01 8.241838330071766805e+00
4.482268518276946723e-01 8.129887428640223845e+00
4.483793109149620815e-01 8.025160638836572602e+00
4.485317700022294907e-01 7.921749405280917422e+00
4.486842290894968999e-01 7.818774201370275456e+00
4.488366881767643091e-01 7.716639014951442554e+00
4.489891472640317738e-01 7.618692615794350864e+00
4.491416063512991830e-01 7.515792068461109032e+00
4.492940654385665922e-01 7.423250358138761662e+00
4.494465245258340014e-01 7.327671265257665212e+00
4.495989836131014106e-01 7.231901821038109190e+00
4.497514427003688753e-01 7.141736023094257924e+00
4.499039017876362845e-01 7.050916367419974407e+00
4.500563608749036937e-01 6.963285119155510294e+00
4.502088199621711029e-01 6.878095890167062798e+00
4.503612790494385121e-01 6.790026334789454943e+00
4.505137381367059213e-01 6.703578071578551345e+00
4.506661972239733860e-01 6.620844262934778790e+00
4.508186563112407952e-01 6.539589037109378111e+00
4.509711153985082044e-01 6.457893190296468688e+00
4.511235744857756136e-01 6.382386715878215711e+00
4.512760335730430228e-01 6.305142255734720536e+00
4.514284926603104875e-01 6.230251056847874835e+00
4.515809517475778967e-01 6.155417958510597032e+00
4.517334108348453059e-01 6.081099050612467138e+00
4.518858699221127151e-01 6.007165390921339387e+00
4.520383290093801243e-01 5.935106614681729731e+00
4.521907880966475890e-01 5.865699228710393953e+00
4.523432471839149982e-01 5.797497645173971925e+00
4.524957062711824074e-01 5.728165779592155005e+00
4.526481653584498166e-01 5.660451161328562186e+00
4.528006244457172258e-01 5.593907816052041682e+00
4.529530835329846905e-01 5.529254370730945389e+00
4.531055426202520997e-01 5.467519806738213362e+00
4.532580017075195089e-01 5.404389139721105906e+00
4.534104607947869181e-01 5.341033091802431798e+00
4.535629198820543273e-01 5.279667423575840068e+00
4.537153789693217920e-01 5.221169181563509731e+00
4.538678380565892012e-01 5.160692565500969664e+00
4.540202971438566104e-01 5.101315258877347603e+00
4.541727562311240196e-01 5.045260205474750848e+00
4.543252153183914288e-01 4.989187049814749919e+00
4.544776744056588380e-01 4.934774643065845012e+00
4.546301334929263027e-01 4.881989411289635150e+00
4.547825925801937119e-01 4.828712623744317867e+00
4.549350516674611211e-01 4.775360567469663309e+00
4.550875107547285303e-01 4.725830419790632675e+00
4.552399698419959395e-01 4.675312734007719406e+00
4.553924289292634042e-01 4.624241275481134394e+00
4.555448880165308134e-01 4.576327865368331693e+00
4.556973471037982226e-01 4.529661769453107389e+00
4.558498061910656318e-01 4.482287254482808514e+00
4.560022652783330410e-01 4.437487142398215845e+00
4.561547243656004502e-01 4.393105717894514761e+00
4.563071834528679149e-01 4.349183443061155785e+00
4.564596425401353241e-01 4.307277273412386087e+00
4.566121016274027333e-01 4.265809120050965575e+00
4.567645607146701425e-01 4.227850785443076020e+00
4.569170198019375517e-01 4.188249156691103536e+00
4.570694788892050164e-01 4.151014127836927692e+00
4.572219379764724256e-01 4.116456772458554347e+00
4.573743970637398348e-01 4.081676174364845977e+00
4.575268561510072440e-01 4.047279840673336793e+00
4.576793152382746532e-01 4.013954352263481518e+00
4.578317743255421179e-01 3.983201547750124583e+00
4.579842334128095271e-01 3.952116070006787663e+00
4.581366925000769363e-01 3.921566055785441041e+00
4.582891515873443455e-01 3.893031236756900881e+00
4.584416106746117547e-01 3.864390083818321386e+00
4.585940697618792194e-01 3.835657336904422010e+00
4.587465288491466286e-01 3.808484283555900962e+00
4.588989879364140378e-01 3.782929314471104032e+00
4.590514470236814470e-01 3.757675496303699347e+00
4.592039061109488562e-01 3.735000362764778536e+00
4.593563651982163210e-01 3.712508453512372686e+00
4.595088242854837302e-01 3.689583711184905024e+00
4.596612833727511394e-01 3.667894645515545893e+00
4.598137424600185486e-01 3.646195283676939791e+00
4.599662015472859578e-01 3.623612063835525365e+00
4.601186606345534225e-01 3.603643877175240373e+00
4.602711197218208317e-01 3.583369007056894873e+00
4.604235788090882409e-01 3.564336512795989620e+00
4.605760378963556501e-01 3.546289382083319452e+00
4.607284969836230593e-01 3.528235939202851057e+00
4.608809560708904685e-01 3.512114028980351854e+00
4.610334151581579332e-01 3.495450110550534450e+00
4.611858742454253424e-01 3.481010007089260228e+00
4.613383333326927516e-01 3.465560524681357002e+00
4.614907924199601608e-01 3.450910287891467920e+00
4.616432515072275700e-01 3.436363363866355325e+00
4.617957105944949792e-01 3.423795794884581412e+00
4.619481696817624439e-01 3.410132513078414362e+00
4.621006287690298531e-01 3.397744441280449390e+00
4.622530878562972623e-01 3.385813055885549705e+00
4.624055469435646715e-01 3.375268998316104607e+00
4.625580060308320807e-01 3.364884716273304210e+00
4.627104651180995454e-01 3.354984919067185434e+00
4.628629242053669546e-01 3.345618351947575952e+00
4.630153832926343638e-01 3.338787028118820999e+00
4.631678423799017730e-01 3.332657683806897086e+00
4.633203014671691822e-01 3.328534412355454997e+00
4.634727605544366469e-01 3.322171588269154263e+00
4.636252196417040561e-01 3.318850998688354537e+00
4.637776787289714653e-01 3.314812651365259377e+00
4.639301378162388745e-01 3.312643352413373155e+00
4.640825969035062837e-01 3.311465694033078222e+00
4.642350559907737484e-01 3.310071088973746800e+00
4.643875150780411576e-01 3.310144018270804622e+00
4.645399741653085668e-01 3.312190194111200192e+00
4.646924332525759760e-01 3.314296382446877409e+00
4.648448923398433852e-01 3.317274454339538270e+00
4.649973514271108499e-01 3.321311313913434926e+00
4.651498105143782591e-01 3.328203930452128922e+00
4.653022696016456683e-01 3.333727626177442005e+00
4.654547286889130775e-01 3.341377155535594667e+00
4.656071877761804867e-01 3.349921707017073924e+00
4.657596468634479514e-01 3.359596499839417216e+00
4.659121059507153606e-01 3.369904772935043091e+00
4.660645650379827698e-01 3.381170578265286331e+00
4.662170241252501790e-01 3.394581425743449454e+00
4.663694832125175882e-01 3.408133673172029976e+00
4.665219422997849974e-01 3.422419669232028117e+00
4.666744013870524621e-01 3.438075751616867404e+00
4.668268604743198713e-01 3.456027060245231652e+00
4.669793195615872805e-01 3.473847330005809031e+00
4.671317786488546897e-01 3.492079002034956581e+00
4.672842377361220989e-01 3.511022677552184224e+00
4.674366968233895081e-01 3.532578160641047571e+00
4.675891559106569728e-01 3.553307767182694032e+00
4.677416149979243820e-01 3.575700356735930896e+00
4.678940740851917912e-01 3.599313138717827876e+00
4.680465331724592004e-01 3.623984213249372921e+00
4.681989922597266096e-01 3.649907450855381263e+00
4.683514513469940743e-01 3.674019521998918236e+00
4.685039104342614835e-01 3.700984462528140728e+00
4.686563695215288927e-01 3.728298362694156154e+00
4.688088286087963019e-01 3.756561239081444015e+00
4.689612876960637111e-01 3.785205413761461468e+00
4.691137467833311758e-01 3.816372117963817701e+00
4.692662058705985850e-01 3.845357471561725138e+00
4.694186649578659942e-01 3.876357233011248571e+00
4.695711240451334034e-01 3.908939656048993072e+00
4.697235831324008126e-01 3.941012800151698858e+00
4.698760422196682773e-01 3.972402860646679912e+00
4.700285013069356865e-01 4.006220967399500843e+00
4.701809603942030957e-01 4.039655757356012344e+00
4.703334194814705049e-01 4.075128091248868323e+00
4.704858785687379141e-01 4.111841780634510002e+00
4.706383376560053788e-01 4.146185289311015154e+00
4.707907967432727880e-01 4.181712040248985573e+00
4.709432558305401972e-01 4.216843015462578670e+00
4.710957149178076064e-01 4.253632371570405191e+00
4.712481740050750156e-01 4.289277027931122532e+00
4.714006330923424803e-01 4.327372353435912977e+00
4.715530921796098895e-01 4.364197629014134883e+00
4.717055512668772987e-01 4.402457211224492184e+00
4.718580103541447079e-01 4.441151424354923272e+00
4.720104694414121171e-01 4.480398492461345583e+00
4.721629285286795263e-01 4.522159829680610699e+00
4.723153876159469911e-01 4.562705276652701869e+00
4.724678467032144003e-01 4.605343230991569392e+00
4.726203057904818094e-01 4.647516650879063071e+00
4.727727648777492186e-01 4.690422405082869339e+00
4.729252239650166278e-01 4.733770983366785146e+00
4.730776830522840370e-01 4.777975268081501525e+00
4.732301421395515018e-01 4.822733549471708514e+00
4.733826012268189110e-01 4.866445440039262493e+00
4.735350603140863202e-01 4.912449070099555115e+00
4.736875194013537294e-01 4.959404785206553257e+00
4.738399784886211386e-01 5.007293973388761366e+00
4.739924375758886033e-01 5.058169461363204888e+00
4.741448966631560125e-01 5.109935271158666303e+00
4.742973557504234217e-01 5.160263741206695620e+00
4.744498148376908309e-01 5.212977067363658179e+00
4.746022739249582401e-01 5.263359284563824403e+00
4.747547330122257048e-01 5.315008797108990102e+00
4.749071920994931140e-01 5.369268116177107864e+00
4.750596511867605232e-01 5.425682448399431479e+00
4.752121102740279324e-01 5.482328010231650062e+00
4.753645693612953416e-01 5.540114728853525072e+00
4.755170284485628063e-01 5.599447083975976014e+00
4.756694875358302155e-01 5.661752572234085790e+00
4.758219466230976247e-01 5.723604984080100877e+00
4.759744057103650339e-01 5.786520005253188437e+00
4.761268647976324431e-01 5.853546571381395225e+00
4.762793238848999078e-01 5.920636679150388382e+00
4.764317829721673170e-01 5.987887493829076924e+00
4.765842420594347262e-01 6.057292685028347279e+00
4.767367011467021354e-01 6.126386256396820329e+00
4.768891602339695446e-01 6.196633910711199178e+00
4.770416193212370093e-01 6.266842926728227070e+00
4.771940784085044185e-01 6.337200329187575143e+00
4.773465374957718277e-01 6.409398660320906771e+00
4.774989965830392369e-01 6.483952258337227548e+00
4.776514556703066461e-01 6.560338141014296021e+00
4.778039147575740553e-01 6.638092422954793292e+00
4.779563738448415200e-01 6.719508809934835902e+00
4.781088329321089292e-01 6.799376469274317714e+00
4.782612920193763384e-01 6.878685595746446779e+00
4.784137511066437476e-01 6.963213084224322280e+00
4.785662101939111568e-01 7.044423213600471634e+00
4.787186692811785660e-01 7.129223478817144688e+00
4.788711283684460307e-01 7.215066670396249826e+00
4.790235874557134399e-01 7.302265263844701870e+00
4.791760465429808491e-01 7.388646901931251065e+00
4.793285056302482583e-01 7.471900023182248773e+00
4.794809647175156675e-01 7.559213952950729620e+00
4.796334238047831322e-01 7.647352680122722290e+00
4.797858828920505414e-01 7.736593972047391077e+00
4.799383419793179506e-01 7.827196892656794525e+00
4.800908010665853598e-01 7.922603434283340462e+00
4.802432601538527690e-01 8.016433521951617180e+00
4.803957192411202337e-01 8.103948939926700845e+00
4.805481783283876429e-01 8.194092383818365022e+00
4.807006374156550521e-01 8.286756592075835925e+00
4.808530965029224613e-01 8.375794233313580861e+00
4.810055555901898705e-01 8.462513180558424608e+00
4.811580146774573352e-01 8.556266506635399338e+00
4.813104737647247444e-01 8.651432980049131416e+00
4.814629328519921536e-01 8.746904264720811284e+00
4.816153919392595628e-01 8.834599158301696065e+00
4.817678510265269720e-01 8.930635757383461382e+00
4.819203101137944367e-01 9.020853879544752374e+00
4.820727692010618459e-01 9.111285554402446252e+00
4.822252282883292551e-01 9.199915498914831957e+00
4.823776873755966643e-01 9.286576589456457143e+00
4.825301464628640735e-01 9.382734763212889462e+00
4.826826055501315382e-01 9.470808098640191020e+00
4.828350646373989474e-01 9.562622863157859143e+00
4.829875237246663566e-01 9.652911773412418128e+00
4.831399828119337658e-01 9.746546029722978233e+00
4.832924418992011750e-01 9.831185494245612944e+00
4.834449009864685842e-01 9.925554415056167201e+00
4.835973600737360489e-01 1.001586228060875960e+01
4.837498191610034581e-01 1.010567454763213213e+01
4.839022782482708673e-01 1.019008623308983985e+01
4.840547373355382765e-01 1.028344381243084626e+01
4.842071964228056857e-01 1.037022119345229498e+01
4.843596555100730949e-01 1.045633743870537380e+01
4.845121145973405596e-01 1.054441067857154302e+01
4.846645736846079688e-01 1.061901733664432790e+01
4.848170327718753780e-01 1.070918946805844918e+01
4.849694918591427872e-01 1.079621006871841260e+01
4.851219509464101964e-01 1.088380139598370633e+01
4.852744100336776611e-01 1.097153697729324584e+01
4.854268691209450703e-01 1.106126820443712866e+01
4.855793282082124795e-01 1.114513500970514670e+01
4.857317872954798887e-01 1.124039345063529005e+01
4.858842463827472979e-01 1.132974912384087318e+01
4.860367054700147627e-01 1.141975288889787166e+01
4.861891645572821719e-01 1.150449367203172635e+01
4.863416236445495811e-01 1.158885931132709324e+01
4.864940827318169903e-01 1.168929217631547957e+01
4.866465418190843994e-01 1.178082468698805130e+01
4.867990009063518642e-01 1.187975893922140713e+01
4.869514599936192734e-01 1.197768154647429562e+01
4.871039190808866826e-01 1.208004048072363368e+01
4.872563781681540918e-01 1.218030117554172342e+01
4.874088372554215010e-01 1.228642551595041077e+01
4.875612963426889657e-01 1.239449298437057756e+01
4.877137554299563749e-01 1.249839906595249239e+01
4.878662145172237841e-01 1.260963095012523638e+01
4.880186736044911933e-01 1.273017304730831079e+01
4.881711326917586025e-01 1.284661938475385590e+01
4.883235917790260672e-01 1.296851570908156859e+01
4.884760508662934764e-01 1.309176179532224893e+01
4.886285099535608856e-01 1.321714201967546920e+01
4.887809690408282948e-01 1.335899179323521935e+01
4.889334281280957040e-01 1.349750522059921209e+01
4.890858872153631687e-01 1.364196674708183465e+01
4.892383463026305224e-01 1.372481069173859147e+01
4.893908053898979871e-01 1.386231574607730899e+01
4.895432644771653963e-01 1.400298961863255087e+01
4.896957235644328055e-01 1.414498244982698694e+01
4.898481826517002702e-01 1.429720757884366833e+01
4.900006417389676239e-01 1.444722934213514343e+01
4.901531008262350886e-01 1.460144770093016042e+01
4.903055599135024978e-01 1.475204975955807107e+01
4.904580190007699070e-01 1.491238916253395530e+01
4.906104780880373162e-01 1.508397311509934546e+01
4.907629371753047254e-01 1.525218009547197440e+01
4.909153962625721901e-01 1.542695184139207498e+01
4.910678553498395993e-01 1.560238029823927342e+01
4.912203144371070085e-01 1.580133900235659716e+01
4.913727735243744177e-01 1.597916239451153686e+01
4.915252326116418269e-01 1.608982131962216044e+01
4.916776916989092916e-01 1.625332506235360697e+01
4.918301507861767008e-01 1.641929648379515072e+01
4.919826098734441100e-01 1.657357244623149128e+01
4.921350689607115192e-01 1.673113446993895437e+01
4.922875280479789284e-01 1.688360769638208581e+01
4.924399871352463931e-01 1.705382790879221488e+01
4.925924462225138023e-01 1.719012755016397520e+01
4.927449053097812115e-01 1.735074187141464108e+01
4.928973643970486207e-01 1.748021980160513422e+01
4.930498234843160299e-01 1.763516841344533503e+01
4.932022825715834946e-01 1.776594520323925508e+01
4.933547416588509038e-01 1.790567676791961205e+01
4.935072007461183130e-01 1.803071349247559141e+01
4.936596598333857222e-01 1.818557309070833483e+01
4.938121189206531314e-01 1.829336736838124011e+01
4.939645780079205961e-01 1.839857771571265488e+01
4.941170370951880053e-01 1.848025976083474475e+01
4.942694961824554145e-01 1.855800175865512358e+01
4.944219552697228237e-01 1.865204524132758479e+01
4.945744143569902329e-01 1.876204454148828660e+01
4.947268734442576976e-01 1.885982226893719726e+01
4.948793325315251068e-01 1.894929168536554798e+01
4.950317916187925160e-01 1.908394728990575118e+01
4.951842507060599252e-01 1.917766226260943441e+01
4.953367097933273344e-01 1.916293201219140840e+01
4.954891688805947991e-01 1.917407372098356078e+01
4.956416279678621528e-01 1.918136793928560024e+01
4.957940870551296175e-01 1.925001249947470683e+01
4.959465461423970267e-01 1.928195821372602481e+01
4.960990052296644359e-01 1.932572785133264759e+01
4.962514643169318451e-01 1.930216535571490510e+01
4.964039234041992543e-01 1.933406983465257767e+01
4.965563824914667190e-01 1.935020241628232185e+01
4.967088415787341282e-01 1.928038907157967685e+01
4.968613006660015374e-01 1.921470355704820321e+01
4.970137597532689466e-01 1.916608879985751557e+01
4.971662188405363558e-01 1.911942998239026892e+01
4.973186779278038205e-01 1.907490654916377082e+01
4.974711370150712297e-01 1.905765000627413386e+01
4.976235961023386389e-01 1.897442046382649039e+01
4.977760551896060481e-01 1.890069637669510527e+01
4.979285142768734573e-01 1.885437643986153944e+01
4.980809733641409220e-01 1.884325972223038903e+01
4.982334324514083312e-01 1.879666300569673254e+01
4.983858915386757404e-01 1.872743004094936126e+01
4.985383506259431496e-01 1.865908926797605361e+01
4.986908097132105588e-01 1.861441850419079103e+01
4.988432688004780236e-01 1.860117930515841067e+01
4.989957278877454327e-01 1.852681364270432951e+01
4.991481869750128419e-01 1.844911338841699688e+01
4.993006460622802511e-01 1.840109910539240801e+01
4.994531051495476603e-01 1.833022701396552989e+01
4.996055642368151251e-01 1.828209352111556285e+01
4.997580233240825343e-01 1.823485453767691666e+01
4.999104824113499435e-01 1.818840329606924655e+01
5.000629414986172971e-01 1.811662824660391280e+01
5.002154005858847619e-01 1.801451978152430300e+01
5.003678596731522266e-01 1.796103165380329258e+01
5.005203187604195803e-01 1.790748327628096348e+01
5.006727778476870450e-01 1.783226358879096907e+01
5.008252369349543986e-01 1.774842426863654055e+01
5.009776960222218634e-01 1.768941117126984253e+01
5.011301551094893281e-01 1.763010913214025521e+01
5.012826141967566818e-01 1.752564462273433321e+01
5.014350732840241465e-01 1.743209144899986285e+01
5.015875323712915002e-01 1.736458190718330030e+01
5.017399914585589649e-01 1.727380782896309697e+01
5.018924505458264296e-01 1.717992849372478403e+01
5.020449096330937833e-01 1.710695765029362292e+01
5.021973687203612480e-01 1.700692724616927975e+01
5.023498278076286017e-01 1.689177421317699768e+01
5.025022868948960664e-01 1.681203039424972090e+01
5.026547459821635311e-01 1.673220164198950854e+01
5.028072050694308848e-01 1.663410848106470397e+01
5.029596641566983495e-01 1.655293068151312141e+01
5.031121232439657032e-01 1.645951381199412822e+01
5.032645823312331679e-01 1.636451345729734896e+01
5.034170414185006326e-01 1.629534804514401003e+01
5.035695005057679863e-01 1.618273806964840844e+01
5.037219595930354510e-01 1.603298396624272826e+01
5.038744186803028047e-01 1.590309324319524187e+01
5.040268777675702694e-01 1.579893366862309811e+01
5.041793368548377341e-01 1.567365870533714656e+01
5.043317959421050878e-01 1.557111707602826556e+01
5.044842550293725525e-01 1.545203947310631065e+01
5.046367141166399062e-01 1.533510417327542719e+01
5.047891732039073709e-01 1.521078025900360409e+01
5.049416322911748356e-01 1.509718976244931632e+01
5.050940913784421893e-01 1.496405411942826724e+01
5.052465504657096540e-01 1.483526541764361717e+01
5.053990095529770077e-01 1.472566009684415889e+01
5.055514686402444724e-01 1.462054513548937251e+01
5.057039277275119371e-01 1.454220082677418979e+01
5.058563868147792908e-01 1.441024299542952214e+01
5.060088459020467555e-01 1.429861264720816827e+01
5.061613049893141092e-01 1.418713780738960750e+01
5.063137640765815739e-01 1.406465926651172893e+01
5.064662231638490386e-01 1.393231596110048898e+01
5.066186822511163923e-01 1.380149044652449142e+01
5.067711413383838570e-01 1.369161227436526040e+01
5.069236004256512107e-01 1.356804698897202854e+01
5.070760595129186754e-01 1.344896611879214454e+01
5.072285186001861401e-01 1.333241748673625260e+01
5.073809776874534938e-01 1.321760851651782076e+01
5.075334367747209585e-01 1.309152702066911544e+01
5.076858958619883122e-01 1.300278110417867694e+01
5.078383549492557769e-01 1.287934482265376701e+01
5.079908140365232416e-01 1.275955680201546016e+01
5.081432731237905953e-01 1.264204036132502296e+01
5.082957322110580600e-01 1.252676066960933099e+01
5.084481912983254137e-01 1.240821838135600252e+01
5.086006503855928784e-01 1.228044396160427354e+01
5.087531094728602321e-01 1.216407293342767204e+01
5.089055685601276968e-01 1.204426121118325277e+01
5.090580276473951615e-01 1.193007634144436224e+01
5.092104867346625152e-01 1.181717652309387390e+01
5.093629458219299799e-01 1.170429599129394838e+01
5.095154049091973336e-01 1.160338133569627317e+01
5.096678639964647983e-01 1.148824371797446631e+01
5.098203230837322630e-01 1.137579303113318119e+01
5.099727821709996167e-01 1.126610477343558614e+01
5.101252412582670814e-01 1.114449159412394508e+01
5.102777003455344351e-01 1.103254516230693660e+01
5.104301594328018998e-01 1.092129148073527389e+01
5.105826185200693645e-01 1.080699434486074395e+01
5.107350776073367182e-01 1.069637493045032350e+01
5.108875366946041829e-01 1.059377324929837449e+01
5.110399957818715366e-01 1.049051868109714647e+01
5.111924548691390013e-01 1.037194647271226522e+01
5.113449139564063550e-01 1.026096405670812040e+01
5.114973730436738197e-01 1.015206703096854390e+01
5.116498321309412844e-01 1.003840910036586287e+01
5.118022912182086381e-01 9.933772652992075791e+00
5.119547503054761028e-01 9.824847332493069629e+00
5.121072093927434565e-01 9.713223237479716943e+00
5.122596684800109212e-01 9.605903498226815884e+00
5.124121275672783860e-01 9.500446929571133126e+00
5.125645866545457396e-01 9.389183162107086034e+00
5.127170457418132044e-01 9.285881623248247507e+00
5.128695048290805580e-01 9.178813744132911623e+00
5.130219639163480227e-01 9.073119194760398187e+00
5.131744230036154875e-01 8.966751050558153580e+00
5.133268820908828411e-01 8.861768853788417388e+00
5.134793411781503059e-01 8.753114986249626028e+00
5.136318002654176595e-01 8.647023065393144137e+00
5.137842593526851243e-01 8.541557117294122037e+00
5.139367184399525890e-01 8.436185129460753274e+00
5.140891775272199427e-01 8.332474170285543380e+00
5.142416366144874074e-01 8.229466114196819504e+00
5.143940957017547611e-01 8.129602238057088925e+00
5.145465547890222258e-01 8.024594953355245863e+00
5.146990138762896905e-01 7.916760295612034426e+00
5.148514729635570442e-01 7.815705344554016776e+00
5.150039320508245089e-01 7.710288622605163233e+00
5.151563911380918626e-01 7.606158072747124521e+00
5.153088502253593273e-01 7.502016980254057721e+00
5.154613093126267920e-01 7.403038962423127423e+00
5.156137683998941457e-01 7.302041883927319788e+00
5.157662274871616104e-01 7.199418507368964271e+00
5.159186865744289641e-01 7.098019651695834931e+00
5.160711456616964288e-01 6.998963761794082750e+00
5.162236047489638935e-01 6.899487087760239667e+00
5.163760638362312472e-01 6.801247316191898484e+00
5.165285229234987119e-01 6.704900774442612565e+00
5.166809820107660656e-01 6.604176709848395888e+00
5.168334410980335303e-01 6.503360629827731998e+00
5.169859001853009950e-01 6.407469113878748956e+00
5.171383592725683487e-01 6.309973176481108226e+00
5.172908183598358134e-01 6.216473035661012503e+00
5.174432774471031671e-01 6.120614027819187619e+00
5.175957365343706318e-01 6.031530217547058648e+00
5.177481956216380965e-01 5.940335988623689722e+00
5.179006547089054502e-01 5.851791285710667090e+00
5.180531137961729149e-01 5.761829695134973228e+00
5.182055728834402686e-01 5.671014624881896005e+00
5.183580319707077333e-01 5.582059434583915625e+00
5.185104910579751980e-01 5.493040841204974711e+00
5.186629501452425517e-01 5.406725350134527375e+00
5.188154092325100164e-01 5.321340074121551744e+00
5.189678683197773701e-01 5.237176930351201243e+00
5.191203274070448348e-01 5.154761144152566033e+00
5.192727864943122995e-01 5.074903475773516526e+00
5.194252455815796532e-01 4.993762175753854393e+00
5.195777046688471179e-01 4.909596304956004964e+00
5.197301637561144716e-01 4.828705099202263540e+00
5.198826228433819363e-01 4.748699397884937667e+00
5.200350819306494010e-01 4.671036031627216367e+00
5.201875410179167547e-01 4.592522570100460833e+00
5.203400001051842194e-01 4.514690443172871603e+00
5.204924591924515731e-01 4.439907651630788266e+00
5.206449182797190378e-01 4.366177589526921032e+00
5.207973773669863915e-01 4.292362911983153673e+00
5.209498364542538562e-01 4.219134217455217772e+00
5.211022955415213209e-01 4.147677587388979958e+00
5.212547546287886746e-01 4.076026693244634735e+00
5.214072137160561393e-01 4.004617068141314462e+00
5.215596728033234930e-01 3.935351933937066171e+00
5.217121318905909577e-01 3.865447890579984058e+00
5.218645909778584224e-01 3.796924782647425722e+00
5.220170500651257761e-01 3.730225068666553678e+00
5.221695091523932408e-01 3.663780347874551424e+00
5.223219682396605945e-01 3.597911030658812237e+00
5.224744273269280592e-01 3.532040119316143922e+00
5.226268864141954129e-01 3.467859363608808199e+00
5.227793455014628776e-01 3.404621707215405468e+00
5.229318045887303423e-01 3.340969097726444570e+00
5.230842636759976960e-01 3.278652786411511144e+00
5.232367227632651607e-01 3.215461462675504478e+00
5.233891818505325144e-01 3.153224146471752753e+00
5.235416409377999791e-01 3.092907075268156003e+00
5.236941000250674438e-01 3.030912603773177505e+00
5.238465591123347975e-01 2.970569560117269692e+00
5.239990181996022622e-01 2.910683426126211337e+00
5.241514772868696159e-01 2.851281217479422203e+00
5.243039363741370806e-01 2.792827958853985493e+00
5.244563954614045453e-01 2.735163777091310422e+00
5.246088545486718990e-01 2.677139340752135777e+00
5.247613136359393637e-01 2.620455737358788451e+00
5.249137727232067174e-01 2.562700777949703745e+00
5.250662318104741821e-01 2.505582521096528570e+00
5.252186908977416469e-01 2.449014211668143037e+00
5.253711499850090005e-01 2.393637311942109491e+00
5.255236090722764652e-01 2.337333276480912936e+00
5.256760681595438189e-01 2.282096697957222808e+00
5.258285272468112836e-01 2.227225605541305775e+00
5.259809863340787484e-01 2.172697564212677346e+00
5.261334454213461020e-01 2.119456413092810632e+00
5.262859045086135668e-01 2.066252396934081137e+00
5.264383635958809204e-01 2.013193822651074161e+00
5.265908226831483852e-01 1.959967204498317184e+00
5.267432817704158499e-01 1.909493772941661893e+00
5.268957408576832036e-01 1.857300047816152988e+00
5.270481999449506683e-01 1.806010164288325948e+00
5.272006590322180219e-01 1.755285328305169479e+00
5.273531181194854867e-01 1.706419360107805927e+00
5.275055772067529514e-01 1.657248134783029014e+00
5.276580362940203051e-01 1.608689038829485662e+00
5.278104953812877698e-01 1.560765985670734990e+00
5.279629544685551235e-01 1.513057353652949688e+00
5.281154135558225882e-01 1.466372381832720118e+00
5.282678726430900529e-01 1.420119122354574825e+00
5.284203317303574066e-01 1.374962300217373867e+00
5.285727908176248713e-01 1.330209079146055684e+00
5.287252499048922250e-01 1.286187222707107836e+00
5.288777089921596897e-01 1.243573940921538279e+00
5.290301680794271544e-01 1.201142323793382927e+00
5.291826271666945081e-01 1.159528725033270202e+00
5.293350862539619728e-01 1.118980441009340243e+00
5.294875453412293265e-01 1.079066367921206027e+00
5.296400044284967912e-01 1.039764832323225141e+00
5.297924635157642559e-01 1.000836516067557191e+00
5.299449226030316096e-01 9.629171142113164272e-01
5.300973816902990743e-01 9.266825137544677515e-01
5.302498407775664280e-01 8.905329752515805941e-01
5.304022998648338927e-01 8.550456456154913454e-01
5.305547589521013574e-01 8.203739878193883062e-01
5.307072180393687111e-01 7.857645528925660816e-01
5.308596771266361758e-01 7.528983078959619046e-01
5.310121362139035295e-01 7.210848616991351046e-01
5.311645953011709942e-01 6.891506612966808998e-01
5.313170543884384589e-01 6.584927197082774963e-01
5.314695134757058126e-01 6.281111021953386109e-01
5.316219725629732773e-01 5.991429510553649695e-01
5.317744316502406310e-01 5.706930078828460484e-01
5.319268907375080957e-01 5.427418555395338018e-01
5.320793498247754494e-01 5.162725071790214004e-01
5.322318089120429141e-01 4.904348016280111189e-01
5.323842679993103788e-01 4.649854337865980680e-01
5.325367270865777325e-01 4.405170597163092783e-01
5.326891861738451972e-01 4.166982856544640956e-01
5.328416452611125509e-01 3.936073548287241097e-01
5.329941043483800156e-01 3.710677661867570754e-01
5.331465634356474803e-01 3.494298732419873765e-01
5.332990225229148340e-01 3.279706364314006195e-01
5.334514816101822987e-01 3.077390785377446814e-01
5.336039406974496524e-01 2.885011490007121093e-01
5.337563997847171171e-01 2.704643970197129210e-01
5.339088588719845818e-01 2.523365277237681892e-01
5.340613179592519355e-01 2.352047151413221016e-01
5.342137770465194002e-01 2.184214818267260216e-01
5.343662361337867539e-01 2.025717919950472401e-01
5.345186952210542186e-01 1.875481532175466426e-01
5.346711543083215723e-01 1.725905384687744792e-01
5.348236133955890370e-01 1.583967652807584670e-01
5.349760724828565017e-01 1.452753687110573677e-01
5.351285315701238554e-01 1.321307481236030923e-01
5.352809906573913201e-01 1.200295069401682707e-01
5.354334497446586738e-01 1.082698161350121452e-01
5.355859088319261385e-01 9.734095503830964002e-02
5.357383679191936032e-01 8.675254054289906203e-02
5.358908270064609569e-01 7.748048633048400247e-02
5.360432860937284216e-01 6.800401102109537854e-02
5.361957451809957753e-01 5.904936143951873551e-02
5.363482042682632400e-01 5.076935972869203034e-02
5.365006633555307047e-01 4.290244664538254288e-02
5.366531224427980584e-01 3.618303998008220307e-02
5.368055815300655231e-01 2.997681233170063769e-02
5.369580406173328768e-01 2.424417875122060473e-02
5.371104997046003415e-01 1.928003609327906195e-02
5.372629587918678062e-01 1.474460737910411254e-02
5.374154178791351599e-01 1.142540596554103734e-02
5.375678769664026246e-01 8.204072002776825398e-03
5.377203360536699783e-01 4.476655945150732376e-03
5.378727951409374430e-01 2.951228133303260542e-03
5.380252542282049077e-01 1.470151365192073900e-03
5.381777133154722614e-01 2.820917569745533455e-04
5.383301724027397261e-01 -0.000000000000000000e+00
5.384826314900070798e-01 5.069605257121052345e-04
5.386350905772745445e-01 1.079369673768592513e-03
5.387875496645420093e-01 2.877980598200465760e-03
5.389400087518093629e-01 4.610308421747367526e-03
5.390924678390768277e-01 7.730436754005710551e-03
5.392449269263441813e-01 1.160645141322933470e-02
5.393973860136116460e-01 1.638406503905815922e-02
5.395498451008791108e-01 2.130802688957679838e-02
5.397023041881464644e-01 2.727282731931440773e-02
5.398547632754139292e-01 3.356625395466070194e-02
5.400072223626812828e-01 4.123713087799479871e-02
5.401596814499487476e-01 4.908991584352285359e-02
5.403121405372162123e-01 5.735883827299249893e-02
5.404645996244835660e-01 6.647918371855893183e-02
5.406170587117510307e-01 7.610725998204251330e-02
5.407695177990183844e-01 8.709044249266108262e-02
5.409219768862858491e-01 9.796170023303442387e-02
5.410744359735533138e-01 1.106650878176107383e-01
5.412268950608206675e-01 1.237723086653304688e-01
5.413793541480881322e-01 1.379659830557281586e-01
5.415318132353554859e-01 1.521759669431969886e-01
5.416842723226229506e-01 1.675023234857972165e-01
5.418367314098904153e-01 1.836583563491589188e-01
5.419891904971577690e-01 2.008600470646013658e-01
5.421416495844252337e-01 2.186676445953132097e-01
5.422941086716925874e-01 2.367180906350614400e-01
5.424465677589600521e-01 2.555666109809294206e-01
5.425990268462275168e-01 2.759773811674259836e-01
5.427514859334948705e-01 2.972248649828500011e-01
5.429039450207623352e-01 3.187956476764696179e-01
5.430564041080296889e-01 3.413753136701869750e-01
5.432088631952971536e-01 3.641897088756609890e-01
5.433613222825646183e-01 3.886811732397286168e-01
5.435137813698319720e-01 4.132509899686662713e-01
5.436662404570994367e-01 4.389692711172714090e-01
5.438186995443667904e-01 4.658465230625095099e-01
5.439711586316342551e-01 4.932333623403879486e-01
5.441236177189016088e-01 5.210423944708189037e-01
5.442760768061690735e-01 5.491521954518189252e-01
5.444285358934365382e-01 5.784822876357320620e-01
5.445809949807038919e-01 6.091571756472269339e-01
5.447334540679713566e-01 6.409991737720477367e-01
5.448859131552387103e-01 6.739147770736755305e-01
5.450383722425061750e-01 7.071125542200790148e-01
5.451908313297736397e-01 7.412488319128015535e-01
5.453432904170409934e-01 7.765248698826664464e-01
5.454957495043084581e-01 8.127925187552290653e-01
5.456482085915758118e-01 8.493536981543452491e-01
5.458006676788432765e-01 8.865601354408944035e-01
5.459531267661106302e-01 9.247348456820336793e-01
5.461055858533780949e-01 9.646125557445902610e-01
5.462580449406455596e-01 1.004542873699645122e+00
5.464105040279129133e-01 1.045266061191199913e+00
5.465629631151803780e-01 1.088272678184257769e+00
5.467154222024477317e-01 1.131470741998693574e+00
5.468678812897151964e-01 1.174988438543778102e+00
5.470203403769826611e-01 1.219397290307951964e+00
5.471727994642500148e-01 1.265238420502953876e+00
5.473252585515174795e-01 1.312245373076344146e+00
5.474777176387848332e-01 1.359627614302389098e+00
5.476301767260522979e-01 1.407467372851299192e+00
5.477826358133197626e-01 1.456268867293599056e+00
5.479350949005871163e-01 1.507051963172865161e+00
5.480875539878545810e-01 1.558056605735718803e+00
5.482400130751219347e-01 1.610042636119171089e+00
5.483924721623893994e-01 1.662233284339526884e+00
5.485449312496568641e-01 1.715156742190851791e+00
5.486973903369242178e-01 1.769323000985173033e+00
5.488498494241916825e-01 1.824682386928810240e+00
5.490023085114590362e-01 1.880147612199392748e+00
5.491547675987265009e-01 1.935608459191515029e+00
5.493072266859939656e-01 1.993003683257716041e+00
5.494596857732613193e-01 2.050336393652376188e+00
5.496121448605287840e-01 2.109433846110049249e+00
5.497646039477961377e-01 2.169108336338694709e+00
5.499170630350636024e-01 2.229511648213063246e+00
5.500695221223310671e-01 2.290566990860101182e+00
5.502219812095984208e-01 2.351874972183255252e+00
5.503744402968658855e-01 2.414626699658224851e+00
5.505268993841332392e-01 2.476441249833495117e+00
5.506793584714007039e-01 2.539860816715916680e+00
5.508318175586681686e-01 2.602861848624023811e+00
5.509842766459355223e-01 2.667059463852626156e+00
5.511367357332029870e-01 2.732037423774228202e+00
5.512891948204703407e-01 2.797271412107948496e+00
5.514416539077378054e-01 2.863132926392077948e+00
5.515941129950052702e-01 2.927473414331763113e+00
5.517465720822726238e-01 2.995352174478785212e+00
5.518990311695400885e-01 3.063304729451739483e+00
5.520514902568074422e-01 3.131469524034586005e+00
5.522039493440749069e-01 3.199744538542268035e+00
5.523564084313423717e-01 3.268780600640881495e+00
5.525088675186097253e-01 3.338607758792935254e+00
5.526613266058771901e-01 3.409374944129362373e+00
5.528137856931445437e-01 3.480655578467182654e+00
5.529662447804120085e-01 3.552570428740244868e+00
5.531187038676794732e-01 3.624777060368182813e+00
5.532711629549468269e-01 3.698611673013457501e+00
5.534236220422142916e-01 3.771919672829528114e+00
5.535760811294816452e-01 3.846093964088485251e+00
5.537285402167491100e-01 3.922945679886370662e+00
5.538809993040165747e-01 3.999350668726966429e+00
5.540334583912839284e-01 4.075909010185068126e+00
5.541859174785513931e-01 4.153954636449709525e+00
5.543383765658187468e-01 4.233080179385297903e+00
5.544908356530862115e-01 4.314329038587996656e+00
5.546432947403536762e-01 4.396468517567590162e+00
5.547957538276210299e-01 4.480387795027665376e+00
5.549482129148884946e-01 4.563808586571831860e+00
5.551006720021558483e-01 4.650004095781849145e+00
5.552531310894233130e-01 4.734868531721687646e+00
5.554055901766907777e-01 4.817970006488473622e+00
5.555580492639581314e-01 4.904137752015092389e+00
5.557105083512254851e-01 4.994509710528053148e+00
5.558629674384929498e-01 5.083186489952788989e+00
5.560154265257604145e-01 5.173147765015706057e+00
5.561678856130278792e-01 5.265543468397011928e+00
5.563203447002952329e-01 5.359883458200692452e+00
5.564728037875625866e-01 5.455957149785384708e+00
5.566252628748300513e-01 5.551904357285429192e+00
5.567777219620975160e-01 5.648076558640195088e+00
5.569301810493648697e-01 5.743371673181862924e+00
5.570826401366323344e-01 5.842508119869463279e+00
5.572350992238996881e-01 5.939924744856972971e+00
5.573875583111671528e-01 6.042578664977582115e+00
5.575400173984346175e-01 6.145977225495612650e+00
5.576924764857019712e-01 6.248195054498292933e+00
5.578449355729694359e-01 6.353399715377441304e+00
5.579973946602367896e-01 6.456247566346890565e+00
5.581498537475042543e-01 6.566468342575802808e+00
5.583023128347717190e-01 6.677945307680214881e+00
5.584547719220390727e-01 6.790463338777295910e+00
5.586072310093065374e-01 6.900631396847289878e+00
5.587596900965738911e-01 7.012220724188563459e+00
5.589121491838413558e-01 7.125475029091075996e+00
5.590646082711088205e-01 7.241732059876689220e+00
5.592170673583761742e-01 7.358333200239865590e+00
5.593695264456436389e-01 7.475287382700354755e+00
5.595219855329109926e-01 7.591831794961402480e+00
5.596744446201784573e-01 7.707242410122479015e+00
5.598269037074459220e-01 7.830580487994657446e+00
5.599793627947132757e-01 7.957037031042546005e+00
5.601318218819807404e-01 8.079936523389330105e+00
5.602842809692480941e-01 8.205038595619539521e+00
5.604367400565155588e-01 8.327836611899321895e+00
5.605891991437830235e-01 8.459034303510534869e+00
5.607416582310503772e-01 8.584086871230255156e+00
5.608941173183178419e-01 8.716193443451748735e+00
5.610465764055851956e-01 8.852342174311607081e+00
5.611990354928526603e-01 8.989790053697912953e+00
5.613514945801201250e-01 9.126062155374045304e+00
5.615039536673874787e-01 9.261476974136369833e+00
5.616564127546549434e-01 9.403949877541418090e+00
5.618088718419222971e-01 9.547262110108386324e+00
5.619613309291897618e-01 9.658072882132882953e+00
5.621137900164572265e-01 9.792185278013032956e+00
5.622662491037245802e-01 9.933792624211223554e+00
5.624187081909920449e-01 1.007724894308829988e+01
5.625711672782593986e-01 1.022538027005534644e+01
5.627236263655268633e-01 1.037121354183672040e+01
5.628760854527943280e-01 1.051432079247907403e+01
5.630285445400616817e-01 1.065953462752917957e+01
5.631810036273291464e-01 1.081291936758595895e+01
5.633334627145965001e-01 1.096888738209930203e+01
5.634859218018639648e-01 1.111506348368289387e+01
5.636383808891314295e-01 1.126690580106737727e+01
5.637908399763987832e-01 1.141645100072331331e+01
5.639432990636662479e-01 1.156497152426133823e+01
5.640957581509336016e-01 1.171033257960200125e+01
5.642482172382010663e-01 1.186023415790315028e+01
5.644006763254685310e-01 1.201488760262488498e+01
5.645531354127358847e-01 1.216552540571285057e+01
5.647055945000033494e-01 1.233405511148112588e+01
5.648580535872707031e-01 1.249316696262775572e+01
5.650105126745381678e-01 1.265559926885180531e+01
5.651629717618056326e-01 1.280800232131084293e+01
5.653154308490729862e-01 1.296917432383670388e+01
5.654678899363404510e-01 1.312795101487461658e+01
5.656203490236078046e-01 1.328979949923368231e+01
5.657728081108752693e-01 1.347352649732411223e+01
5.659252671981427341e-01 1.362611762070243060e+01
5.660777262854100877e-01 1.380685614420546692e+01
5.662301853726775525e-01 1.396725341374311569e+01
5.663826444599449061e-01 1.414266772712345066e+01
5.665351035472123709e-01 1.432355791476061313e+01
5.666875626344798356e-01 1.448741957632736010e+01
5.668400217217471893e-01 1.465776192708051084e+01
5.669924808090145429e-01 1.482786516165076129e+01
5.671449398962820077e-01 1.499492673234149009e+01
5.672973989835494724e-01 1.519364245049117912e+01
5.674498580708169371e-01 1.536305225408324304e+01
5.676023171580842908e-01 1.554377138907700484e+01
5.677547762453516444e-01 1.572310381914528676e+01
5.679072353326191092e-01 1.588994035389020532e+01
5.680596944198865739e-01 1.607614413601098136e+01
5.682121535071540386e-01 1.627709174743669607e+01
5.683646125944213923e-01 1.645406566722494546e+01
5.685170716816887460e-01 1.665781091854205798e+01
5.686695307689562107e-01 1.683971062818690356e+01
5.688219898562236754e-01 1.703060957434551881e+01
5.689744489434910291e-01 1.722217427531097655e+01
5.691269080307584938e-01 1.743120159756946563e+01
5.692793671180258475e-01 1.763094259096807903e+01
5.694318262052933122e-01 1.785547073596901058e+01
5.695842852925607769e-01 1.816389793832342647e+01
5.697367443798281306e-01 1.838695772467287171e+01
5.698892034670955953e-01 1.857803726261584742e+01
5.700416625543629490e-01 1.885401666998504666e+01
5.701941216416304137e-01 1.911232998544235073e+01
5.703465807288978784e-01 1.931398204065444801e+01
5.704990398161652321e-01 1.952322609586538604e+01
5.706514989034326968e-01 1.976594069331121162e+01
5.708039579907000505e-01 2.005036847475951234e+01
5.709564170779675152e-01 2.027694003616393559e+01
5.711088761652349799e-01 2.059275487085661638e+01
5.712613352525023336e-01 2.088529139204657170e+01
5.714137943397697983e-01 2.122164597206141323e+01
5.715662534270371520e-01 2.149429679628725509e+01
5.717187125143046167e-01 2.174779815401987548e+01
5.718711716015720814e-01 2.207498905870090766e+01
5.720236306888394351e-01 2.234409984914321967e+01
5.721760897761068998e-01 2.270453111443240601e+01
5.723285488633742535e-01 2.298907587337663117e+01
5.724810079506417182e-01 2.328423536522687343e+01
5.726334670379091829e-01 2.359004304109741668e+01
5.727859261251765366e-01 2.401644687392316513e+01
5.729383852124440013e-01 2.433761935254797137e+01
5.730908442997113550e-01 2.466984234228335282e+01
5.732433033869788197e-01 2.501313334149331524e+01
5.733957624742462844e-01 2.536750956921256872e+01
5.735482215615136381e-01 2.573298795792188187e+01
5.737006806487811028e-01 2.620028385154081363e+01
5.738531397360484565e-01 2.667909903157597640e+01
5.740055988233159212e-01 2.707066230418158170e+01
5.741580579105833859e-01 2.747366726521228131e+01
5.743105169978507396e-01 2.788812038281640682e+01
5.744629760851182043e-01 2.831402801324958673e+01
5.746154351723855580e-01 2.909052624825529776e+01
5.747678942596530227e-01 2.953000868843937354e+01
5.749203533469204874e-01 2.998121066036142679e+01
5.750728124341878411e-01 3.044216195243692624e+01
5.752252715214553058e-01 3.091454943830567714e+01
5.753777306087226595e-01 3.139833952628534064e+01
5.755301896959901242e-01 3.189349573257830883e+01
5.756826487832575889e-01 3.239997857808158699e+01
5.758351078705249426e-01 3.291774549913841241e+01
5.759875669577924073e-01 3.344675077408641073e+01
5.761400260450597610e-01 8.289306334778564178e+01
5.762924851323272257e-01 8.289306334778564178e+01
5.764449442195946904e-01 8.289306334778564178e+01
5.765974033068620441e-01 8.289306334778564178e+01
5.767498623941295088e-01 8.289306334778564178e+01
5.769023214813968625e-01 8.289306334778564178e+01
5.770547805686643272e-01 8.289306334778564178e+01
5.772072396559317919e-01 8.289306334778564178e+01
5.773596987431991456e-01 8.289306334778564178e+01
5.775121578304666103e-01 8.289306334778564178e+01
5.776646169177339640e-01 8.289306334778564178e+01
5.778170760050014287e-01 8.289306334778564178e+01
5.779695350922688935e-01 8.289306334778564178e+01
5.781219941795362471e-01 8.289306334778564178e+01
5.782744532668037118e-01 8.289306334778564178e+01
5.784269123540710655e-01 8.289306334778564178e+01
5.785793714413385302e-01 8.289306334778564178e+01
5.787318305286059950e-01 8.289306334778564178e+01
5.788842896158733486e-01 8.289306334778564178e+01
5.790367487031407023e-01 8.289306334778564178e+01
5.791892077904081670e-01 8.289306334778564178e+01
5.793416668776756318e-01 8.289306334778564178e+01
5.794941259649430965e-01 8.289306334778564178e+01
5.796465850522104502e-01 8.289306334778564178e+01
5.797990441394778038e-01 8.289306334778564178e+01
5.799515032267452685e-01 8.289306334778564178e+01
5.801039623140127333e-01 8.289306334778564178e+01
5.802564214012800869e-01 8.289306334778564178e+01
5.804088804885475517e-01 8.289306334778564178e+01
5.805613395758149053e-01 8.289306334778564178e+01
5.807137986630823701e-01 8.289306334778564178e+01
5.808662577503498348e-01 8.289306334778564178e+01
5.810187168376171885e-01 8.289306334778564178e+01
5.811711759248846532e-01 8.289306334778564178e+01
5.813236350121520069e-01 8.289306334778564178e+01
5.814760940994194716e-01 8.289306334778564178e+01
5.816285531866869363e-01 8.289306334778564178e+01
5.817810122739542900e-01 8.289306334778564178e+01
5.819334713612217547e-01 8.289306334778564178e+01
