7.051221790269741885e-02 8.289306334778564178e+01
7.086281297501142995e-02 8.289306334778564178e+01
7.121340804732544105e-02 4.021777692886067257e+01
7.156400311963946603e-02 4.000708593005192881e+01
7.191459819195347714e-02 3.979808812303205201e+01
7.226519326426748824e-02 3.959079122999279576e+01
7.261578833658149934e-02 3.938520302656243643e+01
7.296638340889552432e-02 3.918133134315974786e+01
7.331697848120953542e-02 3.897918406614798670e+01
7.366757355352354653e-02 3.877876913879300247e+01
7.401816862583755763e-02 3.858009456202940868e+01
7.436876369815158261e-02 3.838316839503800537e+01
7.471935877046559371e-02 3.818799875563745161e+01
7.506995384277960481e-02 3.799459382049288081e+01
7.542054891509361592e-02 3.780296182514374692e+01
7.577114398740764090e-02 3.761311106385304726e+01
7.612173905972165200e-02 3.608343503508963579e+01
7.647233413203566310e-02 3.588738781593795579e+01
7.682292920434967420e-02 3.569308757195955906e+01
7.717352427666369918e-02 3.550054261503950670e+01
7.752411934897771029e-02 3.530976131340434421e+01
7.787471442129172139e-02 3.512075209045647028e+01
7.822530949360573249e-02 3.493352342344118711e+01
7.857590456591975747e-02 3.474808384194785305e+01
7.892649963823376857e-02 3.456444192624697109e+01
7.927709471054777968e-02 3.369342668363072590e+01
7.962768978286179078e-02 3.291534085263889864e+01
7.997828485517581576e-02 3.243991489665927475e+01
8.032887992748982686e-02 3.224820678671144236e+01
8.067947499980383796e-02 3.205823945025537824e+01
8.103007007211784907e-02 3.187002174624327111e+01
8.138066514443187405e-02 3.083746785317322647e+01
8.173126021674588515e-02 3.052941534210179242e+01
8.208185528905989625e-02 3.033724547450623277e+01
8.243245036137390735e-02 3.001151575780786729e+01
8.278304543368793234e-02 2.982150420926078738e+01
8.313364050600194344e-02 2.963324551101613835e+01
8.348423557831595454e-02 2.934728971730720914e+01
8.383483065062996564e-02 2.916145635343132625e+01
8.418542572294399062e-02 2.897739700582883771e+01
8.453602079525800173e-02 2.869295150658909321e+01
8.488661586757201283e-02 2.851119692184110832e+01
8.523721093988602393e-02 2.833123455154265002e+01
8.558780601220004891e-02 2.798558567821030962e+01
8.593840108451406001e-02 2.766028830361705104e+01
8.628899615682807112e-02 2.733667928476561215e+01
8.663959122914208222e-02 2.715770683254263673e+01
8.699018630145610720e-02 2.698051729396187071e+01
8.734078137377011830e-02 2.680512010278159707e+01
8.769137644608412940e-02 2.659679839695236225e+01
8.804197151839814051e-02 2.632648477761483008e+01
8.839256659071215161e-02 2.602781524139994218e+01
8.874316166302617659e-02 2.579742492533534204e+01
8.909375673534018769e-02 2.559736477380413433e+01
8.944435180765419879e-02 2.528219114578699944e+01
8.979494687996822377e-02 2.511170775149344792e+01
9.014554195228223488e-02 2.487661142594034658e+01
9.049613702459624598e-02 2.467956197641059646e+01
9.084673209691025708e-02 2.449725369269651409e+01
9.119732716922426818e-02 2.429426774741360973e+01
9.154792224153829316e-02 2.410243255128846940e+01
9.189851731385230427e-02 2.392480756709589684e+01
9.224911238616631537e-02 2.371148843162642095e+01
9.259970745848034035e-02 2.349613618938564130e+01
9.295030253079435145e-02 2.327647752589556163e+01
9.330089760310836255e-02 2.307878313383061197e+01
9.365149267542237366e-02 2.292084324356392244e+01
9.400208774773638476e-02 2.274023522764136729e+01
9.435268282005040974e-02 2.255272675114695247e+01
9.470327789236442084e-02 2.236993320898455906e+01
9.505387296467843194e-02 2.217016208205899375e+01
9.540446803699245693e-02 2.194484975394420800e+01
9.575506310930646803e-02 2.178053114510257160e+01
9.610565818162047913e-02 2.160432194465847644e+01
9.645625325393449023e-02 2.142483374694334586e+01
9.680684832624850134e-02 2.123835097410088935e+01
9.715744339856252632e-02 2.101431064205020860e+01
9.750803847087653742e-02 2.084274573973373634e+01
9.785863354319054852e-02 2.069033714155500547e+01
9.820922861550457350e-02 2.051861519352322816e+01
9.855982368781858460e-02 2.034439971144619719e+01
9.891041876013259571e-02 2.012252242817574910e+01
9.926101383244660681e-02 1.996395779221138511e+01
9.961160890476061791e-02 1.979476748364266214e+01
9.996220397707464289e-02 1.963239353711001911e+01
1.003127990493886540e-01 1.947722271326363241e+01
1.006633941217026651e-01 1.932046920135961088e+01
1.010139891940166901e-01 1.915443615221359863e+01
1.013645842663307012e-01 1.899732177981947601e+01
1.017151793386447123e-01 1.883961833110332051e+01
1.020657744109587234e-01 1.866591811839396797e+01
1.024163694832727345e-01 1.853129934437575344e+01
1.027669645555867595e-01 1.838087973815650500e+01
1.031175596279007706e-01 1.821181726764027786e+01
1.034681547002147817e-01 1.804593142912560211e+01
1.038187497725288067e-01 1.790638530336689982e+01
1.041693448448428039e-01 1.772901389068242040e+01
1.045199399171568289e-01 1.754697527942395041e+01
1.048705349894708400e-01 1.739086594141326003e+01
1.052211300617848511e-01 1.723737752501165588e+01
1.055717251340988760e-01 1.707649093789220629e+01
1.059223202064128871e-01 1.692547257415274942e+01
1.062729152787268982e-01 1.678167479269976425e+01
1.066235103510409232e-01 1.662614940399413754e+01
1.069741054233549205e-01 1.647233951972410182e+01
1.073247004956689454e-01 1.632358150528181895e+01
1.076752955679829565e-01 1.618476740814877246e+01
1.080258906402969676e-01 1.603135121183632350e+01
1.083764857126109926e-01 1.589119064736032705e+01
1.087270807849250037e-01 1.575302781601409308e+01
1.090776758572390148e-01 1.560471250454021330e+01
1.094282709295530398e-01 1.546025489041194589e+01
1.097788660018670370e-01 1.531814282358282320e+01
1.101294610741810620e-01 1.517483337420579304e+01
1.104800561464950731e-01 1.503741020632481096e+01
1.108306512188090842e-01 1.490141454130326792e+01
1.111812462911231092e-01 1.477456942898453462e+01
1.115318413634371203e-01 1.463695603639906828e+01
1.118824364357511314e-01 1.450736400682508886e+01
1.122330315080651564e-01 1.437311498313093416e+01
1.125836265803791536e-01 1.423926664380828910e+01
1.129342216526931786e-01 1.411654558976083962e+01
1.132848167250071897e-01 1.399185936507225314e+01
1.136354117973212008e-01 1.385976011698483923e+01
1.139860068696352258e-01 1.373314338642302879e+01
1.143366019419492369e-01 1.360852105671152934e+01
1.146871970142632480e-01 1.348068990052584581e+01
1.150377920865772730e-01 1.335687644064957347e+01
1.153883871588912702e-01 1.323681404772812797e+01
1.157389822312052952e-01 1.311050105720788217e+01
1.160895773035193063e-01 1.298978838045872308e+01
1.164401723758333174e-01 1.286708509491042740e+01
1.167907674481473423e-01 1.274650479631313793e+01
1.171413625204613396e-01 1.262047361481432262e+01
1.174919575927753645e-01 1.250067551496623608e+01
1.178425526650893757e-01 1.237651588203142516e+01
1.181931477374033868e-01 1.225989771427802744e+01
1.185437428097174117e-01 1.214283676650578947e+01
1.188943378820314228e-01 1.202574706624208645e+01
1.192449329543454339e-01 1.190799209357909483e+01
1.195955280266594589e-01 1.179643807364531760e+01
1.199461230989734561e-01 1.168366223207234889e+01
1.202967181712874811e-01 1.157226128014199240e+01
1.206473132436014922e-01 1.146164982290484247e+01
1.209979083159155033e-01 1.134953129051242371e+01
1.213485033882295283e-01 1.123971696967508471e+01
1.216990984605435394e-01 1.112758671154344370e+01
1.220496935328575505e-01 1.102160247799830373e+01
1.224002886051715755e-01 1.091517150016153082e+01
1.227508836774855727e-01 1.080699581586514668e+01
1.231014787497995977e-01 1.069772198014099729e+01
1.234520738221136088e-01 1.059189440368778357e+01
1.238026688944276199e-01 1.048926384774164688e+01
1.241532639667416449e-01 1.038484246328994942e+01
1.245038590390556560e-01 1.028480466859448939e+01
1.248544541113696671e-01 1.017846344819240301e+01
1.252050491836836921e-01 1.007732069157834331e+01
1.255556442559976893e-01 9.975651821135267383e+00
1.259062393283117143e-01 9.878144343566269470e+00
1.262568344006257393e-01 9.775972503824505111e+00
1.266074294729397365e-01 9.676099356506792759e+00
1.269580245452537615e-01 9.581221384120462758e+00
1.273086196175677864e-01 9.483189760387555012e+00
1.276592146898817837e-01 9.387784809133899344e+00
1.280098097621958086e-01 9.292987072220507017e+00
1.283604048345098059e-01 9.193909530981111189e+00
1.287109999068238309e-01 9.099396285740958490e+00
1.290615949791378281e-01 9.002836689256223934e+00
1.294121900514518531e-01 8.909125539183072817e+00
1.297627851237658780e-01 8.816817080635027892e+00
1.301133801960798753e-01 8.725938393301804652e+00
1.304639752683939002e-01 8.635310690651401444e+00
1.308145703407079252e-01 8.546188162879932548e+00
1.311651654130219224e-01 8.455113063800517637e+00
1.315157604853359474e-01 8.365125207575971444e+00
1.318663555576499724e-01 8.274583157823700574e+00
1.322169506299639696e-01 8.187290942007370731e+00
1.325675457022779946e-01 8.101303511815924452e+00
1.329181407745920196e-01 8.015112049288147134e+00
1.332687358469060168e-01 7.929217338049273422e+00
1.336193309192200140e-01 7.844406907809211127e+00
1.339699259915340668e-01 7.758373704593179987e+00
1.343205210638480640e-01 7.673344359218149613e+00
1.346711161361620612e-01 7.589254158758809155e+00
1.350217112084760862e-01 7.504002015498524969e+00
1.353723062807901112e-01 7.421430379646579922e+00
1.357229013531041084e-01 7.339324161736804797e+00
1.360734964254181334e-01 7.257694430277847886e+00
1.364240914977321584e-01 7.176687564994110424e+00
1.367746865700461556e-01 7.097053255745062295e+00
1.371252816423601806e-01 7.017813541994573967e+00
1.374758767146742056e-01 6.939229610736565412e+00
1.378264717869882028e-01 6.860502233453543930e+00
1.381770668593022000e-01 6.782753853879410322e+00
1.385276619316162527e-01 6.707030087731777890e+00
1.388782570039302500e-01 6.631249921870115749e+00
1.392288520762442472e-01 6.556035792918240901e+00
1.395794471485582722e-01 6.479736208129853736e+00
1.399300422208722972e-01 6.405801062385950928e+00
1.402806372931862944e-01 6.332388548917566418e+00
1.406312323655003194e-01 6.258715434591916704e+00
1.409818274378143443e-01 6.186565584976457366e+00
1.413324225101283416e-01 6.115122498636220705e+00
1.416830175824423665e-01 6.043705936860509276e+00
1.420336126547563915e-01 5.973256038886614050e+00
1.423842077270703887e-01 5.905333262525211957e+00
1.427348027993844137e-01 5.834552842761775437e+00
1.430853978716984387e-01 5.764735570070798509e+00
1.434359929440124359e-01 5.695795325226354677e+00
1.437865880163264332e-01 5.628123099529327433e+00
1.441371830886404859e-01 5.560840670000398056e+00
1.444877781609544831e-01 5.493550878306984409e+00
1.448383732332684803e-01 5.427045834206396080e+00
1.451889683055825053e-01 5.360249118806692969e+00
1.455395633778965303e-01 5.293867256452532644e+00
1.458901584502105275e-01 5.228548661077887516e+00
1.462407535225245525e-01 5.164133133271167964e+00
1.465913485948385775e-01 5.100469129060511086e+00
1.469419436671525747e-01 5.038424308464994006e+00
1.472925387394665997e-01 4.976945329807239915e+00
1.476431338117806247e-01 4.915255313030411521e+00
1.479937288840946219e-01 4.853917617796676076e+00
1.483443239564086469e-01 4.793642299531731155e+00
1.486949190287226719e-01 4.733769314695767783e+00
1.490455141010366691e-01 4.673762987561697280e+00
1.493961091733506663e-01 4.615008174716491496e+00
1.497467042456647190e-01 4.555717198749881014e+00
1.500972993179787163e-01 4.497494805711609089e+00
1.504478943902927135e-01 4.441301952160847222e+00
1.507984894626067385e-01 4.384955142836075126e+00
1.511490845349207635e-01 4.329569918110875548e+00
1.514996796072347607e-01 4.273953110139300016e+00
1.518502746795487857e-01 4.219486713184678273e+00
1.522008697518628106e-01 4.164443854761238129e+00
1.525514648241768079e-01 4.112803080962815550e+00
1.529020598964908328e-01 4.059197113750250274e+00
1.532526549688048578e-01 4.005576434133580221e+00
1.536032500411188551e-01 3.953240367778878106e+00
1.539538451134328800e-01 3.900869997563302327e+00
1.543044401857469050e-01 3.848723557655312710e+00
1.546550352580609022e-01 3.797361116807679071e+00
1.550056303303748995e-01 3.745646006102190118e+00
1.553562254026889522e-01 3.695284487395556372e+00
1.557068204750029494e-01 3.645204584799007108e+00
1.560574155473169466e-01 3.595184037315941605e+00
1.564080106196309716e-01 3.546235219529738636e+00
1.567586056919449966e-01 3.498074699682033106e+00
1.571092007642589938e-01 3.450566911904646705e+00
1.574597958365730188e-01 3.404004585495633339e+00
1.578103909088870438e-01 3.356692181092640226e+00
1.581609859812010410e-01 3.309834091686039148e+00
1.585115810535150660e-01 3.263945989464186237e+00
1.588621761258290910e-01 3.218223028593018675e+00
1.592127711981430882e-01 3.173016828396253430e+00
1.595633662704571132e-01 3.129085454761021179e+00
1.599139613427711382e-01 3.084892204562688978e+00
1.602645564150851354e-01 3.041253707321005528e+00
1.606151514873991326e-01 2.999067764049887508e+00
1.609657465597131576e-01 2.955999576339653601e+00
1.613163416320271826e-01 2.913780566164342112e+00
1.616669367043411798e-01 2.871849359187591322e+00
1.620175317766552048e-01 2.830235617062675679e+00
1.623681268489692298e-01 2.788660822248487214e+00
1.627187219212832270e-01 2.747882768882436100e+00
1.630693169935972520e-01 2.707013748556247101e+00
1.634199120659112769e-01 2.667339853612044287e+00
1.637705071382252742e-01 2.627645938589796337e+00
1.641211022105392991e-01 2.589087026098940036e+00
1.644716972828533241e-01 2.550487302774317122e+00
1.648222923551673214e-01 2.512106735417239722e+00
1.651728874274813186e-01 2.473861081256266914e+00
1.655234824997953713e-01 2.436351006746332093e+00
1.658740775721093685e-01 2.399541477619282048e+00
1.662246726444233658e-01 2.363059861105687887e+00
1.665752677167373907e-01 2.326847772915573653e+00
1.669258627890514157e-01 2.290567619983812531e+00
1.672764578613654129e-01 2.254831821205066422e+00
1.676270529336794379e-01 2.219789534023321576e+00
1.679776480059934629e-01 2.185056087105524902e+00
1.683282430783074601e-01 2.150848861868262407e+00
1.686788381506214851e-01 2.116641018884442893e+00
1.690294332229355101e-01 2.082904406284625143e+00
1.693800282952495073e-01 2.049596026419468142e+00
1.697306233675635323e-01 2.016429372872001746e+00
1.700812184398775573e-01 1.984155308687616692e+00
1.704318135121915545e-01 1.951824719466990654e+00
1.707824085845055517e-01 1.919323440513637902e+00
1.711330036568196045e-01 1.887235176304690842e+00
1.714835987291336017e-01 1.855792278133022943e+00
1.718341938014475989e-01 1.824588177502389108e+00
1.721847888737616239e-01 1.794117037785428526e+00
1.725353839460756489e-01 1.763870392160943323e+00
1.728859790183896461e-01 1.733893694660729068e+00
1.732365740907036711e-01 1.705080718652396854e+00
1.735871691630176961e-01 1.675334684876338631e+00
1.739377642353316933e-01 1.646057935211009848e+00
1.742883593076457183e-01 1.617746294188043832e+00
1.746389543799597432e-01 1.589574249484311697e+00
1.749895494522737405e-01 1.561667224797619991e+00
1.753401445245877655e-01 1.534077325583718565e+00
1.756907395969017904e-01 1.507396281787481973e+00
1.760413346692157877e-01 1.480560748559173856e+00
1.763919297415297849e-01 1.453596394527383540e+00
1.767425248138438376e-01 1.427473651219506756e+00
1.770931198861578348e-01 1.401421541987334374e+00
1.774437149584718321e-01 1.375368475446333116e+00
1.777943100307858570e-01 1.349931738831578132e+00
1.781449051030998820e-01 1.325166533459805729e+00
1.784955001754138793e-01 1.300864357007379901e+00
1.788460952477279042e-01 1.276365952125769088e+00
1.791966903200419292e-01 1.252702997257368001e+00
1.795472853923559264e-01 1.228805144580163322e+00
1.798978804646699514e-01 1.205152367017346515e+00
1.802484755369839764e-01 1.182035277087592151e+00
1.805990706092979736e-01 1.159074728904909701e+00
1.809496656816119986e-01 1.136348859290005509e+00
1.813002607539260236e-01 1.114017857803776934e+00
1.816508558262400208e-01 1.091480601665055339e+00
1.820014508985540180e-01 1.069469362444218419e+00
1.823520459708680708e-01 1.047538759275322917e+00
1.827026410431820680e-01 1.026339501533200194e+00
1.830532361154960652e-01 1.005336776253704656e+00
1.834038311878100902e-01 9.851498049843189220e-01
1.837544262601241152e-01 9.648175153777046598e-01
1.841050213324381124e-01 9.446309596314819146e-01
1.844556164047521374e-01 9.248703970276935804e-01
1.848062114770661624e-01 9.053814812765084152e-01
1.851568065493801596e-01 8.861782964151762032e-01
1.855074016216941846e-01 8.669576540509089657e-01
1.858579966940082095e-01 8.485034928025834144e-01
1.862085917663222068e-01 8.301840624019097836e-01
1.865591868386362040e-01 8.122172970628309674e-01
1.869097819109502567e-01 7.945690874946965687e-01
1.872603769832642540e-01 7.769986101488733921e-01
1.876109720555782512e-01 7.599692541814393465e-01
1.879615671278922762e-01 7.427026191312989800e-01
1.883121622002063011e-01 7.258569463218442763e-01
1.886627572725202984e-01 7.091563568175548449e-01
1.890133523448343233e-01 6.929561622628914730e-01
1.893639474171483483e-01 6.770358951033473849e-01
1.897145424894623456e-01 6.613265837288744287e-01
1.900651375617763705e-01 6.455012681354255211e-01
1.904157326340903955e-01 6.300762236872498034e-01
1.907663277064043927e-01 6.145389580824790476e-01
1.911169227787184177e-01 5.993582977177560611e-01
1.914675178510324427e-01 5.845888221370200144e-01
1.918181129233464399e-01 5.702187242948204560e-01
1.921687079956604371e-01 5.562314852563664536e-01
1.925193030679744899e-01 5.420614523306798160e-01
1.928698981402884871e-01 5.282641492102677638e-01
1.932204932126024843e-01 5.144941606127608758e-01
1.935710882849165093e-01 5.009486825898916695e-01
1.939216833572305343e-01 4.879909298245432292e-01
1.942722784295445315e-01 4.751183954636597484e-01
1.946228735018585565e-01 4.623428538108855235e-01
1.949734685741725815e-01 4.493634092923315948e-01
1.953240636464865787e-01 4.370595770459260176e-01
1.956746587188005759e-01 4.244875179253766451e-01
1.960252537911146287e-01 4.127725350917360037e-01
1.963758488634286259e-01 4.009238676546645341e-01
1.967264439357426231e-01 3.896485984741436259e-01
1.970770390080566759e-01 3.780590891733854320e-01
1.974276340803706731e-01 3.668333110120159390e-01
1.977782291526846703e-01 3.560098582319898286e-01
1.981288242249987230e-01 3.448406889691714161e-01
1.984794192973127203e-01 3.341494814252098933e-01
1.988300143696267175e-01 3.236153507236401161e-01
1.991806094419407702e-01 3.131638779884164392e-01
1.995312045142547674e-01 3.036593975548221302e-01
1.998817995865687647e-01 2.937275205370448727e-01
2.002323946588828174e-01 2.845555491215072119e-01
2.005829897311968146e-01 2.749911753142605386e-01
2.009335848035108119e-01 2.658280250519786669e-01
2.012841798758248091e-01 2.565271576820146726e-01
2.016347749481388618e-01 2.473865608271428873e-01
2.019853700204528590e-01 2.386495963436932599e-01
2.023359650927668563e-01 2.304080658070593035e-01
2.026865601650809090e-01 2.219646439670543703e-01
2.030371552373949062e-01 2.139055584655994435e-01
2.033877503097089035e-01 2.057838053768521469e-01
2.037383453820229562e-01 1.976572285602050949e-01
2.040889404543369534e-01 1.898962263283304475e-01
2.044395355266509506e-01 1.823238322458882177e-01
2.047901305989650034e-01 1.749084819704861127e-01
2.051407256712790006e-01 1.674971037606614033e-01
2.054913207435929978e-01 1.605496736695560811e-01
2.058419158159069950e-01 1.535277686126869379e-01
2.061925108882210478e-01 1.471114398056979078e-01
2.065431059605350450e-01 1.406791053969477789e-01
2.068937010328490422e-01 1.343580987822726169e-01
2.072442961051630950e-01 1.280448874692792505e-01
2.075948911774770922e-01 1.219325810957392620e-01
2.079454862497910894e-01 1.157894812564471826e-01
2.082960813221051422e-01 1.097714911942262728e-01
2.086466763944191394e-01 1.040051971373090467e-01
2.089972714667331366e-01 9.843073013646254366e-02
2.093478665390471893e-01 9.305722212425122930e-02
2.096984616113611866e-01 8.745851767360454665e-02
2.100490566836751838e-01 8.220458616521393591e-02
2.103996517559892365e-01 7.747390518064815879e-02
2.107502468283032337e-01 7.303005894837417966e-02
2.111008419006172310e-01 6.820064243400561499e-02
2.114514369729312282e-01 6.386177221716747565e-02
2.118020320452452809e-01 5.962459772443685219e-02
2.121526271175592782e-01 5.538741227364420844e-02
2.125032221898732754e-01 5.131244235445372309e-02
2.128538172621873281e-01 4.756115023015727861e-02
2.132044123345013253e-01 4.367840003175213481e-02
2.135550074068153226e-01 4.022251006083298747e-02
2.139056024791293753e-01 3.703471450703103157e-02
2.142561975514433725e-01 3.411193782181763667e-02
2.146067926237573698e-01 3.124736643154033336e-02
2.149573876960714225e-01 2.821071290506587184e-02
2.153079827683854197e-01 2.510727129189650395e-02
2.156585778406994169e-01 2.252535918584721436e-02
2.160091729130134697e-01 2.029281561062885181e-02
2.163597679853274669e-01 1.814357317094524372e-02
2.167103630576414641e-01 1.628831506828882711e-02
2.170609581299554613e-01 1.426949147099510276e-02
2.174115532022695141e-01 1.255764983379450452e-02
2.177621482745835113e-01 1.057314908537227219e-02
2.181127433468975085e-01 8.575604434074518209e-03
2.184633384192115613e-01 7.335092287730966311e-03
2.188139334915255585e-01 5.611926297993819444e-03
2.191645285638395557e-01 4.452420449282522980e-03
2.195151236361536085e-01 3.331858867691721033e-03
2.198657187084676057e-01 2.348901045940400382e-03
2.202163137807816029e-01 1.696633505016221675e-03
2.205669088530956556e-01 9.011608885781195299e-04
2.209175039254096529e-01 6.973006067464570948e-04
2.212680989977236501e-01 3.873877248257956256e-04
2.216186940700377028e-01 5.792365833819350401e-05
2.219692891423517001e-01 1.257991386252095437e-04
2.223198842146656973e-01 -0.000000000000000000e+00
2.226704792869796945e-01 2.911683755535510003e-04
2.230210743592937472e-01 3.126463063499447894e-04
2.233716694316077445e-01 1.091936590055637545e-03
2.237222645039217417e-01 1.316106930673019383e-03
2.240728595762357944e-01 2.181105994817016981e-03
2.244234546485497916e-01 3.254921773235761040e-03
2.247740497208637889e-01 4.374017218281432001e-03
2.251246447931778416e-01 5.641262217025283347e-03
2.254752398654918388e-01 7.071939107096076975e-03
2.258258349378058361e-01 8.602157821590069448e-03
2.261764300101198888e-01 1.024417396959690502e-02
2.265270250824338860e-01 1.185812245406876221e-02
2.268776201547478832e-01 1.394082676107764179e-02
2.272282152270619360e-01 1.594636985303615404e-02
2.275788102993759332e-01 1.810225866550235416e-02
2.279294053716899304e-01 2.062213844714773023e-02
2.282800004440039277e-01 2.327509758431950057e-02
2.286305955163179804e-01 2.558278144837101975e-02
2.289811905886319776e-01 2.784029704343419023e-02
2.293317856609459748e-01 3.044760562268778586e-02
2.296823807332600276e-01 3.332595318938956497e-02
2.300329758055740248e-01 3.642738701738085227e-02
2.303835708778880220e-01 3.970344397597584674e-02
2.307341659502020748e-01 4.277565552572077517e-02
2.310847610225160720e-01 4.626849653343062529e-02
2.314353560948300692e-01 4.988919653576562308e-02
2.317859511671441219e-01 5.337739888766512841e-02
2.321365462394581192e-01 5.674674552208008177e-02
2.324871413117721164e-01 6.076061239359832611e-02
2.328377363840861136e-01 6.473322585090791892e-02
2.331883314564001664e-01 6.858762499054514572e-02
2.335389265287141636e-01 7.301259890414256437e-02
2.338895216010281608e-01 7.736167733011682646e-02
2.342401166733422135e-01 8.207799782581481907e-02
2.345907117456562108e-01 8.648432977812302302e-02
2.349413068179702080e-01 9.121810243928873962e-02
2.352919018902842607e-01 9.569558204111687505e-02
2.356424969625982579e-01 1.007506722881464784e-01
2.359930920349122552e-01 1.058645562425522269e-01
2.363436871072263079e-01 1.110901704507288590e-01
2.366942821795403051e-01 1.159723286727972619e-01
2.370448772518543024e-01 1.210531025315204207e-01
2.373954723241683551e-01 1.263156484573516591e-01
2.377460673964823523e-01 1.318971370741050253e-01
2.380966624687963495e-01 1.373659745304223467e-01
2.384472575411103468e-01 1.431351128377935378e-01
2.387978526134243995e-01 1.487378668720565345e-01
2.391484476857383967e-01 1.545165233884278622e-01
2.394990427580523940e-01 1.606651894424045435e-01
2.398496378303664467e-01 1.665975096826725621e-01
2.402002329026804439e-01 1.724656521723497427e-01
2.405508279749944411e-01 1.785568817476085035e-01
2.409014230473084939e-01 1.845064756811131412e-01
2.412520181196224911e-01 1.907466469068518911e-01
2.416026131919364883e-01 1.971162853006517557e-01
2.419532082642505411e-01 2.035696869274163379e-01
2.423038033365645383e-01 2.102102128063090547e-01
2.426543984088785355e-01 2.168337529230352501e-01
2.430049934811925882e-01 2.235821250291228912e-01
2.433555885535065855e-01 2.299871829522960598e-01
2.437061836258205827e-01 2.366311075957719112e-01
2.440567786981345799e-01 2.432831507574462204e-01
2.444073737704486327e-01 2.498683056114382184e-01
2.447579688427626299e-01 2.570356967750061505e-01
2.451085639150766271e-01 2.643660502964986225e-01
2.454591589873906798e-01 2.716324996315803708e-01
2.458097540597046771e-01 2.789662187694418316e-01
2.461603491320186743e-01 2.857370884467339001e-01
2.465109442043327270e-01 2.934813469760029214e-01
2.468615392766467243e-01 3.004446965216368559e-01
2.472121343489607215e-01 3.079843868084847225e-01
2.475627294212747742e-01 3.155020573923662530e-01
2.479133244935887714e-01 3.231463777927381376e-01
2.482639195659027687e-01 3.305581348563024768e-01
2.486145146382168214e-01 3.381768247775462366e-01
2.489651097105308186e-01 3.460940497620679790e-01
2.493157047828448158e-01 3.538669966948209678e-01
2.496662998551588131e-01 3.613934615194411837e-01
2.500168949274728658e-01 3.692231522404310073e-01
2.503674899997868630e-01 3.767933835303303725e-01
2.507180850721008603e-01 3.847907056410599380e-01
2.510686801444149130e-01 3.933387945737072955e-01
2.514192752167289102e-01 4.014997013016116112e-01
2.517698702890429074e-01 4.100356320311256964e-01
2.521204653613569602e-01 4.186804696744803045e-01
2.524710604336709574e-01 4.269099019290656938e-01
2.528216555059849546e-01 4.356716409175624971e-01
2.531722505782990074e-01 4.440607706102947527e-01
2.535228456506130046e-01 4.525501222663641521e-01
2.538734407229270018e-01 4.610725094601551000e-01
2.542240357952409990e-01 4.693812814743315576e-01
2.545746308675550518e-01 4.777705314705011919e-01
2.549252259398690490e-01 4.865346222449535851e-01
2.552758210121830462e-01 4.952479619173413283e-01
2.556264160844970990e-01 5.041279413386481334e-01
2.559770111568110962e-01 5.131388539668951809e-01
2.563276062291250934e-01 5.224824692937537485e-01
2.566782013014391461e-01 5.319218222095080106e-01
2.570287963737531434e-01 5.411906204556332645e-01
2.573793914460671406e-01 5.503297091728919233e-01
2.577299865183811933e-01 5.597391293009955637e-01
2.580805815906951906e-01 5.690853350553379819e-01
2.584311766630091878e-01 5.787589434221200868e-01
2.587817717353232405e-01 5.882351811647702489e-01
2.591323668076372377e-01 5.984404964132287175e-01
2.594829618799512350e-01 6.087048801094091521e-01
2.598335569522652322e-01 6.189471520259106629e-01
2.601841520245792849e-01 6.288455231526295375e-01
2.605347470968932821e-01 6.386710582524622870e-01
2.608853421692072794e-01 6.487920894488150569e-01
2.612359372415213321e-01 6.590802640334842977e-01
2.615865323138353293e-01 6.695921399597193346e-01
2.619371273861493266e-01 6.801758238979433990e-01
2.622877224584633793e-01 6.908828067395085260e-01
2.626383175307773765e-01 7.013413747625696359e-01
2.629889126030913737e-01 7.121595617247143961e-01
2.633395076754054265e-01 7.226179244966954851e-01
2.636901027477194237e-01 7.339018473243617002e-01
2.640406978200334209e-01 7.450223524643579953e-01
2.643912928923474737e-01 7.562442423692535831e-01
2.647418879646614709e-01 7.675453559629342726e-01
2.650924830369754681e-01 7.785592961643386101e-01
2.654430781092894653e-01 7.900154245643313811e-01
2.657936731816035181e-01 8.017986954824164458e-01
2.661442682539175153e-01 8.135545510430685079e-01
2.664948633262315125e-01 8.254135755427687293e-01
2.668454583985455653e-01 8.371578389830249822e-01
2.671960534708595625e-01 8.489543206762100169e-01
2.675466485431735597e-01 8.607033870766858108e-01
2.678972436154876124e-01 8.723558659596866161e-01
2.682478386878016097e-01 8.846783399960330696e-01
2.685984337601156069e-01 8.974258284758618309e-01
2.689490288324296596e-01 9.095042413088455513e-01
2.692996239047436569e-01 9.218352288316842280e-01
2.696502189770576541e-01 9.345768496984216966e-01
2.700008140493717068e-01 9.470189573815730455e-01
2.703514091216857040e-01 9.600828054395598166e-01
2.707020041939997013e-01 9.728150551839009896e-01
2.710525992663136985e-01 9.857792510056913038e-01
2.714031943386277512e-01 9.986596140084370576e-01
2.717537894109417485e-01 1.011570576789305065e+00
2.721043844832557457e-01 1.024394921229129451e+00
2.724549795555697984e-01 1.037808401518472978e+00
2.728055746278837956e-01 1.051467212514906935e+00
2.731561697001977929e-01 1.064451227991152438e+00
2.735067647725118456e-01 1.077815793172408831e+00
2.738573598448258428e-01 1.091312886454194331e+00
2.742079549171398400e-01 1.105331236219826874e+00
2.745585499894538928e-01 1.119179814674724938e+00
2.749091450617678900e-01 1.133299170129254296e+00
2.752597401340818872e-01 1.147237905107315159e+00
2.756103352063958845e-01 1.161367241321863419e+00
2.759609302787099372e-01 1.175385876245505834e+00
2.763115253510239344e-01 1.190559857375378172e+00
2.766621204233379316e-01 1.204780439274858672e+00
2.770127154956519844e-01 1.219574857063681739e+00
2.773633105679659816e-01 1.234214401688640939e+00
2.777139056402799788e-01 1.248696608845028422e+00
2.780645007125940316e-01 1.263619270822271323e+00
2.784150957849080288e-01 1.278849519519743794e+00
2.787656908572220260e-01 1.293919784650496396e+00
2.791162859295360787e-01 1.309527585356203394e+00
2.794668810018500760e-01 1.325355801327368743e+00
2.798174760741640732e-01 1.341208797879860581e+00
2.801680711464781259e-01 1.356885994722671906e+00
2.805186662187921232e-01 1.372860156139388277e+00
2.808692612911061204e-01 1.388850767059701230e+00
2.812198563634201176e-01 1.405114722545146577e+00
2.815704514357341703e-01 1.420814756415709867e+00
2.819210465080481676e-01 1.436859994986218858e+00
2.822716415803621648e-01 1.453341663643984649e+00
2.826222366526762175e-01 1.469381529193602542e+00
2.829728317249902148e-01 1.486154123218837331e+00
2.833234267973042120e-01 1.503148636360039703e+00
2.836740218696182647e-01 1.519873213017619351e+00
2.840246169419322619e-01 1.536603916235558254e+00
2.843752120142462592e-01 1.554013487625867107e+00
2.847258070865603119e-01 1.571419833987296899e+00
2.850764021588743091e-01 1.588366802326918181e+00
2.854269972311883063e-01 1.605681600884832028e+00
2.857775923035023591e-01 1.622963084754416530e+00
2.861281873758163563e-01 1.640455236553433505e+00
2.864787824481303535e-01 1.659060732315482678e+00
2.868293775204443508e-01 1.677157725427481649e+00
2.871799725927584035e-01 1.695359992009866534e+00
2.875305676650724007e-01 1.714062219852349411e+00
2.878811627373863979e-01 1.732013467653519490e+00
2.882317578097004507e-01 1.750667316387048311e+00
2.885823528820144479e-01 1.769020441029393931e+00
2.889329479543284451e-01 1.788228574442388696e+00
2.892835430266424979e-01 1.807476683976241727e+00
2.896341380989564951e-01 1.826073906347599474e+00
2.899847331712704923e-01 1.845899886166467496e+00
2.903353282435845450e-01 1.865487869756328854e+00
2.906859233158985423e-01 1.884870569510754601e+00
2.910365183882125395e-01 1.904674193341205024e+00
2.913871134605265922e-01 1.924433591412740840e+00
2.917377085328405895e-01 1.944168819700299977e+00
2.920883036051545867e-01 1.963780918848798684e+00
2.924388986774685839e-01 1.983735859321380302e+00
2.927894937497826366e-01 2.004257768523003858e+00
2.931400888220966339e-01 2.024884257734900217e+00
2.934906838944106311e-01 2.045508824105177759e+00
2.938412789667246838e-01 2.066398474050174627e+00
2.941918740390386811e-01 2.087278601482021045e+00
2.945424691113526783e-01 2.108351913614551876e+00
2.948930641836667310e-01 2.130130276406720924e+00
2.952436592559807282e-01 2.151546875479097398e+00
2.955942543282947255e-01 2.173171439236251334e+00
2.959448494006087782e-01 2.194807908428845433e+00
2.962954444729227754e-01 2.217043844369157135e+00
2.966460395452367726e-01 2.239600646460383704e+00
2.969966346175507699e-01 2.262336136562353328e+00
2.973472296898648226e-01 2.285615809265746368e+00
2.976978247621788198e-01 2.308618377947911693e+00
2.980484198344928171e-01 2.331299873741046635e+00
2.983990149068068698e-01 2.354665863816152171e+00
2.987496099791208670e-01 2.377588295029439358e+00
2.991002050514348642e-01 2.400776037548495445e+00
2.994508001237489170e-01 2.423519099464516824e+00
2.998013951960629142e-01 2.446322593416971447e+00
3.001519902683769114e-01 2.470729660730796695e+00
3.005025853406909642e-01 2.494765808647922078e+00
3.008531804130049614e-01 2.518566034651471330e+00
3.012037754853189586e-01 2.542803192659999212e+00
3.015543705576330114e-01 2.566953774805722954e+00
3.019049656299470086e-01 2.592038698315809242e+00
3.022555607022610058e-01 2.616517492669645950e+00
3.026061557745750030e-01 2.641189606316058924e+00
3.029567508468890558e-01 2.666401546109541609e+00
3.033073459192030530e-01 2.692410196829528868e+00
3.036579409915170502e-01 2.716982516120037161e+00
3.040085360638311029e-01 2.742834761159838042e+00
3.043591311361451002e-01 2.768755592798249676e+00
3.047097262084590974e-01 2.794654286548713618e+00
3.050603212807731501e-01 2.820374543784608612e+00
3.054109163530871474e-01 2.846452627533125224e+00
3.057615114254011446e-01 2.873177027610845258e+00
3.061121064977151973e-01 2.899870110994014816e+00
3.064627015700291945e-01 2.926861961022476866e+00
3.068132966423431918e-01 2.953397630945209684e+00
3.071638917146572445e-01 2.979657589907707571e+00
3.075144867869712417e-01 3.006760826502837158e+00
3.078650818592852390e-01 3.034301092237292607e+00
3.082156769315992362e-01 3.061354669911467319e+00
3.085662720039132889e-01 3.089217229671515241e+00
3.089168670762272861e-01 3.116504505617956333e+00
3.092674621485412834e-01 3.144887626165425054e+00
3.096180572208553361e-01 3.172607718116332798e+00
3.099686522931693333e-01 3.200166777487564840e+00
3.103192473654833305e-01 3.228776588517372037e+00
3.106698424377973833e-01 3.256929671397525539e+00
3.110204375101113805e-01 3.285823289392547863e+00
3.113710325824253777e-01 3.315420026455927704e+00
3.117216276547394305e-01 3.344876359661584253e+00
3.120722227270534277e-01 3.374694521559521210e+00
3.124228177993674249e-01 3.404177658125662642e+00
3.127734128716814777e-01 3.433099214842081803e+00
3.131240079439954749e-01 3.463207228179796537e+00
3.134746030163094721e-01 3.493556528046243059e+00
3.138251980886234693e-01 3.521592163755427052e+00
3.141757931609375221e-01 3.551563314522512282e+00
3.145263882332515193e-01 3.582353074754083266e+00
3.148769833055655165e-01 3.612762772844464454e+00
3.152275783778795692e-01 3.643586628236308744e+00
3.155781734501935665e-01 3.673799647298675364e+00
3.159287685225075637e-01 3.703080571712665581e+00
3.162793635948216164e-01 3.733535135367318070e+00
3.166299586671356137e-01 3.763166811833359660e+00
3.169805537394496109e-01 3.793696465275139040e+00
3.173311488117636636e-01 3.825880390547494958e+00
3.176817438840776608e-01 3.857423151719054033e+00
3.180323389563916581e-01 3.890232063745669322e+00
3.183829340287056553e-01 3.921899537041154016e+00
3.187335291010197080e-01 3.953827843641679163e+00
3.190841241733337053e-01 3.985489330472260061e+00
3.194347192456477025e-01 4.018468948075889280e+00
3.197853143179617552e-01 4.050841310729560441e+00
3.201359093902757524e-01 4.083229778810219202e+00
3.204865044625897497e-01 4.115115172619045580e+00
3.208370995349037469e-01 4.148121648779823367e+00
3.211876946072177996e-01 4.180431218361850831e+00
3.215382896795317968e-01 4.214831434983672409e+00
3.218888847518457941e-01 4.247958491768503819e+00
3.222394798241598468e-01 4.280533427876816788e+00
3.225900748964738440e-01 4.314726644665263677e+00
3.229406699687878413e-01 4.347792787473635734e+00
3.232912650411018940e-01 4.381727413508396118e+00
3.236418601134158912e-01 4.416737731133761891e+00
3.239924551857298884e-01 4.451220721276455627e+00
3.243430502580439412e-01 4.487011359622571582e+00
3.246936453303579384e-01 4.522066020706951406e+00
3.250442404026719356e-01 4.557994155680671788e+00
3.253948354749859329e-01 4.594105471773319849e+00
3.257454305472999856e-01 4.628525232200487061e+00
3.260960256196139828e-01 4.664014189994545312e+00
3.264466206919279800e-01 4.699388655219255639e+00
3.267972157642420328e-01 4.734980259479765863e+00
3.271478108365560300e-01 4.771461018995727166e+00
3.274984059088700272e-01 4.807366519191682563e+00
3.278490009811840800e-01 4.844220046168650207e+00
3.281995960534980772e-01 4.880663391736374201e+00
3.285501911258120744e-01 4.918568212985294785e+00
3.289007861981261271e-01 4.955239008808270285e+00
3.292513812704401244e-01 4.992748844823497123e+00
3.296019763427541216e-01 5.030281119474542706e+00
3.299525714150681743e-01 5.068909296948262977e+00
3.303031664873821716e-01 5.105223991771541847e+00
3.306537615596961688e-01 5.143910659260272134e+00
3.310043566320101660e-01 5.181414064114847839e+00
3.313549517043242187e-01 5.221751256678113684e+00
3.317055467766382160e-01 5.260921056086797165e+00
3.320561418489522132e-01 5.300718102698257717e+00
3.324067369212662659e-01 5.340397440900781056e+00
3.327573319935802632e-01 5.380787151070168584e+00
3.331079270658942604e-01 5.421279570712269624e+00
3.334585221382083131e-01 5.461355844090052258e+00
3.338091172105223103e-01 5.500163654989984607e+00
3.341597122828363076e-01 5.540288676848772909e+00
3.345103073551503603e-01 5.580381512176796122e+00
3.348609024274643575e-01 5.621178550114803052e+00
3.352114974997783547e-01 5.661445972648189162e+00
3.355620925720924075e-01 5.703160355374558677e+00
3.359126876444064047e-01 5.743165497630075222e+00
3.362632827167204019e-01 5.785393081076342092e+00
3.366138777890343992e-01 5.828383544937043581e+00
3.369644728613484519e-01 5.870442027340731173e+00
3.373150679336624491e-01 5.912943866445591112e+00
3.376656630059764463e-01 5.954941466167038122e+00
3.380162580782904991e-01 5.997852802994020571e+00
3.383668531506044963e-01 6.041611709814463715e+00
3.387174482229184935e-01 6.085703899056609245e+00
3.390680432952325463e-01 6.129435480510494472e+00
3.394186383675465435e-01 6.173314945837564238e+00
3.397692334398605407e-01 6.217404757844788854e+00
3.401198285121745934e-01 6.263266384146490395e+00
3.404704235844885907e-01 6.308295713666301374e+00
3.408210186568025879e-01 6.353666540275824559e+00
3.411716137291165851e-01 6.400295364795076658e+00
3.415222088014306379e-01 6.445550233598025258e+00
3.418728038737446351e-01 6.488565885184064186e+00
3.422233989460586323e-01 6.535317440099802866e+00
3.425739940183726850e-01 6.580623684177202115e+00
3.429245890906866823e-01 6.629342412802340156e+00
3.432751841630006795e-01 6.674360667478684839e+00
3.436257792353147322e-01 6.721777476655423023e+00
3.439763743076287295e-01 6.767958551964866842e+00
3.443269693799427267e-01 6.816288895427104144e+00
3.446775644522567794e-01 6.864444064179094696e+00
3.450281595245707766e-01 6.914602945844011472e+00
3.453787545968847739e-01 6.962430009854093882e+00
3.457293496691988266e-01 7.011486226569098257e+00
3.460799447415128238e-01 7.060690853503490239e+00
3.464305398138268210e-01 7.110979675798958510e+00
3.467811348861408183e-01 7.159845062736032162e+00
3.471317299584548710e-01 7.211024372261023885e+00
3.474823250307688682e-01 7.257998068788007906e+00
3.478329201030828655e-01 7.309710174273535088e+00
3.481835151753969182e-01 7.360489594390416279e+00
3.485341102477109154e-01 7.411348308818682007e+00
3.488847053200249126e-01 7.463127832659899319e+00
3.492353003923389654e-01 7.514048439810179225e+00
3.495858954646529626e-01 7.565480484480176848e+00
3.499364905369669598e-01 7.618239646164797207e+00
3.502870856092810126e-01 7.669531687364343320e+00
3.506376806815950098e-01 7.721041492134678386e+00
3.509882757539090070e-01 7.772600850105715331e+00
3.513388708262230598e-01 7.824821569775100016e+00
3.516894658985370570e-01 7.877104421413049451e+00
3.520400609708510542e-01 7.931460936894181302e+00
3.523906560431650514e-01 7.984548400976549054e+00
3.527412511154791042e-01 8.039020011882916705e+00
3.530918461877931014e-01 8.093872477744113780e+00
3.534424412601070986e-01 8.149081168238176076e+00
3.537930363324211513e-01 8.205143603537752739e+00
3.541436314047351486e-01 8.259745604640199801e+00
3.544942264770491458e-01 8.314016439518594481e+00
3.548448215493631985e-01 8.370836341098822686e+00
3.551954166216771958e-01 8.428114335436806215e+00
3.555460116939911930e-01 8.484229379849114849e+00
3.558966067663052457e-01 8.539569672823878577e+00
3.562472018386192429e-01 8.599696082937036579e+00
3.565977969109332402e-01 8.656656073541874719e+00
3.569483919832472929e-01 8.715452629642634008e+00
3.572989870555612901e-01 8.775828693009927406e+00
3.576495821278752874e-01 8.832604046345307935e+00
3.580001772001892846e-01 8.891342861155980160e+00
3.583507722725033373e-01 8.948230953570602608e+00
3.587013673448173345e-01 9.006012173929875075e+00
3.590519624171313318e-01 9.068815861063148631e+00
3.594025574894453845e-01 9.129942454936774254e+00
3.597531525617593817e-01 9.191716344228602509e+00
3.601037476340733789e-01 9.253003714898511589e+00
3.604543427063874317e-01 9.314193103033286292e+00
3.608049377787014289e-01 9.377958745711358901e+00
3.611555328510154261e-01 9.439906833087562177e+00
3.615061279233294789e-01 9.500620179055015768e+00
3.618567229956434761e-01 9.564290774397651518e+00
3.622073180679574733e-01 9.627124791687116101e+00
3.625579131402714705e-01 9.682654995567524736e+00
3.629085082125855233e-01 9.749464327435328315e+00
3.632591032848995205e-01 9.816446328132679255e+00
3.636096983572135177e-01 9.883295017274818406e+00
3.639602934295275705e-01 9.947387480204447741e+00
3.643108885018415677e-01 1.001143717116908505e+01
3.646614835741555649e-01 1.006319898530357726e+01
3.650120786464696176e-01 1.012527727995182580e+01
3.653626737187836149e-01 1.019268508292538300e+01
3.657132687910976121e-01 1.025628499423812734e+01
3.660638638634116648e-01 1.032270163817137920e+01
3.664144589357256621e-01 1.038870160199206083e+01
3.667650540080396593e-01 1.045451502681444822e+01
3.671156490803537120e-01 1.052183641880454879e+01
3.674662441526677092e-01 1.058625652827170249e+01
3.678168392249817065e-01 1.065101082782761210e+01
3.681674342972957037e-01 1.071698248475294157e+01
3.685180293696097564e-01 1.078275232343349721e+01
3.688686244419237537e-01 1.085032341805627709e+01
3.692192195142377509e-01 1.092050583677355924e+01
3.695698145865518036e-01 1.098966799557474872e+01
3.699204096588658008e-01 1.106063076345652973e+01
3.702710047311797981e-01 1.112964222380645118e+01
3.706215998034938508e-01 1.120331674626569196e+01
3.709721948758078480e-01 1.128369630035679272e+01
3.713227899481218452e-01 1.135662160306392821e+01
3.716733850204358980e-01 1.143021575565605907e+01
3.720239800927498952e-01 1.150148836342598990e+01
3.723745751650638924e-01 1.157268585750437850e+01
3.727251702373779452e-01 1.164787914897029708e+01
3.730757653096919424e-01 1.171657375620848995e+01
3.734263603820059396e-01 1.179051261725703803e+01
3.737769554543199368e-01 1.186237891342526041e+01
3.741275505266339896e-01 1.193442114808846455e+01
3.744781455989479868e-01 1.200887406034501836e+01
3.748287406712619840e-01 1.208942809116615180e+01
3.751793357435760368e-01 1.216088509046033295e+01
3.755299308158900340e-01 1.223947766951940075e+01
3.758805258882040312e-01 1.231532931142539411e+01
3.762311209605180840e-01 1.239483536917280126e+01
3.765817160328320812e-01 1.247100757850512665e+01
3.769323111051460784e-01 1.254672368370545321e+01
3.772829061774601311e-01 1.262490881063234660e+01
3.776335012497741284e-01 1.270252477011924874e+01
3.779840963220881256e-01 1.277974575807250623e+01
3.783346913944021783e-01 1.286278265611241167e+01
3.786852864667161755e-01 1.294449578744087859e+01
3.790358815390301728e-01 1.303078086241146138e+01
3.793864766113441700e-01 1.311724719967155650e+01
3.797370716836582227e-01 1.319703684564847812e+01
3.800876667559722200e-01 1.328546452594304306e+01
3.804382618282862172e-01 1.336475608886676802e+01
3.807888569006002699e-01 1.344868398857554403e+01
3.811394519729142671e-01 1.354048883403936188e+01
3.814900470452282644e-01 1.362054322067057655e+01
3.818406421175423171e-01 1.370546036644874910e+01
3.821912371898563143e-01 1.378789706568939621e+01
3.825418322621703116e-01 1.386291741650160780e+01
3.828924273344843643e-01 1.394285041403704106e+01
3.832430224067983615e-01 1.403246924878348345e+01
3.835936174791123587e-01 1.412243496780862984e+01
3.839442125514264115e-01 1.421203313637738397e+01
3.842948076237404087e-01 1.430093870729306360e+01
3.846454026960544059e-01 1.438072566229396365e+01
3.849959977683684031e-01 1.449226178373320550e+01
3.853465928406824559e-01 1.457825981143838945e+01
3.856971879129964531e-01 1.466480892312483064e+01
3.860477829853104503e-01 1.475361936272599728e+01
3.863983780576245031e-01 1.484369665485838397e+01
3.867489731299385003e-01 1.493779046923929954e+01
3.870995682022524975e-01 1.504673110756224652e+01
3.874501632745665503e-01 1.513904439592788620e+01
3.878007583468805475e-01 1.524497268695256480e+01
3.881513534191945447e-01 1.534257564769782434e+01
3.885019484915085974e-01 1.543058512394023118e+01
3.888525435638225947e-01 1.551420023464940456e+01
3.892031386361365919e-01 1.560136705826071868e+01
3.895537337084505891e-01 1.568748644124144676e+01
3.899043287807646418e-01 1.579056034042187484e+01
3.902549238530786391e-01 1.588525562853104844e+01
3.906055189253926363e-01 1.597606662152373858e+01
3.909561139977066890e-01 1.607951462684970778e+01
3.913067090700206863e-01 1.617230567758495852e+01
3.916573041423346835e-01 1.627531232718720133e+01
3.920078992146487362e-01 1.636873118160670870e+01
3.923584942869627334e-01 1.648034481661834150e+01
3.927090893592767307e-01 1.656607729881634938e+01
3.930596844315907834e-01 1.667143570237014316e+01
3.934102795039047806e-01 1.676654408824371600e+01
3.937608745762187779e-01 1.686340767747595493e+01
3.941114696485328306e-01 1.697113521051001683e+01
3.944620647208468278e-01 1.706348230435702718e+01
3.948126597931608250e-01 1.716532286386265227e+01
3.951632548654748223e-01 1.726947966962173453e+01
3.955138499377888750e-01 1.736248082328467035e+01
3.958644450101028722e-01 1.747102141245004603e+01
3.962150400824168694e-01 1.756149514983832916e+01
3.965656351547309222e-01 1.766409021756610542e+01
3.969162302270449194e-01 1.778964497791286803e+01
3.972668252993589166e-01 1.790076323964497362e+01
3.976174203716729694e-01 1.801516040625326909e+01
3.979680154439869666e-01 1.812140762341652689e+01
3.983186105163009638e-01 1.822794098947553110e+01
3.986692055886150166e-01 1.832161934600809872e+01
3.990198006609290138e-01 1.841627727790999813e+01
3.993703957332430110e-01 1.852417314424392458e+01
3.997209908055570637e-01 1.862042323666996069e+01
4.000715858778710610e-01 1.872696475521636117e+01
4.004221809501850582e-01 1.885220610635116500e+01
4.007727760224990554e-01 1.895976071190155210e+01
4.011233710948131082e-01 1.905860820836253922e+01
4.014739661671271054e-01 1.920837363285814803e+01
4.018245612394411026e-01 1.930778321364503469e+01
4.021751563117551553e-01 1.944427538662057842e+01
4.025257513840691526e-01 1.954468274394977101e+01
4.028763464563831498e-01 1.966696886309828685e+01
4.032269415286972025e-01 1.976883240378288065e+01
4.035775366010111997e-01 1.991568799938615086e+01
4.039281316733251970e-01 2.001837552620978045e+01
4.042787267456392497e-01 2.013409792594071845e+01
4.046293218179532469e-01 2.026486625065375335e+01
4.049799168902672442e-01 2.045904986508288914e+01
4.053305119625812969e-01 2.056235435698389580e+01
4.056811070348952941e-01 2.073588313142935036e+01
4.060317021072092913e-01 2.083941748439050556e+01
4.063822971795232886e-01 2.101180642984633096e+01
4.067328922518373413e-01 2.111565698047848372e+01
4.070834873241513385e-01 2.130978755699319294e+01
4.074340823964653358e-01 2.144784472170782408e+01
4.077846774687793885e-01 2.155163627897360357e+01
4.081352725410933857e-01 2.165663672617454694e+01
4.084858676134073829e-01 2.181736767509232777e+01
4.088364626857214357e-01 2.195434521791008109e+01
4.091870577580354329e-01 2.213858760719084273e+01
4.095376528303494301e-01 2.227069383440272787e+01
4.098882479026634829e-01 2.241971661658917725e+01
4.102388429749774801e-01 2.257323447787035775e+01
4.105894380472914773e-01 2.267890284730180994e+01
4.109400331196054745e-01 2.278593920280474805e+01
4.112906281919195273e-01 2.289434330834718523e+01
4.116412232642335245e-01 2.306520755554864266e+01
4.119918183365475217e-01 2.317459187892317374e+01
4.123424134088615745e-01 2.328538060545118782e+01
4.126930084811755717e-01 2.339757372324526941e+01
4.130436035534895689e-01 2.365499981122166417e+01
4.133941986258036216e-01 2.376592243385597314e+01
4.137447936981176189e-01 2.392621122055764005e+01
4.140953887704316161e-01 2.403875011901835634e+01
4.144459838427456688e-01 2.432608382631198296e+01
4.147965789150596660e-01 2.443665904377965248e+01
4.151471739873736633e-01 2.461980600245475514e+01
4.154977690596877160e-01 2.479591395228443318e+01
4.158483641320017132e-01 2.490747829657583523e+01
4.161989592043157105e-01 2.502077788040546125e+01
4.165495542766297077e-01 2.513580826882261121e+01
4.169001493489437604e-01 2.525256497571805170e+01
4.172507444212577576e-01 2.537104346677357114e+01
4.176013394935717549e-01 2.549123916237868670e+01
4.179519345658858076e-01 2.570074231543189924e+01
4.183025296381998048e-01 2.582201391842209759e+01
4.186531247105138021e-01 2.605916435187343794e+01
4.190037197828278548e-01 2.618090980096209108e+01
4.193543148551418520e-01 2.630448020652312024e+01
4.197049099274558492e-01 2.642986796832460428e+01
4.200555049997699020e-01 2.655706549858899024e+01
4.204061000720838992e-01 2.668606522487536381e+01
4.207566951443978964e-01 2.681685959281346499e+01
4.211072902167119492e-01 2.694944106868645051e+01
4.214578852890259464e-01 2.708380214185971013e+01
4.218084803613399436e-01 2.721993532705322494e+01
4.221590754336539408e-01 2.735783316645522945e+01
4.225096705059679936e-01 2.763245715649531320e+01
4.228602655782819908e-01 2.777097751175769957e+01
4.232108606505959880e-01 2.791130024926285103e+01
4.235614557229100408e-01 2.805341685806887497e+01
4.239120507952240380e-01 2.819731888366905892e+01
4.242626458675380352e-01 2.834299792883917135e+01
4.246132409398520879e-01 2.849044565431293563e+01
4.249638360121660852e-01 2.863965377928420963e+01
4.253144310844800824e-01 2.879061408173416581e+01
4.256650261567941351e-01 2.894331839858175215e+01
4.260156212291081324e-01 2.909775862565552984e+01
4.263662163014221296e-01 2.925392671748478435e+01
4.267168113737361823e-01 2.941181468690747636e+01
4.270674064460501795e-01 2.957141460449254211e+01
4.274180015183641768e-01 2.973271859777343096e+01
4.277685965906781740e-01 2.989571885028963294e+01
4.281191916629922267e-01 3.006040760043241988e+01
4.284697867353062239e-01 3.022677714009055094e+01
4.288203818076202212e-01 3.039481981309118197e+01
4.291709768799342739e-01 3.056452801343068870e+01
