0.000000000000000000e+00 1.672660759770131378e+01
3.267989961011383651e-04 1.655586104657456659e+01
6.535979922022767301e-04 1.638632475398863164e+01
9.803969883034151494e-04 1.622127168729651459e+01
1.307195984404553460e-03 1.605831580877379494e+01
1.633994980505691771e-03 1.589262923131220440e+01
1.960793976606830299e-03 1.573169715480946351e+01
2.287592972707968610e-03 1.557638795299277312e+01
2.614391968809106920e-03 1.542316732199708440e+01
2.941190964910245231e-03 1.526868275374070016e+01
3.267989961011383542e-03 1.511394104378886638e+01
3.594788957112521853e-03 1.496385526048276660e+01
3.921587953213660598e-03 1.481591088266540801e+01
4.248386949314798475e-03 1.466681747003053182e+01
4.575185945415937219e-03 1.452250303106984575e+01
4.901984941517075096e-03 1.437834002274575518e+01
5.228783937618213841e-03 1.423508373977827901e+01
5.555582933719352585e-03 1.409260071765937461e+01
5.882381929820490463e-03 1.395340289786170551e+01
6.209180925921629207e-03 1.381525106236634848e+01
6.535979922022767084e-03 1.367726527135742032e+01
6.862778918123905829e-03 1.354098775308566083e+01
7.189577914225043706e-03 1.340622136336648929e+01
7.516376910326182451e-03 1.327279651014003647e+01
7.843175906427321195e-03 1.314098358393304089e+01
8.169974902528459940e-03 1.301070319896438043e+01
8.496773898629596949e-03 1.288178315497683357e+01
8.823572894730735694e-03 1.275382625269075376e+01
9.150371890831874438e-03 1.262746464405646307e+01
9.477170886933013183e-03 1.250274369791829621e+01
9.803969883034150193e-03 1.237955315426058434e+01
1.013076887913528894e-02 1.225743687084147737e+01
1.045756787523642768e-02 1.213642906148287892e+01
1.078436687133756643e-02 1.201600692468715081e+01
1.111116586743870517e-02 1.189887517546004148e+01
1.143796486353984218e-02 1.178189875613762716e+01
1.176476385964098093e-02 1.166545597023212899e+01
1.209156285574211967e-02 1.154970952496760184e+01
1.241836185184325841e-02 1.143722034542447297e+01
1.274516084794439542e-02 1.132553757155161200e+01
1.307195984404553417e-02 1.121433946923485436e+01
1.339875884014667291e-02 1.110521639503801161e+01
1.372555783624781166e-02 1.099655783625406258e+01
1.405235683234895040e-02 1.089095154718812353e+01
1.437915582845008741e-02 1.078319135561459063e+01
1.470595482455122616e-02 1.067809191086947962e+01
1.503275382065236490e-02 1.057403312318960786e+01
1.535955281675350365e-02 1.047153753192051617e+01
1.568635181285464239e-02 1.037198152929028794e+01
1.601315080895578113e-02 1.027215311665168507e+01
1.633994980505691988e-02 1.017214130644865655e+01
1.666674880115805515e-02 1.007387255490894340e+01
1.699354779725919390e-02 9.977283107802838558e+00
1.732034679336033264e-02 9.881263175804473775e+00
1.764714578946147139e-02 9.785199661178630492e+00
1.797394478556261013e-02 9.690668581327035014e+00
1.830074378166374888e-02 9.597637180533920898e+00
1.862754277776488762e-02 9.504987099753423152e+00
1.895434177386602637e-02 9.412879114539954628e+00
1.928114076996716511e-02 9.323014853143972047e+00
1.960793976606830039e-02 9.232762884532869307e+00
1.993473876216943913e-02 9.145519513685703927e+00
2.026153775827057787e-02 9.057481944100802096e+00
2.058833675437171662e-02 8.969483385575832912e+00
2.091513575047285536e-02 8.884715573618517936e+00
2.124193474657399411e-02 8.799558564542142136e+00
2.156873374267513285e-02 8.715602663598572164e+00
2.189553273877627160e-02 8.632580070617823509e+00
2.222233173487741034e-02 8.550773282951702470e+00
2.254913073097854562e-02 8.468665105072313182e+00
2.287592972707968436e-02 8.388462808742662702e+00
2.320272872318082311e-02 8.309825233997687022e+00
2.352952771928196185e-02 8.231500676195636856e+00
2.385632671538310060e-02 8.152555033661560202e+00
2.418312571148423934e-02 8.073524480905756917e+00
2.450992470758537808e-02 7.997162662792881349e+00
2.483672370368651683e-02 7.920679539207536202e+00
2.516352269978765557e-02 7.845565431256826372e+00
2.549032169588879085e-02 7.771252534027844661e+00
2.581712069198992959e-02 7.696538126971042004e+00
2.614391968809106834e-02 7.622059355559144045e+00
2.647071868419220708e-02 7.549374936300361050e+00
2.679751768029334583e-02 7.476555166378870965e+00
2.712431667639448457e-02 7.403540030783795522e+00
2.745111567249562332e-02 7.331984724101705098e+00
2.777791466859676206e-02 7.260174107285912726e+00
2.810471366469790080e-02 7.190357457931551899e+00
2.843151266079903608e-02 7.121767383883555347e+00
2.875831165690017482e-02 7.053558144952811304e+00
2.908511065300131357e-02 6.985688324538904759e+00
2.941190964910245231e-02 6.918702113853034241e+00
2.973870864520359106e-02 6.851370571293930567e+00
3.006550764130472980e-02 6.784689517800681635e+00
3.039230663740586855e-02 6.719568980259214896e+00
3.071910563350700729e-02 6.654408813514670840e+00
3.104590462960814604e-02 6.589883392792282635e+00
3.137270362570928478e-02 6.526192449373341198e+00
3.169950262181042006e-02 6.463589790136150981e+00
3.202630161791156227e-02 6.399935427085783779e+00
3.235310061401269754e-02 6.337266359055414355e+00
3.267989961011383976e-02 6.274137149909230438e+00
3.300669860621497503e-02 6.212294218755263664e+00
3.333349760231611031e-02 6.151981292673458945e+00
3.366029659841725252e-02 6.092754326439326462e+00
3.398709559451838780e-02 6.032778687998408884e+00
3.431389459061953001e-02 5.973088893126955234e+00
3.464069358672066529e-02 5.913410882489049669e+00
3.496749258282180750e-02 5.855031500363256924e+00
3.529429157892294278e-02 5.796498214622591405e+00
3.562109057502408499e-02 5.738441721552161923e+00
3.594788957112522026e-02 5.681453763553985681e+00
3.627468856722635554e-02 5.625244905378647964e+00
3.660148756332749775e-02 5.568699103512381399e+00
3.692828655942863303e-02 5.512309506320673513e+00
3.725508555552977524e-02 5.456350991723708077e+00
3.758188455163091052e-02 5.401033856002928069e+00
3.790868354773205273e-02 5.346383580979304995e+00
3.823548254383318801e-02 5.293226733455134614e+00
3.856228153993433022e-02 5.240265982619122909e+00
3.888908053603546550e-02 5.188018198358685495e+00
3.921587953213660077e-02 5.135074081177552152e+00
3.954267852823774299e-02 5.082553395244223893e+00
3.986947752433887826e-02 5.030608418052908704e+00
4.019627652044002047e-02 4.978504154029255169e+00
4.052307551654115575e-02 4.927030568762361007e+00
4.084987451264229796e-02 4.876242272421141166e+00
4.117667350874343324e-02 4.825895058583739683e+00
4.150347250484457545e-02 4.776329117290597281e+00
4.183027150094571073e-02 4.726033036278832533e+00
4.215707049704684600e-02 4.677281299629057365e+00
4.248386949314798822e-02 4.628865932281328810e+00
4.281066848924912349e-02 4.581105913260307361e+00
4.313746748535026571e-02 4.532953925150744467e+00
4.346426648145140098e-02 4.484742781926573940e+00
4.379106547755254319e-02 4.439150049398472575e+00
4.411786447365367847e-02 4.393749639669437101e+00
4.444466346975482068e-02 4.347126606898068069e+00
4.477146246585595596e-02 4.301305734134877490e+00
4.509826146195709123e-02 4.257547385698080333e+00
4.542506045805823345e-02 4.211663042453999140e+00
4.575185945415936872e-02 4.166244480172109910e+00
4.607865845026051094e-02 4.121178963190147648e+00
4.640545744636164621e-02 4.076538758315559896e+00
4.673225644246278843e-02 4.032483181063782673e+00
4.705905543856392370e-02 3.989030217960258806e+00
4.738585443466506592e-02 3.945621032719590637e+00
4.771265343076620119e-02 3.902201012061484953e+00
4.803945242686733647e-02 3.858971534934270142e+00
4.836625142296847868e-02 3.816509621053741252e+00
4.869305041906961395e-02 3.774662895070711510e+00
4.901984941517075617e-02 3.732430865726644953e+00
4.934664841127189144e-02 3.691097714372321370e+00
4.967344740737303366e-02 3.649953398414082173e+00
5.000024640347416893e-02 3.608820664674539991e+00
5.032704539957531115e-02 3.569162507014797647e+00
5.065384439567644642e-02 3.528996558347640367e+00
5.098064339177758170e-02 3.490180145395253675e+00
5.130744238787872391e-02 3.450976947710968190e+00
5.163424138397985919e-02 3.412734215269262350e+00
5.196104038008100140e-02 3.374062419262749746e+00
5.228783937618213667e-02 3.336988824999566283e+00
5.261463837228327889e-02 3.298991222645383914e+00
5.294143736838441416e-02 3.261179446861945053e+00
5.326823636448555638e-02 3.223212452569756525e+00
5.359503536058669165e-02 3.185995392700084583e+00
5.392183435668782693e-02 3.149533528721013553e+00
5.424863335278896914e-02 3.113406067140061850e+00
5.457543234889010442e-02 3.077573756425583174e+00
5.490223134499124663e-02 3.041993431508597467e+00
5.522903034109238191e-02 3.006230010863125024e+00
5.555582933719352412e-02 2.971421967907858175e+00
5.588262833329465940e-02 2.936646042061376249e+00
5.620942732939580161e-02 2.901804980465036099e+00
5.653622632549693688e-02 2.867590958955787084e+00
5.686302532159807216e-02 2.833453499284891652e+00
5.718982431769921437e-02 2.799639485159194585e+00
5.751662331380034965e-02 2.766195756002341799e+00
5.784342230990149186e-02 2.732587037908223326e+00
5.817022130600262714e-02 2.699266874354559587e+00
5.849702030210376935e-02 2.666813096187762078e+00
5.882381929820490463e-02 2.634351525664773597e+00
5.915061829430604684e-02 2.602250114078851428e+00
5.947741729040718212e-02 2.569780693017526652e+00
5.980421628650831739e-02 2.537971971991507480e+00
6.013101528260945960e-02 2.506506000661472555e+00
6.045781427871059488e-02 2.475508390769765921e+00
6.078461327481173709e-02 2.444665815031056066e+00
6.111141227091287237e-02 2.414349660787241891e+00
6.143821126701401458e-02 2.384181011333686317e+00
6.176501026311514986e-02 2.354309997342200589e+00
6.209180925921629207e-02 2.324531305801145642e+00
6.241860825531742735e-02 2.294850981635291109e+00
6.274540725141856956e-02 2.265924881290459769e+00
6.307220624751970484e-02 2.237238783120974794e+00
6.339900524362084011e-02 2.208537872814604786e+00
6.372580423972197539e-02 2.180414134700165540e+00
6.405260323582312454e-02 2.152437118453638387e+00
6.437940223192425981e-02 2.124411576629614995e+00
6.470620122802539509e-02 2.096479954678949209e+00
6.503300022412653036e-02 2.069191758452204599e+00
6.535979922022767952e-02 2.041895879746366660e+00
6.568659821632881479e-02 2.015118891477881036e+00
6.601339721242995007e-02 1.988094321824463773e+00
6.634019620853108534e-02 1.961288427645307753e+00
6.666699520463222062e-02 1.935798824749329405e+00
6.699379420073336977e-02 1.909806235094042348e+00
6.732059319683450505e-02 1.884769765891973980e+00
6.764739219293564032e-02 1.859429166908588504e+00
6.797419118903677560e-02 1.834186499243681601e+00
6.830099018513792475e-02 1.809655681129660243e+00
6.862778918123906002e-02 1.784845287427692329e+00
6.895458817734019530e-02 1.760135073656546867e+00
6.928138717344133057e-02 1.736061164066821094e+00
6.960818616954246585e-02 1.711989042404522543e+00
6.993498516564361500e-02 1.687843642833079860e+00
7.026178416174475028e-02 1.664434342124951671e+00
7.058858315784588555e-02 1.641442862867091845e+00
7.091538215394702083e-02 1.617820116910235306e+00
7.124218115004816998e-02 1.594951713072931376e+00
7.156898014614930525e-02 1.572510569452781226e+00
7.189577914225044053e-02 1.550127246592110541e+00
7.222257813835157580e-02 1.527809009313186417e+00
7.254937713445271108e-02 1.505256293508382193e+00
7.287617613055386023e-02 1.483414593272718074e+00
7.320297512665499551e-02 1.461920708169643923e+00
7.352977412275613078e-02 1.440509062716474276e+00
7.385657311885726606e-02 1.418479676796757349e+00
7.418337211495841521e-02 1.397188994757752045e+00
7.451017111105955049e-02 1.376204944337082514e+00
7.483697010716068576e-02 1.355210096292270183e+00
7.516376910326182104e-02 1.334680232721239035e+00
7.549056809936295631e-02 1.314207040392645798e+00
7.581736709546410546e-02 1.294128363881094090e+00
7.614416609156524074e-02 1.274355216464302831e+00
7.647096508766637601e-02 1.254514716368262173e+00
7.679776408376751129e-02 1.235040081865177664e+00
7.712456307986866044e-02 1.215819654117136883e+00
7.745136207596979572e-02 1.196935596361365928e+00
7.777816107207093099e-02 1.177847451438712723e+00
7.810496006817206627e-02 1.159197417256405238e+00
7.843175906427320154e-02 1.140510676706341320e+00
7.875855806037435070e-02 1.122192674181828664e+00
7.908535705647548597e-02 1.103872510259217954e+00
7.941215605257662125e-02 1.085737413524094253e+00
7.973895504867775652e-02 1.068001333057706725e+00
8.006575404477890567e-02 1.050654868715380497e+00
8.039255304088004095e-02 1.032831372480241594e+00
8.071935203698117622e-02 1.015962655476777554e+00
8.104615103308231150e-02 9.989332032243750659e-01
8.137295002918344677e-02 9.821942690539283705e-01
8.169974902528459593e-02 9.654390884462487055e-01
8.202654802138573120e-02 9.490424222186010228e-01
8.235334701748686648e-02 9.329894736997549343e-01
8.268014601358800175e-02 9.164290030368000828e-01
8.300694500968915090e-02 9.005313074544744056e-01
8.333374400579028618e-02 8.845944185152415651e-01
8.366054300189142146e-02 8.688056587500448957e-01
8.398734199799255673e-02 8.528211857935555917e-01
8.431414099409369201e-02 8.375772135028295429e-01
8.464093999019484116e-02 8.223531776705249596e-01
8.496773898629597643e-02 8.072994615645068262e-01
8.529453798239711171e-02 7.924961852802870910e-01
8.562133697849824698e-02 7.777601283518468245e-01
8.594813597459939614e-02 7.632180209576415741e-01
8.627493497070053141e-02 7.487144713778369765e-01
8.660173396680166669e-02 7.346019858800595381e-01
8.692853296290280196e-02 7.208535915278484474e-01
8.725533195900393724e-02 7.066675408669105263e-01
8.758213095510508639e-02 6.928802550034417473e-01
8.790892995120622166e-02 6.794030756399785931e-01
8.823572894730735694e-02 6.663744749086167873e-01
8.856252794340849221e-02 6.528579128546989629e-01
8.888932693950964137e-02 6.397552094144529633e-01
8.921612593561077664e-02 6.267663974288636419e-01
8.954292493171191192e-02 6.136279702787228452e-01
8.986972392781304719e-02 6.010916100667836881e-01
9.019652292391418247e-02 5.884584285486627042e-01
9.052332192001533162e-02 5.764452925134972983e-01
9.085012091611646690e-02 5.642929944655554753e-01
9.117691991221760217e-02 5.522984036190193846e-01
9.150371890831873745e-02 5.403212056742275893e-01
9.183051790441988660e-02 5.283810280815760541e-01
9.215731690052102187e-02 5.168894780664852195e-01
9.248411589662215715e-02 5.056734974663712467e-01
9.281091489272329242e-02 4.943958151522991895e-01
9.313771388882442770e-02 4.831753655410183090e-01
9.346451288492557685e-02 4.722763960997735100e-01
9.379131188102671213e-02 4.616141622658953558e-01
9.411811087712784740e-02 4.509378839762845370e-01
9.444490987322898268e-02 4.404135689093618966e-01
9.477170886933013183e-02 4.300674898484632691e-01
9.509850786543126711e-02 4.198305884474424765e-01
9.542530686153240238e-02 4.093966565469275842e-01
9.575210585763353766e-02 3.994841823913850010e-01
9.607890485373467293e-02 3.895831179531860089e-01
9.640570384983582208e-02 3.799531255174211086e-01
9.673250284593695736e-02 3.704356849325465273e-01
9.705930184203809263e-02 3.611891495973413302e-01
9.738610083813922791e-02 3.519114779736003951e-01
9.771289983424037706e-02 3.428025721161294670e-01
9.803969883034151234e-02 3.338074444707229138e-01
9.836649782644264761e-02 3.247602248886561904e-01
9.869329682254378289e-02 3.161426047317998922e-01
9.902009581864491816e-02 3.075472829762376792e-01
9.934689481474606731e-02 2.989491509741932784e-01
9.967369381084720259e-02 2.906371088042696282e-01
1.000004928069483379e-01 2.826099086259707405e-01
1.003272918030494731e-01 2.747795245515638474e-01
1.006540907991506223e-01 2.669734853308343148e-01
1.009808897952517576e-01 2.592284825765796552e-01
1.013076887913528928e-01 2.514485366686597945e-01
1.016344877874540281e-01 2.440874246322876640e-01
1.019612867835551634e-01 2.370003072221568419e-01
1.022880857796563125e-01 2.301475472835002312e-01
1.026148847757574478e-01 2.231432199716289477e-01
1.029416837718585831e-01 2.162744981886195739e-01
1.032684827679597184e-01 2.096075654029476709e-01
1.035952817640608675e-01 2.030063491809756815e-01
1.039220807601620028e-01 1.968595842819188813e-01
1.042488797562631381e-01 1.905202287270943984e-01
1.045756787523642733e-01 1.841774839295472477e-01
1.049024777484654086e-01 1.779188895174236007e-01
1.052292767445665578e-01 1.717924728104244236e-01
1.055560757406676931e-01 1.658808687561587614e-01
1.058828747367688283e-01 1.602091754944918456e-01
1.062096737328699636e-01 1.546322863393025104e-01
1.065364727289711128e-01 1.488073977415301508e-01
1.068632717250722480e-01 1.434612750083728294e-01
1.071900707211733833e-01 1.380227534906594000e-01
1.075168697172745186e-01 1.325703638287512864e-01
1.078436687133756539e-01 1.272241231721343846e-01
1.081704677094768030e-01 1.223149115568546719e-01
1.084972667055779383e-01 1.174411093796113859e-01
1.088240657016790736e-01 1.127134391990554096e-01
1.091508646977802088e-01 1.080653137044544632e-01
1.094776636938813580e-01 1.035062363637485466e-01
1.098044626899824933e-01 9.891949792921315987e-02
1.101312616860836285e-01 9.445013095167900663e-02
1.104580606821847638e-01 9.040217829490947155e-02
1.107848596782858991e-01 8.635843472627395545e-02
1.111116586743870482e-01 8.241266412758831150e-02
1.114384576704881835e-01 7.871624490735006086e-02
1.117652566665893188e-01 7.510581766726323605e-02
1.120920556626904541e-01 7.149793265511941720e-02
1.124188546587916032e-01 6.774191107654385646e-02
1.127456536548927385e-01 6.429183054021213317e-02
1.130724526509938738e-01 6.112890886131196189e-02
1.133992516470950090e-01 5.807049383583379881e-02
1.137260506431961443e-01 5.499409926891379169e-02
1.140528496392972935e-01 5.200228150576116648e-02
1.143796486353984287e-01 4.887378626994455522e-02
1.147064476314995640e-01 4.571547812716002246e-02
1.150332466276006993e-01 4.272515131891529983e-02
1.153600456237018484e-01 4.011022400027682011e-02
1.156868446198029837e-01 3.758677558008954173e-02
1.160136436159041190e-01 3.521004226640984253e-02
1.163404426120052543e-01 3.289592599435893494e-02
1.166672416081063895e-01 3.065185614450883361e-02
1.169940406042075387e-01 2.833276730247202488e-02
1.173208396003086740e-01 2.618979908461336117e-02
1.176476385964098093e-01 2.411968236943240126e-02
1.179744375925109445e-01 2.240634948624042194e-02
1.183012365886120937e-01 2.042943894137941654e-02
1.186280355847132290e-01 1.833968763470279068e-02
1.189548345808143642e-01 1.658980702335761601e-02
1.192816335769154995e-01 1.495377374949889357e-02
1.196084325730166348e-01 1.364515712855442556e-02
1.199352315691177839e-01 1.206236964213257094e-02
1.202620305652189192e-01 1.054987664383823243e-02
1.205888295613200545e-01 9.256062563346300828e-03
1.209156285574211898e-01 7.868380694457891705e-03
1.212424275535223389e-01 6.502463208391000629e-03
1.215692265496234742e-01 5.682591496453216068e-03
1.218960255457246095e-01 4.886373365854329749e-03
1.222228245418257447e-01 4.170337408240088091e-03
1.225496235379268800e-01 3.480281228421028186e-03
1.228764225340280292e-01 2.803951861011347562e-03
1.232032215301291644e-01 1.877419232424243443e-03
1.235300205262302997e-01 1.299841700073274455e-03
1.238568195223314350e-01 7.983381497622280085e-04
1.241836185184325841e-01 4.519913150929700022e-04
1.245104175145337194e-01 2.567408276800678055e-04
1.248372165106348547e-01 -0.000000000000000000e+00
1.251640155067360038e-01 2.223332321261342734e-04
1.254908145028371391e-01 2.677641086658932661e-04
1.258176134989382744e-01 2.093359087964579020e-04
1.261444124950394097e-01 4.904926011244111319e-04
1.264712114911405449e-01 3.556895309596803186e-04
1.267980104872416802e-01 2.870823422867904099e-04
1.271248094833428155e-01 5.948369499478861492e-04
1.274516084794439508e-01 8.953308331555364860e-04
1.277784074755451138e-01 1.285849564508754561e-03
1.281052064716462491e-01 1.892162079463024669e-03
1.284320054677473844e-01 2.268440242562227288e-03
1.287588044638485196e-01 2.570515464984911898e-03
1.290856034599496549e-01 3.656048023824828245e-03
1.294124024560507902e-01 4.556093899055591034e-03
1.297392014521519255e-01 5.448810944815936537e-03
1.300660004482530607e-01 6.268991426909749538e-03
1.303927994443541960e-01 7.147359928537656316e-03
1.307195984404553590e-01 8.058095035203738724e-03
1.310463974365564943e-01 9.182724999132861263e-03
1.313731964326576296e-01 1.029145736640852023e-02
1.316999954287587649e-01 1.162867646491903134e-02
1.320267944248599001e-01 1.299946266392284187e-02
1.323535934209610354e-01 1.464337881552249532e-02
1.326803924170621707e-01 1.606012044336703817e-02
1.330071914131633060e-01 1.736554715581959882e-02
1.333339904092644412e-01 1.904803956243783514e-02
1.336607894053656043e-01 2.067520110710890924e-02
1.339875884014667395e-01 2.280392892957261788e-02
1.343143873975678748e-01 2.476261496825288289e-02
1.346411863936690101e-01 2.666713499340078036e-02
1.349679853897701454e-01 2.870009812386111261e-02
1.352947843858712806e-01 3.077402542569566621e-02
1.356215833819724159e-01 3.324804626278923120e-02
1.359483823780735512e-01 3.542035158439387627e-02
1.362751813741746865e-01 3.795930440538098499e-02
1.366019803702758495e-01 4.013474916512597968e-02
1.369287793663769848e-01 4.243817301795969887e-02
1.372555783624781200e-01 4.486716919114674268e-02
1.375823773585792553e-01 4.756447225986302346e-02
1.379091763546803906e-01 5.017422489762942556e-02
1.382359753507815259e-01 5.289922391817572511e-02
1.385627743468826611e-01 5.552705397513661018e-02
1.388895733429837964e-01 5.822694778306419100e-02
1.392163723390849317e-01 6.092745200628268964e-02
1.395431713351860947e-01 6.407605213075472095e-02
1.398699703312872300e-01 6.698458331644814578e-02
1.401967693273883653e-01 7.011015636172164556e-02
1.405235683234895006e-01 7.314418543308974507e-02
1.408503673195906358e-01 7.647169259428707178e-02
1.411771663156917711e-01 7.968122240226296893e-02
1.415039653117929064e-01 8.305508255692133079e-02
1.418307643078940417e-01 8.643133021241357350e-02
1.421575633039951769e-01 8.981219010710900230e-02
1.424843623000963400e-01 9.333092320759665828e-02
1.428111612961974752e-01 9.662641107310773747e-02
1.431379602922986105e-01 1.002475985869653308e-01
1.434647592883997458e-01 1.038532957127009521e-01
1.437915582845008811e-01 1.075532974072005987e-01
1.441183572806020163e-01 1.111228088196438007e-01
1.444451562767031516e-01 1.146819448146941534e-01
1.447719552728042869e-01 1.188050597601715275e-01
1.450987542689054222e-01 1.226642067407221620e-01
1.454255532650065852e-01 1.265079185613453283e-01
1.457523522611077205e-01 1.308055226546294691e-01
1.460791512572088557e-01 1.350561249630154170e-01
1.464059502533099910e-01 1.390414854229534702e-01
1.467327492494111263e-01 1.431871401120007881e-01
1.470595482455122616e-01 1.478988041437055700e-01
1.473863472416133968e-01 1.522532614417798635e-01
1.477131462377145321e-01 1.563955627354201849e-01
1.480399452338156674e-01 1.607949531101964258e-01
1.483667442299168304e-01 1.655043294810820687e-01
1.486935432260179657e-01 1.701975176381548549e-01
1.490203422221191010e-01 1.748893394602384077e-01
1.493471412182202362e-01 1.796900998887797363e-01
1.496739402143213715e-01 1.845922261280118493e-01
1.500007392104225068e-01 1.900464346469546428e-01
1.503275382065236421e-01 1.952988918854051681e-01
1.506543372026247773e-01 2.004920168273578163e-01
1.509811361987259126e-01 2.056314895307258528e-01
1.513079351948270757e-01 2.107503807847333210e-01
1.516347341909282109e-01 2.159916807596067578e-01
1.519615331870293462e-01 2.213246225959555336e-01
1.522883321831304815e-01 2.265137869502090173e-01
1.526151311792316168e-01 2.321086937755114932e-01
1.529419301753327520e-01 2.373871770866874953e-01
1.532687291714338873e-01 2.430190252150365715e-01
1.535955281675350226e-01 2.487125365355692674e-01
1.539223271636361579e-01 2.540186990367374054e-01
1.542491261597373209e-01 2.598564781612160979e-01
1.545759251558384562e-01 2.659227565301756080e-01
1.549027241519395914e-01 2.717548611655454249e-01
1.552295231480407267e-01 2.777836774839201883e-01
1.555563221441418620e-01 2.838401867438095638e-01
1.558831211402429973e-01 2.898657900060354620e-01
1.562099201363441325e-01 2.960695808415264585e-01
1.565367191324452678e-01 3.023188396161277658e-01
1.568635181285464031e-01 3.083959946589266421e-01
1.571903171246475661e-01 3.148206309632342603e-01
1.575171161207487014e-01 3.211732652910930796e-01
1.578439151168498367e-01 3.276945537995444302e-01
1.581707141129509719e-01 3.343819095084762383e-01
1.584975131090521072e-01 3.409738256453148098e-01
1.588243121051532425e-01 3.478940232426085966e-01
1.591511111012543778e-01 3.544395917453316280e-01
1.594779100973555130e-01 3.611289879259451108e-01
1.598047090934566483e-01 3.680929393944237238e-01
1.601315080895578113e-01 3.752016007120293484e-01
1.604583070856589466e-01 3.817799226385817368e-01
1.607851060817600819e-01 3.885974685692334396e-01
1.611119050778612172e-01 3.957786150867576014e-01
1.614387040739623524e-01 4.028476371936109413e-01
1.617655030700634877e-01 4.100790302652958519e-01
1.620923020661646230e-01 4.173742389889382731e-01
1.624191010622657583e-01 4.247927427661666866e-01
1.627459000583668935e-01 4.321668885141330407e-01
1.630726990544680566e-01 4.396481285983936393e-01
1.633994980505691919e-01 4.474436408641579432e-01
1.637262970466703271e-01 4.550941997480190682e-01
1.640530960427714624e-01 4.627562890069584212e-01
1.643798950388725977e-01 4.703291180177194275e-01
1.647066940349737330e-01 4.780762136324044898e-01
1.650334930310748682e-01 4.857896565754295515e-01
1.653602920271760035e-01 4.937079145076589404e-01
1.656870910232771388e-01 5.020559832120200516e-01
1.660138900193783018e-01 5.100146270643218793e-01
1.663406890154794371e-01 5.182085429938916299e-01
1.666674880115805724e-01 5.261998388569117946e-01
1.669942870076817076e-01 5.344424707967500021e-01
1.673210860037828429e-01 5.426431125053715609e-01
1.676478849998839782e-01 5.511821801777831986e-01
1.679746839959851135e-01 5.597618833975623875e-01
1.683014829920862487e-01 5.682415419320425709e-01
1.686282819881873840e-01 5.766308907648194371e-01
1.689550809842885470e-01 5.851691475679233756e-01
1.692818799803896823e-01 5.937580007100077273e-01
1.696086789764908176e-01 6.022884012326370495e-01
1.699354779725919529e-01 6.110216068545081258e-01
1.702622769686930881e-01 6.200799448565494920e-01
1.705890759647942234e-01 6.289905957211990861e-01
1.709158749608953587e-01 6.378409060751327742e-01
1.712426739569964940e-01 6.471041435643984929e-01
1.715694729530976292e-01 6.565616471550232980e-01
1.718962719491987923e-01 6.657061239807553488e-01
1.722230709452999275e-01 6.747808887423155655e-01
1.725498699414010628e-01 6.840724842552734497e-01
1.728766689375021981e-01 6.933836237338696362e-01
1.732034679336033334e-01 7.023675906883787290e-01
1.735302669297044686e-01 7.119008982267978070e-01
1.738570659258056039e-01 7.211852452386704471e-01
1.741838649219067392e-01 7.308273570690051457e-01
1.745106639180078745e-01 7.408018375165681402e-01
1.748374629141090375e-01 7.504363914066080055e-01
1.751642619102101728e-01 7.600334203395859856e-01
1.754910609063113081e-01 7.699107340868852623e-01
1.758178599024124433e-01 7.794901591433074373e-01
1.761446588985135786e-01 7.891564121571212898e-01
1.764714578946147139e-01 7.994537535991141919e-01
1.767982568907158492e-01 8.091955513695361368e-01
1.771250558868169844e-01 8.195669463332695415e-01
1.774518548829181197e-01 8.300398852463143351e-01
1.777786538790192827e-01 8.400419379664773034e-01
1.781054528751204180e-01 8.501565911323564206e-01
1.784322518712215533e-01 8.605046998104383116e-01
1.787590508673226886e-01 8.709913005121026064e-01
1.790858498634238238e-01 8.816192974202258226e-01
1.794126488595249591e-01 8.925501261410488940e-01
1.797394478556260944e-01 9.033813645805914838e-01
1.800662468517272297e-01 9.138212888965722147e-01
1.803930458478283649e-01 9.242637248134648598e-01
1.807198448439295280e-01 9.350924405945513218e-01
1.810466438400306632e-01 9.462154553061715712e-01
1.813734428361317985e-01 9.572038185977602698e-01
1.817002418322329338e-01 9.681923534198131343e-01
1.820270408283340691e-01 9.792788976542424750e-01
1.823538398244352043e-01 9.907132080199053670e-01
1.826806388205363396e-01 1.002261460290296391e+00
1.830074378166374749e-01 1.013760918408376011e+00
1.833342368127386102e-01 1.025123964706911472e+00
1.836610358088397732e-01 1.036523131633345418e+00
1.839878348049409085e-01 1.048032091189364801e+00
1.843146338010420437e-01 1.059646638755593617e+00
1.846414327971431790e-01 1.071385052225858558e+00
1.849682317932443143e-01 1.083283527453306583e+00
1.852950307893454496e-01 1.095196208115808867e+00
1.856218297854465848e-01 1.106981538282101329e+00
1.859486287815477201e-01 1.119084795158338919e+00
1.862754277776488554e-01 1.131084716487045450e+00
1.866022267737500184e-01 1.143110051512256753e+00
1.869290257698511537e-01 1.155324165374340906e+00
1.872558247659522890e-01 1.167730969918236550e+00
1.875826237620534243e-01 1.180003120309014886e+00
1.879094227581545595e-01 1.192429043677806444e+00
1.882362217542556948e-01 1.204944243375109414e+00
1.885630207503568301e-01 1.217746812804568757e+00
1.888898197464579654e-01 1.230521665270577936e+00
1.892166187425591006e-01 1.243272014683164617e+00
1.895434177386602637e-01 1.255488686038526591e+00
1.898702167347613989e-01 1.268330201902739818e+00
1.901970157308625342e-01 1.281275376381570741e+00
1.905238147269636695e-01 1.294600631898392917e+00
1.908506137230648048e-01 1.307909182419900951e+00
1.911774127191659400e-01 1.321173387265910160e+00
1.915042117152670753e-01 1.334580711426887278e+00
1.918310107113682106e-01 1.347713902687557308e+00
1.921578097074693459e-01 1.361223058435889977e+00
1.924846087035705089e-01 1.374836739580996614e+00
1.928114076996716442e-01 1.388329831187069541e+00
1.931382066957727794e-01 1.401958319767050209e+00
1.934650056918739147e-01 1.415733710451803518e+00
1.937918046879750500e-01 1.429542443946909325e+00
1.941186036840761853e-01 1.443162135093330356e+00
1.944454026801773205e-01 1.457315447599150104e+00
1.947722016762784558e-01 1.471730912729458662e+00
1.950990006723795911e-01 1.485657986246848417e+00
1.954257996684807541e-01 1.499952931708106174e+00
1.957525986645818894e-01 1.514229374323142974e+00
1.960793976606830247e-01 1.528745173805382995e+00
1.964061966567841599e-01 1.543176802648287493e+00
1.967329956528852952e-01 1.557894376964384042e+00
1.970597946489864305e-01 1.572471907479938258e+00
1.973865936450875658e-01 1.587438201705798191e+00
1.977133926411887010e-01 1.602171622404430229e+00
1.980401916372898363e-01 1.616809273089001353e+00
1.983669906333909994e-01 1.631658646348371544e+00
1.986937896294921346e-01 1.646529499056051060e+00
1.990205886255932699e-01 1.661791249229223277e+00
1.993473876216944052e-01 1.677392279243633766e+00
1.996741866177955405e-01 1.692820717431587019e+00
2.000009856138966757e-01 1.708169624911096696e+00
2.003277846099978110e-01 1.723860921732020657e+00
2.006545836060989463e-01 1.738940027622950524e+00
2.009813826022000816e-01 1.754611083839079821e+00
2.013081815983012446e-01 1.769922987445258000e+00
2.016349805944023799e-01 1.785607646205292554e+00
2.019617795905035151e-01 1.801638547593760187e+00
2.022885785866046504e-01 1.817466303918216841e+00
2.026153775827057857e-01 1.833855629773633034e+00
2.029421765788069210e-01 1.850297341038844134e+00
2.032689755749080562e-01 1.866607845461153881e+00
2.035957745710091915e-01 1.883083374624675788e+00
2.039225735671103268e-01 1.899577383207703640e+00
2.042493725632114898e-01 1.916216634103201422e+00
2.045761715593126251e-01 1.933161968179182955e+00
2.049029705554137604e-01 1.950086796722994009e+00
2.052297695515148956e-01 1.966717866194026776e+00
2.055565685476160309e-01 1.983678608169859636e+00
2.058833675437171662e-01 2.000516347225750113e+00
2.062101665398183015e-01 2.017678631089377284e+00
2.065369655359194367e-01 2.034775956029078348e+00
2.068637645320205720e-01 2.052064260716268684e+00
2.071905635281217350e-01 2.069692547899188551e+00
2.075173625242228703e-01 2.087040498105394271e+00
2.078441615203240056e-01 2.104502949048223215e+00
2.081709605164251409e-01 2.121854827961743961e+00
2.084977595125262761e-01 2.139352688910158395e+00
2.088245585086274114e-01 2.157355080746187426e+00
2.091513575047285467e-01 2.175430088939324325e+00
2.094781565008296820e-01 2.193314964019510871e+00
2.098049554969308172e-01 2.211302222525694638e+00
2.101317544930319803e-01 2.229317276943353132e+00
2.104585534891331156e-01 2.247601623666853232e+00
2.107853524852342508e-01 2.266319555363651261e+00
2.111121514813353861e-01 2.284679398818960205e+00
2.114389504774365214e-01 2.303166607339126148e+00
2.117657494735376567e-01 2.321824134158143593e+00
2.120925484696387919e-01 2.340725895188253247e+00
2.124193474657399272e-01 2.359519166146776037e+00
2.127461464618410625e-01 2.378713142054298846e+00
2.130729454579422255e-01 2.398291505413862712e+00
2.133997444540433608e-01 2.417453822978602229e+00
2.137265434501444961e-01 2.436749427988474714e+00
2.140533424462456313e-01 2.455992082820383171e+00
2.143801414423467666e-01 2.475632556279929286e+00
2.147069404384479019e-01 2.495674594214171371e+00
2.150337394345490372e-01 2.515241647053199969e+00
2.153605384306501724e-01 2.535234330069828346e+00
2.156873374267513077e-01 2.554884646418814853e+00
2.160141364228524707e-01 2.575254995603459385e+00
2.163409354189536060e-01 2.595324948044069213e+00
2.166677344150547413e-01 2.615676167298272237e+00
2.169945334111558766e-01 2.636194270542821627e+00
2.173213324072570118e-01 2.656594148839053204e+00
2.176481314033581471e-01 2.677607353883125096e+00
2.179749303994592824e-01 2.697684694272918460e+00
2.183017293955604177e-01 2.719160780468342420e+00
2.186285283916615529e-01 2.740469545350012748e+00
2.189553273877627160e-01 2.762053218208083916e+00
2.192821263838638512e-01 2.783260090567773570e+00
2.196089253799649865e-01 2.804624501866584740e+00
2.199357243760661218e-01 2.826290694854016294e+00
2.202625233721672571e-01 2.848525730684350332e+00
2.205893223682683923e-01 2.870963243042374380e+00
2.209161213643695276e-01 2.892907027674797238e+00
2.212429203604706629e-01 2.915225871769423716e+00
2.215697193565717982e-01 2.937604640950295831e+00
2.218965183526729612e-01 2.959234586005150991e+00
2.222233173487740965e-01 2.981979472584637136e+00
2.225501163448752318e-01 3.004911279940888136e+00
2.228769153409763670e-01 3.027578431280942617e+00
2.232037143370775023e-01 3.050292151665950691e+00
2.235305133331786376e-01 3.073527544426941205e+00
2.238573123292797729e-01 3.097252879358574518e+00
2.241841113253809081e-01 3.120712419335214705e+00
2.245109103214820434e-01 3.143812086639335313e+00
2.248377093175832064e-01 3.167593212659827184e+00
2.251645083136843417e-01 3.191388064358794630e+00
2.254913073097854770e-01 3.214826396736201630e+00
2.258181063058866123e-01 3.238885707112542089e+00
2.261449053019877475e-01 3.262866340896252382e+00
2.264717042980888828e-01 3.287093714468900529e+00
2.267985032941900181e-01 3.311239760920865915e+00
2.271253022902911534e-01 3.336163078397903714e+00
2.274521012863922886e-01 3.361291794161341162e+00
2.277789002824934517e-01 3.386233925932335076e+00
2.281056992785945869e-01 3.411130987151985039e+00
2.284324982746957222e-01 3.436495965362970750e+00
2.287592972707968575e-01 3.461700665729564363e+00
2.290860962668979928e-01 3.487337291026556763e+00
2.294128952629991280e-01 3.512327326018516160e+00
2.297396942591002633e-01 3.538201160180070914e+00
2.300664932552013986e-01 3.565612145201097150e+00
2.303932922513025339e-01 3.591483952005677605e+00
2.307200912474036969e-01 3.618220990338389509e+00
2.310468902435048322e-01 3.645171877251124126e+00
2.313736892396059674e-01 3.671956948704314883e+00
2.317004882357071027e-01 3.699008642625154053e+00
2.320272872318082380e-01 3.726195111454491116e+00
2.323540862279093733e-01 3.752796242960313222e+00
2.326808852240105085e-01 3.780795397663325730e+00
2.330076842201116438e-01 3.808203713514076050e+00
2.333344832162127791e-01 3.836053709326560313e+00
2.336612822123139421e-01 3.864221173170410584e+00
2.339880812084150774e-01 3.892735451306300831e+00
2.343148802045162127e-01 3.921375873757968034e+00
2.346416792006173480e-01 3.950647720794147055e+00
2.349684781967184832e-01 3.979595713703446336e+00
2.352952771928196185e-01 4.009031482555739601e+00
2.356220761889207538e-01 4.039526553332749792e+00
2.359488751850218891e-01 4.069236110296839293e+00
2.362756741811230243e-01 4.099667237501604333e+00
2.366024731772241874e-01 4.130321685525203179e+00
2.369292721733253226e-01 4.161145506443685527e+00
2.372560711694264579e-01 4.192031574052840881e+00
2.375828701655275932e-01 4.222614758889793762e+00
2.379096691616287285e-01 4.252381187546315111e+00
2.382364681577298637e-01 4.283337517014981444e+00
2.385632671538309990e-01 4.314215167122129380e+00
2.388900661499321343e-01 4.345771993113507925e+00
2.392168651460332696e-01 4.377657048559812303e+00
2.395436641421344326e-01 4.409074333809967605e+00
2.398704631382355679e-01 4.441903218948693777e+00
2.401972621343367031e-01 4.475049635657530445e+00
2.405240611304378384e-01 4.507809075139863175e+00
2.408508601265389737e-01 4.541201259388174094e+00
2.411776591226401090e-01 4.574652421406146807e+00
2.415044581187412442e-01 4.608865397980290268e+00
2.418312571148423795e-01 4.642673994430030149e+00
2.421580561109435148e-01 4.676829874217540706e+00
2.424848551070446778e-01 4.711032407967460145e+00
2.428116541031458131e-01 4.745976262381510935e+00
2.431384530992469484e-01 4.780646600512496569e+00
2.434652520953480836e-01 4.816476904823927541e+00
2.437920510914492189e-01 4.851940039773482205e+00
2.441188500875503542e-01 4.886784668006869836e+00
2.444456490836514895e-01 4.922852827066352965e+00
2.447724480797526247e-01 4.959908607883043885e+00
2.450992470758537600e-01 4.997328464706843221e+00
2.454260460719549231e-01 5.035078056827785531e+00
2.457528450680560583e-01 5.073145846150503679e+00
2.460796440641571936e-01 5.111210424971027955e+00
2.464064430602583289e-01 5.148041670692237837e+00
2.467332420563594642e-01 5.186034399487748914e+00
2.470600410524605994e-01 5.225382096729870973e+00
2.473868400485617347e-01 5.264118354303268354e+00
2.477136390446628700e-01 5.303295231480180227e+00
2.480404380407640053e-01 5.343307961918434934e+00
2.483672370368651683e-01 5.383557027908731030e+00
2.486940360329663036e-01 5.422915389195537728e+00
2.490208350290674388e-01 5.464268330494544301e+00
2.493476340251685741e-01 5.505586009482751564e+00
2.496744330212697094e-01 5.546916848916656484e+00
2.500012320173708447e-01 5.589396102886361462e+00
2.503280310134720077e-01 5.631190167948425085e+00
2.506548300095731152e-01 5.672950538132744747e+00
2.509816290056742782e-01 5.716015740579828197e+00
2.513084280017753858e-01 5.759645633159918177e+00
2.516352269978765488e-01 5.803003083272088247e+00
2.519620259939776563e-01 5.847808105537992240e+00
2.522888249900788193e-01 5.893064607205190875e+00
2.526156239861799824e-01 5.936686301942892818e+00
2.529424229822810899e-01 5.982388649110151668e+00
2.532692219783822529e-01 6.025430047987628157e+00
2.535960209744833604e-01 6.070701729659017332e+00
2.539228199705845235e-01 6.114913683050495763e+00
2.542496189666856310e-01 6.161592709780563837e+00
2.545764179627867940e-01 6.207838335525328155e+00
2.549032169588879015e-01 6.254795931891267813e+00
2.552300159549890646e-01 6.302433392616875629e+00
2.555568149510902276e-01 6.349711179409938566e+00
2.558836139471913351e-01 6.394372571897737778e+00
2.562104129432924982e-01 6.443601347763753040e+00
2.565372119393936057e-01 6.493999321840071559e+00
2.568640109354947687e-01 6.541614035716870390e+00
2.571908099315958762e-01 6.590963711112571843e+00
2.575176089276970393e-01 6.641820162794824789e+00
2.578444079237981468e-01 6.692600758245954573e+00
2.581712069198993098e-01 6.743904485530473281e+00
2.584980059160004728e-01 6.794428167184745959e+00
2.588248049121015804e-01 6.846332339647903886e+00
2.591516039082027434e-01 6.897754203559436803e+00
2.594784029043038509e-01 6.951771656652854681e+00
2.598052019004050139e-01 7.006692359610389609e+00
2.601320008965061215e-01 7.061169476422461067e+00
2.604587998926072845e-01 7.115630698775816221e+00
2.607855988887083920e-01 7.170138263104634646e+00
2.611123978848095550e-01 7.225483472197663737e+00
2.614391968809107181e-01 7.280659204985997945e+00
2.617659958770118256e-01 7.330798570409448267e+00
2.620927948731129886e-01 7.385594258276255708e+00
2.624195938692140961e-01 7.443437827243687188e+00
2.627463928653152592e-01 7.499988648089193966e+00
2.630731918614163667e-01 7.557750141473393413e+00
2.633999908575175297e-01 7.614176320960174493e+00
2.637267898536186372e-01 7.672216832535625031e+00
2.640535888497198003e-01 7.730450847169594297e+00
2.643803878458209633e-01 7.788970896430380542e+00
2.647071868419220708e-01 7.848269658999825538e+00
2.650339858380232338e-01 7.908363287385878238e+00
2.653607848341243414e-01 7.968519139914646665e+00
2.656875838302255044e-01 8.032610367818133312e+00
2.660143828263266119e-01 8.094367752684272332e+00
2.663411818224277750e-01 8.156118732354459056e+00
2.666679808185288825e-01 8.216869312475880704e+00
2.669947798146300455e-01 8.280567218041579025e+00
2.673215788107312085e-01 8.344176446104819789e+00
2.676483778068323161e-01 8.407699259960399019e+00
2.679751768029334791e-01 8.473784256597229003e+00
2.683019757990345866e-01 8.537483123923063744e+00
2.686287747951357496e-01 8.603038456802995171e+00
2.689555737912368572e-01 8.669829297577823723e+00
2.692823727873380202e-01 8.737401646218412310e+00
2.696091717834391277e-01 8.803896048320183354e+00
2.699359707795402907e-01 8.870415512240853673e+00
2.702627697756414538e-01 8.939580170821052718e+00
2.705895687717425613e-01 9.006409253738858922e+00
2.709163677678437243e-01 9.074728082647290250e+00
2.712431667639448318e-01 9.144171493779982285e+00
2.715699657600459949e-01 9.214104874366588760e+00
2.718967647561471024e-01 9.283826701678259852e+00
2.722235637522482654e-01 9.356032601837451779e+00
2.725503627483493729e-01 9.427726647990466446e+00
2.728771617444505360e-01 9.497372816645805571e+00
2.732039607405516990e-01 9.569994732183765507e+00
2.735307597366528065e-01 9.641659840437458939e+00
2.738575587327539695e-01 9.713201742050765475e+00
2.741843577288550771e-01 9.787219529304952204e+00
2.745111567249562401e-01 9.860834956115493100e+00
2.748379557210573476e-01 9.936011696835624463e+00
2.751647547171585106e-01 1.001141087030779886e+01
2.754915537132596182e-01 1.008557016902737580e+01
2.758183527093607812e-01 1.016026641601162517e+01
2.761451517054619442e-01 1.023857263214170743e+01
2.764719507015630517e-01 1.031442265564180438e+01
2.767987496976642148e-01 1.039395965783557330e+01
2.771255486937653223e-01 1.047018284790827991e+01
2.774523476898664853e-01 1.054907964914766438e+01
2.777791466859675928e-01 1.062889729379318560e+01
2.781059456820687559e-01 1.070777326346427039e+01
2.784327446781698634e-01 1.078761787153793961e+01
2.787595436742710264e-01 1.086672190124597570e+01
2.790863426703721895e-01 1.094941340485287462e+01
2.794131416664732970e-01 1.102891795090848248e+01
2.797399406625744600e-01 1.110992857727810268e+01
2.800667396586755675e-01 1.118915557284946694e+01
2.803935386547767306e-01 1.127246559099670975e+01
2.807203376508778381e-01 1.135279622649324338e+01
2.810471366469790011e-01 1.143966027951995379e+01
2.813739356430801086e-01 1.152029523306775260e+01
2.817007346391812717e-01 1.160402544773420352e+01
2.820275336352824347e-01 1.169077950283712397e+01
2.823543326313835422e-01 1.177702593566199241e+01
2.826811316274847052e-01 1.186588382318916857e+01
2.830079306235858128e-01 1.195335833692638694e+01
2.833347296196869758e-01 1.203630393922589370e+01
2.836615286157880833e-01 1.212567383575400726e+01
2.839883276118892463e-01 1.221362779925837394e+01
2.843151266079903539e-01 1.230376088143864344e+01
2.846419256040915169e-01 1.239182038677315312e+01
2.849687246001926799e-01 1.247892068387339393e+01
2.852955235962937874e-01 1.257144111347987447e+01
2.856223225923949505e-01 1.266078469853312605e+01
2.859491215884960580e-01 1.275342980636819767e+01
2.862759205845972210e-01 1.284504158889722802e+01
2.866027195806983285e-01 1.293682995335568009e+01
2.869295185767994916e-01 1.302596214539269681e+01
2.872563175729005991e-01 1.312092444912480005e+01
2.875831165690017621e-01 1.321768052494900836e+01
2.879099155651029252e-01 1.330888297459663328e+01
2.882367145612040327e-01 1.340332351332235561e+01
2.885635135573051957e-01 1.349686386484590628e+01
2.888903125534063032e-01 1.359097469634644462e+01
2.892171115495074663e-01 1.368296512319571079e+01
2.895439105456085738e-01 1.378074862154839586e+01
2.898707095417097368e-01 1.387363048512589003e+01
2.901975085378108443e-01 1.397540914689284719e+01
2.905243075339120074e-01 1.407236988354471663e+01
2.908511065300131704e-01 1.417201339934158533e+01
2.911779055261142779e-01 1.427631986216893267e+01
2.915047045222154409e-01 1.437558535556093275e+01
2.918315035183165485e-01 1.447412363604671803e+01
2.921583025144177115e-01 1.457337381221217498e+01
2.924851015105188190e-01 1.467852024197977023e+01
2.928119005066199820e-01 1.478652573279602400e+01
2.931386995027210896e-01 1.488964850908219439e+01
2.934654984988222526e-01 1.499591217760186801e+01
2.937922974949234156e-01 1.509593440251354046e+01
2.941190964910245231e-01 1.521554186839662925e+01
2.944458954871256862e-01 1.531483648634548800e+01
2.947726944832267937e-01 1.542067070289047770e+01
2.950994934793279567e-01 1.552596976434925402e+01
2.954262924754290642e-01 1.563711401273475055e+01
2.957530914715302273e-01 1.574384880674007725e+01
2.960798904676313348e-01 1.584992829650881419e+01
2.964066894637324978e-01 1.595823027217878476e+01
2.967334884598336608e-01 1.605885964127647370e+01
2.970602874559347684e-01 1.616573514953540069e+01
2.973870864520359314e-01 1.628730112231771798e+01
2.977138854481370389e-01 1.640405790567112732e+01
2.980406844442382019e-01 1.653046722690049819e+01
2.983674834403393095e-01 1.663681956500906978e+01
2.986942824364404725e-01 1.675352566088427508e+01
2.990210814325415800e-01 1.686491761336826656e+01
2.993478804286427430e-01 1.697078128510385753e+01
2.996746794247439061e-01 1.707885042031169220e+01
3.000014784208450136e-01 1.719117242275267898e+01
3.003282774169461766e-01 1.730603731296956482e+01
3.006550764130472841e-01 1.742874078350028455e+01
3.009818754091484472e-01 1.754729117325744170e+01
3.013086744052495547e-01 1.766434774922370110e+01
3.016354734013507177e-01 1.779623001004531702e+01
3.019622723974518252e-01 1.790291969117740578e+01
3.022890713935529883e-01 1.802337640697010102e+01
3.026158703896541513e-01 1.814256202465690393e+01
3.029426693857552588e-01 1.827550611912782585e+01
3.032694683818564219e-01 1.839658853654084680e+01
3.035962673779575294e-01 1.851046561834775162e+01
3.039230663740586924e-01 1.865314242818380919e+01
3.042498653701597999e-01 1.878793216206039673e+01
3.045766643662609630e-01 1.892422044374750456e+01
3.049034633623620705e-01 1.905003337010795050e+01
3.052302623584632335e-01 1.919033688639485646e+01
3.055570613545643965e-01 1.934058683513631749e+01
3.058838603506655041e-01 1.944890519951637131e+01
3.062106593467666671e-01 1.956331640990537224e+01
3.065374583428677746e-01 1.969535486539088609e+01
3.068642573389689376e-01 1.981543790770936297e+01
3.071910563350700452e-01 1.995686490887928599e+01
3.075178553311712082e-01 2.009862213817735466e+01
3.078446543272723157e-01 2.022492437066757276e+01
3.081714533233734787e-01 2.036968426652756037e+01
3.084982523194746418e-01 2.052744996186541471e+01
3.088250513155757493e-01 2.066385689349345611e+01
3.091518503116769123e-01 2.083073635986380268e+01
3.094786493077780198e-01 2.096480534266342133e+01
3.098054483038791829e-01 2.109062025824913533e+01
3.101322472999802904e-01 2.119963055226994797e+01
3.104590462960814534e-01 2.132952332660946482e+01
3.107858452921825609e-01 2.144046662594189812e+01
3.111126442882837240e-01 2.158607348342813737e+01
3.114394432843848870e-01 2.172765663740933206e+01
3.117662422804859945e-01 2.184081831369488214e+01
3.120930412765871576e-01 2.196977330939157369e+01
3.124198402726882651e-01 2.208502172289558274e+01
3.127466392687894281e-01 2.224343869119850226e+01
3.130734382648905356e-01 2.240405797289367840e+01
3.134002372609916987e-01 2.253916101469305033e+01
3.137270362570928062e-01 2.270185779812720028e+01
3.140538352531939692e-01 2.292947621022236149e+01
3.143806342492951322e-01 2.307060137002252986e+01
3.147074332453962398e-01 2.327370089724354330e+01
3.150342322414974028e-01 2.342214365974254875e+01
3.153610312375985103e-01 2.354030279257347757e+01
3.156878302336996733e-01 2.370286171498734618e+01
3.160146292298007809e-01 2.382273682950464888e+01
3.163414282259019439e-01 2.394391262278247368e+01
3.166682272220030514e-01 2.411123077587774688e+01
3.169950262181042144e-01 2.428482035177132659e+01
3.173218252142053775e-01 2.445727431432581866e+01
3.176486242103064850e-01 2.458085863210186162e+01
3.179754232064076480e-01 2.470576610286838104e+01
3.183022222025087555e-01 2.486601925080778130e+01
3.186290211986099186e-01 2.499293385889015084e+01
3.189558201947110261e-01 2.517359026321784299e+01
3.192826191908121891e-01 2.536458943609265404e+01
3.196094181869132966e-01 2.549341354407489035e+01
3.199362171830144597e-01 2.562357149219575803e+01
3.202630161791156227e-01 2.582793012916957309e+01
3.205898151752167302e-01 2.595950397982315039e+01
3.209166141713178932e-01 2.609241368126732041e+01
3.212434131674190008e-01 2.622665370895560955e+01
3.215702121635201638e-01 2.636221854700369249e+01
3.218970111596212713e-01 2.649910268992914553e+01
3.222238101557224343e-01 2.663730064433973865e+01
3.225506091518235419e-01 2.689916461332005326e+01
3.228774081479247049e-01 2.710648809560167649e+01
3.232042071440258679e-01 2.724583237122196522e+01
3.235310061401269754e-01 2.738650297903835451e+01
3.238578051362281385e-01 2.752849419615077053e+01
3.241846041323292460e-01 2.767180032155782499e+01
3.245114031284304090e-01 2.781641567747271893e+01
3.248382021245315165e-01 2.812860334460140876e+01
3.251650011206326796e-01 2.827373173503566406e+01
3.254918001167337871e-01 2.842017468515440015e+01
3.258185991128349501e-01 2.856792644557222616e+01
3.261453981089361132e-01 2.871698129635057839e+01
3.264721971050372207e-01 2.886733354792018247e+01
3.267989961011383837e-01 2.901897754193397816e+01
3.271257950972394912e-01 2.917190765204977865e+01
3.274525940933406543e-01 2.932611828464198567e+01
3.277793930894417618e-01 2.948160387944180627e+01
3.281061920855429248e-01 2.963835891010528911e+01
3.284329910816440323e-01 2.979637788470867932e+01
3.287597900777451954e-01 2.995565534617040271e+01
3.290865890738463584e-01 3.011618587259921398e+01
3.294133880699474659e-01 3.063314604923335338e+01
3.297401870660486289e-01 3.079359237832241902e+01
3.300669860621497365e-01 3.149378740787252440e+01
3.303937850582508995e-01 3.165284391686319410e+01
3.307205840543520070e-01 3.181315750406245257e+01
3.310473830504531700e-01 3.197472298319067008e+01
3.313741820465542776e-01 3.213753520186607204e+01
3.317009810426554406e-01 3.230158904133524089e+01
3.320277800387566036e-01 3.359667465363472871e+01
3.323545790348577111e-01 3.375652324580273245e+01
3.326813780309588742e-01 3.391762475223637097e+01
3.330081770270599817e-01 3.499481040822701061e+01
3.333349760231611447e-01 3.515276191325786215e+01
3.336617750192622522e-01 3.531198237347851432e+01
3.339885740153634153e-01 3.547246678907782780e+01
3.343153730114645228e-01 3.563421018734178602e+01
