0.000000000000000000e+00 1.844011078541172921e+01
6.069994414929292311e-04 1.814366325110335865e+01
1.213998882985858462e-03 1.785439525496377300e+01
1.820998324478787693e-03 1.757067783755281809e+01
2.427997765971716924e-03 1.729319360003563943e+01
3.034997207464646372e-03 1.702017151191390809e+01
3.641996648957575387e-03 1.675281382812918451e+01
4.248996090450504401e-03 1.648788763464824214e+01
4.855995531943433849e-03 1.623082821304334189e+01
5.462994973436363297e-03 1.597492006748862536e+01
6.069994414929292745e-03 1.572307740534672504e+01
6.676993856422221325e-03 1.547622565824535101e+01
7.283993297915150773e-03 1.523401965111589007e+01
7.890992739408079354e-03 1.499608026290602858e+01
8.497992180901008802e-03 1.476194607411668791e+01
9.104991622393938250e-03 1.453207832683112066e+01
9.711991063886867698e-03 1.430640670149654170e+01
1.031899050537979715e-02 1.408489583212008256e+01
1.092598994687272659e-02 1.386690312133875125e+01
1.153298938836565604e-02 1.365280683078452029e+01
1.213998882985858549e-02 1.344097520326949358e+01
1.274698827135151320e-02 1.323186794443633829e+01
1.335398771284444265e-02 1.302791102676565771e+01
1.396098715433737210e-02 1.282670008984518972e+01
1.456798659583030155e-02 1.263103499772376992e+01
1.517498603732323099e-02 1.243677087401183989e+01
1.578198547881615871e-02 1.224790849614672616e+01
1.638898492030908816e-02 1.206170632276197097e+01
1.699598436180201760e-02 1.188069542231906262e+01
1.760298380329494705e-02 1.170110157905466508e+01
1.820998324478787650e-02 1.152525161164861522e+01
1.881698268628080595e-02 1.135143043921234352e+01
1.942398212777373540e-02 1.117948303922203479e+01
2.003098156926666484e-02 1.101164828841829113e+01
2.063798101075959429e-02 1.084685146242378551e+01
2.124498045225252374e-02 1.068464909910092508e+01
2.185197989374545319e-02 1.052659497023398316e+01
2.245897933523838264e-02 1.036936705168166029e+01
2.306597877673131208e-02 1.021488444604748302e+01
2.367297821822424153e-02 1.006468572276551221e+01
2.427997765971717098e-02 9.915260031263738227e+00
2.488697710121009696e-02 9.769899664948376028e+00
2.549397654270302641e-02 9.623567773027053462e+00
2.610097598419595585e-02 9.480872763043644014e+00
2.670797542568888530e-02 9.341975795554340323e+00
2.731497486718181475e-02 9.204575869773336194e+00
2.792197430867474420e-02 9.068177693837981224e+00
2.852897375016767365e-02 8.935407335246155824e+00
2.913597319166060309e-02 8.804193624454407896e+00
2.974297263315353254e-02 8.674232916629135204e+00
3.034997207464646199e-02 8.545859245166109730e+00
3.095697151613939144e-02 8.421274852925717980e+00
3.156397095763231742e-02 8.296822072096329492e+00
3.217097039912524686e-02 8.176898150780681718e+00
3.277796984061817631e-02 8.056118721941635030e+00
3.338496928211110576e-02 7.937934349525759714e+00
3.399196872360403521e-02 7.822772409562283258e+00
3.459896816509696466e-02 7.708430616144314129e+00
3.520596760658989410e-02 7.596510310026374668e+00
3.581296704808282355e-02 7.485972338614524269e+00
3.641996648957575300e-02 7.376824014267235441e+00
3.702696593106868245e-02 7.268545120107714474e+00
3.763396537256161190e-02 7.163961624215234636e+00
3.824096481405454134e-02 7.058520068984899254e+00
3.884796425554747079e-02 6.955724842625902404e+00
3.945496369704040024e-02 6.854425040391198820e+00
4.006196313853332969e-02 6.753583799825734424e+00
4.066896258002625913e-02 6.653509863215319342e+00
4.127596202151918858e-02 6.556405403058324310e+00
4.188296146301211803e-02 6.459839177643265096e+00
4.248996090450504748e-02 6.364331438421402254e+00
4.309696034599797693e-02 6.270211651919299634e+00
4.370395978749090637e-02 6.177170090422253068e+00
4.431095922898383582e-02 6.086226223211784081e+00
4.491795867047676527e-02 5.997044386367289093e+00
4.552495811196969472e-02 5.908477911891258927e+00
4.613195755346262417e-02 5.820973109499496978e+00
4.673895699495555361e-02 5.734922236547878249e+00
4.734595643644848306e-02 5.647971861522337989e+00
4.795295587794141251e-02 5.563727889663969250e+00
4.855995531943434196e-02 5.481026888130521968e+00
4.916695476092726447e-02 5.399801334153532473e+00
4.977395420242019392e-02 5.319577694676352664e+00
5.038095364391312336e-02 5.240371526120884305e+00
5.098795308540605281e-02 5.161929109695500451e+00
5.159495252689898226e-02 5.084386927677760681e+00
5.220195196839191171e-02 5.008351555391550747e+00
5.280895140988484115e-02 4.933242720417468696e+00
5.341595085137777060e-02 4.858886089010069576e+00
5.402295029287070005e-02 4.785598250544417454e+00
5.462994973436362950e-02 4.713122746790427087e+00
5.523694917585655895e-02 4.641333757384016323e+00
5.584394861734948839e-02 4.569871521188258789e+00
5.645094805884241784e-02 4.500700539445372961e+00
5.705794750033534729e-02 4.431521633933479976e+00
5.766494694182827674e-02 4.363116472083140351e+00
5.827194638332120619e-02 4.296673100509290855e+00
5.887894582481413563e-02 4.230934298212996048e+00
5.948594526630706508e-02 4.166170956970558059e+00
6.009294470779999453e-02 4.101457710909144794e+00
6.069994414929292398e-02 4.038210843731862454e+00
6.130694359078585343e-02 3.975698768691197316e+00
6.191394303227878287e-02 3.913190399933179631e+00
6.252094247377171232e-02 3.851602878881410064e+00
6.312794191526463483e-02 3.791356260767911657e+00
6.373494135675757122e-02 3.731684074522163108e+00
6.434194079825049373e-02 3.672651358931875443e+00
6.494894023974343011e-02 3.615789949799831149e+00
6.555593968123635262e-02 3.558375957742815121e+00
6.616293912272928901e-02 3.502481774895477962e+00
6.676993856422221152e-02 3.446167065175891331e+00
6.737693800571514791e-02 3.390927716777871748e+00
6.798393744720807041e-02 3.336578820211138829e+00
6.859093688870100680e-02 3.282347801298629353e+00
6.919793633019392931e-02 3.228660909753392261e+00
6.980493577168686570e-02 3.177221115479518243e+00
7.041193521317978821e-02 3.125299527076611739e+00
7.101893465467272459e-02 3.073938460959031893e+00
7.162593409616564710e-02 3.023596173594176761e+00
7.223293353765858349e-02 2.974623238832184935e+00
7.283993297915150600e-02 2.925605306666787975e+00
7.344693242064444239e-02 2.876760614962897034e+00
7.405393186213736489e-02 2.829881765590724907e+00
7.466093130363030128e-02 2.783120141676657777e+00
7.526793074512322379e-02 2.736651570415502999e+00
7.587493018661616018e-02 2.690678865499802175e+00
7.648192962810908269e-02 2.644949674739733414e+00
7.708892906960201907e-02 2.600552357246406210e+00
7.769592851109494158e-02 2.556123650003777392e+00
7.830292795258786409e-02 2.512451676049165528e+00
7.890992739408080048e-02 2.469454397643123134e+00
7.951692683557372299e-02 2.427322405790194093e+00
8.012392627706665937e-02 2.385112662063234357e+00
8.073092571855958188e-02 2.343679293975090783e+00
8.133792516005251827e-02 2.302542613439379604e+00
8.194492460154544078e-02 2.262628483974370663e+00
8.255192404303837717e-02 2.223197959645629496e+00
8.315892348453129967e-02 2.184319406726165980e+00
8.376592292602423606e-02 2.145778848570437880e+00
8.437292236751715857e-02 2.107750607734733883e+00
8.497992180901009496e-02 2.070842763110190443e+00
8.558692125050301747e-02 2.034438875924100998e+00
8.619392069199595385e-02 1.998368184171004147e+00
8.680092013348887636e-02 1.962745561881307221e+00
8.740791957498181275e-02 1.927309717917938814e+00
8.801491901647473526e-02 1.892920926695570216e+00
8.862191845796767165e-02 1.858790481280405249e+00
8.922891789946059415e-02 1.824650373590676500e+00
8.983591734095353054e-02 1.791771340231943510e+00
9.044291678244645305e-02 1.758585363122500800e+00
9.104991622393938944e-02 1.726065263676916928e+00
9.165691566543231195e-02 1.694462490527817389e+00
9.226391510692524833e-02 1.662939303267714886e+00
9.287091454841817084e-02 1.632012996212226286e+00
9.347791398991110723e-02 1.601489159671591223e+00
9.408491343140402974e-02 1.571104864270338020e+00
9.469191287289696612e-02 1.541256174373692112e+00
9.529891231438988863e-02 1.511906206692352539e+00
9.590591175588282502e-02 1.483217945321171793e+00
9.651291119737574753e-02 1.455279932579690572e+00
9.711991063886868392e-02 1.427519339246013708e+00
9.772691008036160643e-02 1.400208495695425270e+00
9.833390952185452893e-02 1.373408168711791166e+00
9.894090896334746532e-02 1.347253601242169418e+00
9.954790840484038783e-02 1.320776995398723841e+00
1.001549078463333242e-01 1.294757082338201748e+00
1.007619072878262467e-01 1.268927083677201084e+00
1.013689067293191831e-01 1.243623108452534209e+00
1.019759061708121056e-01 1.218473508963717755e+00
1.025829056123050420e-01 1.194445613655799932e+00
1.031899050537979645e-01 1.170376900635747397e+00
1.037969044952909009e-01 1.146444089489511819e+00
1.044039039367838234e-01 1.123033112858610183e+00
1.050109033782767598e-01 1.100298806169971666e+00
1.056179028197696823e-01 1.077832354813192506e+00
1.062249022612626187e-01 1.055780584746365047e+00
1.068319017027555412e-01 1.033345875555383264e+00
1.074389011442484776e-01 1.011408344089658851e+00
1.080459005857414001e-01 9.896995824936675179e-01
1.086529000272343365e-01 9.682986854730348814e-01
1.092598994687272590e-01 9.476834111382186343e-01
1.098668989102201954e-01 9.273705496770887624e-01
1.104738983517131179e-01 9.069180047081303320e-01
1.110808977932060543e-01 8.878016979559617550e-01
1.116878972346989768e-01 8.681529691688263384e-01
1.122948966761919132e-01 8.485746782316373471e-01
1.129018961176848357e-01 8.292911022576335833e-01
1.135088955591777721e-01 8.108004279220997201e-01
1.141158950006706946e-01 7.923360491877755596e-01
1.147228944421636310e-01 7.747157629453029770e-01
1.153298938836565535e-01 7.567748223592618562e-01
1.159368933251494899e-01 7.392635621737250196e-01
1.165438927666424124e-01 7.218252769736523966e-01
1.171508922081353349e-01 7.050069045800582135e-01
1.177578916496282713e-01 6.884967215071035040e-01
1.183648910911211938e-01 6.724740899576012731e-01
1.189718905326141302e-01 6.565768189544588518e-01
1.195788899741070527e-01 6.400547013237919414e-01
1.201858894155999891e-01 6.243352600859408685e-01
1.207928888570929116e-01 6.083492062208492035e-01
1.213998882985858480e-01 5.931344919481091882e-01
1.220068877400787705e-01 5.779430702219142679e-01
1.226138871815717069e-01 5.629643397434274110e-01
1.232208866230646294e-01 5.481299472740434053e-01
1.238278860645575657e-01 5.338342978930412652e-01
1.244348855060504883e-01 5.196701286638025774e-01
1.250418849475434246e-01 5.061085721313497432e-01
1.256488843890363472e-01 4.925363534964937173e-01
1.262558838305292697e-01 4.789114219901717262e-01
1.268628832720222199e-01 4.657465191740025046e-01
1.274698827135151424e-01 4.529292811254876927e-01
1.280768821550080649e-01 4.399047140466878503e-01
1.286838815965009875e-01 4.273921026713487503e-01
1.292908810379939377e-01 4.154068793065071041e-01
1.298978804794868602e-01 4.030687932660868000e-01
1.305048799209797827e-01 3.912946262040061240e-01
1.311118793624727052e-01 3.794156085279854485e-01
1.317188788039656555e-01 3.682891828923032795e-01
1.323258782454585780e-01 3.571195373613612611e-01
1.329328776869515005e-01 3.461494252792925996e-01
1.335398771284444230e-01 3.353753253827310155e-01
1.341468765699373733e-01 3.247192647751110939e-01
1.347538760114302958e-01 3.142706154702494814e-01
1.353608754529232183e-01 3.040655434678468105e-01
1.359678748944161408e-01 2.941976167717825219e-01
1.365748743359090633e-01 2.845330918793393393e-01
1.371818737774020136e-01 2.747711571841014999e-01
1.377888732188949361e-01 2.652228153861302395e-01
1.383958726603878586e-01 2.556047570458174767e-01
1.390028721018807811e-01 2.467228916386626225e-01
1.396098715433737314e-01 2.377715635615923195e-01
1.402168709848666539e-01 2.290464214576503066e-01
1.408238704263595764e-01 2.206116346171387854e-01
1.414308698678524989e-01 2.121005642782707590e-01
1.420378693093454492e-01 2.035781681320089354e-01
1.426448687508383717e-01 1.953881455631999442e-01
1.432518681923312942e-01 1.874959610477766603e-01
1.438588676338242167e-01 1.795557001979431744e-01
1.444658670753171670e-01 1.720336163152914044e-01
1.450728665168100895e-01 1.646278018230670770e-01
1.456798659583030120e-01 1.574216659922894335e-01
1.462868653997959345e-01 1.504634778041730736e-01
1.468938648412888848e-01 1.438110646816319060e-01
1.475008642827818073e-01 1.370565368312960108e-01
1.481078637242747298e-01 1.304323871325520356e-01
1.487148631657676523e-01 1.243919194505059000e-01
1.493218626072606026e-01 1.180374796049442065e-01
1.499288620487535251e-01 1.122053833658833988e-01
1.505358614902464476e-01 1.062060306145198862e-01
1.511428609317393701e-01 1.004498660898086315e-01
1.517498603732323204e-01 9.492499149894637056e-02
1.523568598147252429e-01 8.965018285435064072e-02
1.529638592562181654e-01 8.419267512019014410e-02
1.535708586977110879e-01 7.960751737447714638e-02
1.541778581392040381e-01 7.474549129684281146e-02
1.547848575806969607e-01 6.975002271104238649e-02
1.553918570221898832e-01 6.507039196712127715e-02
1.559988564636828057e-01 6.048092030701626709e-02
1.566058559051757282e-01 5.600347607383802245e-02
1.572128553466686784e-01 5.191040593245579288e-02
1.578198547881616010e-01 4.791742044271097428e-02
1.584268542296545235e-01 4.395866478995216070e-02
1.590338536711474460e-01 4.013067541167143065e-02
1.596408531126403962e-01 3.671938249621357897e-02
1.602478525541333187e-01 3.348422818556315989e-02
1.608548519956262413e-01 3.032874592808027653e-02
1.614618514371191638e-01 2.767420028764823459e-02
1.620688508786121140e-01 2.505901731816136471e-02
1.626758503201050365e-01 2.227723884390188022e-02
1.632828497615979590e-01 1.987309403007901307e-02
1.638898492030908816e-01 1.741047676858953341e-02
1.644968486445838318e-01 1.497452127053930382e-02
1.651038480860767543e-01 1.297033284625253441e-02
1.657108475275696768e-01 1.074566528993936912e-02
1.663178469690625993e-01 9.156808257548602892e-03
1.669248464105555496e-01 7.338595534180834823e-03
1.675318458520484721e-01 5.668284580666162718e-03
1.681388452935413946e-01 4.643217135971656508e-03
1.687458447350343171e-01 3.706745653296276890e-03
1.693528441765272674e-01 2.518596983588481612e-03
1.699598436180201899e-01 1.821060544852182031e-03
1.705668430595131124e-01 1.106904018107729643e-03
1.711738425010060349e-01 5.925236894419393758e-04
1.717808419424989852e-01 1.039155522849022698e-04
1.723878413839919077e-01 -0.000000000000000000e+00
1.729948408254848302e-01 1.620156137014744585e-04
1.736018402669777527e-01 2.726603176247677771e-04
1.742088397084707030e-01 8.808513318180680174e-04
1.748158391499636255e-01 1.279728717730821332e-03
1.754228385914565480e-01 1.700438700662403177e-03
1.760298380329494705e-01 2.351714150540279002e-03
1.766368374744423930e-01 2.917187299277269538e-03
1.772438369159353433e-01 3.964131795084149638e-03
1.778508363574282658e-01 4.933793033482004181e-03
1.784578357989211883e-01 6.082783525135965555e-03
1.790648352404141108e-01 7.499029455515578320e-03
1.796718346819070611e-01 9.353598039830286065e-03
1.802788341233999836e-01 1.071903937393347064e-02
1.808858335648929061e-01 1.217979074980404634e-02
1.814928330063858286e-01 1.381316786948125208e-02
1.820998324478787789e-01 1.573864652138480535e-02
1.827068318893717014e-01 1.793758403113005981e-02
1.833138313308646239e-01 2.018340922401748103e-02
1.839208307723575464e-01 2.278554917721309012e-02
1.845278302138504967e-01 2.526864522375070130e-02
1.851348296553434192e-01 2.799343262499544988e-02
1.857418290968363417e-01 3.060660889769881848e-02
1.863488285383292642e-01 3.369259692632226022e-02
1.869558279798222145e-01 3.654889105744034417e-02
1.875628274213151370e-01 3.964991913051585382e-02
1.881698268628080595e-01 4.239083400565420157e-02
1.887768263043009820e-01 4.518917637401064641e-02
1.893838257457939322e-01 4.856011679551302390e-02
1.899908251872868548e-01 5.198260003960992331e-02
1.905978246287797773e-01 5.569012562048765436e-02
1.912048240702726998e-01 5.947127377950713750e-02
1.918118235117656500e-01 6.271735363063610236e-02
1.924188229532585726e-01 6.642729149054209248e-02
1.930258223947514951e-01 7.030339478914013340e-02
1.936328218362444176e-01 7.440759238554146837e-02
1.942398212777373678e-01 7.839510798547626169e-02
1.948468207192302903e-01 8.268167474650499338e-02
1.954538201607232129e-01 8.701785645510670686e-02
1.960608196022161354e-01 9.136459824324932866e-02
1.966678190437090579e-01 9.573945237909692318e-02
1.972748184852020081e-01 1.000964503687046397e-01
1.978818179266949306e-01 1.043727508641466573e-01
1.984888173681878532e-01 1.090565282064445557e-01
1.990958168096807757e-01 1.135410121391565164e-01
1.997028162511737259e-01 1.181195579376880245e-01
2.003098156926666484e-01 1.228259852599898061e-01
2.009168151341595709e-01 1.274263587451499868e-01
2.015238145756524935e-01 1.326317087902749159e-01
2.021308140171454437e-01 1.375227063455490839e-01
2.027378134586383662e-01 1.424754956660533867e-01
2.033448129001312887e-01 1.477940159600383829e-01
2.039518123416242112e-01 1.530829664057602735e-01
2.045588117831171615e-01 1.582993021431495506e-01
2.051658112246100840e-01 1.635245657693906729e-01
2.057728106661030065e-01 1.688258920975376498e-01
2.063798101075959290e-01 1.742084536989333132e-01
2.069868095490888793e-01 1.798104713398006593e-01
2.075938089905818018e-01 1.854385318184571807e-01
2.082008084320747243e-01 1.914018784855093525e-01
2.088078078735676468e-01 1.969613698375187461e-01
2.094148073150605971e-01 2.026674272123776266e-01
2.100218067565535196e-01 2.086018409657631467e-01
2.106288061980464421e-01 2.143132422302732043e-01
2.112358056395393646e-01 2.201791880478156382e-01
2.118428050810323149e-01 2.264229409230475720e-01
2.124498045225252374e-01 2.328242363316648522e-01
2.130568039640181599e-01 2.392529170113606718e-01
2.136638034055110824e-01 2.457170743228660748e-01
2.142708028470040049e-01 2.521125472255565381e-01
2.148778022884969552e-01 2.588153106506059786e-01
2.154848017299898777e-01 2.654165621072435699e-01
2.160918011714828002e-01 2.719537570361146295e-01
2.166988006129757227e-01 2.788512924368848900e-01
2.173058000544686730e-01 2.854551990172001230e-01
2.179127994959615955e-01 2.926946554654466515e-01
2.185197989374545180e-01 2.997539587349779544e-01
2.191267983789474405e-01 3.068777216492590276e-01
2.197337978204403908e-01 3.141284452280868056e-01
2.203407972619333133e-01 3.216122803723885371e-01
2.209477967034262358e-01 3.289640555558550061e-01
2.215547961449191583e-01 3.360959061082263721e-01
2.221617955864121086e-01 3.435590216339540759e-01
2.227687950279050311e-01 3.513994262404864788e-01
2.233757944693979536e-01 3.588276793932326236e-01
2.239827939108908761e-01 3.663162789767572813e-01
2.245897933523838264e-01 3.739758896647470965e-01
2.251967927938767489e-01 3.817734127010852241e-01
2.258037922353696714e-01 3.901804741562537315e-01
2.264107916768625939e-01 3.982636297891780086e-01
2.270177911183555441e-01 4.064670938779470499e-01
2.276247905598484667e-01 4.148274201176026521e-01
2.282317900013413892e-01 4.227697368716176185e-01
2.288387894428343117e-01 4.310585523830635091e-01
2.294457888843272619e-01 4.395503237638954674e-01
2.300527883258201844e-01 4.480301176933696450e-01
2.306597877673131070e-01 4.564876167683897257e-01
2.312667872088060295e-01 4.649159745977994307e-01
2.318737866502989797e-01 4.737957960072305408e-01
2.324807860917919022e-01 4.827028266869894391e-01
2.330877855332848247e-01 4.915643906100469751e-01
2.336947849747777473e-01 5.001148955822505293e-01
2.343017844162706698e-01 5.093432937119219961e-01
2.349087838577636200e-01 5.186346504213470432e-01
2.355157832992565425e-01 5.273859342595685895e-01
2.361227827407494650e-01 5.367472970672030330e-01
2.367297821822423876e-01 5.459961519408984554e-01
2.373367816237353378e-01 5.552170053323294274e-01
2.379437810652282603e-01 5.646480723959045323e-01
2.385507805067211828e-01 5.738201111569088964e-01
2.391577799482141053e-01 5.831611459889659566e-01
2.397647793897070556e-01 5.926533578120577461e-01
2.403717788311999781e-01 6.023750218786364519e-01
2.409787782726929006e-01 6.118804299267559532e-01
2.415857777141858231e-01 6.215260500007115940e-01
2.421927771556787734e-01 6.309962413133283210e-01
2.427997765971716959e-01 6.406605400187639354e-01
2.434067760386646184e-01 6.502818281401058220e-01
2.440137754801575409e-01 6.607299764063405689e-01
2.446207749216504912e-01 6.707884174985646597e-01
2.452277743631434137e-01 6.805898982465806712e-01
2.458347738046363362e-01 6.906906788195300573e-01
2.464417732461292587e-01 7.006250403406162341e-01
2.470487726876222090e-01 7.107414981188759917e-01
2.476557721291151315e-01 7.211070612927062973e-01
2.482627715706080540e-01 7.318572238873475300e-01
2.488697710121009765e-01 7.427610699123918803e-01
2.494767704535939268e-01 7.533176811391316674e-01
2.500837698950868493e-01 7.635266071174094948e-01
2.506907693365797996e-01 7.743078690657900776e-01
2.512977687780726943e-01 7.848758458323529252e-01
2.519047682195656446e-01 7.953135788802713213e-01
2.525117676610585393e-01 8.059884026558208348e-01
2.531187671025514896e-01 8.169414847638426513e-01
2.537257665440444399e-01 8.276588845412105044e-01
2.543327659855373346e-01 8.387713279980187897e-01
2.549397654270302849e-01 8.497649789673225040e-01
2.555467648685231796e-01 8.610288073388749908e-01
2.561537643100161299e-01 8.717124610049487021e-01
2.567607637515090802e-01 8.829557214217950145e-01
2.573677631930019749e-01 8.939273089278090278e-01
2.579747626344949252e-01 9.054997413179547427e-01
2.585817620759878754e-01 9.169297427933503775e-01
2.591887615174807702e-01 9.288747881910236481e-01
2.597957609589737205e-01 9.401466360040207082e-01
2.604027604004666152e-01 9.520425083556011137e-01
2.610097598419595655e-01 9.638325776585854321e-01
2.616167592834525157e-01 9.753238686973070282e-01
2.622237587249454105e-01 9.871075227059312729e-01
2.628307581664383608e-01 9.993699109434625028e-01
2.634377576079313110e-01 1.011189793470858689e+00
2.640447570494242058e-01 1.023456349097792817e+00
2.646517564909171560e-01 1.035624070946213893e+00
2.652587559324100508e-01 1.047872639224868507e+00
2.658657553739030011e-01 1.060281666676969881e+00
2.664727548153959513e-01 1.072324932992049451e+00
2.670797542568888461e-01 1.084976245273748585e+00
2.676867536983817963e-01 1.096929753005120300e+00
2.682937531398747466e-01 1.109711741225725135e+00
2.689007525813676414e-01 1.122450399470098947e+00
2.695077520228605916e-01 1.135635888358191181e+00
2.701147514643534864e-01 1.149391606610389527e+00
2.707217509058464366e-01 1.162655846320727937e+00
2.713287503473393869e-01 1.175530621135135068e+00
2.719357497888322817e-01 1.189018493820693356e+00
2.725427492303252319e-01 1.202327844410725932e+00
2.731497486718181267e-01 1.215877226084768115e+00
2.737567481133110769e-01 1.229393692702003937e+00
2.743637475548040272e-01 1.243085584082260997e+00
2.749707469962969220e-01 1.256515139683306970e+00
2.755777464377898722e-01 1.270239904220856308e+00
2.761847458792828225e-01 1.284003164593384483e+00
2.767917453207757172e-01 1.298209803692131903e+00
2.773987447622686675e-01 1.311879048439951623e+00
2.780057442037615623e-01 1.325972002935845273e+00
2.786127436452545125e-01 1.339786248076786590e+00
2.792197430867474628e-01 1.353905669621604080e+00
2.798267425282403575e-01 1.367962769226027886e+00
2.804337419697333078e-01 1.381721130687000976e+00
2.810407414112262581e-01 1.396153317356100487e+00
2.816477408527191528e-01 1.411097539424384983e+00
2.822547402942121031e-01 1.425819096781961948e+00
2.828617397357049978e-01 1.440756836188400003e+00
2.834687391771979481e-01 1.455298547579517709e+00
2.840757386186908984e-01 1.470047765080864099e+00
2.846827380601837931e-01 1.485082011012557102e+00
2.852897375016767434e-01 1.499308397260765258e+00
2.858967369431696937e-01 1.513666734589866891e+00
2.865037363846625884e-01 1.528980731297672646e+00
2.871107358261555387e-01 1.544065151432165717e+00
2.877177352676484334e-01 1.559741348878504574e+00
2.883247347091413837e-01 1.574827191349871036e+00
2.889317341506343340e-01 1.590137279760081679e+00
2.895387335921272287e-01 1.604647777274494702e+00
2.901457330336201790e-01 1.619694495872308515e+00
2.907527324751131292e-01 1.635340347769445035e+00
2.913597319166060240e-01 1.650850086465031286e+00
2.919667313580989743e-01 1.666241573712970325e+00
2.925737307995918690e-01 1.681648525662607030e+00
2.931807302410848193e-01 1.697133951559566700e+00
2.937877296825777695e-01 1.712521208530034311e+00
2.943947291240706643e-01 1.728004810762481913e+00
2.950017285655636146e-01 1.743797458134931366e+00
2.956087280070565093e-01 1.759064991257478727e+00
2.962157274485494596e-01 1.774490401706389386e+00
2.968227268900424098e-01 1.789769014502031963e+00
2.974297263315353046e-01 1.805775086613864655e+00
2.980367257730282549e-01 1.821650113826665196e+00
2.986437252145212051e-01 1.837577317481386752e+00
2.992507246560140999e-01 1.853426803461803551e+00
2.998577240975070501e-01 1.869536338252298480e+00
3.004647235389999449e-01 1.885766727595975967e+00
3.010717229804928952e-01 1.901409955376209382e+00
3.016787224219858454e-01 1.917428509014878601e+00
3.022857218634787402e-01 1.933058783466361508e+00
3.028927213049716904e-01 1.949624613727861666e+00
3.034997207464646407e-01 1.965575751880149324e+00
3.041067201879575355e-01 1.981555682238553162e+00
3.047137196294504857e-01 1.998194485956385824e+00
3.053207190709433805e-01 2.014218043351594378e+00
3.059277185124363307e-01 2.030338968147991974e+00
3.065347179539292810e-01 2.047249415378908033e+00
3.071417173954221758e-01 2.063827517178640658e+00
3.077487168369151260e-01 2.079558372294163959e+00
3.083557162784080763e-01 2.095284775708085245e+00
3.089627157199009710e-01 2.111530279795437615e+00
3.095697151613939213e-01 2.127392303257865880e+00
3.101767146028868161e-01 2.143709595216605646e+00
3.107837140443797663e-01 2.159992871954273586e+00
3.113907134858727166e-01 2.176373676281875724e+00
3.119977129273656113e-01 2.193239174676699044e+00
3.126047123688585616e-01 2.210380304572792998e+00
3.132117118103514564e-01 2.227193447157955752e+00
3.138187112518444066e-01 2.243930055525542588e+00
3.144257106933373569e-01 2.260844983527939167e+00
3.150327101348302516e-01 2.277634820284101913e+00
3.156397095763232019e-01 2.294948011484450490e+00
3.162467090178161522e-01 2.311958574760751617e+00
3.168537084593090469e-01 2.329167730287748928e+00
3.174607079008019972e-01 2.346254468897568835e+00
3.180677073422948919e-01 2.363481086648847374e+00
3.186747067837878422e-01 2.380347254264566281e+00
3.192817062252807925e-01 2.397701395001519131e+00
3.198887056667736872e-01 2.415104963540868344e+00
3.204957051082666375e-01 2.433142236224092869e+00
3.211027045497595878e-01 2.450614677026980548e+00
3.217097039912524825e-01 2.467767580015901352e+00
3.223167034327454328e-01 2.485379861830104176e+00
3.229237028742383275e-01 2.502892062601977052e+00
3.235307023157312778e-01 2.520674697730530323e+00
3.241377017572242281e-01 2.538155864460071243e+00
3.247447011987171228e-01 2.556229685351981029e+00
3.253517006402100731e-01 2.574592613268215757e+00
3.259587000817030233e-01 2.591905906765040957e+00
3.265656995231959181e-01 2.609649261821133770e+00
3.271726989646888684e-01 2.628139863281224731e+00
3.277796984061817631e-01 2.647189778444193120e+00
3.283866978476747134e-01 2.665158700333773556e+00
3.289936972891676636e-01 2.683544369064475799e+00
3.296006967306605584e-01 2.702373087635264515e+00
3.302076961721535087e-01 2.721471842718240275e+00
3.308146956136464034e-01 2.739977321001918042e+00
3.314216950551393537e-01 2.759437746683395254e+00
3.320286944966323039e-01 2.778791965963746335e+00
3.326356939381251987e-01 2.797826024214446594e+00
3.332426933796181490e-01 2.817288602235855421e+00
3.338496928211110992e-01 2.836128432270604627e+00
3.344566922626039940e-01 2.855679713880991955e+00
3.350636917040969442e-01 2.875327808855841383e+00
3.356706911455898390e-01 2.893863486752239478e+00
3.362776905870827893e-01 2.912670983696780347e+00
3.368846900285757395e-01 2.932706218800805953e+00
3.374916894700686343e-01 2.951884731965384034e+00
3.380986889115615845e-01 2.971280709482805094e+00
3.387056883530545348e-01 2.991318611567288066e+00
3.393126877945474296e-01 3.010997754298543772e+00
3.399196872360403798e-01 3.031404405109918265e+00
3.405266866775332746e-01 3.051482519806755001e+00
3.411336861190262248e-01 3.070930588898518554e+00
3.417406855605191751e-01 3.090734873978053798e+00
3.423476850020120699e-01 3.110632276100023130e+00
3.429546844435050201e-01 3.130691803384219263e+00
3.435616838849979704e-01 3.151533014437506885e+00
3.441686833264908651e-01 3.171025995697248856e+00
3.447756827679838154e-01 3.191399272882049498e+00
3.453826822094767102e-01 3.211601881408220560e+00
3.459896816509696604e-01 3.232165382019681843e+00
3.465966810924626107e-01 3.252886520825938099e+00
3.472036805339555054e-01 3.273625985549206252e+00
3.478106799754484557e-01 3.293737264131842313e+00
3.484176794169414060e-01 3.314980869600956392e+00
3.490246788584343007e-01 3.336078324512962379e+00
3.496316782999272510e-01 3.357903034106075602e+00
3.502386777414201458e-01 3.378731201996954869e+00
3.508456771829130960e-01 3.399356263581231552e+00
3.514526766244060463e-01 3.420734460461172688e+00
3.520596760658989410e-01 3.442095899667993564e+00
3.526666755073918913e-01 3.463521519176809615e+00
3.532736749488847861e-01 3.484649112685676009e+00
3.538806743903777363e-01 3.506621738310842229e+00
3.544876738318706866e-01 3.528476395676690469e+00
3.550946732733635813e-01 3.549377877566957995e+00
3.557016727148565316e-01 3.571323308037407607e+00
3.563086721563494819e-01 3.593505123398048617e+00
3.569156715978423766e-01 3.614448214012688787e+00
3.575226710393353269e-01 3.635623455262718906e+00
3.581296704808282216e-01 3.657478731944006523e+00
3.587366699223211719e-01 3.680331746597136799e+00
3.593436693638141222e-01 3.702487037151345639e+00
3.599506688053070169e-01 3.724594971692519518e+00
3.605576682467999672e-01 3.746253878682955119e+00
3.611646676882929174e-01 3.767738591674472115e+00
3.617716671297858122e-01 3.789978751087403896e+00
3.623786665712787625e-01 3.813101602539961110e+00
3.629856660127716572e-01 3.835766114860301279e+00
3.635926654542646075e-01 3.858496213018855592e+00
3.641996648957575577e-01 3.880408236906037533e+00
3.648066643372504525e-01 3.903343906910158090e+00
3.654136637787434028e-01 3.925919320420407921e+00
3.660206632202363530e-01 3.949019758551236770e+00
3.666276626617292478e-01 3.971866244828840653e+00
3.672346621032221980e-01 3.995386185876684593e+00
3.678416615447150928e-01 4.018762629690320942e+00
3.684486609862080431e-01 4.042080840582586099e+00
3.690556604277009933e-01 4.064557953620234976e+00
3.696626598691938881e-01 4.087528587666668045e+00
3.702696593106868383e-01 4.110461446226366888e+00
3.708766587521797331e-01 4.134323426742606777e+00
3.714836581936726834e-01 4.158374568018796680e+00
3.720906576351656336e-01 4.181661342743894672e+00
3.726976570766585284e-01 4.204854589808001641e+00
3.733046565181514787e-01 4.228487371792040150e+00
3.739116559596444289e-01 4.252607070670937794e+00
3.745186554011373237e-01 4.275740222859533368e+00
3.751256548426302739e-01 4.300284597179387269e+00
3.757326542841231687e-01 4.323648807069241151e+00
3.763396537256161190e-01 4.347557111814067454e+00
3.769466531671090692e-01 4.370545691598576532e+00
3.775536526086019640e-01 4.394800431576467048e+00
3.781606520500949142e-01 4.419651919078254387e+00
3.787676514915878645e-01 4.445220326811514688e+00
3.793746509330807593e-01 4.469818990301076767e+00
3.799816503745737095e-01 4.494489481649469376e+00
3.805886498160666043e-01 4.518286316884283060e+00
3.811956492575595545e-01 4.543090120011143540e+00
3.818026486990525048e-01 4.568525995243313709e+00
3.824096481405453996e-01 4.593544721555996801e+00
3.830166475820383498e-01 4.618134221279825091e+00
3.836236470235313001e-01 4.643483874921176202e+00
3.842306464650241948e-01 4.669828004469549931e+00
3.848376459065171451e-01 4.695611691579390623e+00
3.854446453480100399e-01 4.721141279085975917e+00
3.860516447895029901e-01 4.746205075257821981e+00
3.866586442309959404e-01 4.772189948730741982e+00
3.872656436724888351e-01 4.798075953785012615e+00
3.878726431139817854e-01 4.823533652204056388e+00
3.884796425554747357e-01 4.848777891274041352e+00
3.890866419969676304e-01 4.874432634518282903e+00
3.896936414384605807e-01 4.900265920828345223e+00
3.903006408799534754e-01 4.926605901240616703e+00
3.909076403214464257e-01 4.953070722209974797e+00
3.915146397629393760e-01 4.980893039732134042e+00
3.921216392044322707e-01 5.007916485656221717e+00
3.927286386459252210e-01 5.034322008659459335e+00
3.933356380874181157e-01 5.061053236944935918e+00
3.939426375289110660e-01 5.087069253044740336e+00
3.945496369704040163e-01 5.114530847660160973e+00
3.951566364118969110e-01 5.141232009620842369e+00
3.957636358533898613e-01 5.168142689077226848e+00
3.963706352948828116e-01 5.194495199443865729e+00
3.969776347363757063e-01 5.219420752772814254e+00
3.975846341778686566e-01 5.246563957602805139e+00
3.981916336193615513e-01 5.275149710520757651e+00
3.987986330608545016e-01 5.303383981021291049e+00
3.994056325023474519e-01 5.331268056961757651e+00
4.000126319438403466e-01 5.359437200711855809e+00
4.006196313853332969e-01 5.387827421290057650e+00
4.012266308268262471e-01 5.416740767356925446e+00
4.018336302683191419e-01 5.445364612285880312e+00
4.024406297098120922e-01 5.474826492631502894e+00
4.030476291513049869e-01 5.501799283174994670e+00
4.036546285927979372e-01 5.528751402878388177e+00
4.042616280342908874e-01 5.557976866110393210e+00
4.048686274757837822e-01 5.586601997256400942e+00
4.054756269172767325e-01 5.613288097511152763e+00
4.060826263587696827e-01 5.641087239393761443e+00
4.066896258002625775e-01 5.669144443935357991e+00
4.072966252417555277e-01 5.697157123965425285e+00
4.079036246832484225e-01 5.725149006190839884e+00
4.085106241247413728e-01 5.755391841401383601e+00
4.091176235662343230e-01 5.783937690326657943e+00
4.097246230077272178e-01 5.814072407876161641e+00
4.103316224492201680e-01 5.845240016443851161e+00
4.109386218907130628e-01 5.872774605335400189e+00
4.115456213322060131e-01 5.902758171621639960e+00
4.121526207736989633e-01 5.933772191719283384e+00
4.127596202151918581e-01 5.963213573842557125e+00
4.133666196566848083e-01 5.994218478362985714e+00
4.139736190981777586e-01 6.024261695924417737e+00
4.145806185396706534e-01 6.056009206318468507e+00
4.151876179811636036e-01 6.084319843794688154e+00
4.157946174226564984e-01 6.112872525491114928e+00
4.164016168641494486e-01 6.142552762414083212e+00
4.170086163056423989e-01 6.174637255292471316e+00
4.176156157471352937e-01 6.206292301012397594e+00
4.182226151886282439e-01 6.237144543027514310e+00
4.188296146301211942e-01 6.266791155332776420e+00
4.194366140716140889e-01 6.296901730775612549e+00
4.200436135131070392e-01 6.326407714608405897e+00
4.206506129545999340e-01 6.354416062824934208e+00
4.212576123960928842e-01 6.384513437750542586e+00
4.218646118375858345e-01 6.413992928042410391e+00
4.224716112790787292e-01 6.444078438756378979e+00
4.230786107205716795e-01 6.474336641073040965e+00
4.236856101620646298e-01 6.504295269816611658e+00
4.242926096035575245e-01 6.533781124341252244e+00
4.248996090450504748e-01 6.563626385902563420e+00
4.255066084865433695e-01 6.594038476601218335e+00
4.261136079280363198e-01 6.625920959985439396e+00
4.267206073695292701e-01 6.656768760328493073e+00
4.273276068110221648e-01 6.688581493926053056e+00
4.279346062525151151e-01 6.720663802377127460e+00
4.285416056940080098e-01 6.752349539361192754e+00
4.291486051355009601e-01 6.784947672646119976e+00
4.297556045769939104e-01 6.817254649165776392e+00
4.303626040184868051e-01 6.849070612780987943e+00
4.309696034599797554e-01 6.881634402054750410e+00
4.315766029014727057e-01 6.912543761479873261e+00
4.321836023429656004e-01 6.945365950862501414e+00
4.327906017844585507e-01 6.977984423031414529e+00
4.333976012259514454e-01 7.009612969679555050e+00
4.340046006674443957e-01 7.043067514259392148e+00
4.346116001089373460e-01 7.076640829526009036e+00
4.352185995504302407e-01 7.108377905015050402e+00
4.358255989919231910e-01 7.138276038194403483e+00
4.364325984334161412e-01 7.171101865237429429e+00
4.370395978749090360e-01 7.203865904631090444e+00
4.376465973164019863e-01 7.235621127178558432e+00
4.382535967578948810e-01 7.267658216837324048e+00
4.388605961993878313e-01 7.301200950925232469e+00
4.394675956408807815e-01 7.333743917942742385e+00
4.400745950823736763e-01 7.366214123594051699e+00
4.406815945238666266e-01 7.400052399884531340e+00
4.412885939653595768e-01 7.432985007779668862e+00
4.418955934068524716e-01 7.468966245752899802e+00
4.425025928483454218e-01 7.501813245584053824e+00
4.431095922898383166e-01 7.534649077484173674e+00
4.437165917313312669e-01 7.567919040405030273e+00
4.443235911728242171e-01 7.602003921852724666e+00
4.449305906143171119e-01 7.635893296935653218e+00
4.455375900558100621e-01 7.669692359088013944e+00
4.461445894973030124e-01 7.700476045107004452e+00
4.467515889387959072e-01 7.732963719117910806e+00
4.473585883802888574e-01 7.767941525792264379e+00
4.479655878217817522e-01 7.803650740159389976e+00
4.485725872632747024e-01 7.838943627286181659e+00
4.491795867047676527e-01 7.871693850974533113e+00
4.497865861462605475e-01 7.906030108847452276e+00
4.503935855877534977e-01 7.942603011167792992e+00
4.510005850292463925e-01 7.977023419749194488e+00
4.516075844707393427e-01 8.012443438545657770e+00
4.522145839122322930e-01 8.044696873392256364e+00
4.528215833537251878e-01 8.078529073907912306e+00
4.534285827952181380e-01 8.111184215030197819e+00
4.540355822367110883e-01 8.148441456106020553e+00
4.546425816782039830e-01 8.183274615004441088e+00
4.552495811196969333e-01 8.212910975119687151e+00
4.558565805611898281e-01 8.246178516591365693e+00
4.564635800026827783e-01 8.278485574898788002e+00
4.570705794441757286e-01 8.315332032226473657e+00
4.576775788856686233e-01 8.350864579049696701e+00
4.582845783271615736e-01 8.386058067281725315e+00
4.588915777686545239e-01 8.418006170851212389e+00
4.594985772101474186e-01 8.453172887681317249e+00
4.601055766516403689e-01 8.486722857479879423e+00
4.607125760931332636e-01 8.517524960011348512e+00
4.613195755346262139e-01 8.553901064810141008e+00
4.619265749761191642e-01 8.589990058725208044e+00
4.625335744176120589e-01 8.627384971315512630e+00
4.631405738591050092e-01 8.666938398369243401e+00
4.637475733005979595e-01 8.706439353202258147e+00
4.643545727420908542e-01 8.744788830821473624e+00
4.649615721835838045e-01 8.775566821806062734e+00
4.655685716250766992e-01 8.809059503068709773e+00
4.661755710665696495e-01 8.844092082773748587e+00
4.667825705080625998e-01 8.883046752385766354e+00
4.673895699495554945e-01 8.918997237935691658e+00
4.679965693910484448e-01 8.955715364292357705e+00
4.686035688325413395e-01 8.991145519163223909e+00
4.692105682740342898e-01 9.027640645725915292e+00
4.698175677155272401e-01 9.065382804770806047e+00
4.704245671570201348e-01 9.103247374759945387e+00
4.710315665985130851e-01 9.139369564334621998e+00
4.716385660400060353e-01 9.176998329669611820e+00
4.722455654814989301e-01 9.216433817187070332e+00
4.728525649229918804e-01 9.253678260266561040e+00
4.734595643644847751e-01 9.288656345632723799e+00
4.740665638059777254e-01 9.328797651977646765e+00
4.746735632474706756e-01 9.368751060004409936e+00
4.752805626889635704e-01 9.409703036201429782e+00
4.758875621304565207e-01 9.451912565263858923e+00
4.764945615719494709e-01 9.484881414165140967e+00
4.771015610134423657e-01 9.523466952993372203e+00
4.777085604549353159e-01 9.562444116517394122e+00
4.783155598964282107e-01 9.597775251528167573e+00
4.789225593379211610e-01 9.642107739565119573e+00
4.795295587794141112e-01 9.681432969613330997e+00
4.801365582209070060e-01 9.722959018789575580e+00
4.807435576623999562e-01 9.765232402713163395e+00
4.813505571038929065e-01 9.802776806429161383e+00
4.819575565453858013e-01 9.843377512314782862e+00
4.825645559868787515e-01 9.881402326107535217e+00
4.831715554283716463e-01 9.926903974129620778e+00
4.837785548698645965e-01 9.969609505072881461e+00
4.843855543113575468e-01 1.001016562847227753e+01
4.849925537528504416e-01 1.004836782880830626e+01
4.855995531943433918e-01 1.009237561228616897e+01
4.862065526358362866e-01 1.013795628768687607e+01
4.868135520773292368e-01 1.017601293974634835e+01
4.874205515188221871e-01 1.022101778118613957e+01
4.880275509603150819e-01 1.026445536011375737e+01
4.886345504018080321e-01 1.030709808129469884e+01
4.892415498433009824e-01 1.035185946642701360e+01
4.898485492847938771e-01 1.039710506901499976e+01
4.904555487262868274e-01 1.043881070440782288e+01
4.910625481677797222e-01 1.048272752740724911e+01
4.916695476092726724e-01 1.052813325191193883e+01
4.922765470507656227e-01 1.057261998712579221e+01
4.928835464922585174e-01 1.061928749531132965e+01
4.934905459337514677e-01 1.066561381816847565e+01
4.940975453752444180e-01 1.071188184852151970e+01
4.947045448167373127e-01 1.075865692180499877e+01
4.953115442582302630e-01 1.080572177800277700e+01
4.959185436997231577e-01 1.085296480984165690e+01
4.965255431412161080e-01 1.089854179982453353e+01
4.971325425827090583e-01 1.094375267594910994e+01
4.977395420242019530e-01 1.099070968315277419e+01
4.983465414656949033e-01 1.103699363099794972e+01
4.989535409071878536e-01 1.108536078310772766e+01
4.995605403486807483e-01 1.113395534763989048e+01
5.001675397901736986e-01 1.118314832321332730e+01
5.007745392316665933e-01 1.123081822073242542e+01
5.013815386731595991e-01 1.128279764102385130e+01
5.019885381146524939e-01 1.133890069035252957e+01
5.025955375561453886e-01 1.139277590142510910e+01
5.032025369976382834e-01 1.145198974612690179e+01
5.038095364391312891e-01 1.150249952004281617e+01
5.044165358806241839e-01 1.155087901761268121e+01
5.050235353221170786e-01 1.159858176134921948e+01
5.056305347636100844e-01 1.165089261235366713e+01
5.062375342051029792e-01 1.170460621814002877e+01
5.068445336465958739e-01 1.176025440979394787e+01
5.074515330880888797e-01 1.180239699892816674e+01
5.080585325295817745e-01 1.185509315770019079e+01
5.086655319710746692e-01 1.190571876935820939e+01
5.092725314125676750e-01 1.195844649378601865e+01
5.098795308540605697e-01 1.201331353505092991e+01
5.104865302955534645e-01 1.206719502556036439e+01
5.110935297370463593e-01 1.212296738974550259e+01
5.117005291785393650e-01 1.218722950722972520e+01
5.123075286200322598e-01 1.224615160476466258e+01
5.129145280615251545e-01 1.228733347469989390e+01
5.135215275030181603e-01 1.235059391873868329e+01
5.141285269445110551e-01 1.238980499564023496e+01
5.147355263860039498e-01 1.244192985215552483e+01
5.153425258274969556e-01 1.249620627883001767e+01
5.159495252689898503e-01 1.255228058527197099e+01
5.165565247104827451e-01 1.260413937947869911e+01
5.171635241519757509e-01 1.266431982786205879e+01
5.177705235934686456e-01 1.272456310861848472e+01
5.183775230349615404e-01 1.277952466465950820e+01
5.189845224764545462e-01 1.283765860617072896e+01
5.195915219179474409e-01 1.289110818619873378e+01
5.201985213594403357e-01 1.295574499342757946e+01
5.208055208009332304e-01 1.301520409837766223e+01
5.214125202424262362e-01 1.308404215857283504e+01
5.220195196839191309e-01 1.315489750326564433e+01
5.226265191254120257e-01 1.321667383670303941e+01
5.232335185669050315e-01 1.327022982448433019e+01
5.238405180083979262e-01 1.332428257681579531e+01
5.244475174498908210e-01 1.338196705799084008e+01
5.250545168913838268e-01 1.344280960790359991e+01
5.256615163328767215e-01 1.350493717143745620e+01
5.262685157743696163e-01 1.357509118204014165e+01
5.268755152158626220e-01 1.364721714577370015e+01
5.274825146573555168e-01 1.371258280227939608e+01
5.280895140988484115e-01 1.377757213962129867e+01
5.286965135403413063e-01 1.384336977944148117e+01
5.293035129818343121e-01 1.390733668202904738e+01
5.299105124233272068e-01 1.397706980560217183e+01
5.305175118648201016e-01 1.403946870151780857e+01
5.311245113063131074e-01 1.410935733092325783e+01
5.317315107478060021e-01 1.417224876820406898e+01
5.323385101892988969e-01 1.422470559192997897e+01
5.329455096307919026e-01 1.428142820630042209e+01
5.335525090722847974e-01 1.433856965459387389e+01
5.341595085137776922e-01 1.439447874950947082e+01
5.347665079552706979e-01 1.445550264122541151e+01
5.353735073967635927e-01 1.450887344419266256e+01
5.359805068382564874e-01 1.456256994403918803e+01
5.365875062797494932e-01 1.461993886833568013e+01
5.371945057212423880e-01 1.467406483312348797e+01
5.378015051627352827e-01 1.473831793677593360e+01
5.384085046042281775e-01 1.480132298144682501e+01
5.390155040457211832e-01 1.485534934160934561e+01
5.396225034872140780e-01 1.490964895566554738e+01
5.402295029287069728e-01 1.496421099483966266e+01
5.408365023701999785e-01 1.502762480437406012e+01
5.414435018116928733e-01 1.509214216896268113e+01
5.420505012531857680e-01 1.517437250264681659e+01
5.426575006946787738e-01 1.522772239792711346e+01
5.432645001361716686e-01 1.529637624635580728e+01
5.438714995776645633e-01 1.535656966331449880e+01
5.444784990191575691e-01 1.541650988970993197e+01
5.450854984606504638e-01 1.547366590159398037e+01
5.456924979021433586e-01 1.553574651950101959e+01
5.462994973436362534e-01 1.560324173808978188e+01
5.469064967851292591e-01 1.566311515202668403e+01
5.475134962266221539e-01 1.572288201031962451e+01
5.481204956681150486e-01 1.577621054060094963e+01
5.487274951096080544e-01 1.585378855974626333e+01
5.493344945511009492e-01 1.590688304170765655e+01
5.499414939925938439e-01 1.597794118992487711e+01
5.505484934340868497e-01 1.603753250353294391e+01
5.511554928755797444e-01 1.609107234918277030e+01
5.517624923170726392e-01 1.615149113312492091e+01
5.523694917585656450e-01 1.623598775448792964e+01
5.529764912000585397e-01 1.629764698634209097e+01
5.535834906415514345e-01 1.635768777290637388e+01
5.541904900830444403e-01 1.641903847851671117e+01
5.547974895245373350e-01 1.647373969209177957e+01
5.554044889660302298e-01 1.655310422262380854e+01
5.560114884075231245e-01 1.660821267325827932e+01
5.566184878490161303e-01 1.667157661138627134e+01
5.572254872905090251e-01 1.675049772349833788e+01
5.578324867320019198e-01 1.680679165029635769e+01
5.584394861734949256e-01 1.688813825736872687e+01
5.590464856149878203e-01 1.695646143718954946e+01
5.596534850564807151e-01 1.703968978153964642e+01
5.602604844979737209e-01 1.709712609660648752e+01
5.608674839394666156e-01 1.715574136971854458e+01
5.614744833809595104e-01 1.726596418321697612e+01
5.620814828224525161e-01 1.732452147231508377e+01
5.626884822639454109e-01 1.739759181451513825e+01
5.632954817054383057e-01 1.745822509573793724e+01
5.639024811469312004e-01 1.752028663505694794e+01
5.645094805884242062e-01 1.758380258205541224e+01
5.651164800299171009e-01 1.768110117983353646e+01
5.657234794714099957e-01 1.775555538853575754e+01
5.663304789129030015e-01 1.782160760957329515e+01
5.669374783543958962e-01 1.792426989876871346e+01
5.675444777958887910e-01 1.799192666059428802e+01
5.681514772373817967e-01 1.806135288842767039e+01
5.687584766788746915e-01 1.813154381258509673e+01
5.693654761203675863e-01 1.820348120293033745e+01
5.699724755618605920e-01 1.827718758910732433e+01
5.705794750033534868e-01 1.835268554146707842e+01
5.711864744448463815e-01 1.846923712155808772e+01
5.717934738863393873e-01 1.856831831275346190e+01
5.724004733278322821e-01 1.867984298417337641e+01
5.730074727693251768e-01 1.875843531286993837e+01
5.736144722108180716e-01 1.886059899642606652e+01
5.742214716523110773e-01 1.895816769871877483e+01
5.748284710938039721e-01 1.905702178443322126e+01
5.754354705352968669e-01 1.914164448385390571e+01
5.760424699767898726e-01 1.922851006336888346e+01
5.766494694182827674e-01 1.931763098466723960e+01
5.772564688597756621e-01 1.940901932134349295e+01
5.778634683012686679e-01 1.950268673920162144e+01
5.784704677427615627e-01 1.959864447800060105e+01
5.790774671842544574e-01 1.969690333467301713e+01
5.796844666257474632e-01 1.984285809802450018e+01
5.802914660672403580e-01 1.994378512983375984e+01
5.808984655087332527e-01 2.004711838565306792e+01
5.815054649502262585e-01 2.015286451309776083e+01
5.821124643917191532e-01 2.026102967716694181e+01
5.827194638332120480e-01 2.046277221527434520e+01
5.833264632747049427e-01 2.057201756084893063e+01
5.839334627161979485e-01 2.068383977129677476e+01
5.845404621576908433e-01 2.085876575189088911e+01
5.851474615991837380e-01 2.097328698999308827e+01
5.857544610406767438e-01 2.109047609809162793e+01
5.863614604821696386e-01 2.121032851370605599e+01
5.869684599236625333e-01 2.133283934772479640e+01
5.875754593651555391e-01 2.145800339067757534e+01
5.881824588066484338e-01 2.158581511951802412e+01
5.887894582481413286e-01 2.171626870488819705e+01
5.893964576896343344e-01 2.184935801883543149e+01
5.900034571311272291e-01 2.198507664295075514e+01
5.906104565726201239e-01 2.212341787689705797e+01
5.912174560141130186e-01 2.226437474729436161e+01
5.918244554556060244e-01 2.240794001692886894e+01
5.924314548970989192e-01 2.255410619425198604e+01
5.930384543385918139e-01 2.282046900254588451e+01
5.936454537800848197e-01 2.296807838859763606e+01
5.942524532215777144e-01 2.311837721722349315e+01
5.948594526630706092e-01 2.327135401978850382e+01
5.954664521045636150e-01 2.342699718987827140e+01
5.960734515460565097e-01 2.358529499335204349e+01
5.966804509875494045e-01 2.374623557839242594e+01
5.972874504290424102e-01 2.390980698552383998e+01
5.978944498705353050e-01 2.407599715757230996e+01
5.985014493120281998e-01 2.435226814857611899e+01
5.991084487535212055e-01 2.452087297593886461e+01
5.997154481950141003e-01 2.469212989499056121e+01
6.003224476365069950e-01 2.486602488557682378e+01
6.009294470779998898e-01 2.504254391407137703e+01
6.015364465194928956e-01 2.522167294183453734e+01
6.021434459609857903e-01 2.540339793345244246e+01
6.027504454024786851e-01 2.558770486473840577e+01
6.033574448439716909e-01 2.577457973047905782e+01
6.039644442854645856e-01 2.596400855190902135e+01
6.045714437269574804e-01 2.615597738389910987e+01
6.051784431684504861e-01 2.635047232184418320e+01
6.057854426099433809e-01 2.654747950823784919e+01
6.063924420514362756e-01 2.674698513892242602e+01
6.069994414929292814e-01 2.694897546900348217e+01
6.076064409344221762e-01 2.715343681841929424e+01
6.082134403759150709e-01 2.736035557715651123e+01
6.088204398174079657e-01 2.756971821010416335e+01
6.094274392589009715e-01 2.778151126153883865e+01
6.100344387003938662e-01 2.799572135923464344e+01
6.106414381418867610e-01 2.821233521819210566e+01
6.112484375833797667e-01 2.843133964398066738e+01
6.118554370248726615e-01 2.865272153568985303e+01
6.124624364663655562e-01 2.887646788848449120e+01
6.130694359078585620e-01 2.910256579575948876e+01
6.136764353493514568e-01 2.983147367164508168e+01
6.142834347908443515e-01 3.005879364873970871e+01
6.148904342323373573e-01 3.028844668686919661e+01
6.154974336738302521e-01 3.128429653584405301e+01
6.161044331153231468e-01 3.151446196198103067e+01
6.167114325568161526e-01 3.174694275597888193e+01
6.173184319983090473e-01 3.198172658675444779e+01
6.179254314398019421e-01 3.221880122348336783e+01
6.185324308812948368e-01 3.245815453392943084e+01
6.191394303227878426e-01 3.465111946688649169e+01
6.197464297642807374e-01 3.489245634420211672e+01
6.203534292057736321e-01 8.289306334778564178e+01
6.209604286472666379e-01 8.289306334778564178e+01
