1.078245636527634110e-01 3.258080160449213736e+01
1.079987408601846277e-01 3.238050685051700839e+01
1.081729180676058444e-01 3.218226833208527182e+01
1.083470952750270472e-01 3.198609641023937655e+01
1.085212724824482639e-01 3.179200152096764853e+01
1.086954496898694805e-01 3.159999417808901256e+01
1.088696268972906972e-01 3.141008497575119307e+01
1.090438041047119139e-01 3.122228459055305549e+01
1.092179813121331167e-01 3.103660378330053149e+01
1.093921585195543333e-01 3.085305340040429556e+01
1.095663357269755500e-01 3.067164437492645845e+01
1.097405129343967667e-01 3.049238772728271485e+01
1.099146901418179834e-01 3.031529456560540581e+01
1.100888673492391862e-01 3.014037608577254090e+01
1.102630445566604028e-01 2.996764357110717114e+01
1.104372217640816195e-01 2.979710839175098158e+01
1.106113989715028362e-01 2.962878200371584470e+01
1.107855761789240528e-01 2.946267594761655317e+01
1.109597533863452556e-01 2.882998443347984008e+01
1.111339305937664723e-01 2.865897778778523275e+01
1.113081078011876890e-01 2.849005178009817030e+01
1.114822850086089057e-01 2.832321549043852471e+01
1.116564622160301223e-01 2.815847804557603595e+01
1.118306394234513390e-01 2.799584861628746424e+01
1.120048166308725418e-01 2.783533641434517847e+01
1.121789938382937585e-01 2.767695068924185620e+01
1.123531710457149752e-01 2.752070072465662776e+01
1.125273482531361918e-01 2.736659583466827783e+01
1.127015254605573946e-01 2.680270335509608159e+01
1.128757026679786113e-01 2.664295216732035598e+01
1.130498798753998280e-01 2.648517095455467185e+01
1.132240570828210446e-01 2.632936649911635030e+01
1.133982342902422613e-01 2.603032744030862844e+01
1.135724114976634780e-01 2.587490765253269842e+01
1.137465887050846808e-01 2.572141603539991905e+01
1.139207659125058975e-01 2.556985893258303832e+01
1.140949431199271141e-01 2.515544263855332829e+01
1.142691203273483308e-01 2.500100608457236717e+01
1.144432975347695475e-01 2.484839486864321145e+01
1.146174747421907503e-01 2.469761478592214488e+01
1.147916519496119669e-01 2.454867172312417267e+01
1.149658291570331836e-01 2.440157165685422669e+01
1.151400063644544003e-01 2.425632065175147289e+01
1.153141835718756170e-01 2.411292485845530820e+01
1.154883607792968198e-01 2.397139051140272059e+01
1.156625379867180364e-01 2.383172392646753934e+01
1.158367151941392531e-01 2.361393367606245519e+01
1.160108924015604698e-01 2.347564324253042045e+01
1.161850696089816865e-01 2.333918573900591298e+01
1.163592468164028892e-01 2.312578203635586505e+01
1.165334240238241059e-01 2.299060029726186372e+01
1.167076012312453226e-01 2.279267361745259635e+01
1.168817784386665393e-01 2.259893733436076602e+01
1.170559556460877559e-01 2.246526705182800399e+01
1.172301328535089726e-01 2.233332076269750743e+01
1.174043100609301754e-01 2.220310354225371441e+01
1.175784872683513921e-01 2.201613080450206894e+01
1.177526644757726088e-01 2.188750966137583021e+01
1.179268416831938254e-01 2.176058873628809565e+01
1.181010188906150282e-01 2.163537306382194103e+01
1.182751960980362449e-01 2.151186779295937157e+01
1.184493733054574616e-01 2.130276295305115042e+01
1.186235505128786782e-01 2.117975748142592707e+01
1.187977277202998949e-01 2.103003875397904565e+01
1.189719049277211116e-01 2.090938161536191586e+01
1.191460821351423144e-01 2.070757520650667516e+01
1.193202593425635311e-01 2.058737085055033944e+01
1.194944365499847477e-01 2.046874276717308305e+01
1.196686137574059644e-01 2.035169507579224657e+01
1.198427909648271672e-01 2.023623204523447328e+01
1.200169681722483839e-01 2.012235809413552445e+01
1.201911453796696005e-01 1.999104056186030220e+01
1.203653225870908172e-01 1.987967148520147731e+01
1.205394997945120339e-01 1.974138075314442631e+01
1.207136770019332506e-01 1.963214140897044402e+01
1.208878542093544534e-01 1.952446719760488492e+01
1.210620314167756700e-01 1.941836273479326991e+01
1.212362086241968867e-01 1.931383279843020162e+01
1.214103858316181034e-01 1.921088233001344747e+01
1.215845630390393201e-01 1.910951643613445938e+01
1.217587402464605228e-01 1.900974038998986515e+01
1.219329174538817395e-01 1.891155963289653741e+01
1.221070946613029562e-01 1.881497977579127578e+01
1.222812718687241729e-01 1.872000660069463152e+01
1.224554490761453895e-01 1.862664606211722784e+01
1.226296262835665923e-01 1.853490428838589565e+01
1.228038034909878090e-01 1.843377680863002155e+01
1.229779806984090257e-01 1.834483051998348202e+01
1.231521579058302424e-01 1.824245521994383878e+01
1.233263351132514590e-01 1.815611950742814074e+01
1.235005123206726618e-01 1.807139665467455103e+01
1.236746895280938785e-01 1.798829284157902109e+01
1.238488667355150952e-01 1.790591225113550422e+01
1.240230439429363118e-01 1.779567931569446415e+01
1.241972211503575285e-01 1.767107959542053663e+01
1.243713983577787452e-01 1.756316356265193690e+01
1.245455755651999480e-01 1.744754968540490125e+01
1.247197527726211647e-01 1.735720854282216763e+01
1.248939299800423813e-01 1.726952529557854987e+01
1.250681071874635841e-01 1.719141045267506129e+01
1.252422843948848008e-01 1.710639057933741114e+01
1.254164616023060175e-01 1.703080457496263733e+01
1.255906388097272341e-01 1.694697320900078097e+01
1.257648160171484508e-01 1.685883787488928576e+01
1.259389932245696675e-01 1.675448050442107117e+01
1.261131704319908842e-01 1.667458909780279797e+01
1.262873476394121008e-01 1.660311137073246002e+01
1.264615248468333175e-01 1.652224388755812257e+01
1.266357020542545064e-01 1.641395134176876880e+01
1.268098792616757231e-01 1.633569445974642065e+01
1.269840564690969398e-01 1.626672537697083243e+01
1.271582336765181565e-01 1.618959086127075864e+01
1.273324108839393731e-01 1.610907372994535436e+01
1.275065880913605898e-01 1.603332563952438861e+01
1.276807652987818065e-01 1.596247659841282740e+01
1.278549425062030231e-01 1.588355580264264155e+01
1.280291197136242398e-01 1.581437844959923922e+01
1.282032969210454565e-01 1.573826391432952754e+01
1.283774741284666732e-01 1.566326976068176435e+01
1.285516513358878621e-01 1.559140763768697724e+01
1.287258285433090788e-01 1.552958754333984359e+01
1.289000057507302954e-01 1.546205003911841658e+01
1.290741829581515121e-01 1.538608842441376900e+01
1.292483601655727288e-01 1.531801437950852041e+01
1.294225373729939454e-01 1.523867834963473200e+01
1.295967145804151621e-01 1.517010813950975745e+01
1.297708917878363788e-01 1.509922120451060756e+01
1.299450689952575955e-01 1.502849728428425102e+01
1.301192462026787844e-01 1.496395331201657086e+01
1.302934234101000011e-01 1.490635128203904891e+01
1.304676006175212177e-01 1.484263829890630326e+01
1.306417778249424344e-01 1.477941566386318151e+01
1.308159550323636511e-01 1.471029124924034903e+01
1.309901322397848678e-01 1.464536428792375666e+01
1.311643094472060844e-01 1.457345650609298815e+01
1.313384866546273011e-01 1.451815854689960084e+01
1.315126638620485178e-01 1.446001049049096920e+01
1.316868410694697344e-01 1.439905563957384693e+01
1.318610182768909511e-01 1.432795723135944677e+01
1.320351954843121400e-01 1.426405567744101432e+01
1.322093726917333567e-01 1.420468582535541913e+01
1.323835498991545734e-01 1.413943967252067502e+01
1.325577271065757901e-01 1.407277414029889862e+01
1.327319043139970067e-01 1.401356272109710943e+01
1.329060815214182234e-01 1.394478383946544042e+01
1.330802587288394401e-01 1.388343477980761698e+01
1.332544359362606567e-01 1.381789596340998116e+01
1.334286131436818734e-01 1.375671949610080347e+01
1.336027903511030623e-01 1.369847927069474380e+01
1.337769675585243068e-01 1.362452322359832380e+01
1.339511447659454957e-01 1.355533578008308560e+01
1.341253219733667124e-01 1.348998596502147151e+01
1.342994991807879290e-01 1.342905639392294148e+01
1.344736763882091457e-01 1.337375307480133024e+01
1.346478535956303624e-01 1.330920396609994327e+01
1.348220308030515791e-01 1.325048989766426644e+01
1.349962080104727957e-01 1.319768682273619653e+01
1.351703852178940124e-01 1.313595021547201824e+01
1.353445624253152291e-01 1.307678415937410854e+01
1.355187396327364180e-01 1.301534539825858161e+01
1.356929168401576347e-01 1.295119621067273030e+01
1.358670940475788513e-01 1.289549588203657748e+01
1.360412712550000680e-01 1.283824857723749879e+01
1.362154484624212847e-01 1.277213970429108691e+01
1.363896256698425014e-01 1.270018769421115401e+01
1.365638028772637180e-01 1.264099723433523792e+01
1.367379800846849347e-01 1.257881364092138554e+01
1.369121572921061514e-01 1.251962979687358057e+01
1.370863344995273680e-01 1.246176817405597959e+01
1.372605117069485847e-01 1.239823422135977182e+01
1.374346889143697736e-01 1.233752019678068912e+01
1.376088661217909903e-01 1.227798498387968174e+01
1.377830433292122070e-01 1.221982073754398890e+01
1.379572205366334237e-01 1.217937750674511754e+01
1.381313977440546403e-01 1.212112301143015358e+01
1.383055749514758570e-01 1.206071217455911615e+01
1.384797521588970737e-01 1.200479934336180321e+01
1.386539293663182904e-01 1.194700770791288491e+01
1.388281065737395070e-01 1.188487727207097500e+01
1.390022837811606959e-01 1.182688198687368519e+01
1.391764609885819404e-01 1.176803672091864605e+01
1.393506381960031293e-01 1.170923651718566738e+01
1.395248154034243460e-01 1.164948976559081117e+01
1.396989926108455626e-01 1.159387816637644697e+01
1.398731698182667793e-01 1.153301390021901618e+01
1.400473470256879960e-01 1.147060179931421509e+01
1.402215242331092127e-01 1.141181788393644503e+01
1.403957014405304293e-01 1.135664620286050841e+01
1.405698786479516460e-01 1.130164495587272100e+01
1.407440558553728627e-01 1.124835730976016990e+01
1.409182330627940516e-01 1.118910344063753293e+01
1.410924102702152683e-01 1.113056232401340395e+01
1.412665874776364849e-01 1.107185239909868635e+01
1.414407646850577016e-01 1.101325378328351867e+01
1.416149418924789183e-01 1.095532660419716464e+01
1.417891190999001350e-01 1.089615494696620956e+01
1.419632963073213516e-01 1.083902705616310769e+01
1.421374735147425683e-01 1.078463506082167811e+01
1.423116507221637850e-01 1.072548120240438863e+01
1.424858279295849739e-01 1.067104527817562776e+01
1.426600051370062183e-01 1.061539698344208027e+01
1.428341823444274072e-01 1.056642706350351268e+01
1.430083595518486239e-01 1.051252038349556450e+01
1.431825367592698406e-01 1.046085066065688096e+01
1.433567139666910573e-01 1.040128582948480584e+01
1.435308911741122739e-01 1.035043051356926647e+01
1.437050683815334906e-01 1.029573674549943441e+01
1.438792455889547073e-01 1.024110676202082715e+01
1.440534227963759240e-01 1.018352030468754954e+01
1.442276000037971406e-01 1.012894393775920321e+01
1.444017772112183295e-01 1.007825771537041248e+01
1.445759544186395740e-01 1.003395002994901652e+01
1.447501316260607629e-01 9.979769455911824849e+00
1.449243088334819796e-01 9.927388837503160701e+00
1.450984860409031962e-01 9.876324766405394584e+00
1.452726632483244129e-01 9.825670362730146934e+00
1.454468404557456296e-01 9.776257362211950408e+00
1.456210176631668463e-01 9.724467634550061135e+00
1.457951948705880629e-01 9.672517381763430677e+00
1.459693720780092518e-01 9.632105224107521124e+00
1.461435492854304963e-01 9.581782063520547510e+00
1.463177264928516852e-01 9.532280557984924130e+00
1.464919037002729019e-01 9.481241862017975919e+00
1.466660809076941185e-01 9.427800364794663324e+00
1.468402581151153352e-01 9.380521180854024976e+00
1.470144353225365519e-01 9.328338796305736480e+00
1.471886125299577686e-01 9.278844544094074109e+00
1.473627897373789852e-01 9.229351822401833161e+00
1.475369669448002019e-01 9.179858592665894435e+00
1.477111441522214186e-01 9.137656180705340248e+00
1.478853213596426075e-01 9.090030144423455027e+00
1.480594985670638519e-01 9.041463699094947515e+00
1.482336757744850408e-01 8.993574327482445341e+00
1.484078529819062575e-01 8.948574164859655511e+00
1.485820301893274742e-01 8.900824508462164886e+00
1.487562073967486909e-01 8.857577241340923280e+00
1.489303846041699075e-01 8.809222722533343486e+00
1.491045618115911242e-01 8.764480920440162137e+00
1.492787390190123409e-01 8.717159265886403219e+00
1.494529162264335576e-01 8.669866586541163045e+00
1.496270934338547742e-01 8.622161104807364751e+00
1.498012706412759631e-01 8.574908398675836096e+00
1.499754478486971798e-01 8.530623304940204932e+00
1.501496250561183965e-01 8.485305487124737311e+00
1.503238022635396132e-01 8.439909032425200408e+00
1.504979794709608298e-01 8.396234312534609501e+00
1.506721566783820465e-01 8.352601440063240901e+00
1.508463338858032632e-01 8.308271931805785826e+00
1.510205110932244799e-01 8.268868292170425960e+00
1.511946883006456965e-01 8.224442970905782246e+00
1.513688655080668855e-01 8.179187784178742149e+00
1.515430427154881299e-01 8.134246200898836321e+00
1.517172199229093188e-01 8.090765879198437815e+00
1.518913971303305355e-01 8.044022324077506170e+00
1.520655743377517521e-01 8.000767492325032038e+00
1.522397515451729688e-01 7.955814332548292178e+00
1.524139287525941855e-01 7.914918369210252713e+00
1.525881059600154022e-01 7.869721143748375169e+00
1.527622831674366188e-01 7.823299948125369774e+00
1.529364603748578355e-01 7.780450867279228966e+00
1.531106375822790522e-01 7.736268614516375486e+00
1.532848147897002411e-01 7.690369604295215211e+00
1.534589919971214855e-01 7.646609770858172617e+00
1.536331692045426744e-01 7.604000992116836777e+00
1.538073464119638911e-01 7.559727851125974674e+00
1.539815236193851078e-01 7.517136152933040272e+00
1.541557008268063245e-01 7.474379111237729134e+00
1.543298780342275411e-01 7.432467528956991032e+00
1.545040552416487578e-01 7.390644202743816393e+00
1.546782324490699745e-01 7.348339852843780662e+00
1.548524096564911912e-01 7.303891506623695129e+00
1.550265868639124078e-01 7.260643518579627198e+00
1.552007640713335967e-01 7.219117448963721095e+00
1.553749412787548134e-01 7.175266744339120706e+00
1.555491184861760301e-01 7.132270885244369474e+00
1.557232956935972468e-01 7.089577192385950077e+00
1.558974729010184634e-01 7.049724445171726472e+00
1.560716501084396801e-01 7.009303514819936964e+00
1.562458273158608968e-01 6.968001970426254132e+00
1.564200045232821135e-01 6.927866971219629022e+00
1.565941817307033301e-01 6.886388821460702303e+00
1.567683589381245191e-01 6.844179329013374335e+00
1.569425361455457635e-01 6.801768638108159237e+00
1.571167133529669524e-01 6.759895059383621785e+00
1.572908905603881691e-01 6.717824932989812758e+00
1.574650677678093857e-01 6.675460954393959589e+00
1.576392449752306024e-01 6.633990910694791410e+00
1.578134221826518191e-01 6.594863166662158882e+00
1.579875993900730358e-01 6.551945328248679701e+00
1.581617765974942524e-01 6.511046613028947050e+00
1.583359538049154691e-01 6.470308211503016160e+00
1.585101310123366858e-01 6.430226513092613949e+00
1.586843082197578747e-01 6.389329117902992294e+00
1.588584854271791191e-01 6.347475370821938689e+00
1.590326626346003080e-01 6.305869027658823178e+00
1.592068398420215247e-01 6.266901186876478569e+00
1.593810170494427414e-01 6.225932132548302356e+00
1.595551942568639581e-01 6.183483662166544548e+00
1.597293714642851747e-01 6.142331581343106528e+00
1.599035486717063914e-01 6.101025610718705749e+00
1.600777258791276081e-01 6.062891006468901445e+00
1.602519030865487970e-01 6.022916812432888456e+00
1.604260802939700414e-01 5.983447428878276853e+00
1.606002575013912304e-01 5.942585249150616811e+00
1.607744347088124470e-01 5.901905938478143376e+00
1.609486119162336637e-01 5.862525812550863691e+00
1.611227891236548804e-01 5.822647910204200805e+00
1.612969663310760970e-01 5.783986001991680226e+00
1.614711435384973137e-01 5.744198236715043038e+00
1.616453207459185304e-01 5.704720329605391882e+00
1.618194979533397471e-01 5.666442896740259805e+00
1.619936751607609637e-01 5.628152266396903691e+00
1.621678523681821527e-01 5.590363531663740559e+00
1.623420295756033971e-01 5.551508576540867601e+00
1.625162067830245860e-01 5.513868770882116799e+00
1.626903839904458027e-01 5.477109460748469161e+00
1.628645611978670193e-01 5.439109661027062614e+00
1.630387384052882360e-01 5.403125733296049837e+00
1.632129156127094527e-01 5.365302287798249026e+00
1.633870928201306694e-01 5.329017562556175314e+00
1.635612700275518860e-01 5.292105814598146551e+00
1.637354472349731027e-01 5.256354412943149867e+00
1.639096244423943194e-01 5.221442074783257503e+00
1.640838016498155083e-01 5.185290508807460341e+00
1.642579788572367250e-01 5.149010207600469791e+00
1.644321560646579417e-01 5.115227045739189293e+00
1.646063332720791583e-01 5.078651325001201755e+00
1.647805104795003750e-01 5.045377081741004410e+00
1.649546876869215917e-01 5.009983244950227288e+00
1.651288648943428083e-01 4.976086123352374990e+00
1.653030421017640250e-01 4.941823967777779991e+00
1.654772193091852417e-01 4.907543007094897547e+00
1.656513965166064306e-01 4.874415150271882879e+00
1.658255737240276750e-01 4.841338424066367274e+00
1.659997509314488640e-01 4.808612898794790702e+00
1.661739281388700806e-01 4.774510417952222419e+00
1.663481053462912973e-01 4.740588918885693559e+00
1.665222825537125140e-01 4.707891462329292231e+00
1.666964597611337306e-01 4.675479624690507485e+00
1.668706369685549473e-01 4.642511042620862227e+00
1.670448141759761640e-01 4.610745272398870220e+00
1.672189913833973807e-01 4.578736398966383625e+00
1.673931685908185973e-01 4.547170994673527034e+00
1.675673457982397863e-01 4.516065798617234783e+00
1.677415230056610307e-01 4.483861907451151652e+00
1.679157002130822196e-01 4.452155553613014405e+00
1.680898774205034363e-01 4.421423066359574605e+00
1.682640546279246530e-01 4.393182852125425697e+00
1.684382318353458696e-01 4.362374160406478296e+00
1.686124090427670863e-01 4.332250111252273328e+00
1.687865862501883030e-01 4.302933639088881712e+00
1.689607634576095196e-01 4.272738650947153438e+00
1.691349406650307086e-01 4.244011358753617458e+00
1.693091178724519530e-01 4.215323402323944535e+00
1.694832950798731419e-01 4.185777440111555947e+00
1.696574722872943586e-01 4.155920337596041847e+00
1.698316494947155753e-01 4.127792939221830437e+00
1.700058267021367919e-01 4.098877881924354760e+00
1.701800039095580086e-01 4.071214743785764867e+00
1.703541811169792253e-01 4.042111398617574736e+00
1.705283583244004419e-01 4.013889322148181726e+00
1.707025355318216309e-01 3.986755441989894067e+00
1.708767127392428753e-01 3.959299645776258814e+00
1.710508899466640642e-01 3.931374327293838178e+00
1.712250671540853086e-01 3.903688018225873968e+00
1.713992443615064976e-01 3.876557075334198910e+00
1.715734215689277420e-01 3.849528664271257838e+00
1.717475987763489309e-01 3.822897213500729308e+00
1.719217759837701476e-01 3.796226231142064478e+00
1.720959531911913643e-01 3.769804798392417666e+00
1.722701303986125809e-01 3.742499550689162735e+00
1.724443076060337976e-01 3.715378367758802813e+00
1.726184848134549865e-01 3.689979725778717246e+00
1.727926620208762309e-01 3.664382701614579574e+00
1.729668392282974199e-01 3.639448794385525598e+00
1.731410164357186643e-01 3.614470282066245321e+00
1.733151936431398532e-01 3.589545935795888099e+00
1.734893708505610699e-01 3.563975216947457891e+00
1.736635480579822866e-01 3.539794062279322251e+00
1.738377252654035032e-01 3.515632172101878172e+00
1.740119024728247199e-01 3.490109308285596512e+00
1.741860796802459366e-01 3.466475139820612394e+00
1.743602568876671532e-01 3.441395575687886232e+00
1.745344340950883422e-01 3.416548112687020744e+00
1.747086113025095866e-01 3.392111301624945785e+00
1.748827885099307755e-01 3.367568338173184017e+00
1.750569657173520199e-01 3.342932716443855146e+00
1.752311429247732089e-01 3.319608348731428737e+00
1.754053201321944255e-01 3.294154913729272938e+00
1.755794973396156422e-01 3.270498477327278053e+00
1.757536745470368589e-01 3.246520808600791952e+00
1.759278517544580756e-01 3.223258164225534461e+00
1.761020289618792645e-01 3.199474074570367144e+00
1.762762061693005089e-01 3.175097781140661990e+00
1.764503833767216978e-01 3.151789488575395648e+00
1.766245605841429422e-01 3.128858295049115501e+00
1.767987377915641312e-01 3.105193857146058889e+00
1.769729149989853478e-01 3.080880397618159794e+00
1.771470922064065645e-01 3.058599874924491147e+00
1.773212694138277812e-01 3.035235403047507496e+00
1.774954466212489979e-01 3.012577696998358867e+00
1.776696238286702145e-01 2.989108526411078159e+00
1.778438010360914312e-01 2.965702273326615845e+00
1.780179782435126201e-01 2.943105761706397150e+00
1.781921554509338645e-01 2.920133921868770521e+00
1.783663326583550535e-01 2.897448462412540060e+00
1.785405098657762979e-01 2.875781085877050725e+00
1.787146870731974868e-01 2.852551508187775919e+00
1.788888642806187035e-01 2.831148798932331623e+00
1.790630414880399202e-01 2.809351084453990399e+00
1.792372186954611368e-01 2.787474061943546744e+00
1.794113959028823535e-01 2.765744510320779170e+00
1.795855731103035702e-01 2.743081628961788976e+00
1.797597503177247868e-01 2.720787341023014783e+00
1.799339275251459758e-01 2.699205160357197375e+00
1.801081047325672202e-01 2.677877202952363422e+00
1.802822819399884091e-01 2.654734465057880577e+00
1.804564591474096535e-01 2.633391842206080025e+00
1.806306363548308425e-01 2.611507585066648041e+00
1.808048135622520591e-01 2.590059772504532454e+00
1.809789907696732758e-01 2.567656710588090085e+00
1.811531679770944925e-01 2.546093203343364308e+00
1.813273451845157092e-01 2.525304045583137924e+00
1.815015223919368981e-01 2.503674900609833109e+00
1.816756995993581425e-01 2.482353439523626637e+00
1.818498768067793314e-01 2.460547993385436616e+00
1.820240540142005758e-01 2.439349236358160589e+00
1.821982312216217648e-01 2.418733044168423607e+00
1.823724084290429814e-01 2.397213234556020200e+00
1.825465856364641981e-01 2.375640761142804980e+00
1.827207628438854148e-01 2.354739340878366338e+00
1.828949400513066315e-01 2.333657733933454104e+00
1.830691172587278481e-01 2.312451258066002158e+00
1.832432944661490648e-01 2.291710929388304674e+00
1.834174716735702537e-01 2.271192691924280194e+00
1.835916488809914981e-01 2.250078787222929311e+00
1.837658260884126871e-01 2.230143580257609504e+00
1.839400032958339315e-01 2.210076101516194491e+00
1.841141805032551204e-01 2.189637476381599779e+00
1.842883577106763371e-01 2.169107637203057326e+00
1.844625349180975538e-01 2.148989951832201761e+00
1.846367121255187704e-01 2.129469505369411486e+00
1.848108893329399871e-01 2.109194115003008463e+00
1.849850665403611760e-01 2.089205285009476665e+00
1.851592437477824205e-01 2.069825079139966384e+00
1.853334209552036094e-01 2.049353001937636254e+00
1.855075981626248538e-01 2.029263443460826544e+00
1.856817753700460427e-01 2.009637802843170284e+00
1.858559525774672594e-01 1.989920246858751129e+00
1.860301297848884761e-01 1.970250527668872653e+00
1.862043069923096927e-01 1.950246145421058452e+00
1.863784841997309094e-01 1.930284833441115566e+00
1.865526614071521261e-01 1.911352332184281577e+00
1.867268386145733428e-01 1.892209641920213903e+00
1.869010158219945317e-01 1.873660572755460940e+00
1.870751930294157761e-01 1.854923241348933827e+00
1.872493702368369650e-01 1.835973070515417582e+00
1.874235474442582094e-01 1.816814805694453527e+00
1.875977246516793984e-01 1.798096909787374242e+00
1.877719018591006150e-01 1.778950890155284181e+00
1.879460790665218317e-01 1.760420449918540964e+00
1.881202562739430484e-01 1.742221990881435145e+00
1.882944334813642651e-01 1.723492307444893790e+00
1.884686106887854817e-01 1.705016081572529929e+00
1.886427878962066984e-01 1.686787225705476345e+00
1.888169651036278873e-01 1.668684679855459763e+00
1.889911423110491318e-01 1.650306750442807724e+00
1.891653195184703207e-01 1.632330537043210850e+00
1.893394967258915651e-01 1.614149598417759401e+00
1.895136739333127540e-01 1.595849049546106402e+00
1.896878511407339707e-01 1.578103810207371893e+00
1.898620283481551874e-01 1.560423970039389374e+00
1.900362055555764040e-01 1.541710695681432375e+00
1.902103827629976207e-01 1.524047038287726696e+00
1.903845599704188096e-01 1.507206175960488892e+00
1.905587371778400541e-01 1.490066598727244118e+00
1.907329143852612430e-01 1.472954438388812015e+00
1.909070915926824874e-01 1.455791211467421187e+00
1.910812688001036763e-01 1.438561249919763307e+00
1.912554460075248930e-01 1.421515677804944922e+00
1.914296232149461097e-01 1.405316553009707592e+00
1.916038004223673263e-01 1.388397530587258233e+00
1.917779776297885430e-01 1.371674341195594282e+00
1.919521548372097597e-01 1.354713291853260948e+00
1.921263320446309764e-01 1.338217376330790520e+00
1.923005092520521653e-01 1.321645165601781358e+00
1.924746864594734097e-01 1.305406622015852225e+00
1.926488636668945986e-01 1.289594454965145021e+00
1.928230408743158431e-01 1.273559377580644414e+00
1.929972180817370320e-01 1.257605799937789870e+00
1.931713952891582486e-01 1.242150556495116520e+00
1.933455724965794653e-01 1.226142295366660306e+00
1.935197497040006820e-01 1.210517777492704061e+00
1.936939269114218987e-01 1.195193298362823286e+00
1.938681041188431153e-01 1.179244392189527924e+00
1.940422813262643320e-01 1.163588594965464740e+00
1.942164585336855209e-01 1.148160353724724914e+00
1.943906357411067654e-01 1.132431278496696780e+00
1.945648129485279543e-01 1.117263541489408096e+00
1.947389901559491987e-01 1.102653142331073921e+00
1.949131673633703876e-01 1.087395172824199285e+00
1.950873445707916043e-01 1.072526484392288149e+00
1.952615217782128210e-01 1.057424657207440610e+00
1.954356989856340376e-01 1.042675104154568988e+00
1.956098761930552543e-01 1.028136063319908367e+00
1.957840534004764432e-01 1.013395003335413547e+00
1.959582306078976877e-01 9.993269080673301552e-01
1.961324078153188766e-01 9.855387261253785169e-01
1.963065850227401210e-01 9.709778966205416806e-01
1.964807622301613099e-01 9.573330650599745084e-01
1.966549394375825266e-01 9.430317541649160251e-01
1.968291166450037433e-01 9.292175485889377917e-01
1.970032938524249599e-01 9.150623323814275345e-01
1.971774710598461766e-01 9.013579023455391415e-01
1.973516482672673933e-01 8.880760364687910746e-01
1.975258254746886100e-01 8.750992408509187248e-01
1.977000026821097989e-01 8.615475145663005208e-01
1.978741798895310433e-01 8.482322967119311219e-01
1.980483570969522322e-01 8.354074189924153293e-01
1.982225343043734767e-01 8.220041308745184017e-01
1.983967115117946656e-01 8.092023423936152149e-01
1.985708887192158822e-01 7.961589850572099447e-01
1.987450659266370989e-01 7.836305789201282179e-01
1.989192431340583156e-01 7.709559486625178204e-01
1.990934203414795323e-01 7.581640974830361479e-01
1.992675975489007212e-01 7.454674310491529177e-01
1.994417747563219656e-01 7.335014882494401700e-01
1.996159519637431545e-01 7.213167556647576140e-01
1.997901291711643990e-01 7.093695139025162355e-01
1.999643063785855879e-01 6.978579779378520920e-01
2.001384835860068045e-01 6.854926436606501028e-01
2.003126607934280212e-01 6.737833660548221415e-01
2.004868380008492379e-01 6.622660066602462647e-01
2.006610152082704546e-01 6.503588187130017184e-01
2.008351924156916712e-01 6.390636882554773246e-01
2.010093696231128879e-01 6.278290091262441752e-01
2.011835468305340768e-01 6.165328193849780591e-01
2.013577240379553213e-01 6.058553652070960416e-01
2.015319012453765102e-01 5.951700231047973855e-01
2.017060784527977546e-01 5.843120280982755377e-01
2.018802556602189435e-01 5.736936140003822127e-01
2.020544328676401602e-01 5.630591758910371558e-01
2.022286100750613769e-01 5.528527175364339463e-01
2.024027872824825935e-01 5.428518863014495377e-01
2.025769644899038102e-01 5.323170836876034429e-01
2.027511416973250269e-01 5.220473574420407825e-01
2.029253189047462436e-01 5.119820514807524869e-01
2.030994961121674325e-01 5.024258432297773469e-01
2.032736733195886769e-01 4.927881780810000056e-01
2.034478505270098658e-01 4.830249545175222536e-01
2.036220277344311103e-01 4.737261987073408953e-01
2.037962049418522992e-01 4.647484064810355475e-01
2.039703821492735158e-01 4.554437470074481076e-01
2.041445593566947325e-01 4.465651945978439952e-01
2.043187365641159492e-01 4.377961441117660946e-01
2.044929137715371659e-01 4.280593548430763340e-01
2.046670909789583548e-01 4.190415384395488330e-01
2.048412681863795992e-01 4.098391844780683302e-01
2.050154453938007881e-01 4.012165236491399556e-01
2.051896226012220326e-01 3.927961250541130989e-01
2.053637998086432215e-01 3.843148085961999305e-01
2.055379770160644382e-01 3.757735439578552827e-01
2.057121542234856548e-01 3.671671157369434391e-01
2.058863314309068715e-01 3.594092240523855120e-01
2.060605086383280882e-01 3.510215279150053491e-01
2.062346858457493048e-01 3.430714257452323612e-01
2.064088630531705215e-01 3.354801626507412649e-01
2.065830402605917104e-01 3.280553332254350085e-01
2.067572174680129549e-01 3.199978525538650365e-01
2.069313946754341438e-01 3.124199671302393400e-01
2.071055718828553882e-01 3.048492780871372987e-01
2.072797490902765771e-01 2.981382442052812887e-01
2.074539262976977938e-01 2.908806748813522747e-01
2.076281035051190105e-01 2.839377201398677331e-01
2.078022807125402271e-01 2.766665537497988714e-01
2.079764579199614438e-01 2.695657793200352814e-01
2.081506351273826605e-01 2.631315926726309762e-01
2.083248123348038772e-01 2.562776484670817312e-01
2.084989895422250661e-01 2.496229153273506474e-01
2.086731667496463105e-01 2.431798164143592622e-01
2.088473439570674994e-01 2.372615517823073727e-01
2.090215211644887439e-01 2.306652299985565424e-01
2.091956983719099328e-01 2.243651347304432275e-01
2.093698755793311495e-01 2.179129338389641790e-01
2.095440527867523661e-01 2.119207599526996277e-01
2.097182299941735828e-01 2.057801375222989559e-01
2.098924072015947995e-01 1.995092672380246457e-01
2.100665844090159884e-01 1.938598906749549045e-01
2.102407616164372328e-01 1.881173929675970524e-01
2.104149388238584217e-01 1.822642164900907802e-01
2.105891160312796662e-01 1.769391093018822803e-01
2.107632932387008551e-01 1.712280562615413615e-01
2.109374704461220718e-01 1.651393356055008144e-01
2.111116476535432884e-01 1.595882983815049838e-01
2.112858248609645051e-01 1.539295406088458940e-01
2.114600020683857218e-01 1.486516775825914849e-01
2.116341792758069384e-01 1.439207092726908221e-01
2.118083564832281551e-01 1.388679059145843386e-01
2.119825336906493440e-01 1.340719771716366304e-01
2.121567108980705885e-01 1.294450427685794047e-01
2.123308881054917774e-01 1.246537607571270301e-01
2.125050653129130218e-01 1.200043132152737446e-01
2.126792425203342107e-01 1.153156673070456356e-01
2.128534197277554274e-01 1.108658972405756477e-01
2.130275969351766441e-01 1.060545296205815946e-01
2.132017741425978608e-01 1.018235855645882731e-01
2.133759513500190774e-01 9.750829697373651628e-02
2.135501285574402663e-01 9.325585066810028467e-02
2.137243057648615108e-01 8.909957476540310284e-02
2.138984829722826997e-01 8.489117302062204606e-02
2.140726601797039441e-01 8.061540374594136638e-02
2.142468373871251330e-01 7.654350264755163669e-02
2.144210145945463497e-01 7.270934729340396141e-02
2.145951918019675664e-01 6.905178730229556694e-02
2.147693690093887831e-01 6.520048768862683752e-02
2.149435462168099997e-01 6.157989323891475963e-02
2.151177234242312164e-01 5.823460578011597361e-02
2.152919006316524331e-01 5.465279366556749507e-02
2.154660778390736220e-01 5.155526911469211770e-02
2.156402550464948664e-01 4.818972077466585069e-02
2.158144322539160553e-01 4.473393984725720918e-02
2.159886094613372998e-01 4.177612088418197756e-02
2.161627866687584887e-01 3.856540094984194089e-02
2.163369638761797054e-01 3.578289086888820220e-02
2.165111410836009220e-01 3.298655553426039361e-02
2.166853182910221387e-01 3.063883909823245100e-02
2.168594954984433554e-01 2.833267401179411643e-02
2.170336727058645721e-01 2.574931078001576820e-02
2.172078499132857887e-01 2.357687602608510291e-02
2.173820271207069776e-01 2.110308108167745222e-02
2.175562043281282221e-01 1.893813650024110673e-02
2.177303815355494110e-01 1.690275983445068200e-02
2.179045587429706554e-01 1.481888447890885273e-02
2.180787359503918443e-01 1.334457922283247520e-02
2.182529131578130610e-01 1.196887262904887915e-02
2.184270903652342777e-01 1.032613222257143006e-02
2.186012675726554944e-01 8.642546048751614807e-03
2.187754447800767110e-01 7.121105646659739614e-03
2.189496219874978999e-01 5.291591244348197061e-03
2.191237991949191444e-01 4.356151671955616964e-03
2.192979764023403333e-01 3.534996638983249010e-03
2.194721536097615777e-01 2.857876584292106965e-03
2.196463308171827666e-01 2.195929354840982228e-03
2.198205080246039833e-01 1.601921973977020637e-03
2.199946852320252000e-01 8.121214449625457172e-04
2.201688624394464167e-01 6.259074105292008940e-04
2.203430396468676333e-01 2.730656579435017254e-04
2.205172168542888500e-01 -0.000000000000000000e+00
2.206913940617100667e-01 1.196947974815456164e-05
2.208655712691312556e-01 2.419757249247633248e-04
2.210397484765525000e-01 5.311136825835654574e-04
2.212139256839736889e-01 1.422057631212374695e-03
2.213881028913949334e-01 2.463683310695359129e-03
2.215622800988161223e-01 3.085626963047999154e-03
2.217364573062373390e-01 4.184181047265699525e-03
2.219106345136585556e-01 5.681513076957840289e-03
2.220848117210797723e-01 7.172102905255298318e-03
2.222589889285009890e-01 8.320516924796421757e-03
2.224331661359221779e-01 9.618608928855356191e-03
2.226073433433434223e-01 1.105103911280891360e-02
2.227815205507646112e-01 1.333838258817275114e-02
2.229556977581858557e-01 1.528010483364109287e-02
2.231298749656070446e-01 1.789823662437605226e-02
2.233040521730282890e-01 2.019139608130729804e-02
2.234782293804494779e-01 2.318761864896529135e-02
2.236524065878706946e-01 2.609863655485104503e-02
2.238265837952919113e-01 2.928120423939634467e-02
2.240007610027131280e-01 3.268605915015158903e-02
2.241749382101343446e-01 3.625123978369720196e-02
2.243491154175555335e-01 3.997850602990253577e-02
2.245232926249767780e-01 4.380274005597216413e-02
2.246974698323979669e-01 4.796772169307356865e-02
2.248716470398192113e-01 5.236139283280560192e-02
2.250458242472404002e-01 5.688261308495009411e-02
2.252200014546616169e-01 6.187625427526230459e-02
2.253941786620828336e-01 6.678372327014209242e-02
2.255683558695040503e-01 7.126268993536710727e-02
2.257425330769252669e-01 7.691424997068893599e-02
2.259167102843464836e-01 8.243331027369976693e-02
2.260908874917677003e-01 8.833750214530380895e-02
2.262650646991888892e-01 9.490112166707223573e-02
2.264392419066101336e-01 1.009681466040346781e-01
2.266134191140313225e-01 1.071303585825249538e-01
2.267875963214525670e-01 1.140892685661868966e-01
2.269617735288737559e-01 1.212016015329123175e-01
2.271359507362949726e-01 1.285071585593601795e-01
2.273101279437161892e-01 1.358953343879319986e-01
2.274843051511374059e-01 1.437593822683660982e-01
2.276584823585586226e-01 1.521056542913656606e-01
2.278326595659798115e-01 1.605001887488435863e-01
2.280068367734010559e-01 1.691989627896541837e-01
2.281810139808222448e-01 1.781720222807046394e-01
2.283551911882434893e-01 1.872272414125729090e-01
2.285293683956646782e-01 1.968187028574479025e-01
2.287035456030858949e-01 2.068272300189711588e-01
2.288777228105071115e-01 2.171008498397635766e-01
2.290519000179283282e-01 2.274839414726898268e-01
2.292260772253495449e-01 2.376525485507576529e-01
2.294002544327707616e-01 2.483041709017407839e-01
2.295744316401919782e-01 2.598698243987340173e-01
2.297486088476131671e-01 2.713282116069964389e-01
2.299227860550344116e-01 2.830515690799169648e-01
2.300969632624556005e-01 2.956819634512206640e-01
2.302711404698768449e-01 3.082210800621966729e-01
2.304453176772980338e-01 3.208281454493359663e-01
2.306194948847192505e-01 3.335766068585941935e-01
2.307936720921404672e-01 3.468661664795120725e-01
2.309678492995616839e-01 3.605579496769305559e-01
2.311420265069829005e-01 3.740776247455061543e-01
2.313162037144041172e-01 3.882331167167953900e-01
2.314903809218253339e-01 4.026583505538205432e-01
2.316645581292465228e-01 4.175088139783560415e-01
2.318387353366677672e-01 4.325530098159994785e-01
2.320129125440889561e-01 4.477609267869230858e-01
2.321870897515102006e-01 4.633175969177217302e-01
2.323612669589313895e-01 4.787725517390983287e-01
2.325354441663526062e-01 4.950993028944857266e-01
2.327096213737738228e-01 5.118936566446741221e-01
2.328837985811950395e-01 5.282584360429813941e-01
2.330579757886162562e-01 5.455931790280109661e-01
2.332321529960374729e-01 5.632128060753562870e-01
2.334063302034586895e-01 5.812151755226279137e-01
2.335805074108798784e-01 5.996625675493718610e-01
2.337546846183010951e-01 6.184692877108325382e-01
2.339288618257223118e-01 6.373369894613851727e-01
2.341030390331435285e-01 6.569786250843758779e-01
2.342772162405647451e-01 6.764213356742745376e-01
2.344513934479859618e-01 6.968696005191232778e-01
2.346255706554071785e-01 7.179361770830378076e-01
2.347997478628283952e-01 7.394028381198370914e-01
2.349739250702496118e-01 7.604702155600590041e-01
2.351481022776708285e-01 7.817531741020523617e-01
2.353222794850920452e-01 8.039699331941935201e-01
2.354964566925132341e-01 8.263381678660107754e-01
2.356706338999344508e-01 8.489375944721343492e-01
2.358448111073556674e-01 8.717840319968468421e-01
2.360189883147768841e-01 8.952050310650115916e-01
2.361931655221981008e-01 9.190234287696432691e-01
2.363673427296193175e-01 9.438719162428679255e-01
2.365415199370405341e-01 9.684920389683064901e-01
2.367156971444617508e-01 9.942710416806016527e-01
2.368898743518829675e-01 1.019900306557546266e+00
2.370640515593041842e-01 1.045785014112470490e+00
2.372382287667253731e-01 1.072733872022578971e+00
2.374124059741465897e-01 1.099590485871542178e+00
2.375865831815678064e-01 1.127373284316558033e+00
2.377607603889890231e-01 1.154980787755762739e+00
2.379349375964102398e-01 1.183412267341507063e+00
2.381091148038314564e-01 1.211850817982925488e+00
2.382832920112526731e-01 1.240720481023350086e+00
2.384574692186738898e-01 1.270173445367108522e+00
2.386316464260951065e-01 1.300322624201412536e+00
2.388058236335163231e-01 1.330520384872147188e+00
2.389800008409375121e-01 1.361404914548083545e+00
2.391541780483587287e-01 1.392274525408561558e+00
2.393283552557799454e-01 1.423564722443699138e+00
2.395025324632011621e-01 1.455644466885435140e+00
2.396767096706223787e-01 1.488298869996906415e+00
2.398508868780435954e-01 1.522112090946870611e+00
2.400250640854648121e-01 1.555422486465689591e+00
2.401992412928860288e-01 1.589717931624961000e+00
2.403734185003072454e-01 1.623968120053304931e+00
2.405475957077284621e-01 1.659155025252069482e+00
2.407217729151496510e-01 1.694022470665953017e+00
2.408959501225708677e-01 1.730393722854608241e+00
2.410701273299920844e-01 1.767134693784771615e+00
2.412443045374133010e-01 1.803935999975430970e+00
2.414184817448345177e-01 1.842307831313948485e+00
2.415926589522557344e-01 1.881195921285079509e+00
2.417668361596769511e-01 1.919895136935898083e+00
2.419410133670981677e-01 1.958983650914904118e+00
2.421151905745193844e-01 1.998988353491989889e+00
2.422893677819406011e-01 2.039850377338651377e+00
2.424635449893618178e-01 2.081049959559585716e+00
2.426377221967830067e-01 2.122848904195276720e+00
2.428118994042042234e-01 2.165923746251504411e+00
2.429860766116254400e-01 2.208935158149689659e+00
2.431602538190466567e-01 2.253198138488596847e+00
2.433344310264678734e-01 2.297816563303592741e+00
2.435086082338890900e-01 2.341867025038989691e+00
2.436827854413103067e-01 2.387141830122477604e+00
2.438569626487315234e-01 2.432923060091803258e+00
2.440311398561527401e-01 2.480198856209339997e+00
2.442053170635739567e-01 2.527781100357022748e+00
2.443794942709951457e-01 2.575798844783677488e+00
2.445536714784163623e-01 2.624660524881129664e+00
2.447278486858375790e-01 2.674291053446708588e+00
2.449020258932587957e-01 2.724966656803023746e+00
2.450762031006800123e-01 2.775531540108978845e+00
2.452503803081012290e-01 2.827555713946094063e+00
2.454245575155224457e-01 2.879966371754004495e+00
2.455987347229436624e-01 2.932410671928419088e+00
2.457729119303648790e-01 2.986252038783169027e+00
2.459470891377860957e-01 3.041681376715563712e+00
2.461212663452072846e-01 3.095674267370735588e+00
2.462954435526285013e-01 3.151960513179071555e+00
2.464696207600497180e-01 3.207491486600074548e+00
2.466437979674709347e-01 3.265288432399457985e+00
2.468179751748921513e-01 3.323762639758038873e+00
2.469921523823133680e-01 3.381200450013984948e+00
2.471663295897345847e-01 3.439489521053256560e+00
2.473405067971558013e-01 3.499617172533843856e+00
2.475146840045770180e-01 3.560933989986679205e+00
2.476888612119982347e-01 3.622457315702375169e+00
2.478630384194194236e-01 3.685209184065236787e+00
2.480372156268406403e-01 3.749295922811657800e+00
2.482113928342618570e-01 3.813573370679977703e+00
2.483855700416830736e-01 3.878594561823877740e+00
2.485597472491042903e-01 3.943608448386920262e+00
2.487339244565255070e-01 4.009949183172973441e+00
2.489081016639467236e-01 4.078057073445045866e+00
2.490822788713679403e-01 4.145250002568621639e+00
2.492564560787891570e-01 4.215287327320664801e+00
2.494306332862103737e-01 4.285529546515714827e+00
2.496048104936315903e-01 4.356219950332013369e+00
2.497789877010527793e-01 4.428538701680060363e+00
2.499531649084739959e-01 4.500548490702283466e+00
2.501273421158952126e-01 4.573627660771474979e+00
2.503015193233164570e-01 4.647707242858212240e+00
2.504756965307376460e-01 4.724495363285052818e+00
2.506498737381588349e-01 4.800716562896718997e+00
2.508240509455800793e-01 4.878629302439591697e+00
2.509982281530013237e-01 4.956568001934972933e+00
2.511724053604225126e-01 5.035569090172043794e+00
2.513465825678437016e-01 5.114410730008645878e+00
2.515207597752648905e-01 5.195581292372823512e+00
2.516949369826861349e-01 5.277505193751263590e+00
2.518691141901073793e-01 5.360690489328352015e+00
2.520432913975285683e-01 5.444026617998242834e+00
2.522174686049497572e-01 5.528703750608444878e+00
2.523916458123710016e-01 5.614650903780245450e+00
2.525658230197922460e-01 5.700516795052203989e+00
2.527400002272134349e-01 5.788275801945893306e+00
2.529141774346346239e-01 5.876113680080412571e+00
2.530883546420558683e-01 5.964558491714043953e+00
2.532625318494770572e-01 6.054106540082707433e+00
2.534367090568983016e-01 6.145186558360181017e+00
2.536108862643194906e-01 6.237180931747647428e+00
2.537850634717406795e-01 6.330193872588735005e+00
2.539592406791619239e-01 6.422475511143591831e+00
2.541334178865831683e-01 6.517776581806816516e+00
2.543075950940043573e-01 6.613802682798906041e+00
2.544817723014255462e-01 6.711777233404395027e+00
2.546559495088467906e-01 6.807925117319224562e+00
2.548301267162680350e-01 6.906579194003005462e+00
2.550043039236892239e-01 7.004911370420010108e+00
2.551784811311104129e-01 7.105704828943075313e+00
2.553526583385316018e-01 7.207023361830007246e+00
2.555268355459528462e-01 7.309696787257661477e+00
2.557010127533740906e-01 7.411325038721010117e+00
2.558751899607952796e-01 7.514996912287338127e+00
2.560493671682164685e-01 7.619974428000301891e+00
2.562235443756377129e-01 7.726118195179699555e+00
2.563977215830589573e-01 7.833271383374667884e+00
2.565718987904801462e-01 7.941565359976036298e+00
2.567460759979013352e-01 8.050570261911353498e+00
2.569202532053225241e-01 8.159053681083991094e+00
2.570944304127437685e-01 8.270857122266958683e+00
2.572686076201650129e-01 8.384415227017411709e+00
2.574427848275862019e-01 8.501435470547288986e+00
2.576169620350073908e-01 8.614880498430817823e+00
2.577911392424286352e-01 8.729811886422217171e+00
2.579653164498498796e-01 8.847924366853574085e+00
2.581394936572710685e-01 8.963045384483011802e+00
2.583136708646922575e-01 9.083171683231551441e+00
2.584878480721135019e-01 9.204887378505929973e+00
2.586620252795346908e-01 9.324777404491902288e+00
2.588362024869559352e-01 9.445436888450828405e+00
2.590103796943771242e-01 9.568310002290944638e+00
2.591845569017983131e-01 9.695448663979844284e+00
2.593587341092195575e-01 9.819693262387815480e+00
2.595329113166408019e-01 9.940810319011086804e+00
2.597070885240619909e-01 1.006407837125946969e+01
2.598812657314831798e-01 1.018975649880917800e+01
2.600554429389044242e-01 1.031834146703026711e+01
2.602296201463256686e-01 1.044995197939766385e+01
2.604037973537468575e-01 1.057947746376793141e+01
2.605779745611680465e-01 1.070968419810180094e+01
2.607521517685892354e-01 1.084293485047655459e+01
2.609263289760104798e-01 1.097585794627820555e+01
2.611005061834317242e-01 1.111392448837469082e+01
2.612746833908529132e-01 1.125100513468953167e+01
2.614488605982741021e-01 1.138575632185302844e+01
2.616230378056953465e-01 1.152370258755583166e+01
2.617972150131165909e-01 1.166358264213992513e+01
2.619713922205377798e-01 1.180065217350332674e+01
2.621455694279589688e-01 1.193869567397362275e+01
2.623197466353801577e-01 1.208465041358238068e+01
2.624939238428014021e-01 1.222955702454512483e+01
2.626681010502226465e-01 1.237694176363826593e+01
2.628422782576438355e-01 1.252881569384767069e+01
2.630164554650650244e-01 1.269252131816137918e+01
2.631906326724862688e-01 1.283638956346209170e+01
2.633648098799075132e-01 1.299265532962733261e+01
2.635389870873287022e-01 1.314348473973336517e+01
2.637131642947498911e-01 1.329383991064245052e+01
2.638873415021710800e-01 1.345877530349254947e+01
2.640615187095923244e-01 1.362114242064800607e+01
2.642356959170135688e-01 1.379361542853749079e+01
2.644098731244347578e-01 1.395502470731595857e+01
2.645840503318559467e-01 1.411004738127923730e+01
2.647582275392771911e-01 1.428674699072560550e+01
2.649324047466984355e-01 1.444750989591024570e+01
2.651065819541196245e-01 1.460727232150858512e+01
2.652807591615408134e-01 1.477563494733499283e+01
2.654549363689620578e-01 1.493780926417536215e+01
2.656291135763833022e-01 1.510109045303866537e+01
2.658032907838044911e-01 1.527251803159879096e+01
2.659774679912256801e-01 1.543440532989990643e+01
2.661516451986468690e-01 1.561142478956770852e+01
2.663258224060681134e-01 1.578620576586278723e+01
2.664999996134893578e-01 1.594350753580912539e+01
2.666741768209105468e-01 1.611148675109000550e+01
2.668483540283317357e-01 1.629501387851095018e+01
2.670225312357529801e-01 1.649230057151866546e+01
2.671967084431742245e-01 1.666556853189623411e+01
2.673708856505954135e-01 1.684547783934070608e+01
2.675450628580166024e-01 1.703213068275014663e+01
2.677192400654377913e-01 1.723877977641689796e+01
2.678934172728590357e-01 1.742988160943047404e+01
2.680675944802802801e-01 1.762155893555679853e+01
2.682417716877014691e-01 1.780134548345730749e+01
2.684159488951226580e-01 1.801672889075042860e+01
2.685901261025439024e-01 1.818468858172535718e+01
2.687643033099651468e-01 1.836395877686031497e+01
2.689384805173863358e-01 1.855356602521115761e+01
2.691126577248075247e-01 1.873744324358856161e+01
2.692868349322287136e-01 1.893428154728882618e+01
2.694610121396499580e-01 1.910654367392952224e+01
2.696351893470712024e-01 1.930475134790981784e+01
2.698093665544923914e-01 1.950455916336068185e+01
2.699835437619135803e-01 1.974490855878293161e+01
2.701577209693348247e-01 1.996185101237330173e+01
2.703318981767560691e-01 2.015246532739404017e+01
2.705060753841772581e-01 2.039719751496656031e+01
2.706802525915984470e-01 2.062722353828398525e+01
2.708544297990196914e-01 2.085264652603061464e+01
2.710286070064408803e-01 2.107443063281139928e+01
2.712027842138621248e-01 2.133209468275536125e+01
2.713769614212833137e-01 2.155304756858576098e+01
2.715511386287045026e-01 2.182074674713205908e+01
2.717253158361257470e-01 2.199700787909527833e+01
2.718994930435469914e-01 2.220611672530949932e+01
2.720736702509681804e-01 2.241844886266052583e+01
2.722478474583893693e-01 2.266402629534746183e+01
2.724220246658106137e-01 2.288563652907589940e+01
2.725962018732318581e-01 2.319178915743895786e+01
2.727703790806530471e-01 2.339076479099802341e+01
2.729445562880742360e-01 2.360853202342145352e+01
2.731187334954954249e-01 2.395404498542595917e+01
2.732929107029166693e-01 2.414239775486700879e+01
2.734670879103379137e-01 2.433329927206941790e+01
2.736412651177591027e-01 2.465637738042838478e+01
2.738154423251802916e-01 2.490948836029275526e+01
2.739896195326015360e-01 2.517417404590088381e+01
2.741637967400227804e-01 2.537040745596757318e+01
2.743379739474439694e-01 2.556923070170028467e+01
2.745121511548651583e-01 2.580532713040655324e+01
2.746863283622863472e-01 2.607680064440760503e+01
2.748605055697075916e-01 2.635761969531972326e+01
2.750346827771288361e-01 2.656381233753843318e+01
2.752088599845500250e-01 2.677259193550026950e+01
2.753830371919712139e-01 2.710757574712606655e+01
2.755572143993924583e-01 2.739604373834752948e+01
2.757313916068137027e-01 2.772282061138881204e+01
2.759055688142348917e-01 2.793743332105922406e+01
2.760797460216560806e-01 2.820057709623601028e+01
2.762539232290773250e-01 2.841976758064166120e+01
2.764281004364985139e-01 2.870345626330030697e+01
2.766022776439197584e-01 2.898035632521055049e+01
2.767764548513409473e-01 2.935051015776292260e+01
2.769506320587621362e-01 2.957708512437685044e+01
2.771248092661833806e-01 2.980621533044168814e+01
2.772989864736046250e-01 3.003788920007724528e+01
2.774731636810258140e-01 3.053977812453840102e+01
2.776473408884470029e-01 3.077425738548997458e+01
2.778215180958682473e-01 3.101125761131002179e+01
2.779956953032894917e-01 3.190800207446484649e+01
2.781698725107106807e-01 3.214533061535470893e+01
2.783440497181318696e-01 3.259710798968055201e+01
2.785182269255530585e-01 3.283806688105295279e+01
2.786924041329743029e-01 3.308151183433265174e+01
2.788665813403955474e-01 3.410702062513484378e+01
2.790407585478167363e-01 3.587002426585817005e+01
2.792149357552379252e-01 3.610838401158181910e+01
2.793891129626591696e-01 3.634921987140534583e+01
2.795632901700804140e-01 3.762307486230035636e+01
2.797374673775016030e-01 3.786335977662953667e+01
2.799116445849227919e-01 3.810610897976221167e+01
2.800858217923439808e-01 3.835130996265991143e+01
2.802599989997652252e-01 3.859895021492332035e+01
2.804341762071864697e-01 3.884901723143205743e+01
2.806083534146076586e-01 3.910149851879419458e+01
2.807825306220288475e-01 3.935638160159258803e+01
2.809567078294500919e-01 8.289306334778564178e+01
2.811308850368713363e-01 8.289306334778564178e+01
2.813050622442925253e-01 8.289306334778564178e+01
2.814792394517137142e-01 8.289306334778564178e+01
2.816534166591349586e-01 8.289306334778564178e+01
2.818275938665561475e-01 8.289306334778564178e+01
2.820017710739773920e-01 8.289306334778564178e+01
2.821759482813985809e-01 8.289306334778564178e+01
2.823501254888197698e-01 8.289306334778564178e+01
2.825243026962410142e-01 8.289306334778564178e+01
2.826984799036622586e-01 8.289306334778564178e+01
2.828726571110834476e-01 8.289306334778564178e+01
2.830468343185046365e-01 8.289306334778564178e+01
2.832210115259258809e-01 8.289306334778564178e+01
2.833951887333471253e-01 8.289306334778564178e+01
2.835693659407683143e-01 8.289306334778564178e+01
2.837435431481895032e-01 8.289306334778564178e+01
2.839177203556106921e-01 8.289306334778564178e+01
2.840918975630319365e-01 8.289306334778564178e+01
2.842660747704531810e-01 8.289306334778564178e+01
2.844402519778743699e-01 8.289306334778564178e+01
2.846144291852955588e-01 8.289306334778564178e+01
2.847886063927168032e-01 8.289306334778564178e+01
2.849627836001380476e-01 8.289306334778564178e+01
2.851369608075592366e-01 8.289306334778564178e+01
2.853111380149804255e-01 8.289306334778564178e+01
2.854853152224016144e-01 8.289306334778564178e+01
2.856594924298228588e-01 8.289306334778564178e+01
2.858336696372441033e-01 8.289306334778564178e+01
2.860078468446652922e-01 8.289306334778564178e+01
