1.565404283110645167e-01 3.509000560338876795e+01
1.568544350925308029e-01 3.489700183926147758e+01
1.571684418739970890e-01 3.470574692333791944e+01
1.574824486554633751e-01 3.451624895993346342e+01
1.577964554369296335e-01 3.432851610809512977e+01
1.581104622183959196e-01 3.414255658353543765e+01
1.584244689998622058e-01 3.395837866032971419e+01
1.587384757813284919e-01 3.377599067238291042e+01
1.590524825627947780e-01 3.359540101467130313e+01
1.593664893442610642e-01 3.341661814426388588e+01
1.596804961257273503e-01 3.323965058112766258e+01
1.599945029071936364e-01 3.306450690872053855e+01
1.603085096886598948e-01 3.289119577437520547e+01
1.606225164701261809e-01 3.271972588947687655e+01
1.609365232515924671e-01 3.255010602943752929e+01
1.612505300330587532e-01 3.238234503346902216e+01
1.615645368145250393e-01 3.221645180415717391e+01
1.618785435959913255e-01 3.205243530683877395e+01
1.621925503774576116e-01 3.145086050231267194e+01
1.625065571589238700e-01 3.128368044545110749e+01
1.628205639403901561e-01 3.071327605495356394e+01
1.631345707218564423e-01 3.054359273707078515e+01
1.634485775033227284e-01 3.037565144923919647e+01
1.637625842847890145e-01 3.020945972913177258e+01
1.640765910662553007e-01 3.004502516706422455e+01
1.643905978477215868e-01 2.988235540431464088e+01
1.647046046291878729e-01 2.972145813126946123e+01
1.650186114106541313e-01 2.956234108539814542e+01
1.653326181921204174e-01 2.940501204905886112e+01
1.656466249735867036e-01 2.924947884713802537e+01
1.659606317550529897e-01 2.891368734771537774e+01
1.662746385365192758e-01 2.856593300453960538e+01
1.665886453179855620e-01 2.840858873182346755e+01
1.669026520994518481e-01 2.803653020425273823e+01
1.672166588809181342e-01 2.750740349701368359e+01
1.675306656623843926e-01 2.712918517518403405e+01
1.678446724438506787e-01 2.696425065311216329e+01
1.681586792253169649e-01 2.674446108649994969e+01
1.684726860067832510e-01 2.648565429811301897e+01
1.687866927882495371e-01 2.632283651638242006e+01
1.691006995697158233e-01 2.616159522149147776e+01
1.694147063511821094e-01 2.600193851776800358e+01
1.697287131326483678e-01 2.573916484706342445e+01
1.700427199141146539e-01 2.558074118677605568e+01
1.703567266955809401e-01 2.524669935389430009e+01
1.706707334770472262e-01 2.508810419313995865e+01
1.709847402585135123e-01 2.483896955307482202e+01
1.712987470399797985e-01 2.468174874877068348e+01
1.716127538214460846e-01 2.452608936051320399e+01
1.719267606029123430e-01 2.421237732846116231e+01
1.722407673843786291e-01 2.400537329699612599e+01
1.725547741658449152e-01 2.377282378496803261e+01
1.728687809473112014e-01 2.361769645274168283e+01
1.731827877287774875e-01 2.332694489845645691e+01
1.734967945102437736e-01 2.310751339841779384e+01
1.738108012917100598e-01 2.293842780796966352e+01
1.741248080731763181e-01 2.275012449543464754e+01
1.744388148546426043e-01 2.254364571778550896e+01
1.747528216361088904e-01 2.233713019987852277e+01
1.750668284175751765e-01 2.215440612277073029e+01
1.753808351990414627e-01 2.200350175991062329e+01
1.756948419805077488e-01 2.180455001227193890e+01
1.760088487619740349e-01 2.164032914384175399e+01
1.763228555434403211e-01 2.144452065618689574e+01
1.766368623249066072e-01 2.129721755443402742e+01
1.769508691063728656e-01 2.113420857050615354e+01
1.772648758878391517e-01 2.096547820309212184e+01
1.775788826693054379e-01 2.082179667089836173e+01
1.778928894507717240e-01 2.062746989621891203e+01
1.782068962322380101e-01 2.048562159864405885e+01
1.785209030137042963e-01 2.034530224791119934e+01
1.788349097951705824e-01 2.019104796343933828e+01
1.791489165766368408e-01 2.003658733563794314e+01
1.794629233581031269e-01 1.989420179378968356e+01
1.797769301395694130e-01 1.972464888862606358e+01
1.800909369210356992e-01 1.956584254639845710e+01
1.804049437025019853e-01 1.937859093675778510e+01
1.807189504839682714e-01 1.923558566120263080e+01
1.810329572654345576e-01 1.905094520029733118e+01
1.813469640469008159e-01 1.889240941270831087e+01
1.816609708283671021e-01 1.874936998307990166e+01
1.819749776098333882e-01 1.861432790777514157e+01
1.822889843912996743e-01 1.847226167525753837e+01
1.826029911727659605e-01 1.832837197629233827e+01
1.829169979542322466e-01 1.817063645923791881e+01
1.832310047356985327e-01 1.800740937221384641e+01
1.835450115171648189e-01 1.786841115622111076e+01
1.838590182986311050e-01 1.772694248472566159e+01
1.841730250800973634e-01 1.756545183945893740e+01
1.844870318615636495e-01 1.743093148149990412e+01
1.848010386430299357e-01 1.729564892519237063e+01
1.851150454244962218e-01 1.715840665358228989e+01
1.854290522059625079e-01 1.702588638803863930e+01
1.857430589874287941e-01 1.687789592267994365e+01
1.860570657688950802e-01 1.674187621592787067e+01
1.863710725503613386e-01 1.659379263174272623e+01
1.866850793318276247e-01 1.647383756563552382e+01
1.869990861132939108e-01 1.633393184504321383e+01
1.873130928947601970e-01 1.618429382127632721e+01
1.876270996762264831e-01 1.606528870489750105e+01
1.879411064576927692e-01 1.594419694074393590e+01
1.882551132391590554e-01 1.582173951503030906e+01
1.885691200206253137e-01 1.570190520428871395e+01
1.888831268020915999e-01 1.557712796244540243e+01
1.891971335835578860e-01 1.545469121734384821e+01
1.895111403650241721e-01 1.533468593285403436e+01
1.898251471464904583e-01 1.522018756223549829e+01
1.901391539279567444e-01 1.510310448040184639e+01
1.904531607094230305e-01 1.498629516872485290e+01
1.907671674908892889e-01 1.487256570972044756e+01
1.910811742723556028e-01 1.476847346843904951e+01
1.913951810538218612e-01 1.465631960708811832e+01
1.917091878352881473e-01 1.453900716162709017e+01
1.920231946167544335e-01 1.443229900503842345e+01
1.923372013982207196e-01 1.432126884525949784e+01
1.926512081796870057e-01 1.421062447496820091e+01
1.929652149611532641e-01 1.409785673035256970e+01
1.932792217426195780e-01 1.398110355577833630e+01
1.935932285240858364e-01 1.387088850913743165e+01
1.939072353055521225e-01 1.376422501389683184e+01
1.942212420870184086e-01 1.366386083160810117e+01
1.945352488684846948e-01 1.355613744628636042e+01
1.948492556499509809e-01 1.345450910739550743e+01
1.951632624314172670e-01 1.335080020218781094e+01
1.954772692128835532e-01 1.324108410460941165e+01
1.957912759943498116e-01 1.313576899443874524e+01
1.961052827758160977e-01 1.302941868012919713e+01
1.964192895572823838e-01 1.293540484897912357e+01
1.967332963387486700e-01 1.283426094836276299e+01
1.970473031202149561e-01 1.273399515593973952e+01
1.973613099016812422e-01 1.263864507807776327e+01
1.976753166831475284e-01 1.254503611499203330e+01
1.979893234646137867e-01 1.245388012302518987e+01
1.983033302460800729e-01 1.236048620395006736e+01
1.986173370275463590e-01 1.227119128127173653e+01
1.989313438090126451e-01 1.217568267780256797e+01
1.992453505904789313e-01 1.208054089605634296e+01
1.995593573719452174e-01 1.198930319862427574e+01
1.998733641534115035e-01 1.190023507685626036e+01
2.001873709348777619e-01 1.181195405192318404e+01
2.005013777163440758e-01 1.172754375765998880e+01
2.008153844978103342e-01 1.163657992662630747e+01
2.011293912792766203e-01 1.155213611485312164e+01
2.014433980607429064e-01 1.146212330184095407e+01
2.017574048422091926e-01 1.138480452624054529e+01
2.020714116236754787e-01 1.130219850140485605e+01
2.023854184051417371e-01 1.122000406420027119e+01
2.026994251866080510e-01 1.113834908741961627e+01
2.030134319680743094e-01 1.105421035738486424e+01
2.033274387495405955e-01 1.097156117738747128e+01
2.036414455310068816e-01 1.089493313353301751e+01
2.039554523124731678e-01 1.081714766416191509e+01
2.042694590939394539e-01 1.073910844038134371e+01
2.045834658754057400e-01 1.066353786109745094e+01
2.048974726568720262e-01 1.058470930306179270e+01
2.052114794383382845e-01 1.050963157628819999e+01
2.055254862198045707e-01 1.043170864129326958e+01
2.058394930012708568e-01 1.035073973865261365e+01
2.061534997827371429e-01 1.027494268185324700e+01
2.064675065642034291e-01 1.019816561219860063e+01
2.067815133456697152e-01 1.012121737276527256e+01
2.070955201271360013e-01 1.004744940856664748e+01
2.074095269086022597e-01 9.974383335990900434e+00
2.077235336900685458e-01 9.905581041464849079e+00
2.080375404715348320e-01 9.832492905522228099e+00
2.083515472530011181e-01 9.759564321190515201e+00
2.086655540344674042e-01 9.685662289036059747e+00
2.089795608159336904e-01 9.616989736528582355e+00
2.092935675973999765e-01 9.549116595678539099e+00
2.096075743788662349e-01 9.480179579701085046e+00
2.099215811603325488e-01 9.411220005788644372e+00
2.102355879417988072e-01 9.345056644382797373e+00
2.105495947232650933e-01 9.274716519085343336e+00
2.108636015047313794e-01 9.206386917462625163e+00
2.111776082861976656e-01 9.140538613524682887e+00
2.114916150676639517e-01 9.077589315625546718e+00
2.118056218491302101e-01 9.011793567252784243e+00
2.121196286305965240e-01 8.947853937809064462e+00
2.124336354120627823e-01 8.883144498493585672e+00
2.127476421935290685e-01 8.819972309688310474e+00
2.130616489749953546e-01 8.755781315561053546e+00
2.133756557564616407e-01 8.693836014088171638e+00
2.136896625379279269e-01 8.631205376715550770e+00
2.140036693193942130e-01 8.570617187287940197e+00
2.143176761008604991e-01 8.508689545543022703e+00
2.146316828823267575e-01 8.448033747721952480e+00
2.149456896637930436e-01 8.388979884418017008e+00
2.152596964452593298e-01 8.331592467096562871e+00
2.155737032267256159e-01 8.271879174306594251e+00
2.158877100081919020e-01 8.210424928777092290e+00
2.162017167896581882e-01 8.152054733396118635e+00
2.165157235711244743e-01 8.099064294514132456e+00
2.168297303525907327e-01 8.039672856210792418e+00
2.171437371340570188e-01 7.981657926293977745e+00
2.174577439155233050e-01 7.924147595093503860e+00
2.177717506969895911e-01 7.867385147778617416e+00
2.180857574784558772e-01 7.808317010133500879e+00
2.183997642599221634e-01 7.753722999491087009e+00
2.187137710413884495e-01 7.696279457399642254e+00
2.190277778228547079e-01 7.641573825489818006e+00
2.193417846043210218e-01 7.587613138565728832e+00
2.196557913857872801e-01 7.532215105683972567e+00
2.199697981672535663e-01 7.478519885635233067e+00
2.202838049487198524e-01 7.423727310216184705e+00
2.205978117301861385e-01 7.371401527670884413e+00
2.209118185116524247e-01 7.318952812131177765e+00
2.212258252931186830e-01 7.266357352823765936e+00
2.215398320745849969e-01 7.213746759819242627e+00
2.218538388560512553e-01 7.161172394874333769e+00
2.221678456375175414e-01 7.107253065357947541e+00
2.224818524189838276e-01 7.054053113502212646e+00
2.227958592004501137e-01 7.003769643850881188e+00
2.231098659819163998e-01 6.953435339004163218e+00
2.234238727633826582e-01 6.903403861865138325e+00
2.237378795448489721e-01 6.854024146657562433e+00
2.240518863263152305e-01 6.803235703470516427e+00
2.243658931077815444e-01 6.754742761089270076e+00
2.246798998892478028e-01 6.705842847071791901e+00
2.249939066707140889e-01 6.656342065409283748e+00
2.253079134521803750e-01 6.610080583422408118e+00
2.256219202336466612e-01 6.562494293555229952e+00
2.259359270151129473e-01 6.514003107966944484e+00
2.262499337965792057e-01 6.466102848639297740e+00
2.265639405780455196e-01 6.418482615544317760e+00
2.268779473595117779e-01 6.370812023257221846e+00
2.271919541409780641e-01 6.323077689492998310e+00
2.275059609224443502e-01 6.277633841267536319e+00
2.278199677039106363e-01 6.232398184025275789e+00
2.281339744853769225e-01 6.187022724437995613e+00
2.284479812668431808e-01 6.142945311678963627e+00
2.287619880483094947e-01 6.100050518596581206e+00
2.290759948297757531e-01 6.054735174280318155e+00
2.293900016112420392e-01 6.012510532420582976e+00
2.297040083927083254e-01 5.971315209388281531e+00
2.300180151741746115e-01 5.929111914187413568e+00
2.303320219556408976e-01 5.885793711377226067e+00
2.306460287371071560e-01 5.843330890343492179e+00
2.309600355185734699e-01 5.800229648737887267e+00
2.312740423000397283e-01 5.756831241944676769e+00
2.315880490815060422e-01 5.715351079878652207e+00
2.319020558629723006e-01 5.673530135278225472e+00
2.322160626444385867e-01 5.633174012304413836e+00
2.325300694259048728e-01 5.592386192427831304e+00
2.328440762073711312e-01 5.553985005629932914e+00
2.331580829888374451e-01 5.512351906651836941e+00
2.334720897703037035e-01 5.471552507084608941e+00
2.337860965517700174e-01 5.429500523662778022e+00
2.341001033332362757e-01 5.389809112846087658e+00
2.344141101147025619e-01 5.352716616980236708e+00
2.347281168961688480e-01 5.313904668559335853e+00
2.350421236776351341e-01 5.274041973686825813e+00
2.353561304591014203e-01 5.234764046772342638e+00
2.356701372405676786e-01 5.199185922998711185e+00
2.359841440220339925e-01 5.161045212347932676e+00
2.362981508035002509e-01 5.123005020947894117e+00
2.366121575849665370e-01 5.085372152487322772e+00
2.369261643664328232e-01 5.048625658585875975e+00
2.372401711478991093e-01 5.010825445490626251e+00
2.375541779293653954e-01 4.973914593387003258e+00
2.378681847108316538e-01 4.936996183021702400e+00
2.381821914922979677e-01 4.901658519507608780e+00
2.384961982737642261e-01 4.865698063384159333e+00
2.388102050552305122e-01 4.831408859382627874e+00
2.391242118366967984e-01 4.795696654588836871e+00
2.394382186181630845e-01 4.760647527314457506e+00
2.397522253996293706e-01 4.725109476915890561e+00
2.400662321810956290e-01 4.689740478402274704e+00
2.403802389625619429e-01 4.655367759239307013e+00
2.406942457440282013e-01 4.620250225409548328e+00
2.410082525254945152e-01 4.584912249311252630e+00
2.413222593069607735e-01 4.550576486090377237e+00
2.416362660884270597e-01 4.517310223513457679e+00
2.419502728698933458e-01 4.483579065873803948e+00
2.422642796513596042e-01 4.450376539185183944e+00
2.425782864328259181e-01 4.417505620870585403e+00
2.428922932142921765e-01 4.385889845827479760e+00
2.432062999957584903e-01 4.352098977474270214e+00
2.435203067772247487e-01 4.320433454510763660e+00
2.438343135586910349e-01 4.288129098201595824e+00
2.441483203401573210e-01 4.255440172206943927e+00
2.444623271216236071e-01 4.223689728613472916e+00
2.447763339030898933e-01 4.191542134524831376e+00
2.450903406845561516e-01 4.160265756026451101e+00
2.454043474660224655e-01 4.128813854625374091e+00
2.457183542474887239e-01 4.097540399750583262e+00
2.460323610289550100e-01 4.065822808164215374e+00
2.463463678104212962e-01 4.034411144787103609e+00
2.466603745918875823e-01 4.004881832649714646e+00
2.469743813733538684e-01 3.973911076333534353e+00
2.472883881548201268e-01 3.943759170674425718e+00
2.476023949362864407e-01 3.913372137132214768e+00
2.479164017177526991e-01 3.882892370470787835e+00
2.482304084992189852e-01 3.852694696636702609e+00
2.485444152806852713e-01 3.822993873845587753e+00
2.488584220621515575e-01 3.794858011365118688e+00
2.491724288436178436e-01 3.764793978548176323e+00
2.494864356250841020e-01 3.735459750600080397e+00
2.498004424065504159e-01 3.706176230894816737e+00
2.501144491880166743e-01 3.676225250963147673e+00
2.504284559694829881e-01 3.646602177659435728e+00
2.507424627509492465e-01 3.617287584435848746e+00
2.510564695324155604e-01 3.588214708244145346e+00
2.513704763138818188e-01 3.559220032764296882e+00
2.516844830953480772e-01 3.530252820203094277e+00
2.519984898768143911e-01 3.502290888090857202e+00
2.523124966582806494e-01 3.473517182247629176e+00
2.526265034397469633e-01 3.445672946751475507e+00
2.529405102212132217e-01 3.417453469904996322e+00
2.532545170026795356e-01 3.388767220967820126e+00
2.535685237841457940e-01 3.361148550520235201e+00
2.538825305656120523e-01 3.333534109587399819e+00
2.541965373470783662e-01 3.306745155019349625e+00
2.545105441285446246e-01 3.279494732827405556e+00
2.548245509100109385e-01 3.252106240011067850e+00
2.551385576914771969e-01 3.224785608706360662e+00
2.554525644729435108e-01 3.197762116148390454e+00
2.557665712544097691e-01 3.171599179087922771e+00
2.560805780358760275e-01 3.145038528931448418e+00
2.563945848173423414e-01 3.118409777221637480e+00
2.567085915988085998e-01 3.091805202917440543e+00
2.570225983802749137e-01 3.065162325666431542e+00
2.573366051617411721e-01 3.038295929013274055e+00
2.576506119432074859e-01 3.012178448016312515e+00
2.579646187246737443e-01 2.987112482604345587e+00
2.582786255061400027e-01 2.961219046882574535e+00
2.585926322876063166e-01 2.935199439563390023e+00
2.589066390690725750e-01 2.908912949781647939e+00
2.592206458505388889e-01 2.883329779833903039e+00
2.595346526320051472e-01 2.857902757770903523e+00
2.598486594134714611e-01 2.832610594225738243e+00
2.601626661949377195e-01 2.807063795882398516e+00
2.604766729764039779e-01 2.781624792913911293e+00
2.607906797578702918e-01 2.756145090103710338e+00
2.611046865393366057e-01 2.730574875472683072e+00
2.614186933208028640e-01 2.705614906541601083e+00
2.617327001022691224e-01 2.681093613973873691e+00
2.620467068837354363e-01 2.655929567008693759e+00
2.623607136652016947e-01 2.631002499015937968e+00
2.626747204466679531e-01 2.606575927585659258e+00
2.629887272281342669e-01 2.581101702948247034e+00
2.633027340096005808e-01 2.556699120805889791e+00
2.636167407910668392e-01 2.531944627099874889e+00
2.639307475725330976e-01 2.508177562482188261e+00
2.642447543539994115e-01 2.483454891807231668e+00
2.645587611354656699e-01 2.458653143032538235e+00
2.648727679169319282e-01 2.434397746105604998e+00
2.651867746983982421e-01 2.410594137012652016e+00
2.655007814798645560e-01 2.386552576950980775e+00
2.658147882613308144e-01 2.363060693875435714e+00
2.661287950427970728e-01 2.338979404924215189e+00
2.664428018242633867e-01 2.315240545460883315e+00
2.667568086057296450e-01 2.291470986892607531e+00
2.670708153871959034e-01 2.267936171003304580e+00
2.673848221686622173e-01 2.245075508546167331e+00
2.676988289501285312e-01 2.221949795872093514e+00
2.680128357315947896e-01 2.199524732393588700e+00
2.683268425130610479e-01 2.177311694828290012e+00
2.686408492945273618e-01 2.154715426716203197e+00
2.689548560759936202e-01 2.132111114891188652e+00
2.692688628574599341e-01 2.109612085491934241e+00
2.695828696389261925e-01 2.086784613395487487e+00
2.698968764203925064e-01 2.064107938902065786e+00
2.702108832018587647e-01 2.041175016524298336e+00
2.705248899833250231e-01 2.018870114490860956e+00
2.708388967647913370e-01 1.996929665464641346e+00
2.711529035462575954e-01 1.975222093852907701e+00
2.714669103277239093e-01 1.952708974704127742e+00
2.717809171091901677e-01 1.930734213275814737e+00
2.720949238906564815e-01 1.908807560959872696e+00
2.724089306721227399e-01 1.886873055494844964e+00
2.727229374535889983e-01 1.864629485099002837e+00
2.730369442350553122e-01 1.843183709712417517e+00
2.733509510165215706e-01 1.822124914545930396e+00
2.736649577979878845e-01 1.800557375292588524e+00
2.739789645794541428e-01 1.779088705747879917e+00
2.742929713609204567e-01 1.757668437482358792e+00
2.746069781423867151e-01 1.736364421130728086e+00
2.749209849238529735e-01 1.715233010210539533e+00
2.752349917053192874e-01 1.693969571460566037e+00
2.755489984867855457e-01 1.673198732789208609e+00
2.758630052682518596e-01 1.652189129021903291e+00
2.761770120497181180e-01 1.631795584096698004e+00
2.764910188311844319e-01 1.611197762778498799e+00
2.768050256126506903e-01 1.591061649268050271e+00
2.771190323941169487e-01 1.570649106388285476e+00
2.774330391755832625e-01 1.550091175800908605e+00
2.777470459570495209e-01 1.530086762479784479e+00
2.780610527385158348e-01 1.510167198311482828e+00
2.783750595199820932e-01 1.490634676392052160e+00
2.786890663014484071e-01 1.470762324103609187e+00
2.790030730829146655e-01 1.451268673846332513e+00
2.793170798643809238e-01 1.432152674610008836e+00
2.796310866458472377e-01 1.412467398693854292e+00
2.799450934273135516e-01 1.392983325772545911e+00
2.802591002087798100e-01 1.373386943241345692e+00
2.805731069902460684e-01 1.354939705934446570e+00
2.808871137717123823e-01 1.335486644983663540e+00
2.812011205531786406e-01 1.316842057348681649e+00
2.815151273346448990e-01 1.297912418109083976e+00
2.818291341161112129e-01 1.278946944373080319e+00
2.821431408975775268e-01 1.260542964373944974e+00
2.824571476790437852e-01 1.241595137678937366e+00
2.827711544605100435e-01 1.223408502372998807e+00
2.830851612419763574e-01 1.205026139614153280e+00
2.833991680234426158e-01 1.186826362857493766e+00
2.837131748049088742e-01 1.168740842544782055e+00
2.840271815863751881e-01 1.150989185787117286e+00
2.843411883678415020e-01 1.133322524666754649e+00
2.846551951493077603e-01 1.115777248701867563e+00
2.849692019307740187e-01 1.098351823417899720e+00
2.852832087122403326e-01 1.080955751926250707e+00
2.855972154937065910e-01 1.063368400604143060e+00
2.859112222751728494e-01 1.046161267638006986e+00
2.862252290566391633e-01 1.029287585273610306e+00
2.865392358381054771e-01 1.012488740967935730e+00
2.868532426195717355e-01 9.957611578027517618e-01
2.871672494010379939e-01 9.793943941219649396e-01
2.874812561825043078e-01 9.633626287000622845e-01
2.877952629639705662e-01 9.468272417501784055e-01
2.881092697454368246e-01 9.306834796940475218e-01
2.884232765269031384e-01 9.147402957026771197e-01
2.887372833083694523e-01 8.989690611049768743e-01
2.890512900898357107e-01 8.830662019063173496e-01
2.893652968713019691e-01 8.673774725726235424e-01
2.896793036527682830e-01 8.515960366034499573e-01
2.899933104342345969e-01 8.359024426399165320e-01
2.903073172157007997e-01 8.205264496759424597e-01
2.906213239971671136e-01 8.051462081221189004e-01
2.909353307786334275e-01 7.899690708123228156e-01
2.912493375600996859e-01 7.744447462054427911e-01
2.915633443415659443e-01 7.596787461493478277e-01
2.918773511230322582e-01 7.449978701649228041e-01
2.921913579044985720e-01 7.300796748131600511e-01
2.925053646859647749e-01 7.157842770751158268e-01
2.928193714674310888e-01 7.011411262464236627e-01
2.931333782488974027e-01 6.866655524515202780e-01
2.934473850303636611e-01 6.727739552276305046e-01
2.937613918118299194e-01 6.590054082661968016e-01
2.940753985932962333e-01 6.452283859572394142e-01
2.943894053747625472e-01 6.313447750551739457e-01
2.947034121562288056e-01 6.178368453138745053e-01
2.950174189376950640e-01 6.044834655601426521e-01
2.953314257191613779e-01 5.912061810317262855e-01
2.956454325006276362e-01 5.781910884108829585e-01
2.959594392820938946e-01 5.655578898084994144e-01
2.962734460635602085e-01 5.534058687761754802e-01
2.965874528450265224e-01 5.403394521005736584e-01
2.969014596264927808e-01 5.276543691791465429e-01
2.972154664079590392e-01 5.152076671541416797e-01
2.975294731894253530e-01 5.032982527758682600e-01
2.978434799708916114e-01 4.909223439310506643e-01
2.981574867523578698e-01 4.783907131004933588e-01
2.984714935338241837e-01 4.667154898370907135e-01
2.987855003152904976e-01 4.548351532263105179e-01
2.990995070967567560e-01 4.429357809342499563e-01
2.994135138782230143e-01 4.315661099371789211e-01
2.997275206596893282e-01 4.204834237082260007e-01
3.000415274411555866e-01 4.093072802796490217e-01
3.003555342226218450e-01 3.981797517673472120e-01
3.006695410040881589e-01 3.870280825739296771e-01
3.009835477855544728e-01 3.760172794540966312e-01
3.012975545670207311e-01 3.650450852965692605e-01
3.016115613484869895e-01 3.542788895783360315e-01
3.019255681299533034e-01 3.440006056433018156e-01
3.022395749114195618e-01 3.341575380322494571e-01
3.025535816928858202e-01 3.243646582626953934e-01
3.028675884743521340e-01 3.144602088487280511e-01
3.031815952558184479e-01 3.048789292563442443e-01
3.034956020372847063e-01 2.956578251288231041e-01
3.038096088187509647e-01 2.862366071196714712e-01
3.041236156002172786e-01 2.769081414346660774e-01
3.044376223816835370e-01 2.676900674615194098e-01
3.047516291631497953e-01 2.589643934840556994e-01
3.050656359446161092e-01 2.501824227591361582e-01
3.053796427260824231e-01 2.413579678288640118e-01
3.056936495075486815e-01 2.329292553513780395e-01
3.060076562890149399e-01 2.245764236933743274e-01
3.063216630704812538e-01 2.164263279246317340e-01
3.066356698519475676e-01 2.081865259397474299e-01
3.069496766334137705e-01 1.997789466470628050e-01
3.072636834148800844e-01 1.921003383872495196e-01
3.075776901963463983e-01 1.845300617774585650e-01
3.078916969778126567e-01 1.774557999599165325e-01
3.082057037592789150e-01 1.703571621466083708e-01
3.085197105407452289e-01 1.632876365266335839e-01
3.088337173222115428e-01 1.563243967320367689e-01
3.091477241036777457e-01 1.492469634824756530e-01
3.094617308851440596e-01 1.426577967947595393e-01
3.097757376666103735e-01 1.356039088842646290e-01
3.100897444480766318e-01 1.290775716174021592e-01
3.104037512295428902e-01 1.228346972863570419e-01
3.107177580110092041e-01 1.170559578936227751e-01
3.110317647924755180e-01 1.109486357291970815e-01
3.113457715739417764e-01 1.045954686815864232e-01
3.116597783554080348e-01 9.877142330419201588e-02
3.119737851368743486e-01 9.346297370360498458e-02
3.122877919183406070e-01 8.862350925203865692e-02
3.126017986998068654e-01 8.348184778619387181e-02
3.129158054812731793e-01 7.856597117700196697e-02
3.132298122627394932e-01 7.389764152264370611e-02
3.135438190442057516e-01 6.914949998405432730e-02
3.138578258256720099e-01 6.468819509538080437e-02
3.141718326071383238e-01 6.046483136100610362e-02
3.144858393886045822e-01 5.573611814237228179e-02
3.147998461700708406e-01 5.179210913016215473e-02
3.151138529515371545e-01 4.779737454726364770e-02
3.154278597330034684e-01 4.397049177054462854e-02
3.157418665144697267e-01 4.060869321867534298e-02
3.160558732959359851e-01 3.693487034991981693e-02
3.163698800774022990e-01 3.356063884895921223e-02
3.166838868588685574e-01 3.020450689790885740e-02
3.169978936403348158e-01 2.705051495811687176e-02
3.173119004218011296e-01 2.406752147055207444e-02
3.176259072032674435e-01 2.133534764490921734e-02
3.179399139847337019e-01 1.898835732228345771e-02
3.182539207661999603e-01 1.657112469732551288e-02
3.185679275476662742e-01 1.435727020293632236e-02
3.188819343291325326e-01 1.216871996990792452e-02
3.191959411105987909e-01 1.009541921092434874e-02
3.195099478920651048e-01 8.616624540560179762e-03
3.198239546735314187e-01 7.089204535817734791e-03
3.201379614549976771e-01 5.740246968885223851e-03
3.204519682364639355e-01 4.191197207803372404e-03
3.207659750179302494e-01 3.428426230290300327e-03
3.210799817993965077e-01 2.848894122339389740e-03
3.213939885808627661e-01 2.173603805702147441e-03
3.217079953623290800e-01 1.375163781567321705e-03
3.220220021437953939e-01 9.778014413237088448e-04
3.223360089252616523e-01 6.700134000519695349e-04
3.226500157067279106e-01 8.183442342872586850e-05
3.229640224881942245e-01 -0.000000000000000000e+00
3.232780292696604829e-01 3.156381380021038062e-04
3.235920360511267413e-01 7.000852188294115442e-04
3.239060428325930552e-01 1.196258879230918930e-03
3.242200496140593691e-01 1.464182227172173938e-03
3.245340563955256274e-01 2.560069731183069706e-03
3.248480631769918858e-01 3.497213026447574483e-03
3.251620699584581997e-01 4.059357955013350068e-03
3.254760767399245136e-01 5.734632006197708937e-03
3.257900835213907165e-01 7.215529587465747095e-03
3.261040903028570304e-01 8.922913943359015235e-03
3.264180970843233442e-01 1.033503512653350352e-02
3.267321038657896026e-01 1.171183455400873728e-02
3.270461106472558610e-01 1.373757514922406379e-02
3.273601174287221749e-01 1.585506464304452245e-02
3.276741242101884888e-01 1.793592354195186131e-02
3.279881309916546916e-01 2.036524333945653395e-02
3.283021377731210055e-01 2.273878545617869645e-02
3.286161445545873194e-01 2.533427078183376341e-02
3.289301513360535778e-01 2.783164827277947312e-02
3.292441581175198362e-01 3.075494630456009418e-02
3.295581648989861501e-01 3.354965646564066206e-02
3.298721716804524640e-01 3.668351621671409046e-02
3.301861784619187223e-01 3.993167996289989641e-02
3.305001852433849807e-01 4.309922034922797351e-02
3.308141920248512946e-01 4.663416070304206990e-02
3.311281988063175530e-01 5.038973129093891890e-02
3.314422055877838114e-01 5.444038330071554466e-02
3.317562123692501252e-01 5.850276860503730858e-02
3.320702191507164391e-01 6.303347338135747990e-02
3.323842259321826975e-01 6.758335634099650602e-02
3.326982327136489559e-01 7.199213409300729560e-02
3.330122394951152698e-01 7.686023527070143246e-02
3.333262462765815282e-01 8.156442327385038382e-02
3.336402530580477865e-01 8.623481492261099446e-02
3.339542598395141004e-01 9.152355586431586143e-02
3.342682666209804143e-01 9.639914016836136079e-02
3.345822734024466727e-01 1.016174887775048719e-01
3.348962801839129311e-01 1.071346454743304089e-01
3.352102869653792450e-01 1.128930927681422308e-01
3.355242937468455033e-01 1.186612591526510913e-01
3.358383005283117617e-01 1.241852695911685317e-01
3.361523073097780756e-01 1.298316082485868050e-01
3.364663140912443895e-01 1.359943835754080788e-01
3.367803208727106479e-01 1.423540469440921774e-01
3.370943276541769063e-01 1.488352925977047270e-01
3.374083344356432201e-01 1.556100000210554335e-01
3.377223412171094785e-01 1.623593172124923878e-01
3.380363479985757369e-01 1.690142925973071031e-01
3.383503547800420508e-01 1.762509363683926189e-01
3.386643615615083647e-01 1.832552215492616599e-01
3.389783683429746231e-01 1.903667612081417215e-01
3.392923751244408814e-01 1.974910476534420534e-01
3.396063819059071953e-01 2.049508734980437785e-01
3.399203886873734537e-01 2.125221937465025523e-01
3.402343954688397121e-01 2.198515760593180712e-01
3.405484022503060260e-01 2.275018931391328825e-01
3.408624090317723399e-01 2.358241524995813854e-01
3.411764158132385982e-01 2.440496464400154497e-01
3.414904225947048566e-01 2.524544114943817474e-01
3.418044293761711705e-01 2.608410792427882652e-01
3.421184361576374844e-01 2.694710926369264792e-01
3.424324429391036873e-01 2.785667912754222209e-01
3.427464497205700011e-01 2.878035355895288139e-01
3.430604565020363150e-01 2.967164610743215358e-01
3.433744632835025734e-01 3.059949795310938359e-01
3.436884700649688318e-01 3.155274208850764039e-01
3.440024768464351457e-01 3.251884374844404846e-01
3.443164836279014596e-01 3.350867594056703980e-01
3.446304904093676624e-01 3.450500621758370023e-01
3.449444971908339763e-01 3.552884016120896327e-01
3.452585039723002902e-01 3.655347891670600591e-01
3.455725107537665486e-01 3.758990149993224894e-01
3.458865175352328070e-01 3.864523287717139266e-01
3.462005243166991209e-01 3.972549393762495051e-01
3.465145310981654347e-01 4.082178733801920534e-01
3.468285378796316931e-01 4.190807558412650846e-01
3.471425446610979515e-01 4.305563660829164752e-01
3.474565514425642654e-01 4.418974881809377142e-01
3.477705582240305238e-01 4.533187510620794169e-01
3.480845650054967821e-01 4.652749358507675126e-01
3.483985717869630960e-01 4.770921243536277445e-01
3.487125785684294099e-01 4.889646263190057240e-01
3.490265853498956683e-01 5.014414749281328465e-01
3.493405921313619267e-01 5.136940603884456724e-01
3.496545989128282406e-01 5.262249359833368612e-01
3.499686056942944989e-01 5.389024970166110817e-01
3.502826124757607573e-01 5.516461368847096480e-01
3.505966192572270712e-01 5.645671387141870667e-01
3.509106260386933851e-01 5.780836284600343600e-01
3.512246328201596435e-01 5.917926869784401189e-01
3.515386396016259019e-01 6.057714568800203203e-01
3.518526463830922157e-01 6.200577417967868543e-01
3.521666531645584741e-01 6.346616181073660989e-01
3.524806599460247325e-01 6.485716788231142838e-01
3.527946667274910464e-01 6.632425682350071572e-01
3.531086735089573603e-01 6.782450479087205331e-01
3.534226802904236187e-01 6.932219091781147702e-01
3.537366870718898770e-01 7.090850374774991804e-01
3.540506938533561909e-01 7.247031805634527313e-01
3.543647006348224493e-01 7.401543194643461776e-01
3.546787074162887077e-01 7.561349629848199694e-01
3.549927141977550216e-01 7.721165550685390455e-01
3.553067209792213355e-01 7.887909619581614518e-01
3.556207277606875938e-01 8.054119098785899045e-01
3.559347345421538522e-01 8.223631580590159418e-01
3.562487413236201661e-01 8.393362833593973615e-01
3.565627481050864245e-01 8.561991460719666769e-01
3.568767548865526829e-01 8.737221437804248980e-01
3.571907616680189967e-01 8.911994985560003357e-01
3.575047684494853106e-01 9.085732711527577665e-01
3.578187752309515690e-01 9.264283708801986927e-01
3.581327820124178274e-01 9.448372825321907920e-01
3.584467887938841413e-01 9.630301621630500408e-01
3.587607955753503997e-01 9.817791868771725827e-01
3.590748023568166580e-01 1.001387712654504547e+00
3.593888091382829719e-01 1.020251185633935576e+00
3.597028159197492858e-01 1.039665691034924011e+00
3.600168227012155442e-01 1.059398693067074237e+00
3.603308294826818026e-01 1.079495544655296291e+00
3.606448362641481165e-01 1.099855107726138703e+00
3.609588430456144303e-01 1.119970186603520768e+00
3.612728498270806332e-01 1.140817564667900852e+00
3.615868566085469471e-01 1.162005760610441030e+00
3.619008633900132610e-01 1.182715155474225011e+00
3.622148701714795194e-01 1.203676010643380589e+00
3.625288769529457777e-01 1.225109128793398394e+00
3.628428837344120916e-01 1.246569506637260627e+00
3.631568905158784055e-01 1.268757729706026627e+00
3.634708972973446084e-01 1.291034985538253688e+00
3.637849040788109223e-01 1.313330021218891197e+00
3.640989108602772362e-01 1.336186712718889558e+00
3.644129176417434945e-01 1.358351413028952681e+00
3.647269244232097529e-01 1.380759610898064871e+00
3.650409312046760668e-01 1.403073664288712052e+00
3.653549379861423807e-01 1.426691253194416920e+00
3.656689447676086391e-01 1.450347756239617647e+00
3.659829515490748975e-01 1.473795241817033475e+00
3.662969583305412113e-01 1.497888604989163319e+00
3.666109651120074697e-01 1.522048450116737506e+00
3.669249718934737281e-01 1.547124137596675775e+00
3.672389786749400420e-01 1.571817179887577298e+00
3.675529854564063559e-01 1.596969646219869254e+00
3.678669922378726143e-01 1.622286722477973564e+00
3.681809990193388726e-01 1.647793235015278412e+00
3.684950058008051865e-01 1.673050736703979080e+00
3.688090125822714449e-01 1.698965813257480750e+00
3.691230193637377033e-01 1.725232445678887228e+00
3.694370261452040172e-01 1.751936877920724722e+00
3.697510329266703311e-01 1.778573245950596071e+00
3.700650397081365894e-01 1.804783995829508880e+00
3.703790464896028478e-01 1.831404511013277503e+00
3.706930532710691617e-01 1.858452532431511539e+00
3.710070600525354201e-01 1.885805131798039547e+00
3.713210668340016785e-01 1.913762083994028362e+00
3.716350736154679923e-01 1.941004431025847854e+00
3.719490803969343062e-01 1.968544538801974886e+00
3.722630871784005646e-01 1.996937533101263096e+00
3.725770939598668230e-01 2.025330008860013020e+00
3.728911007413331369e-01 2.054170364285419215e+00
3.732051075227993953e-01 2.082709133861383233e+00
3.735191143042656536e-01 2.111838617917510152e+00
3.738331210857319675e-01 2.141266167029116652e+00
3.741471278671982814e-01 2.170911053655390166e+00
3.744611346486645398e-01 2.200007134376345874e+00
3.747751414301307982e-01 2.229668396681674380e+00
3.750891482115971121e-01 2.259846140621634358e+00
3.754031549930633704e-01 2.290158361179533753e+00
3.757171617745296288e-01 2.320815230330530277e+00
3.760311685559959427e-01 2.350564638715713084e+00
3.763451753374622566e-01 2.381825732112341942e+00
3.766591821189285150e-01 2.412721954497500487e+00
3.769731889003947733e-01 2.444960372845242258e+00
3.772871956818610872e-01 2.475703195664043843e+00
3.776012024633273456e-01 2.507467567825832688e+00
3.779152092447936040e-01 2.539764145655577288e+00
3.782292160262599179e-01 2.572152991339885730e+00
3.785432228077262318e-01 2.604121430594924291e+00
3.788572295891924901e-01 2.636150510178338902e+00
3.791712363706587485e-01 2.669126481807738038e+00
3.794852431521250624e-01 2.702445114305000118e+00
3.797992499335913763e-01 2.736257668795802012e+00
3.801132567150575792e-01 2.770129547430656203e+00
3.804272634965238931e-01 2.803533563813363383e+00
3.807412702779902069e-01 2.837467076958988699e+00
3.810552770594564653e-01 2.871833116002138642e+00
3.813692838409227237e-01 2.906510222375493946e+00
3.816832906223890376e-01 2.940882881970033669e+00
3.819972974038553515e-01 2.974864379222169841e+00
3.823113041853216099e-01 3.010178904521780829e+00
3.826253109667878682e-01 3.045145952290319258e+00
3.829393177482541821e-01 3.080457665613993257e+00
3.832533245297204405e-01 3.113969742380821693e+00
3.835673313111866989e-01 3.149810047767811927e+00
3.838813380926530128e-01 3.184805035115823912e+00
3.841953448741193267e-01 3.221523705869877130e+00
3.845093516555855850e-01 3.257060543363415217e+00
3.848233584370518434e-01 3.292292778259802599e+00
3.851373652185181573e-01 3.329900580615910766e+00
3.854513719999844157e-01 3.367192153630083506e+00
3.857653787814506741e-01 3.404336894365562749e+00
3.860793855629169880e-01 3.442129265104362457e+00
3.863933923443833018e-01 3.479696710884891964e+00
3.867073991258495602e-01 3.518832795793187529e+00
3.870214059073158186e-01 3.556065909566409999e+00
3.873354126887821325e-01 3.594135135587537722e+00
3.876494194702483909e-01 3.633121544357587052e+00
3.879634262517146492e-01 3.670640447402844231e+00
3.882774330331809631e-01 3.709934978289884722e+00
3.885914398146472770e-01 3.747482683042308693e+00
3.889054465961135354e-01 3.787667128800765060e+00
3.892194533775797938e-01 3.827387079465466524e+00
3.895334601590461077e-01 3.867410391471613806e+00
3.898474669405123660e-01 3.907655765965783790e+00
3.901614737219786244e-01 3.947481221372746596e+00
3.904754805034449383e-01 3.986740559624096125e+00
3.907894872849112522e-01 4.026458198634896846e+00
3.911034940663775106e-01 4.066532998117023290e+00
3.914175008478437690e-01 4.107679018335637089e+00
3.917315076293100828e-01 4.148903587039733942e+00
3.920455144107763412e-01 4.190078165393312126e+00
3.923595211922425996e-01 4.231383265933366111e+00
3.926735279737089135e-01 4.272642733472571841e+00
3.929875347551752274e-01 4.314481432318445719e+00
3.933015415366414858e-01 4.355941266977650272e+00
3.936155483181077441e-01 4.397996158007984491e+00
3.939295550995740580e-01 4.439594918169237125e+00
3.942435618810403164e-01 4.481932990983706233e+00
3.945575686625065748e-01 4.523043444079656084e+00
3.948715754439728887e-01 4.563236580303900780e+00
3.951855822254392026e-01 4.605374025658838910e+00
3.954995890069054609e-01 4.648138088796790690e+00
3.958135957883717193e-01 4.691755699965375115e+00
3.961276025698380332e-01 4.736291020943694363e+00
3.964416093513043471e-01 4.778818284873831423e+00
3.967556161327705500e-01 4.822188512484214762e+00
3.970696229142368638e-01 4.865277770127018009e+00
3.973836296957031777e-01 4.909492632893052821e+00
3.976976364771694361e-01 4.953202796923254603e+00
3.980116432586356945e-01 4.996673667075458347e+00
3.983256500401020084e-01 5.041500433308738316e+00
3.986396568215683223e-01 5.086502139731452488e+00
3.989536636030345251e-01 5.128755672510172836e+00
3.992676703845008390e-01 5.173678369620872353e+00
3.995816771659671529e-01 5.218287747692129663e+00
3.998956839474334113e-01 5.263221808934892110e+00
4.002096907288996697e-01 5.308673058461861771e+00
4.005236975103659836e-01 5.355293544956856167e+00
4.008377042918322974e-01 5.398641369108831967e+00
4.011517110732985558e-01 5.443761621652103422e+00
4.014657178547648142e-01 5.490272230691133792e+00
4.017797246362311281e-01 5.536193342486988023e+00
4.020937314176973865e-01 5.583304473199377504e+00
4.024077381991636448e-01 5.630895494103233645e+00
4.027217449806299587e-01 5.677050741045252202e+00
4.030357517620962726e-01 5.725565313607917872e+00
4.033497585435625310e-01 5.771548938097303960e+00
4.036637653250287894e-01 5.819225525796085208e+00
4.039777721064951033e-01 5.865345147944196924e+00
4.042917788879613616e-01 5.912468173172718444e+00
4.046057856694276200e-01 5.961570651610067273e+00
4.049197924508939339e-01 6.008902222526180559e+00
4.052337992323602478e-01 6.054467549003154758e+00
4.055478060138265062e-01 6.103023324482542478e+00
4.058618127952927646e-01 6.152081109259481373e+00
4.061758195767590784e-01 6.200529830447043089e+00
4.064898263582253368e-01 6.249211469965858079e+00
4.068038331396916507e-01 6.298159636466414746e+00
4.071178399211579091e-01 6.347502501083485349e+00
4.074318467026241675e-01 6.398023712811260921e+00
4.077458534840904814e-01 6.448018399008670798e+00
4.080598602655567397e-01 6.498143755601480720e+00
4.083738670470230536e-01 6.548666939770968476e+00
4.086878738284893120e-01 6.599495982699248309e+00
4.090018806099556259e-01 6.650041435926459243e+00
4.093158873914218843e-01 6.702739253354570437e+00
4.096298941728881426e-01 6.754525628180153340e+00
4.099439009543544565e-01 6.807573903420225392e+00
4.102579077358207149e-01 6.859252006551987080e+00
4.105719145172870288e-01 6.908889899692095327e+00
4.108859212987532872e-01 6.961622908298051193e+00
4.111999280802196011e-01 7.012759126872471604e+00
4.115139348616858594e-01 7.065226307802713102e+00
4.118279416431521733e-01 7.118544752702532286e+00
4.121419484246184317e-01 7.172867360709931361e+00
4.124559552060846901e-01 7.225920220578549547e+00
4.127699619875510040e-01 7.281883028510137024e+00
4.130839687690172624e-01 7.336839853399134803e+00
4.133979755504835762e-01 7.390850131668214473e+00
4.137119823319498346e-01 7.444678502505013284e+00
4.140259891134161485e-01 7.499981433042662182e+00
4.143399958948824069e-01 7.554812406206496078e+00
4.146540026763486653e-01 7.610866633099843348e+00
4.149680094578149792e-01 7.670275291175673971e+00
4.152820162392812375e-01 7.725421678276862991e+00
4.155960230207475514e-01 7.779305312123837801e+00
4.159100298022138098e-01 7.836924008858372481e+00
4.162240365836801237e-01 7.892247993884897284e+00
4.165380433651463821e-01 7.949596652213926085e+00
4.168520501466126404e-01 8.007874788014142098e+00
4.171660569280789543e-01 8.067646713323282981e+00
4.174800637095452127e-01 8.126335866039196887e+00
4.177940704910115266e-01 8.177667399456318265e+00
4.181080772724777850e-01 8.230682802545596033e+00
4.184220840539440989e-01 8.288756949113000871e+00
4.187360908354103572e-01 8.348135694943955798e+00
4.190500976168766156e-01 8.408384117682922820e+00
4.193641043983429295e-01 8.469143382617806637e+00
4.196781111798091879e-01 8.530014581406678786e+00
4.199921179612755018e-01 8.593073368273680401e+00
4.203061247427417602e-01 8.654668325175554955e+00
4.206201315242080740e-01 8.716651924611140245e+00
4.209341383056743324e-01 8.781066530223613498e+00
4.212481450871406463e-01 8.841047183438565327e+00
4.215621518686069047e-01 8.900948415651711798e+00
4.218761586500731631e-01 8.966180562440099422e+00
4.221901654315394770e-01 9.029851067379397023e+00
4.225041722130057353e-01 9.093655724303021159e+00
4.228181789944720492e-01 9.158454161158829265e+00
4.231321857759383076e-01 9.222456562207009156e+00
4.234461925574046215e-01 9.288655802761462965e+00
4.237601993388708799e-01 9.352700202291252651e+00
4.240742061203371382e-01 9.418468212408958706e+00
4.243882129018034521e-01 9.485766683277566003e+00
4.247022196832697105e-01 9.555678524449595201e+00
4.250162264647360244e-01 9.622785742585985957e+00
4.253302332462022828e-01 9.692249680773150189e+00
4.256442400276685967e-01 9.758618895565863482e+00
4.259582468091348550e-01 9.827612510687361080e+00
4.262722535906011134e-01 9.897807519741213866e+00
4.265862603720674273e-01 9.967189087601209252e+00
4.269002671535336857e-01 1.004131513454365532e+01
4.272142739349999996e-01 1.011539411957561718e+01
4.275282807164662580e-01 1.019212668792608767e+01
4.278422874979325718e-01 1.026383994552604051e+01
4.281562942793988302e-01 1.033420080660747331e+01
4.284703010608650886e-01 1.040844299663956285e+01
4.287843078423314025e-01 1.048198793916829885e+01
4.290983146237976609e-01 1.055496426630481643e+01
4.294123214052639748e-01 1.062439286093078827e+01
4.297263281867302331e-01 1.069795857776028924e+01
4.300403349681965470e-01 1.077108600333644617e+01
4.303543417496628054e-01 1.084742377520773715e+01
4.306683485311291193e-01 1.092594307466747061e+01
4.309823553125953777e-01 1.100723544796920272e+01
4.312963620940616360e-01 1.108359744027280414e+01
4.316103688755279499e-01 1.116349411668076641e+01
4.319243756569942083e-01 1.124141574251902398e+01
4.322383824384605222e-01 1.131847663801227455e+01
4.325523892199267806e-01 1.140101330250894129e+01
4.328663960013930945e-01 1.148145244645217211e+01
4.331804027828593529e-01 1.156440822631123311e+01
4.334944095643256112e-01 1.164722836860999244e+01
4.338084163457919251e-01 1.172693136719474261e+01
4.341224231272581835e-01 1.181705666879114069e+01
4.344364299087244974e-01 1.190402183675598913e+01
4.347504366901907558e-01 1.199213278724355725e+01
4.350644434716570697e-01 1.207912977618903305e+01
4.353784502531233280e-01 1.216178681391122751e+01
4.356924570345895864e-01 1.224909653476875881e+01
4.360064638160559003e-01 1.233600914249654323e+01
4.363204705975221587e-01 1.242481912019794699e+01
4.366344773789884726e-01 1.251260852987187278e+01
4.369484841604547309e-01 1.260578666295137396e+01
4.372624909419210448e-01 1.269229204784600284e+01
4.375764977233873032e-01 1.278054162659797832e+01
4.378905045048535616e-01 1.286867452462286288e+01
4.382045112863198755e-01 1.295389833325198126e+01
4.385185180677861339e-01 1.305966402290389183e+01
4.388325248492524477e-01 1.314795299093103509e+01
4.391465316307187061e-01 1.324307263838820248e+01
4.394605384121850200e-01 1.333119803689425531e+01
4.397745451936512784e-01 1.343462383277602079e+01
4.400885519751175923e-01 1.352675529612374739e+01
4.404025587565838507e-01 1.362140953161974721e+01
4.407165655380501090e-01 1.371459833467943668e+01
4.410305723195164229e-01 1.381549979511137849e+01
4.413445791009826813e-01 1.392406606924555135e+01
4.416585858824489952e-01 1.402188229401634523e+01
4.419725926639152536e-01 1.411718895368812987e+01
4.422865994453815675e-01 1.421655097261511891e+01
4.426006062268478258e-01 1.431595411867543000e+01
4.429146130083140842e-01 1.441861059958106495e+01
4.432286197897803981e-01 1.451845474340078646e+01
4.435426265712466565e-01 1.461576544981832448e+01
4.438566333527129704e-01 1.471737462752790648e+01
4.441706401341792287e-01 1.482573930431414944e+01
4.444846469156455426e-01 1.494030276254630074e+01
4.447986536971118010e-01 1.504228053359608808e+01
4.451126604785780594e-01 1.514679356396094789e+01
4.454266672600443733e-01 1.525749542156570726e+01
4.457406740415106317e-01 1.539051092432349854e+01
4.460546808229769455e-01 1.548977075595518471e+01
4.463686876044432039e-01 1.561091694370497152e+01
4.466826943859095178e-01 1.571781800477695334e+01
4.469967011673757762e-01 1.583837923726473740e+01
4.473107079488420901e-01 1.596532437794062886e+01
4.476247147303083485e-01 1.607765550272415567e+01
4.479387215117746068e-01 1.617960272626000773e+01
4.482527282932409207e-01 1.628818517432269530e+01
4.485667350747071791e-01 1.639112874830158262e+01
4.488807418561734930e-01 1.650971531876500009e+01
4.491947486376397514e-01 1.661165420398380022e+01
4.495087554191060653e-01 1.673308259689593669e+01
4.498227622005723236e-01 1.685229485274923533e+01
4.501367689820385820e-01 1.697659002619363378e+01
4.504507757635048959e-01 1.710428403374629625e+01
4.507647825449711543e-01 1.720988402657254568e+01
4.510787893264374682e-01 1.735377910661595280e+01
4.513927961079037265e-01 1.746071726111706823e+01
4.517068028893700404e-01 1.759269082045562271e+01
4.520208096708362988e-01 1.771468970252674069e+01
4.523348164523025572e-01 1.782427935227797278e+01
4.526488232337688711e-01 1.795320291565338522e+01
4.529628300152351295e-01 1.811270792184387091e+01
4.532768367967014433e-01 1.825555451846578237e+01
4.535908435781677017e-01 1.839216341050033776e+01
4.539048503596340156e-01 1.852413708549608984e+01
4.542188571411002740e-01 1.864441349946178761e+01
4.545328639225665324e-01 1.878079688280010018e+01
4.548468707040328463e-01 1.889580702760094155e+01
4.551608774854991046e-01 1.902457991676361004e+01
4.554748842669654185e-01 1.915643376153028044e+01
4.557888910484316769e-01 1.930082283316224689e+01
4.561028978298979908e-01 1.941974120831651618e+01
4.564169046113642492e-01 1.956327826035046513e+01
4.567309113928305631e-01 1.970713332187404276e+01
4.570449181742968214e-01 1.986590030794680217e+01
4.573589249557630798e-01 2.007334120450920523e+01
4.576729317372293937e-01 2.024368829997851549e+01
4.579869385186956521e-01 2.036493219718990844e+01
4.583009453001619660e-01 2.048764332228761731e+01
4.586149520816282243e-01 2.061181919351625069e+01
4.589289588630945382e-01 2.077436430664213418e+01
4.592429656445607966e-01 2.095285853057545467e+01
4.595569724260270550e-01 2.114363702140743584e+01
4.598709792074933689e-01 2.128381672238987932e+01
4.601849859889596273e-01 2.144399383492052280e+01
4.604989927704259411e-01 2.163809199127187810e+01
4.608129995518921995e-01 2.178659903183342905e+01
4.611270063333585134e-01 2.197204039837763290e+01
4.614410131148247718e-01 2.218619076377183319e+01
4.617550198962910302e-01 2.233831803524193660e+01
4.620690266777573441e-01 2.248893248523692634e+01
4.623830334592236024e-01 2.261897389275097936e+01
4.626970402406899163e-01 2.277771639087352185e+01
4.630110470221561747e-01 2.291042140815262940e+01
4.633250538036224886e-01 2.313891500243433086e+01
4.636390605850887470e-01 2.331991280415941503e+01
4.639530673665550053e-01 2.345410397680438663e+01
4.642670741480213192e-01 2.366054750739108670e+01
4.645810809294875776e-01 2.379646434212629202e+01
4.648950877109538915e-01 2.393416440345048812e+01
4.652090944924201499e-01 2.416403736628407373e+01
4.655231012738864638e-01 2.430308331063775285e+01
4.658371080553527221e-01 2.447503773819746797e+01
4.661511148368190360e-01 2.461696228902108885e+01
4.664651216182852944e-01 2.484924648634942912e+01
4.667791283997515528e-01 2.503356627969996850e+01
4.670931351812178667e-01 2.517796181072154127e+01
4.674071419626841251e-01 2.532421450915325067e+01
4.677211487441504389e-01 2.566954812058262902e+01
4.680351555256166973e-01 2.581509474966640383e+01
4.683491623070830112e-01 2.596256694572165102e+01
4.686631690885492696e-01 2.611195582676793236e+01
4.689771758700155280e-01 2.626325253791936376e+01
4.692911826514818419e-01 2.641644825465773394e+01
4.696051894329481002e-01 2.657153418594602101e+01
4.699191962144144141e-01 2.672850157717834918e+01
4.702332029958806725e-01 2.688734171296286846e+01
4.705472097773469864e-01 2.704804591973426753e+01
4.708612165588132448e-01 2.721060556819300658e+01
4.711752233402795031e-01 2.737501207556857707e+01
4.714892301217458170e-01 2.754125690770431945e+01
4.718032369032120754e-01 2.770933158096159943e+01
4.721172436846783893e-01 2.787922766394126484e+01
4.724312504661446477e-01 2.805093677902043581e+01
4.727452572476109616e-01 2.822445060370287706e+01
4.730592640290772199e-01 2.865319932333836661e+01
4.733732708105434783e-01 2.882693366038644101e+01
4.736872775920097922e-01 2.917323370076254818e+01
4.740012843734760506e-01 2.934841326987556798e+01
4.743152911549423645e-01 2.952542358286832780e+01
4.746292979364086229e-01 2.970425596424166770e+01
4.749433047178749367e-01 2.988490180247334393e+01
4.752573114993411951e-01 3.006735254984000605e+01
4.755713182808075090e-01 3.025159972203304903e+01
4.758853250622737674e-01 3.043763489756544516e+01
4.761993318437400258e-01 3.062544971696619100e+01
4.765133386252063397e-01 3.081503588175865360e+01
4.768273454066725980e-01 3.100638515321861988e+01
4.771413521881389119e-01 3.119948935090719644e+01
4.774553589696051703e-01 3.139434035097328746e+01
4.777693657510714842e-01 3.159093008421951154e+01
