0.000000000000000000e+00 2.106116363556250093e+01
5.428117487082102614e-04 2.086075247696205537e+01
1.085623497416420523e-03 2.066686205128209153e+01
1.628435246124630784e-03 2.048303180538972867e+01
2.171246994832841046e-03 2.030699689403029495e+01
2.714058743541051307e-03 2.012394105442539782e+01
3.256870492249261569e-03 1.993603714121149295e+01
3.799682240957471830e-03 1.976338680112676371e+01
4.342493989665682091e-03 1.960776395381046200e+01
4.885305738373892787e-03 1.943096200615607572e+01
5.428117487082102614e-03 1.926233567809086367e+01
5.970929235790312442e-03 1.909610645317534505e+01
6.513740984498523137e-03 1.893091866202308182e+01
7.056552733206733832e-03 1.876987844876296663e+01
7.599364481914943660e-03 1.861001412682800193e+01
8.142176230623153488e-03 1.845174201697705030e+01
8.684987979331364183e-03 1.829635384492693362e+01
9.227799728039574878e-03 1.814563498684364262e+01
9.770611476747785573e-03 1.799164661753118111e+01
1.031342322545599453e-02 1.784351178712161001e+01
1.085623497416420523e-02 1.769261542127115661e+01
1.139904672287241592e-02 1.754421072650214697e+01
1.194185847158062488e-02 1.739754066323216009e+01
1.248467022028883558e-02 1.725156338251451160e+01
1.302748196899704627e-02 1.710753630194270514e+01
1.357029371770525697e-02 1.696563283707091330e+01
1.411310546641346766e-02 1.682582085297210028e+01
1.465591721512167663e-02 1.668856638948305360e+01
1.519872896382988732e-02 1.655251392835044655e+01
1.574154071253809628e-02 1.641774042430620284e+01
1.628435246124630698e-02 1.628686996166751655e+01
1.682716420995451767e-02 1.615370290104191042e+01
1.736997595866272837e-02 1.602630278825817101e+01
1.791278770737093906e-02 1.589833633475902808e+01
1.845559945607914976e-02 1.576790391592561491e+01
1.899841120478736045e-02 1.564332516193081979e+01
1.954122295349557115e-02 1.551962068005563999e+01
2.008403470220377837e-02 1.540140237238542298e+01
2.062684645091198907e-02 1.528377742241401194e+01
2.116965819962019976e-02 1.517037579937565539e+01
2.171246994832841046e-02 1.505387686357380517e+01
2.225528169703662115e-02 1.494066363272677656e+01
2.279809344574483185e-02 1.482162467699107467e+01
2.334090519445304254e-02 1.471475426404698794e+01
2.388371694316124977e-02 1.459788130140983498e+01
2.442652869186946046e-02 1.448723343217835335e+01
2.496934044057767116e-02 1.437844789979921245e+01
2.551215218928588185e-02 1.426852893945209111e+01
2.605496393799409255e-02 1.416161056574484434e+01
2.659777568670230324e-02 1.406076976083592989e+01
2.714058743541051394e-02 1.394925325585546716e+01
2.768339918411872463e-02 1.385082234630706211e+01
2.822621093282693533e-02 1.374941901593313354e+01
2.876902268153514255e-02 1.365311436352627084e+01
2.931183443024335325e-02 1.355317759251007992e+01
2.985464617895156395e-02 1.345724759362516920e+01
3.039745792765977464e-02 1.336442297360060216e+01
3.094026967636798534e-02 1.326750110817840422e+01
3.148308142507619256e-02 1.317571339419892595e+01
3.202589317378440326e-02 1.308574541009032188e+01
3.256870492249261395e-02 1.299268872292798527e+01
3.311151667120082465e-02 1.290724594468659703e+01
3.365432841990903534e-02 1.281732059634670051e+01
3.419714016861724604e-02 1.272730267206380184e+01
3.473995191732545673e-02 1.263557600301980877e+01
3.528276366603366743e-02 1.254534211823501444e+01
3.582557541474187812e-02 1.245730608047868238e+01
3.636838716345008882e-02 1.237370472425045165e+01
3.691119891215829951e-02 1.229233544779930298e+01
3.745401066086651021e-02 1.220677106505335985e+01
3.799682240957472090e-02 1.212276517531718234e+01
3.853963415828293160e-02 1.204195821189564697e+01
3.908244590699114229e-02 1.195934872646752467e+01
3.962525765569934605e-02 1.188013918033631633e+01
4.016806940440755674e-02 1.179896351029664459e+01
4.071088115311576744e-02 1.171675172431374712e+01
4.125369290182397813e-02 1.163629137219805543e+01
4.179650465053218883e-02 1.155612847074425531e+01
4.233931639924039952e-02 1.147455525529359832e+01
4.288212814794861022e-02 1.139555447295832025e+01
4.342493989665682091e-02 1.132271743365026140e+01
4.396775164536503161e-02 1.124964418186831061e+01
4.451056339407324230e-02 1.117772174837815058e+01
4.505337514278145300e-02 1.110528616106045341e+01
4.559618689148966370e-02 1.103344531408823848e+01
4.613899864019787439e-02 1.096073215866997330e+01
4.668181038890608509e-02 1.088959097452343272e+01
4.722462213761429578e-02 1.081571451071939372e+01
4.776743388632249954e-02 1.074163202559853758e+01
4.831024563503071023e-02 1.067291997577916618e+01
4.885305738373892093e-02 1.060403971051331062e+01
4.939586913244713162e-02 1.053272589613350441e+01
4.993868088115534232e-02 1.046313175590538158e+01
5.048149262986355301e-02 1.039575153560547882e+01
5.102430437857176371e-02 1.032666486536343342e+01
5.156711612727997440e-02 1.025967123451110652e+01
5.210992787598818510e-02 1.019203477160206184e+01
5.265273962469639579e-02 1.012856817810026300e+01
5.319555137340460649e-02 1.006040446092760021e+01
5.373836312211281718e-02 9.991390938026921020e+00
5.428117487082102788e-02 9.926223219939728892e+00
5.482398661952923857e-02 9.863977037150380767e+00
5.536679836823744927e-02 9.800055217367004801e+00
5.590961011694565996e-02 9.737268632537961821e+00
5.645242186565387066e-02 9.673919702044067037e+00
5.699523361436207441e-02 9.612556707362012176e+00
5.753804536307028511e-02 9.551594614578680975e+00
5.808085711177849580e-02 9.490707416409474462e+00
5.862366886048670650e-02 9.430168084602284395e+00
5.916648060919491720e-02 9.369847348903196149e+00
5.970929235790312789e-02 9.311017646433038308e+00
6.025210410661133859e-02 9.253540062130717558e+00
6.079491585531954928e-02 9.194431597377556997e+00
6.133772760402775998e-02 9.135643184658256644e+00
6.188053935273597067e-02 9.076363537987100827e+00
6.242335110144418137e-02 9.016364675025204889e+00
6.296616285015238512e-02 8.957521966827574289e+00
6.350897459886059582e-02 8.902592340237372781e+00
6.405178634756880651e-02 8.843783565148536141e+00
6.459459809627701721e-02 8.786584433566821062e+00
6.513740984498522790e-02 8.730250354004738256e+00
6.568022159369343860e-02 8.673649705347672878e+00
6.622303334240164929e-02 8.617510608632455771e+00
6.676584509110985999e-02 8.562579064717082744e+00
6.730865683981807068e-02 8.515249393240349463e+00
6.785146858852628138e-02 8.460831185951612099e+00
6.839428033723449207e-02 8.406231838389924604e+00
6.893709208594270277e-02 8.352160644413293866e+00
6.947990383465091346e-02 8.297189348573200007e+00
7.002271558335912416e-02 8.244527975214941407e+00
7.056552733206733485e-02 8.192145708067775089e+00
7.110833908077554555e-02 8.139663070694087565e+00
7.165115082948375624e-02 8.085485558332283773e+00
7.219396257819196694e-02 8.032434630078927995e+00
7.273677432690017763e-02 7.980415518188940460e+00
7.327958607560838833e-02 7.929442057598509841e+00
7.382239782431659902e-02 7.877393468218110151e+00
7.436520957302480972e-02 7.825466083572432119e+00
7.490802132173302041e-02 7.778630861050263690e+00
7.545083307044123111e-02 7.728122746652684505e+00
7.599364481914944180e-02 7.678185452242724196e+00
7.653645656785765250e-02 7.632504507941415106e+00
7.707926831656586319e-02 7.582387736725723748e+00
7.762208006527407389e-02 7.532698008811074430e+00
7.816489181398228459e-02 7.482227559289031937e+00
7.870770356269048140e-02 7.432749591143967827e+00
7.925051531139869210e-02 7.386829699129664029e+00
7.979332706010690279e-02 7.336616246619537485e+00
8.033613880881511349e-02 7.288987867628269335e+00
8.087895055752332418e-02 7.240141502558906872e+00
8.142176230623153488e-02 7.194021544650805566e+00
8.196457405493974557e-02 7.147709795628879981e+00
8.250738580364795627e-02 7.100883154696662203e+00
8.305019755235616696e-02 7.053558862238189064e+00
8.359300930106437766e-02 7.009032262209780484e+00
8.413582104977258835e-02 6.963810191200398236e+00
8.467863279848079905e-02 6.917722971998214732e+00
8.522144454718900974e-02 6.872130411162620689e+00
8.576425629589722044e-02 6.828037561693967028e+00
8.630706804460543113e-02 6.782739883505979783e+00
8.684987979331364183e-02 6.738304923860505724e+00
8.739269154202185252e-02 6.694229385093578344e+00
8.793550329073006322e-02 6.650678480038403784e+00
8.847831503943827391e-02 6.607522096557413072e+00
8.902112678814648461e-02 6.565393231109530880e+00
8.956393853685469530e-02 6.522718499406708226e+00
9.010675028556290600e-02 6.480020295333076774e+00
9.064956203427111670e-02 6.438624130290317105e+00
9.119237378297932739e-02 6.396030171572775203e+00
9.173518553168753809e-02 6.353300667240418420e+00
9.227799728039574878e-02 6.311229338395772714e+00
9.282080902910395948e-02 6.268966356785749205e+00
9.336362077781217017e-02 6.226192817603249274e+00
9.390643252652038087e-02 6.184665893974501394e+00
9.444924427522859156e-02 6.143619983226590975e+00
9.499205602393680226e-02 6.103131970149845209e+00
9.553486777264499907e-02 6.063199182493842265e+00
9.607767952135320977e-02 6.024046058044637775e+00
9.662049127006142046e-02 5.983635801590603265e+00
9.716330301876963116e-02 5.943842280378626164e+00
9.770611476747784185e-02 5.904299843513959090e+00
9.824892651618605255e-02 5.865299194324715693e+00
9.879173826489426324e-02 5.825797905911535679e+00
9.933455001360247394e-02 5.786791058133538890e+00
9.987736176231068463e-02 5.748266229752435841e+00
1.004201735110188953e-01 5.709386378012759167e+00
1.009629852597271060e-01 5.670890055059217616e+00
1.015057970084353167e-01 5.634387351561606749e+00
1.020486087571435274e-01 5.596757767014022278e+00
1.025914205058517381e-01 5.558508670543419683e+00
1.031342322545599488e-01 5.521274118284242860e+00
1.036770440032681595e-01 5.484363617567113103e+00
1.042198557519763702e-01 5.447187721527224191e+00
1.047626675006845809e-01 5.411285191585273324e+00
1.053054792493927916e-01 5.374094510812046366e+00
1.058482909981010023e-01 5.338864270374817700e+00
1.063911027468092130e-01 5.303585154692564529e+00
1.069339144955174237e-01 5.268557406159225742e+00
1.074767262442256344e-01 5.233555239434064532e+00
1.080195379929338451e-01 5.198236608533203906e+00
1.085623497416420558e-01 5.163180328022888510e+00
1.091051614903502665e-01 5.127664435796760678e+00
1.096479732390584771e-01 5.093194914774587190e+00
1.101907849877666878e-01 5.058875757998363198e+00
1.107335967364748985e-01 5.024041134327888791e+00
1.112764084851831092e-01 4.989111434849285764e+00
1.118192202338913199e-01 4.954936997390944953e+00
1.123620319825995306e-01 4.919425811772101476e+00
1.129048437313077413e-01 4.885522931110828360e+00
1.134476554800159381e-01 4.851346024822072778e+00
1.139904672287241488e-01 4.817773550791870640e+00
1.145332789774323595e-01 4.783568584233312215e+00
1.150760907261405702e-01 4.750258068219591401e+00
1.156189024748487809e-01 4.718258075599524481e+00
1.161617142235569916e-01 4.685146611883363121e+00
1.167045259722652023e-01 4.652294108782517590e+00
1.172473377209734130e-01 4.619777727677336188e+00
1.177901494696816237e-01 4.586883098148079263e+00
1.183329612183898344e-01 4.554445606894237386e+00
1.188757729670980451e-01 4.522383274830414024e+00
1.194185847158062558e-01 4.490150743322040228e+00
1.199613964645144665e-01 4.458221553161457962e+00
1.205042082132226772e-01 4.427033665785396366e+00
1.210470199619308879e-01 4.394827609802843149e+00
1.215898317106390986e-01 4.365302905781851983e+00
1.221326434593473093e-01 4.333062737529727926e+00
1.226754552080555200e-01 4.301787520211343363e+00
1.232182669567637306e-01 4.270565697021142526e+00
1.237610787054719413e-01 4.240488184427539942e+00
1.243038904541801520e-01 4.209013486346865562e+00
1.248467022028883627e-01 4.177790925853943627e+00
1.253895139515965595e-01 4.146624513527364719e+00
1.259323257003047702e-01 4.115885416937040020e+00
1.264751374490129809e-01 4.084792627363814432e+00
1.270179491977211916e-01 4.054357912953740595e+00
1.275607609464294023e-01 4.023631127655894701e+00
1.281035726951376130e-01 3.994103936357035423e+00
1.286463844438458237e-01 3.963298663196740179e+00
1.291891961925540344e-01 3.933648441643939897e+00
1.297320079412622451e-01 3.904217512256249911e+00
1.302748196899704558e-01 3.874317525503585102e+00
1.308176314386786665e-01 3.844278627384901448e+00
1.313604431873868772e-01 3.814236471754047120e+00
1.319032549360950879e-01 3.784521356368840017e+00
1.324460666848032986e-01 3.754486070307803125e+00
1.329888784335115093e-01 3.725583355833205434e+00
1.335316901822197200e-01 3.695897583854663271e+00
1.340745019309279307e-01 3.667927349115513103e+00
1.346173136796361414e-01 3.638671149527096027e+00
1.351601254283443521e-01 3.610669740815275031e+00
1.357029371770525628e-01 3.582127724409882141e+00
1.362457489257607735e-01 3.553470858312637759e+00
1.367885606744689841e-01 3.525293858743208997e+00
1.373313724231771948e-01 3.496862086779952694e+00
1.378741841718854055e-01 3.467934160525121268e+00
1.384169959205936162e-01 3.440355655444178318e+00
1.389598076693018269e-01 3.411800182547603200e+00
1.395026194180100376e-01 3.383684424454819428e+00
1.400454311667182483e-01 3.355628243771458408e+00
1.405882429154264590e-01 3.328227635145962093e+00
1.411310546641346697e-01 3.300409752761908067e+00
1.416738664128428804e-01 3.272496946567784448e+00
1.422166781615510911e-01 3.245147805709558408e+00
1.427594899102593018e-01 3.217375068270946770e+00
1.433023016589675125e-01 3.189838898538398304e+00
1.438451134076757232e-01 3.162918638560447970e+00
1.443879251563839339e-01 3.135504462880054355e+00
1.449307369050921446e-01 3.108226405899838785e+00
1.454735486538003553e-01 3.081291122433015506e+00
1.460163604025085660e-01 3.054347783304627306e+00
1.465591721512167767e-01 3.027609100689159227e+00
1.471019838999249874e-01 3.001025214822749199e+00
1.476447956486331980e-01 2.974374766540448967e+00
1.481876073973414087e-01 2.947410867100314302e+00
1.487304191460496194e-01 2.921244502461763481e+00
1.492732308947578301e-01 2.895075691586974198e+00
1.498160426434660408e-01 2.868937173123356832e+00
1.503588543921742515e-01 2.843228145968094367e+00
1.509016661408824622e-01 2.816504864345123593e+00
1.514444778895906729e-01 2.790759081150378851e+00
1.519872896382988836e-01 2.765381549708911813e+00
1.525301013870070943e-01 2.739377523715131879e+00
1.530729131357153050e-01 2.714018590479607695e+00
1.536157248844235157e-01 2.688926083516165022e+00
1.541585366331317264e-01 2.663496298923367256e+00
1.547013483818399371e-01 2.637773676794813227e+00
1.552441601305481478e-01 2.612277206458570866e+00
1.557869718792563585e-01 2.587366982675312510e+00
1.563297836279645692e-01 2.561949531089025456e+00
1.568725953766727521e-01 2.537089138237374808e+00
1.574154071253809628e-01 2.512359276633638672e+00
1.579582188740891735e-01 2.487595559765951148e+00
1.585010306227973842e-01 2.463328083498282250e+00
1.590438423715055949e-01 2.439358669453426831e+00
1.595866541202138056e-01 2.415319133415888331e+00
1.601294658689220163e-01 2.390983308582726785e+00
1.606722776176302270e-01 2.367268219390040063e+00
1.612150893663384377e-01 2.343663308677558454e+00
1.617579011150466484e-01 2.320468101883375489e+00
1.623007128637548591e-01 2.297151367707285452e+00
1.628435246124630698e-01 2.273811997600530432e+00
1.633863363611712805e-01 2.250348344465311179e+00
1.639291481098794911e-01 2.227006140640858334e+00
1.644719598585877018e-01 2.204506211984280206e+00
1.650147716072959125e-01 2.182121493432395809e+00
1.655575833560041232e-01 2.159222356272038734e+00
1.661003951047123339e-01 2.136136936146474596e+00
1.666432068534205446e-01 2.113589842771280480e+00
1.671860186021287553e-01 2.090993724867561188e+00
1.677288303508369660e-01 2.068326644214733001e+00
1.682716420995451767e-01 2.045929397246340820e+00
1.688144538482533874e-01 2.023641200523211836e+00
1.693572655969615981e-01 2.001862415836800579e+00
1.699000773456698088e-01 1.980294410506618252e+00
1.704428890943780195e-01 1.958867737866897274e+00
1.709857008430862302e-01 1.936782955148160568e+00
1.715285125917944409e-01 1.914872551842957904e+00
1.720713243405026516e-01 1.893586514202024285e+00
1.726141360892108623e-01 1.872853951584929399e+00
1.731569478379190730e-01 1.852199520039683023e+00
1.736997595866272837e-01 1.831507090733708099e+00
1.742425713353354944e-01 1.810910294079040028e+00
1.747853830840437050e-01 1.789900332974970532e+00
1.753281948327519157e-01 1.769910676097725455e+00
1.758710065814601264e-01 1.749617509334786547e+00
1.764138183301683371e-01 1.729547269171407331e+00
1.769566300788765478e-01 1.709429288362825927e+00
1.774994418275847585e-01 1.689791750394908698e+00
1.780422535762929692e-01 1.670187334216748365e+00
1.785850653250011799e-01 1.650913510995191569e+00
1.791278770737093906e-01 1.631082818129817591e+00
1.796706888224176013e-01 1.611725895687784904e+00
1.802135005711258120e-01 1.592274791967387415e+00
1.807563123198340227e-01 1.573344213221146370e+00
1.812991240685422334e-01 1.554273996845280781e+00
1.818419358172504441e-01 1.535162419157900970e+00
1.823847475659586548e-01 1.516554273793670360e+00
1.829275593146668655e-01 1.498203119987105092e+00
1.834703710633750762e-01 1.479737329098405718e+00
1.840131828120832869e-01 1.461554458544092050e+00
1.845559945607914976e-01 1.442855074691361539e+00
1.850988063094997083e-01 1.425033882797184681e+00
1.856416180582079190e-01 1.406889442666387380e+00
1.861844298069161296e-01 1.388593504195964501e+00
1.867272415556243403e-01 1.371115361657225806e+00
1.872700533043325510e-01 1.353602323502821170e+00
1.878128650530407617e-01 1.336269966582370516e+00
1.883556768017489724e-01 1.319197765435639047e+00
1.888984885504571831e-01 1.302105991124952622e+00
1.894413002991653938e-01 1.285424486364912244e+00
1.899841120478736045e-01 1.268693989788628906e+00
1.905269237965818152e-01 1.251775234841580708e+00
1.910697355452899981e-01 1.235552974553082217e+00
1.916125472939982088e-01 1.218974023870787571e+00
1.921553590427064195e-01 1.202945111803150890e+00
1.926981707914146302e-01 1.186623009458610323e+00
1.932409825401228409e-01 1.170500213031740566e+00
1.937837942888310516e-01 1.154686331023169421e+00
1.943266060375392623e-01 1.138976576539245000e+00
1.948694177862474730e-01 1.123099734199906052e+00
1.954122295349556837e-01 1.107385625276443797e+00
1.959550412836638944e-01 1.092404940946068326e+00
1.964978530323721051e-01 1.077322687418688751e+00
1.970406647810803158e-01 1.061953580454619406e+00
1.975834765297885265e-01 1.047080074510911007e+00
1.981262882784967372e-01 1.032120472215865670e+00
1.986691000272049479e-01 1.017296736567776749e+00
1.992119117759131586e-01 1.002686050895561287e+00
1.997547235246213693e-01 9.880605195227959436e-01
2.002975352733295800e-01 9.735987351296268022e-01
2.008403470220377907e-01 9.592205341117984174e-01
2.013831587707460014e-01 9.449123973442408175e-01
2.019259705194542120e-01 9.306958734520814902e-01
2.024687822681624227e-01 9.171605929320479911e-01
2.030115940168706334e-01 9.031215881192258266e-01
2.035544057655788441e-01 8.893997747963552358e-01
2.040972175142870548e-01 8.755239201659127390e-01
2.046400292629952655e-01 8.623037066675793838e-01
2.051828410117034762e-01 8.492309801014659154e-01
2.057256527604116869e-01 8.357389486612987195e-01
2.062684645091198976e-01 8.220643126873238282e-01
2.068112762578281083e-01 8.088986384076047864e-01
2.073540880065363190e-01 7.961056175456183714e-01
2.078968997552445297e-01 7.830507262172844429e-01
2.084397115039527404e-01 7.702476551753930645e-01
2.089825232526609511e-01 7.577689726218225230e-01
2.095253350013691618e-01 7.450547166286186629e-01
2.100681467500773725e-01 7.326289426659615689e-01
2.106109584987855832e-01 7.197054115003056474e-01
2.111537702474937939e-01 7.077171885134045937e-01
2.116965819962020046e-01 6.956947212868752617e-01
2.122393937449102153e-01 6.833174237307775289e-01
2.127822054936184260e-01 6.711301090417178816e-01
2.133250172423266366e-01 6.590894702432132934e-01
2.138678289910348473e-01 6.474940715238886035e-01
2.144106407397430580e-01 6.359632067776669340e-01
2.149534524884512687e-01 6.243118953554844808e-01
2.154962642371594794e-01 6.127497946997814138e-01
2.160390759858676901e-01 6.011343550229228949e-01
2.165818877345759008e-01 5.898905260712744569e-01
2.171246994832841115e-01 5.784060186681060367e-01
2.176675112319923222e-01 5.669889096121994987e-01
2.182103229807005329e-01 5.558208475384722735e-01
2.187531347294087436e-01 5.447776916096221944e-01
2.192959464781169543e-01 5.341954412351337389e-01
2.198387582268251650e-01 5.236215442531412245e-01
2.203815699755333757e-01 5.128562349237630880e-01
2.209243817242415864e-01 5.023619127943098617e-01
2.214671934729497971e-01 4.920176366118533817e-01
2.220100052216580078e-01 4.820491476037332967e-01
2.225528169703662185e-01 4.718959802752786259e-01
2.230956287190744292e-01 4.616540706490189772e-01
2.236384404677826399e-01 4.518804558938617211e-01
2.241812522164908505e-01 4.418645164017566684e-01
2.247240639651990612e-01 4.320745102396001958e-01
2.252668757139072719e-01 4.222478393008342046e-01
2.258096874626154826e-01 4.126574589309249252e-01
2.263524992113236656e-01 4.030538697889904931e-01
2.268953109600318763e-01 3.935343222393291596e-01
2.274381227087400870e-01 3.841731457049166742e-01
2.279809344574482977e-01 3.750242812226028954e-01
2.285237462061565084e-01 3.658676865777015785e-01
2.290665579548647190e-01 3.569395851861431601e-01
2.296093697035729297e-01 3.479348941741252643e-01
2.301521814522811404e-01 3.391671903131994181e-01
2.306949932009893511e-01 3.306178794971066925e-01
2.312378049496975618e-01 3.221373715398873627e-01
2.317806166984057725e-01 3.136268191965320695e-01
2.323234284471139832e-01 3.052739859486303664e-01
2.328662401958221939e-01 2.968382076108624923e-01
2.334090519445304046e-01 2.887315518073038656e-01
2.339518636932386153e-01 2.807549091579829570e-01
2.344946754419468260e-01 2.726065687405733184e-01
2.350374871906550367e-01 2.645405008434744687e-01
2.355802989393632474e-01 2.569203732874001944e-01
2.361231106880714581e-01 2.494333605590322023e-01
2.366659224367796688e-01 2.419942099433854410e-01
2.372087341854878795e-01 2.344806870057174475e-01
2.377515459341960902e-01 2.274425528248758821e-01
2.382943576829043009e-01 2.201062024448001697e-01
2.388371694316125116e-01 2.128686054273012662e-01
2.393799811803207223e-01 2.059087092316991552e-01
2.399227929290289330e-01 1.991894402728871527e-01
2.404656046777371436e-01 1.922284855360573141e-01
2.410084164264453543e-01 1.856840095928132817e-01
2.415512281751535650e-01 1.791068191879577609e-01
2.420940399238617757e-01 1.727941749379232339e-01
2.426368516725699864e-01 1.663650463542522273e-01
2.431796634212781971e-01 1.599714621412855475e-01
2.437224751699864078e-01 1.537643025322991686e-01
2.442652869186946185e-01 1.477475857631509182e-01
2.448080986674028292e-01 1.418245394755810462e-01
2.453509104161110399e-01 1.358593804189033583e-01
2.458937221648192506e-01 1.299730231356399368e-01
2.464365339135274613e-01 1.243168816157353279e-01
2.469793456622356720e-01 1.186338619697267088e-01
2.475221574109438827e-01 1.132062574894947687e-01
2.480649691596520934e-01 1.078646014446518753e-01
2.486077809083603041e-01 1.026971868515818703e-01
2.491505926570685148e-01 9.756701581222237962e-02
2.496934044057767255e-01 9.257833408329463332e-02
2.502362161544849362e-01 8.772352614501451040e-02
2.507790279031931191e-01 8.307138723530552160e-02
2.513218396519013575e-01 7.824619394235425573e-02
2.518646514006095405e-01 7.389790334949958295e-02
2.524074631493177789e-01 6.938157497698521636e-02
2.529502748980259619e-01 6.482846299245954846e-02
2.534930866467342003e-01 6.078943032016593390e-02
2.540358983954423833e-01 5.677891700975136458e-02
2.545787101441506217e-01 5.291830027393502889e-02
2.551215218928588047e-01 4.915294830898150197e-02
2.556643336415670431e-01 4.560865104567025929e-02
2.562071453902752260e-01 4.226734946642416585e-02
2.567499571389834645e-01 3.917601084539889394e-02
2.572927688876916474e-01 3.616824010590163202e-02
2.578355806363998859e-01 3.321425780258172034e-02
2.583783923851080688e-01 3.033666615949429449e-02
2.589212041338163073e-01 2.742087454456010320e-02
2.594640158825244902e-01 2.471948555192203523e-02
2.600068276312327287e-01 2.215312980508261920e-02
2.605496393799409116e-01 1.971667510238038837e-02
2.610924511286491501e-01 1.749327889718564968e-02
2.616352628773573330e-01 1.547521344634049563e-02
2.621780746260655715e-01 1.369525668033833889e-02
2.627208863747737544e-01 1.155982853763221942e-02
2.632636981234819928e-01 9.840547148241092848e-03
2.638065098721901758e-01 8.514226727384680005e-03
2.643493216208984142e-01 6.956947015527839215e-03
2.648921333696065972e-01 5.663671837420326122e-03
2.654349451183148356e-01 4.474650824173653091e-03
2.659777568670230186e-01 3.346675052221435420e-03
2.665205686157312570e-01 2.318746695280703672e-03
2.670633803644394400e-01 1.398286661121104796e-03
2.676061921131476784e-01 8.614146544510803676e-04
2.681490038618558613e-01 5.024524177698303602e-04
2.686918156105640998e-01 2.082590977407976869e-04
2.692346273592722827e-01 6.070391101114716372e-06
2.697774391079805212e-01 -0.000000000000000000e+00
2.703202508566887041e-01 1.997640905248886990e-04
2.708630626053969426e-01 1.211511335189800173e-04
2.714058743541051255e-01 6.962994921258059767e-04
2.719486861028133640e-01 1.173277171273381025e-03
2.724914978515215469e-01 1.784223681259270496e-03
2.730343096002297854e-01 2.259895993426529453e-03
2.735771213489379683e-01 3.193581610160067027e-03
2.741199330976462067e-01 4.393061195379703923e-03
2.746627448463543897e-01 5.831554909474297166e-03
2.752055565950626281e-01 7.245053076592446357e-03
2.757483683437708111e-01 8.711664890622264346e-03
2.762911800924790495e-01 1.038886954195935609e-02
2.768339918411872325e-01 1.239970630048644815e-02
2.773768035898954709e-01 1.441743386034212426e-02
2.779196153386036539e-01 1.666866292284915202e-02
2.784624270873118368e-01 1.915388463840713221e-02
2.790052388360200752e-01 2.190534210820673997e-02
2.795480505847282582e-01 2.468864839908904013e-02
2.800908623334364966e-01 2.775264405690429717e-02
2.806336740821446796e-01 3.052154391259685046e-02
2.811764858308529180e-01 3.351815040736353529e-02
2.817192975795611010e-01 3.673774125656331657e-02
2.822621093282693394e-01 4.055754592111234652e-02
2.828049210769775224e-01 4.456495321762939804e-02
2.833477328256857608e-01 4.838648974883695553e-02
2.838905445743939437e-01 5.197255815920029387e-02
2.844333563231021822e-01 5.602418868841942817e-02
2.849761680718103651e-01 6.022513799281031116e-02
2.855189798205186036e-01 6.460107668830919470e-02
2.860617915692267865e-01 6.915352235274924153e-02
2.866046033179350250e-01 7.374914283923815483e-02
2.871474150666432079e-01 7.851569584803348711e-02
2.876902268153514464e-01 8.342776252111129554e-02
2.882330385640596293e-01 8.861092419118647701e-02
2.887758503127678678e-01 9.376656190314483497e-02
2.893186620614760507e-01 9.893743191142360949e-02
2.898614738101842891e-01 1.044727058840321937e-01
2.904042855588924721e-01 1.102268784683999581e-01
2.909470973076007105e-01 1.159923069203078333e-01
2.914899090563088935e-01 1.217143516899946848e-01
2.920327208050171319e-01 1.278572756995610127e-01
2.925755325537253149e-01 1.341666796671478756e-01
2.931183443024335533e-01 1.407184571073497592e-01
2.936611560511417363e-01 1.470950128712984195e-01
2.942039677998499747e-01 1.535950229496121089e-01
2.947467795485581576e-01 1.603920131270845095e-01
2.952895912972663961e-01 1.672217748198047693e-01
2.958324030459745790e-01 1.744685291977756403e-01
2.963752147946828175e-01 1.815247415933546049e-01
2.969180265433910004e-01 1.888767647239233127e-01
2.974608382920992389e-01 1.966441347461803379e-01
2.980036500408074218e-01 2.040636916914743693e-01
2.985464617895156603e-01 2.116320253876150803e-01
2.990892735382238432e-01 2.192487023836786897e-01
2.996320852869320817e-01 2.271039882611260718e-01
3.001748970356402646e-01 2.351850951812630985e-01
3.007177087843485030e-01 2.431061384007259796e-01
3.012605205330566860e-01 2.511201244242140529e-01
3.018033322817649244e-01 2.597815118346757934e-01
3.023461440304731074e-01 2.683701363638864024e-01
3.028889557791813458e-01 2.767912422827376040e-01
3.034317675278895288e-01 2.855681671567392721e-01
3.039745792765977672e-01 2.941757813476127970e-01
3.045173910253059502e-01 3.030174751385805165e-01
3.050602027740141886e-01 3.119426702298604415e-01
3.056030145227223715e-01 3.213179829686091393e-01
3.061458262714306100e-01 3.309141586623821629e-01
3.066886380201387929e-01 3.403414395943672455e-01
3.072314497688470314e-01 3.496792361202391008e-01
3.077742615175552143e-01 3.593462597553134796e-01
3.083170732662634528e-01 3.691556519286315896e-01
3.088598850149716357e-01 3.793208505440051614e-01
3.094026967636798742e-01 3.894938981237652809e-01
3.099455085123880571e-01 3.996701498570889854e-01
3.104883202610962956e-01 4.097422398341297178e-01
3.110311320098044785e-01 4.199380805690514085e-01
3.115739437585127170e-01 4.305974445407921292e-01
3.121167555072208999e-01 4.412128561613818389e-01
3.126595672559291383e-01 4.520277923858235791e-01
3.132023790046373213e-01 4.629463932176755003e-01
3.137451907533455042e-01 4.737360784923363433e-01
3.142880025020537427e-01 4.850361158637508940e-01
3.148308142507619256e-01 4.960816168284412631e-01
3.153736259994701641e-01 5.073821806308694837e-01
3.159164377481783470e-01 5.185208812450960991e-01
3.164592494968865855e-01 5.294351706850546346e-01
3.170020612455947684e-01 5.410172966525838012e-01
3.175448729943030068e-01 5.528842118823203977e-01
3.180876847430111898e-01 5.645489157591917495e-01
3.186304964917194282e-01 5.763359439398338946e-01
3.191733082404276112e-01 5.884474525888598873e-01
3.197161199891358496e-01 6.003568253990857473e-01
3.202589317378440326e-01 6.125334649434988066e-01
3.208017434865522710e-01 6.246733880881789602e-01
3.213445552352604540e-01 6.370075954555657338e-01
3.218873669839686924e-01 6.498624886643387111e-01
3.224301787326768753e-01 6.621010187063705033e-01
3.229729904813851138e-01 6.746414695662376060e-01
3.235158022300932967e-01 6.875828120991137604e-01
3.240586139788015352e-01 7.004313348275993389e-01
3.246014257275097181e-01 7.134544951574880445e-01
3.251442374762179566e-01 7.264415083112729654e-01
3.256870492249261395e-01 7.392994401548426131e-01
3.262298609736343780e-01 7.524953500004316620e-01
3.267726727223425609e-01 7.658284453244003087e-01
3.273154844710507994e-01 7.793590199174078581e-01
3.278582962197589823e-01 7.929364327894107278e-01
3.284011079684672207e-01 8.066858180763613051e-01
3.289439197171754037e-01 8.204733414124800728e-01
3.294867314658836421e-01 8.342120894460133274e-01
3.300295432145918251e-01 8.481807220608081899e-01
3.305723549633000635e-01 8.619956054767969889e-01
3.311151667120082465e-01 8.759141429003559631e-01
3.316579784607164849e-01 8.901963185714999449e-01
3.322007902094246679e-01 9.042641304334966268e-01
3.327436019581329063e-01 9.186202871158785088e-01
3.332864137068410892e-01 9.331955501539410669e-01
3.338292254555493277e-01 9.479233980084161848e-01
3.343720372042575106e-01 9.624878725849185246e-01
3.349148489529657491e-01 9.771010583038544084e-01
3.354576607016739320e-01 9.920293530113011293e-01
3.360004724503821705e-01 1.007043732660011015e+00
3.365432841990903534e-01 1.022032488548314078e+00
3.370860959477985919e-01 1.037041280877108118e+00
3.376289076965067748e-01 1.052380320148656345e+00
3.381717194452150133e-01 1.067750514797249251e+00
3.387145311939231962e-01 1.083266897129363526e+00
3.392573429426314346e-01 1.098925150297335174e+00
3.398001546913396176e-01 1.114517562410817675e+00
3.403429664400478560e-01 1.130341410969646132e+00
3.408857781887560390e-01 1.146381560786926324e+00
3.414285899374642774e-01 1.162125300302550457e+00
3.419714016861724604e-01 1.178010593043786969e+00
3.425142134348806988e-01 1.193792225308409227e+00
3.430570251835888818e-01 1.210195153164506543e+00
3.435998369322971202e-01 1.226344991501080228e+00
3.441426486810053031e-01 1.242765933500257214e+00
3.446854604297135416e-01 1.259194422511419553e+00
3.452282721784217245e-01 1.275974729970179355e+00
3.457710839271299630e-01 1.293048014606503315e+00
3.463138956758381459e-01 1.310210503583490560e+00
3.468567074245463844e-01 1.327177677362975983e+00
3.473995191732545673e-01 1.343877401058571452e+00
3.479423309219627503e-01 1.360955739954462507e+00
3.484851426706709887e-01 1.378265868539191086e+00
3.490279544193791716e-01 1.395735858982517064e+00
3.495707661680874101e-01 1.413412072651579532e+00
3.501135779167955930e-01 1.431427258763158905e+00
3.506563896655038315e-01 1.448963604533200611e+00
3.511992014142120144e-01 1.466635068172498668e+00
3.517420131629202529e-01 1.484843396581603470e+00
3.522848249116284358e-01 1.503025877403404875e+00
3.528276366603366743e-01 1.521123371336730035e+00
3.533704484090448572e-01 1.539261483411630715e+00
3.539132601577530957e-01 1.557702021173300588e+00
3.544560719064612786e-01 1.576443998383561196e+00
3.549988836551695170e-01 1.595082531828100114e+00
3.555416954038777000e-01 1.613265041914899722e+00
3.560845071525859384e-01 1.632816005700243212e+00
3.566273189012941214e-01 1.651820297854083242e+00
3.571701306500023598e-01 1.671400365053408166e+00
3.577129423987105428e-01 1.690989185353430901e+00
3.582557541474187812e-01 1.710388449187739024e+00
3.587985658961269642e-01 1.729680899712578102e+00
3.593413776448352026e-01 1.749516309502324063e+00
3.598841893935433855e-01 1.769599355712706767e+00
3.604270011422516240e-01 1.789802279594143952e+00
3.609698128909598069e-01 1.810094281354204027e+00
3.615126246396680454e-01 1.830388714243719406e+00
3.620554363883762283e-01 1.850371692869869245e+00
3.625982481370844668e-01 1.871232643481188118e+00
3.631410598857926497e-01 1.891097551514415720e+00
3.636838716345008882e-01 1.912374207854462771e+00
3.642266833832090711e-01 1.933682339551940021e+00
3.647694951319173096e-01 1.954652626492375145e+00
3.653123068806254925e-01 1.976051673573901768e+00
3.658551186293337310e-01 1.997704134709000545e+00
3.663979303780419139e-01 2.019347781718718426e+00
3.669407421267501523e-01 2.040554298329541716e+00
3.674835538754583353e-01 2.062551553598610088e+00
3.680263656241665737e-01 2.084203128184099363e+00
3.685691773728747567e-01 2.106036682616878597e+00
3.691119891215829951e-01 2.128256480227751712e+00
3.696548008702911781e-01 2.150518895089962523e+00
3.701976126189994165e-01 2.173112064128696730e+00
3.707404243677075995e-01 2.195861712932788645e+00
3.712832361164158379e-01 2.218597082129366793e+00
3.718260478651240208e-01 2.241548082822831578e+00
3.723688596138322593e-01 2.264171854459493982e+00
3.729116713625404422e-01 2.287042234589794720e+00
3.734544831112486807e-01 2.310347549678633872e+00
3.739972948599568636e-01 2.334626195942418381e+00
3.745401066086651021e-01 2.357761481248205282e+00
3.750829183573732850e-01 2.381550695208837443e+00
3.756257301060815235e-01 2.405467358773677677e+00
3.761685418547897064e-01 2.429537127141049080e+00
3.767113536034979449e-01 2.454285421747250062e+00
3.772541653522061278e-01 2.479083047735942902e+00
3.777969771009143662e-01 2.504139453626169853e+00
3.783397888496225492e-01 2.529010740975567995e+00
3.788826005983307876e-01 2.554046365994131484e+00
3.794254123470389706e-01 2.578918614046951774e+00
3.799682240957472090e-01 2.604513287195703963e+00
3.805110358444553920e-01 2.630581134112748298e+00
3.810538475931636304e-01 2.656146121826271411e+00
3.815966593418718134e-01 2.681524466333122358e+00
3.821394710905799963e-01 2.707675836189942675e+00
3.826822828392882347e-01 2.734242871619720017e+00
3.832250945879964177e-01 2.761118517785509319e+00
3.837679063367046561e-01 2.787870055987292428e+00
3.843107180854128391e-01 2.815222449409044980e+00
3.848535298341210775e-01 2.842479429110440492e+00
3.853963415828292605e-01 2.869741348478807463e+00
3.859391533315374989e-01 2.897337089052538062e+00
3.864819650802456819e-01 2.925051311514577090e+00
3.870247768289539203e-01 2.952659846509228636e+00
3.875675885776621032e-01 2.981074515159891192e+00
3.881104003263703417e-01 3.009240860359035263e+00
3.886532120750785246e-01 3.038060197830457110e+00
3.891960238237867631e-01 3.066879617770987387e+00
3.897388355724949460e-01 3.095639897842688448e+00
3.902816473212031845e-01 3.125202089947018980e+00
3.908244590699113674e-01 3.154507643316315058e+00
3.913672708186196059e-01 3.183547617612444647e+00
3.919100825673277888e-01 3.213714517884057820e+00
3.924528943160360273e-01 3.243587934531276140e+00
3.929957060647442102e-01 3.274014577513053137e+00
3.935385178134524486e-01 3.304313925809168051e+00
3.940813295621606316e-01 3.334251375243446169e+00
3.946241413108688700e-01 3.365208035449523294e+00
3.951669530595770530e-01 3.396222830886634014e+00
3.957097648082852914e-01 3.427491202107297408e+00
3.962525765569934744e-01 3.458965427010384452e+00
3.967953883057017128e-01 3.491249578309889579e+00
3.973382000544098958e-01 3.523721163006721557e+00
3.978810118031181342e-01 3.555254479491630537e+00
3.984238235518263171e-01 3.588040428741497756e+00
3.989666353005345556e-01 3.620277695092859904e+00
3.995094470492427385e-01 3.653667552692133835e+00
4.000522587979509770e-01 3.686425419098750655e+00
4.005950705466591599e-01 3.720310818342420056e+00
4.011378822953673984e-01 3.753780956569330307e+00
4.016806940440755813e-01 3.787460950760656697e+00
4.022235057927838198e-01 3.822282450250126473e+00
4.027663175414920027e-01 3.857896329774619382e+00
4.033091292902002412e-01 3.892940495825131464e+00
4.038519410389084241e-01 3.927759645278512401e+00
4.043947527876166625e-01 3.962792979016411365e+00
4.049375645363248455e-01 3.999008782529453576e+00
4.054803762850330839e-01 4.035988678283022324e+00
4.060231880337412669e-01 4.072917278798451335e+00
4.065659997824495053e-01 4.109878154619739377e+00
4.071088115311576883e-01 4.147068961263176590e+00
4.076516232798659267e-01 4.183577637209409339e+00
4.081944350285741097e-01 4.221376006629645516e+00
4.087372467772823481e-01 4.258250204057947741e+00
4.092800585259905310e-01 4.296509341867182918e+00
4.098228702746987695e-01 4.334550882068685773e+00
4.103656820234069524e-01 4.373616018138717365e+00
4.109084937721151909e-01 4.412493533647646515e+00
4.114513055208233738e-01 4.451651514313934577e+00
4.119941172695316123e-01 4.491943519769632687e+00
4.125369290182397952e-01 4.532637158710369540e+00
4.130797407669480337e-01 4.572189829009846385e+00
4.136225525156562166e-01 4.612883135939859436e+00
4.141653642643644551e-01 4.654459985064406169e+00
4.147081760130726380e-01 4.695802457787104700e+00
4.152509877617808765e-01 4.738359901963622001e+00
4.157937995104890594e-01 4.780352826418532430e+00
4.163366112591972978e-01 4.822979292686718544e+00
4.168794230079054808e-01 4.865278177451635599e+00
4.174222347566136637e-01 4.907669337431280532e+00
4.179650465053219022e-01 4.951673001056575707e+00
4.185078582540300851e-01 4.995197259771704701e+00
4.190506700027383236e-01 5.039615223319662718e+00
4.195934817514465065e-01 5.084850971442554268e+00
4.201362935001547450e-01 5.128791481123196938e+00
4.206791052488629279e-01 5.175049335760992797e+00
4.212219169975711663e-01 5.221355802822106540e+00
4.217647287462793493e-01 5.268495410128434919e+00
4.223075404949875877e-01 5.316401511490250975e+00
4.228503522436957707e-01 5.362980762868356344e+00
4.233931639924040091e-01 5.411279156473797869e+00
4.239359757411121921e-01 5.458838857604643380e+00
4.244787874898204305e-01 5.505578541055245800e+00
4.250215992385286135e-01 5.554062272914245035e+00
4.255644109872368519e-01 5.603520847607420308e+00
4.261072227359450348e-01 5.654277876273671843e+00
4.266500344846532733e-01 5.705519335977188078e+00
4.271928462333614562e-01 5.756883956192459628e+00
4.277356579820696947e-01 5.809647389709386545e+00
4.282784697307778776e-01 5.861604570924251689e+00
4.288212814794861161e-01 5.914503621099637343e+00
4.293640932281942990e-01 5.967625806520336695e+00
4.299069049769025375e-01 6.019960160145084949e+00
4.304497167256107204e-01 6.073654891761695929e+00
4.309925284743189589e-01 6.128252591648817749e+00
4.315353402230271418e-01 6.182873444452170908e+00
4.320781519717353802e-01 6.239359154860720125e+00
4.326209637204435632e-01 6.295476106192926302e+00
4.331637754691518016e-01 6.351895682030426649e+00
4.337065872178599846e-01 6.409455663250153812e+00
4.342493989665682230e-01 6.466487918094894205e+00
4.347922107152764060e-01 6.524670217849113385e+00
4.353350224639846444e-01 6.583422286615345342e+00
4.358778342126928274e-01 6.643065126481237037e+00
4.364206459614010658e-01 6.702162779545171034e+00
4.369634577101092487e-01 6.762906547865926932e+00
4.375062694588174872e-01 6.824241442284036729e+00
4.380490812075256701e-01 6.886340982096450958e+00
4.385918929562339086e-01 6.948333878474488579e+00
4.391347047049420915e-01 7.011063081087538507e+00
4.396775164536503300e-01 7.074419138909225246e+00
4.402203282023585129e-01 7.137811114652368616e+00
4.407631399510667514e-01 7.202340877730530444e+00
4.413059516997749343e-01 7.267135956965773858e+00
4.418487634484831728e-01 7.333137018110546634e+00
4.423915751971913557e-01 7.399449088746563596e+00
4.429343869458995941e-01 7.466569251800525997e+00
4.434771986946077771e-01 7.535057607896969323e+00
4.440200104433160155e-01 7.603523458318968586e+00
4.445628221920241985e-01 7.671878081416645401e+00
4.451056339407324369e-01 7.740413860863660567e+00
4.456484456894406199e-01 7.810741779978439325e+00
4.461912574381488583e-01 7.882711688400744876e+00
4.467340691868570413e-01 7.953837620005100639e+00
4.472768809355652797e-01 8.026205128568845382e+00
4.478196926842734626e-01 8.099070782976516725e+00
4.483625044329817011e-01 8.173021299801161987e+00
4.489053161816898840e-01 8.246824711106556904e+00
4.494481279303981225e-01 8.321520118250550269e+00
4.499909396791063054e-01 8.395704557513546717e+00
4.505337514278145439e-01 8.470446721685876312e+00
4.510765631765227268e-01 8.547678355426748809e+00
4.516193749252309653e-01 8.624769954359067015e+00
4.521621866739391482e-01 8.703028394313395921e+00
4.527049984226473311e-01 8.782718266672141283e+00
4.532478101713555696e-01 8.862597654242087231e+00
4.537906219200637525e-01 8.945033196807134601e+00
4.543334336687719910e-01 9.026210127210610779e+00
4.548762454174801739e-01 9.109498714063931857e+00
4.554190571661884124e-01 9.193071656877595643e+00
4.559618689148965953e-01 9.277568594986478345e+00
4.565046806636048338e-01 9.360800355373825710e+00
4.570474924123130167e-01 9.444626520737498865e+00
4.575903041610212552e-01 9.528702765291887644e+00
4.581331159097294381e-01 9.616150130381843297e+00
4.586759276584376765e-01 9.705879796856471842e+00
4.592187394071458595e-01 9.794672898025636343e+00
4.597615511558540979e-01 9.883549389679687991e+00
4.603043629045622809e-01 9.971295179206283166e+00
4.608471746532705193e-01 1.006220354445936493e+01
4.613899864019787023e-01 1.015187721422904765e+01
4.619327981506869407e-01 1.024440794481235351e+01
4.624756098993951237e-01 1.033898307118472637e+01
4.630184216481033621e-01 1.043204454934671510e+01
4.635612333968115450e-01 1.052549220341844816e+01
4.641040451455197835e-01 1.062317983997439086e+01
4.646468568942279664e-01 1.072190382974932810e+01
4.651896686429362049e-01 1.082061306251308785e+01
4.657324803916443878e-01 1.091923074747470856e+01
4.662752921403526263e-01 1.102059579486267715e+01
4.668181038890608092e-01 1.112544262441460141e+01
4.673609156377690477e-01 1.122170551731003840e+01
4.679037273864772306e-01 1.132435503084504624e+01
4.684465391351854691e-01 1.142409503305980145e+01
4.689893508838936520e-01 1.152568001928417019e+01
4.695321626326018905e-01 1.163457040004090004e+01
4.700749743813100734e-01 1.174511074672476774e+01
4.706177861300183118e-01 1.185074391206696198e+01
4.711605978787264948e-01 1.195575833528829968e+01
4.717034096274347332e-01 1.206406119557176559e+01
4.722462213761429162e-01 1.217343890144067764e+01
4.727890331248511546e-01 1.228284781359188749e+01
4.733318448735593376e-01 1.239891715555982898e+01
4.738746566222675760e-01 1.250885686448175171e+01
4.744174683709757590e-01 1.262796629832631545e+01
4.749602801196839974e-01 1.273878347343154438e+01
4.755030918683921803e-01 1.285603589602082941e+01
4.760459036171004188e-01 1.297238474106030104e+01
4.765887153658086017e-01 1.308881221883041945e+01
4.771315271145168402e-01 1.320194588516524270e+01
4.776743388632250231e-01 1.331942150343109788e+01
4.782171506119332616e-01 1.344444106616524870e+01
4.787599623606414445e-01 1.356489494570332255e+01
4.793027741093496830e-01 1.368952734880193844e+01
4.798455858580578659e-01 1.382074065363796755e+01
4.803883976067661044e-01 1.394758892865972655e+01
4.809312093554742873e-01 1.407612061212037169e+01
4.814740211041825257e-01 1.420523593169144050e+01
4.820168328528907087e-01 1.433718174393242606e+01
4.825596446015989471e-01 1.447121079776412067e+01
4.831024563503071301e-01 1.460552491212885862e+01
4.836452680990153685e-01 1.474524746944543985e+01
4.841880798477235515e-01 1.488194612980690046e+01
4.847308915964317899e-01 1.502519117301931573e+01
4.852737033451399729e-01 1.515985835443958329e+01
4.858165150938482113e-01 1.531146791350739811e+01
4.863593268425563942e-01 1.545310166314868106e+01
4.869021385912645772e-01 1.560229562889006516e+01
4.874449503399728156e-01 1.574790047304057516e+01
4.879877620886809986e-01 1.588783249367022776e+01
4.885305738373892370e-01 1.603041235106981333e+01
4.890733855860974200e-01 1.617475191798179068e+01
4.896161973348056584e-01 1.631973503617821208e+01
4.901590090835138414e-01 1.647499912894105378e+01
4.907018208322220798e-01 1.662725248455524607e+01
4.912446325809302627e-01 1.677562065609221165e+01
4.917874443296385012e-01 1.692100587867519224e+01
4.923302560783466841e-01 1.708617395461016741e+01
4.928730678270549226e-01 1.725648186483480018e+01
4.934158795757631055e-01 1.742397484201945090e+01
4.939586913244713440e-01 1.756852045992007660e+01
4.945015030731795269e-01 1.772431854086721259e+01
4.950443148218877654e-01 1.788813096067497099e+01
4.955871265705959483e-01 1.804203066000482991e+01
4.961299383193041868e-01 1.820767198085458105e+01
4.966727500680123697e-01 1.837052968089980354e+01
4.972155618167206081e-01 1.854060519806416352e+01
4.977583735654287911e-01 1.870887537332260919e+01
4.983011853141370295e-01 1.890075074675128164e+01
4.988439970628452125e-01 1.906993015476665576e+01
4.993868088115534509e-01 1.925120504684072742e+01
4.999296205602616339e-01 1.942718418564756533e+01
5.004724323089698723e-01 1.959819113620586606e+01
5.010152440576780553e-01 1.978251574348950470e+01
5.015580558063862382e-01 1.994790657583794058e+01
5.021008675550945322e-01 2.012783983131969734e+01
5.026436793038027151e-01 2.032215443919917064e+01
5.031864910525108980e-01 2.050329168794893420e+01
5.037293028012190810e-01 2.070114240449650467e+01
5.042721145499273749e-01 2.087546625513711263e+01
5.048149262986355579e-01 2.106283925463823792e+01
5.053577380473437408e-01 2.126861936209740733e+01
5.059005497960519238e-01 2.146337396188528857e+01
5.064433615447602177e-01 2.169539658399741100e+01
5.069861732934684007e-01 2.189372344674051263e+01
5.075289850421765836e-01 2.213056209980420874e+01
5.080717967908847665e-01 2.230604992751295867e+01
5.086146085395930605e-01 2.248289225858847473e+01
5.091574202883012434e-01 2.275193521188684898e+01
5.097002320370094264e-01 2.296294020440834061e+01
5.102430437857176093e-01 2.321965524327885078e+01
5.107858555344259033e-01 2.340794951429339221e+01
5.113286672831340862e-01 2.366583620559909207e+01
5.118714790318422692e-01 2.387039968842166360e+01
5.124142907805504521e-01 2.409869189760811992e+01
5.129571025292587461e-01 2.438023265128913764e+01
5.134999142779669290e-01 2.455601946137258551e+01
5.140427260266751119e-01 2.476869603693000244e+01
5.145855377753832949e-01 2.494803119307337269e+01
5.151283495240915888e-01 2.517247222044366595e+01
5.156711612727997718e-01 2.542304617720210302e+01
5.162139730215079547e-01 2.560688890159662634e+01
5.167567847702161377e-01 2.579277912658575644e+01
5.172995965189244316e-01 2.598071052770125888e+01
5.178424082676326146e-01 2.617067666607679044e+01
5.183852200163407975e-01 2.640491881223531578e+01
5.189280317650489804e-01 2.677701468749943814e+01
5.194708435137572744e-01 2.706752420529006287e+01
5.200136552624654573e-01 2.740069460363651288e+01
5.205564670111736403e-01 2.759543343887751732e+01
5.210992787598818232e-01 2.794470013102538886e+01
5.216420905085900062e-01 2.814185843490367489e+01
5.221849022572983001e-01 2.844494019274928220e+01
5.227277140060064831e-01 2.876203025381418499e+01
5.232705257547146660e-01 2.905800539104115288e+01
5.238133375034228489e-01 2.936898817305696596e+01
5.243561492521311429e-01 2.972620369154618913e+01
5.248989610008393258e-01 2.993009054032334149e+01
5.254417727495475088e-01 3.027084527880557019e+01
5.259845844982556917e-01 3.047769857861974785e+01
5.265273962469639857e-01 3.068657626010855566e+01
5.270702079956721686e-01 3.113540406946507133e+01
5.276130197443803516e-01 3.154441970664440476e+01
5.281558314930885345e-01 3.199044448043945366e+01
5.286986432417968285e-01 3.254863960528987121e+01
5.292414549905050114e-01 3.276108521863652356e+01
5.297842667392131943e-01 3.331343928497001627e+01
5.303270784879213773e-01 3.352804258457493347e+01
5.308698902366296712e-01 3.374464318369973626e+01
5.314127019853378542e-01 3.444341870004931394e+01
5.319555137340460371e-01 3.466198855825743408e+01
5.324983254827542201e-01 3.488253684811673594e+01
5.330411372314625140e-01 3.510505472643452407e+01
5.335839489801706970e-01 3.532953333865265932e+01
5.341267607288788799e-01 3.666093202372852744e+01
5.346695724775870628e-01 3.688748899693836591e+01
5.352123842262953568e-01 3.780916495165637770e+01
5.357551959750035397e-01 4.229476148667447433e+01
5.362980077237117227e-01 8.289306334778564178e+01
5.368408194724199056e-01 8.289306334778564178e+01
5.373836312211281996e-01 8.289306334778564178e+01
5.379264429698363825e-01 8.289306334778564178e+01
5.384692547185445655e-01 8.289306334778564178e+01
5.390120664672527484e-01 8.289306334778564178e+01
5.395548782159610424e-01 8.289306334778564178e+01
5.400976899646692253e-01 8.289306334778564178e+01
5.406405017133774082e-01 8.289306334778564178e+01
5.411833134620855912e-01 8.289306334778564178e+01
5.417261252107938851e-01 8.289306334778564178e+01
5.422689369595020681e-01 8.289306334778564178e+01
5.428117487082102510e-01 8.289306334778564178e+01
5.433545604569184340e-01 8.289306334778564178e+01
5.438973722056267279e-01 8.289306334778564178e+01
5.444401839543349109e-01 8.289306334778564178e+01
5.449829957030430938e-01 8.289306334778564178e+01
5.455258074517512767e-01 8.289306334778564178e+01
5.460686192004595707e-01 8.289306334778564178e+01
5.466114309491677536e-01 8.289306334778564178e+01
5.471542426978759366e-01 8.289306334778564178e+01
5.476970544465841195e-01 8.289306334778564178e+01
5.482398661952924135e-01 8.289306334778564178e+01
5.487826779440005964e-01 8.289306334778564178e+01
5.493254896927087794e-01 8.289306334778564178e+01
5.498683014414169623e-01 8.289306334778564178e+01
5.504111131901252563e-01 8.289306334778564178e+01
5.509539249388334392e-01 8.289306334778564178e+01
5.514967366875416221e-01 8.289306334778564178e+01
5.520395484362498051e-01 8.289306334778564178e+01
5.525823601849580990e-01 8.289306334778564178e+01
5.531251719336662820e-01 8.289306334778564178e+01
5.536679836823744649e-01 8.289306334778564178e+01
5.542107954310826479e-01 8.289306334778564178e+01
5.547536071797909418e-01 8.289306334778564178e+01
5.552964189284991248e-01 8.289306334778564178e+01
