0.000000000000000000e+00 2.578142561356575868e+01
8.247852090701265253e-04 2.552113295138939719e+01
1.649570418140253051e-03 2.531322363356223093e+01
2.474355627210379684e-03 2.511330462645487316e+01
3.299140836280506101e-03 2.489119905225687646e+01
4.123926045350632952e-03 2.465573088851699524e+01
4.948711254420759369e-03 2.443046384740812016e+01
5.773496463490885786e-03 2.420686763117996776e+01
6.598281672561012202e-03 2.397149032411972769e+01
7.423066881631138619e-03 2.374395091048622675e+01
8.247852090701265904e-03 2.351126931068090187e+01
9.072637299771391453e-03 2.328240488052256296e+01
9.897422508841518737e-03 2.305555936181023213e+01
1.072220771791164429e-02 2.283073081019218620e+01
1.154699292698177157e-02 2.260931742219128537e+01
1.237177813605189712e-02 2.239074024002248464e+01
1.319656334512202440e-02 2.217301836560784878e+01
1.402134855419215169e-02 2.195007585435524433e+01
1.484613376326227724e-02 2.172956641017449186e+01
1.567091897233240452e-02 2.151194953432381496e+01
1.649570418140253181e-02 2.129728425550286630e+01
1.732048939047265562e-02 2.109249114096965627e+01
1.814527459954278291e-02 2.087873500027216167e+01
1.897005980861291019e-02 2.067424650337929393e+01
1.979484501768303747e-02 2.047260833195669605e+01
2.061963022675316476e-02 2.026194683757769255e+01
2.144441543582328857e-02 2.004547052799295415e+01
2.226920064489341586e-02 1.984932977510854357e+01
2.309398585396354314e-02 1.963303119704633914e+01
2.391877106303367043e-02 1.943077583714850221e+01
2.474355627210379424e-02 1.924369472305086148e+01
2.556834148117392153e-02 1.904304699773582144e+01
2.639312669024404881e-02 1.884651126579468894e+01
2.721791189931417609e-02 1.866583709468845953e+01
2.804269710838430338e-02 1.848618247079205190e+01
2.886748231745442719e-02 1.830533751042635870e+01
2.969226752652455448e-02 1.812725716147218691e+01
3.051705273559468176e-02 1.795646832364894507e+01
3.134183794466480905e-02 1.778874865274238815e+01
3.216662315373493286e-02 1.761468026474210191e+01
3.299140836280506361e-02 1.744866333986261608e+01
3.381619357187518743e-02 1.727346871512483872e+01
3.464097878094531124e-02 1.711562803988201154e+01
3.546576399001544200e-02 1.695830946713079967e+01
3.629054919908556581e-02 1.679675346252124513e+01
3.711533440815569657e-02 1.663149038711437555e+01
3.794011961722582038e-02 1.647613959095349045e+01
3.876490482629594420e-02 1.632213624473672553e+01
3.958969003536607495e-02 1.617541491993681291e+01
4.041447524443619876e-02 1.602827862019202598e+01
4.123926045350632952e-02 1.588162099643291647e+01
4.206404566257645333e-02 1.573672558638190999e+01
4.288883087164657715e-02 1.560347762198599675e+01
4.371361608071670790e-02 1.546082043341134593e+01
4.453840128978683172e-02 1.532117011101411919e+01
4.536318649885695553e-02 1.518285534016433402e+01
4.618797170792708628e-02 1.504936157422054599e+01
4.701275691699721010e-02 1.491593479929734656e+01
4.783754212606734085e-02 1.478405212590685736e+01
4.866232733513746467e-02 1.464907171291360832e+01
4.948711254420758848e-02 1.451474393350243197e+01
5.031189775327771924e-02 1.438664526337668192e+01
5.113668296234784305e-02 1.426194286482418683e+01
5.196146817141797380e-02 1.413355502759354998e+01
5.278625338048809762e-02 1.400413583783690186e+01
5.361103858955822143e-02 1.388450026409012672e+01
5.443582379862835219e-02 1.376024667172161386e+01
5.526060900769847600e-02 1.363630323687177004e+01
5.608539421676860676e-02 1.351749836496549761e+01
5.691017942583873057e-02 1.340245583705780241e+01
5.773496463490885439e-02 1.329297438697215661e+01
5.855974984397898514e-02 1.317766420333916955e+01
5.938453505304910895e-02 1.306461693577885974e+01
6.020932026211923971e-02 1.295671072734903539e+01
6.103410547118936352e-02 1.284812832661147297e+01
6.185889068025948734e-02 1.273835686010498236e+01
6.268367588932961809e-02 1.263095137116040156e+01
6.350846109839974885e-02 1.253244353024488866e+01
6.433324630746986572e-02 1.242528572191614522e+01
6.515803151653999647e-02 1.231970262466968968e+01
6.598281672561012723e-02 1.222065206969112694e+01
6.680760193468024410e-02 1.212055113148483620e+01
6.763238714375037486e-02 1.201933212119916128e+01
6.845717235282050561e-02 1.191765311082004608e+01
6.928195756189062249e-02 1.182031031434821955e+01
7.010674277096075324e-02 1.172365507304839305e+01
7.093152798003088400e-02 1.163110111562832039e+01
7.175631318910100087e-02 1.153783331053512029e+01
7.258109839817113162e-02 1.144736840894323038e+01
7.340588360724126238e-02 1.135606012109171914e+01
7.423066881631139313e-02 1.126282202129891097e+01
7.505545402538151001e-02 1.117225126800174984e+01
7.588023923445164076e-02 1.108156561453820110e+01
7.670502444352177152e-02 1.099444069892936859e+01
7.752980965259188839e-02 1.090951366968821290e+01
7.835459486166201915e-02 1.082129711554725127e+01
7.917938007073214990e-02 1.073678591016602724e+01
8.000416527980226677e-02 1.065071197551344184e+01
8.082895048887239753e-02 1.056845904667818026e+01
8.165373569794252828e-02 1.048599585736870665e+01
8.247852090701265904e-02 1.040190092292223589e+01
8.330330611608277591e-02 1.032020707916134228e+01
8.412809132515290667e-02 1.024267490831521599e+01
8.495287653422303742e-02 1.016411436491655351e+01
8.577766174329315430e-02 1.008578242223296684e+01
8.660244695236328505e-02 1.000752316401413289e+01
8.742723216143341580e-02 9.929403064533763867e+00
8.825201737050353268e-02 9.852889475686962939e+00
8.907680257957366343e-02 9.779718620666006501e+00
8.990158778864379419e-02 9.705320657251769845e+00
9.072637299771391106e-02 9.633356773110882898e+00
9.155115820678404182e-02 9.557888820057602430e+00
9.237594341585417257e-02 9.483801864851251651e+00
9.320072862492430332e-02 9.413684293456450192e+00
9.402551383399442020e-02 9.345538278372544028e+00
9.485029904306455095e-02 9.275994762195786336e+00
9.567508425213468171e-02 9.207372861955533949e+00
9.649986946120479858e-02 9.136519903582048130e+00
9.732465467027492934e-02 9.069706235637111646e+00
9.814943987934506009e-02 9.003832628859838039e+00
9.897422508841517697e-02 8.938638752460075665e+00
9.979901029748530772e-02 8.874006248016051757e+00
1.006237955065554385e-01 8.810123794191383695e+00
1.014485807156255692e-01 8.744365540500233180e+00
1.022733659246956861e-01 8.679749990755231792e+00
1.030981511337658169e-01 8.616866797097022967e+00
1.039229363428359476e-01 8.561472915173647280e+00
1.047477215519060645e-01 8.499553149585853618e+00
1.055725067609761952e-01 8.438701480393055121e+00
1.063972919700463260e-01 8.375300017552657295e+00
1.072220771791164429e-01 8.313972001760079777e+00
1.080468623881865736e-01 8.254317785644019523e+00
1.088716475972567044e-01 8.195056077131443573e+00
1.096964328063268213e-01 8.134646166439761572e+00
1.105212180153969520e-01 8.076279555266198784e+00
1.113460032244670828e-01 8.018290050927497248e+00
1.121707884335372135e-01 7.962064092140381355e+00
1.129955736426073304e-01 7.905796404515392339e+00
1.138203588516774611e-01 7.849231997043514930e+00
1.146451440607475919e-01 7.790414236408725657e+00
1.154699292698177088e-01 7.734274567631492125e+00
1.162947144788878395e-01 7.676810547893257564e+00
1.171194996879579703e-01 7.621657082050931287e+00
1.179442848970280872e-01 7.566423004003774544e+00
1.187690701060982179e-01 7.513666687095692076e+00
1.195938553151683487e-01 7.459519616731536296e+00
1.204186405242384794e-01 7.405952499454263815e+00
1.212434257333085963e-01 7.352949457428919366e+00
1.220682109423787270e-01 7.300621969396887678e+00
1.228929961514488578e-01 7.248840666552306189e+00
1.237177813605189747e-01 7.197301774347899084e+00
1.245425665695891054e-01 7.147499471390402093e+00
1.253673517786592362e-01 7.096492168671062473e+00
1.261921369877293531e-01 7.045236344228768210e+00
1.270169221967994977e-01 6.995337311998088836e+00
1.278417074058696146e-01 6.944473921263274008e+00
1.286664926149397314e-01 6.895334503525186953e+00
1.294912778240098761e-01 6.845222177483936576e+00
1.303160630330799929e-01 6.797487712241582436e+00
1.311408482421501098e-01 6.747619717204871748e+00
1.319656334512202545e-01 6.698367776691113384e+00
1.327904186602903713e-01 6.648925611218745146e+00
1.336152038693604882e-01 6.600189789211790448e+00
1.344399890784306328e-01 6.552625745496490239e+00
1.352647742875007497e-01 6.504684931582715990e+00
1.360895594965708666e-01 6.457379196348378869e+00
1.369143447056410112e-01 6.407817559991605627e+00
1.377391299147111281e-01 6.361273320027101441e+00
1.385639151237812450e-01 6.314963904665608752e+00
1.393887003328513896e-01 6.267238964719423322e+00
1.402134855419215065e-01 6.221023236370089471e+00
1.410382707509916234e-01 6.173473648530605651e+00
1.418630559600617680e-01 6.127084168135986886e+00
1.426878411691318849e-01 6.080758567024308725e+00
1.435126263782020017e-01 6.035398687770580750e+00
1.443374115872721464e-01 5.989603357529677652e+00
1.451621967963422632e-01 5.943763053818854836e+00
1.459869820054124079e-01 5.899065544392255944e+00
1.468117672144825248e-01 5.854343528255904872e+00
1.476365524235526416e-01 5.809830921782057622e+00
1.484613376326227863e-01 5.764019362833887605e+00
1.492861228416929031e-01 5.718270748021940797e+00
1.501109080507630200e-01 5.674010285929147912e+00
1.509356932598331646e-01 5.630514526724614832e+00
1.517604784689032815e-01 5.587240999117869755e+00
1.525852636779733984e-01 5.544321666435484630e+00
1.534100488870435430e-01 5.499936904503551993e+00
1.542348340961136599e-01 5.454846581270479611e+00
1.550596193051837768e-01 5.410993181130565155e+00
1.558844045142539214e-01 5.368917944085247917e+00
1.567091897233240383e-01 5.326039323591111874e+00
1.575339749323941552e-01 5.284227879420011043e+00
1.583587601414642998e-01 5.243522874929156252e+00
1.591835453505344167e-01 5.200987885714069670e+00
1.600083305596045335e-01 5.159437041377650246e+00
1.608331157686746782e-01 5.117400290121670636e+00
1.616579009777447951e-01 5.077089053928086848e+00
1.624826861868149119e-01 5.035725091016525212e+00
1.633074713958850566e-01 4.995561282353119914e+00
1.641322566049551734e-01 4.954595378180123078e+00
1.649570418140253181e-01 4.914282521634872225e+00
1.657818270230954349e-01 4.873347794488008589e+00
1.666066122321655518e-01 4.833686563528019953e+00
1.674313974412356965e-01 4.793294190995789350e+00
1.682561826503058133e-01 4.754163348341251982e+00
1.690809678593759302e-01 4.714933924392326503e+00
1.699057530684460748e-01 4.676871543984901791e+00
1.707305382775161917e-01 4.638068575047570974e+00
1.715553234865863086e-01 4.598491471544350340e+00
1.723801086956564532e-01 4.560051392423225103e+00
1.732048939047265701e-01 4.521509309083942441e+00
1.740296791137966870e-01 4.483976208873494684e+00
1.748544643228668316e-01 4.446462840419179940e+00
1.756792495319369485e-01 4.408976362736129140e+00
1.765040347410070654e-01 4.371797615114131119e+00
1.773288199500772100e-01 4.335882888208812069e+00
1.781536051591473269e-01 4.298743314889906131e+00
1.789783903682174437e-01 4.262923399106072431e+00
1.798031755772875884e-01 4.226215992954127643e+00
1.806279607863577052e-01 4.189905223029104064e+00
1.814527459954278221e-01 4.154670895741954695e+00
1.822775312044979668e-01 4.119504505937189975e+00
1.831023164135680836e-01 4.083635709628447685e+00
1.839271016226382283e-01 4.048654306117215107e+00
1.847518868317083451e-01 4.014101730929831469e+00
1.855766720407784620e-01 3.979275887067104556e+00
1.864014572498486066e-01 3.944838831249411815e+00
1.872262424589187235e-01 3.910287679094500035e+00
1.880510276679888404e-01 3.876518213694016168e+00
1.888758128770589850e-01 3.842109709974027343e+00
1.897005980861291019e-01 3.809313194460401952e+00
1.905253832951992188e-01 3.775212959836826698e+00
1.913501685042693634e-01 3.742127338289265026e+00
1.921749537133394803e-01 3.710348550504163345e+00
1.929997389224095972e-01 3.678622988459869791e+00
1.938245241314797418e-01 3.646670883923052386e+00
1.946493093405498587e-01 3.614321418200462599e+00
1.954740945496199755e-01 3.582127873912838378e+00
1.962988797586901202e-01 3.550523535220510674e+00
1.971236649677602371e-01 3.519007915859569291e+00
1.979484501768303539e-01 3.487684449671544673e+00
1.987732353859004986e-01 3.455893779620829331e+00
1.995980205949706154e-01 3.425412231836226784e+00
2.004228058040407323e-01 3.394649499885104227e+00
2.012475910131108769e-01 3.364102701039293208e+00
2.020723762221809938e-01 3.333540494049392677e+00
2.028971614312511385e-01 3.303164237102275358e+00
2.037219466403212553e-01 3.273667893277991237e+00
2.045467318493913722e-01 3.244388021081597184e+00
2.053715170584615168e-01 3.215088707562273385e+00
2.061963022675316337e-01 3.186237093929686015e+00
2.070210874766017506e-01 3.157381430684651935e+00
2.078458726856718952e-01 3.129248947018508087e+00
2.086706578947420121e-01 3.101443106797943106e+00
2.094954431038121290e-01 3.073151192104528917e+00
2.103202283128822736e-01 3.044870073481961370e+00
2.111450135219523905e-01 3.017293701328792377e+00
2.119697987310225074e-01 2.989192954587452711e+00
2.127945839400926520e-01 2.962137934611852152e+00
2.136193691491627689e-01 2.934211800626631117e+00
2.144441543582328857e-01 2.906429487877557616e+00
2.152689395673030304e-01 2.879053345172501999e+00
2.160937247763731472e-01 2.851909935027067355e+00
2.169185099854432641e-01 2.824582038687442953e+00
2.177432951945134088e-01 2.797734719267305881e+00
2.185680804035835256e-01 2.771363047089941301e+00
2.193928656126536425e-01 2.744070410520938363e+00
2.202176508217237871e-01 2.718403222741965664e+00
2.210424360307939040e-01 2.692703559646607570e+00
2.218672212398640486e-01 2.666039215444332200e+00
2.226920064489341655e-01 2.640168326250184716e+00
2.235167916580042824e-01 2.614450669479786438e+00
2.243415768670744270e-01 2.589351887278838582e+00
2.251663620761445439e-01 2.564132264086916635e+00
2.259911472852146608e-01 2.538902139627440491e+00
2.268159324942848054e-01 2.513409694186130139e+00
2.276407177033549223e-01 2.488403038275239343e+00
2.284655029124250392e-01 2.463300369028833980e+00
2.292902881214951838e-01 2.438487319087335958e+00
2.301150733305653007e-01 2.413670409119401228e+00
2.309398585396354175e-01 2.389274987751064838e+00
2.317646437487055622e-01 2.365302233650224295e+00
2.325894289577756791e-01 2.341008025836200268e+00
2.334142141668457959e-01 2.316293245614084562e+00
2.342389993759159406e-01 2.292587481738356914e+00
2.350637845849860574e-01 2.269125619291000984e+00
2.358885697940561743e-01 2.245487185314079870e+00
2.367133550031263189e-01 2.221643502036892315e+00
2.375381402121964358e-01 2.198060968202609100e+00
2.383629254212665527e-01 2.175143223242886670e+00
2.391877106303366973e-01 2.151899569391666489e+00
2.400124958394068142e-01 2.128515871226626555e+00
2.408372810484769588e-01 2.105129701437266299e+00
2.416620662575470757e-01 2.081878819851557427e+00
2.424868514666171926e-01 2.058974608166088682e+00
2.433116366756873372e-01 2.036219408899885064e+00
2.441364218847574541e-01 2.013895605768982300e+00
2.449612070938275710e-01 1.990824582233167828e+00
2.457859923028977156e-01 1.968143143702381526e+00
2.466107775119678325e-01 1.945637419822119574e+00
2.474355627210379494e-01 1.923690165786974271e+00
2.482603479301080940e-01 1.901738181575929332e+00
2.490851331391782109e-01 1.879432007668365934e+00
2.499099183482483277e-01 1.857051473762490579e+00
2.507347035573184724e-01 1.835006043056149672e+00
2.515594887663886170e-01 1.813436816233610083e+00
2.523842739754587061e-01 1.791964519429155134e+00
2.532090591845288507e-01 1.770085984152963920e+00
2.540338443935989954e-01 1.748311574009034031e+00
2.548586296026690845e-01 1.726880125989757264e+00
2.556834148117392291e-01 1.705621342854711564e+00
2.565082000208093738e-01 1.684470207169266986e+00
2.573329852298794629e-01 1.663774735553597672e+00
2.581577704389496075e-01 1.642838753131580676e+00
2.589825556480197521e-01 1.621829802808257615e+00
2.598073408570898413e-01 1.601647192380281304e+00
2.606321260661599859e-01 1.581240656320894500e+00
2.614569112752301305e-01 1.560704860927077942e+00
2.622816964843002197e-01 1.541113377236679627e+00
2.631064816933703643e-01 1.521311329618835195e+00
2.639312669024405089e-01 1.501049133239227507e+00
2.647560521115105980e-01 1.481099044030101730e+00
2.655808373205807427e-01 1.461629411917399368e+00
2.664056225296508873e-01 1.441859344409174515e+00
2.672304077387209764e-01 1.422279943728441021e+00
2.680551929477911210e-01 1.402389027067142413e+00
2.688799781568612657e-01 1.383168450441957020e+00
2.697047633659313548e-01 1.364092643012470463e+00
2.705295485750014994e-01 1.345814666134162119e+00
2.713543337840716441e-01 1.327051321411031104e+00
2.721791189931417332e-01 1.308703453950157192e+00
2.730039042022118778e-01 1.290068065038156186e+00
2.738286894112820224e-01 1.271657633499960971e+00
2.746534746203521116e-01 1.252832727490988063e+00
2.754782598294222562e-01 1.234658716452021077e+00
2.763030450384924008e-01 1.216553811999718571e+00
2.771278302475624900e-01 1.198649026494735370e+00
2.779526154566326346e-01 1.180820252767114331e+00
2.787774006657027792e-01 1.163106229225358224e+00
2.796021858747728683e-01 1.145580534375989723e+00
2.804269710838430130e-01 1.127819313882083341e+00
2.812517562929131576e-01 1.110631943546403821e+00
2.820765415019832467e-01 1.093590210930140749e+00
2.829013267110533913e-01 1.076192468405010594e+00
2.837261119201235360e-01 1.059661566710152991e+00
2.845508971291936251e-01 1.042989923489005877e+00
2.853756823382637697e-01 1.026707954311923743e+00
2.862004675473339144e-01 1.009966984597280959e+00
2.870252527564040035e-01 9.940658541661262504e-01
2.878500379654741481e-01 9.780797442786415274e-01
2.886748231745442927e-01 9.624697973886070512e-01
2.894996083836144374e-01 9.470636928063272952e-01
2.903243935926845265e-01 9.312502677628259340e-01
2.911491788017546711e-01 9.159464091759785820e-01
2.919739640108248158e-01 9.004972117936397291e-01
2.927987492198949049e-01 8.854445598305193954e-01
2.936235344289650495e-01 8.701205974175791891e-01
2.944483196380351941e-01 8.549461187408914364e-01
2.952731048471052833e-01 8.407526711742119296e-01
2.960978900561754279e-01 8.265210323552077964e-01
2.969226752652455725e-01 8.121574173108883077e-01
2.977474604743156616e-01 7.979346258840445127e-01
2.985722456833858063e-01 7.840843427618695571e-01
2.993970308924559509e-01 7.699392406331062588e-01
3.002218161015260400e-01 7.565229681749223722e-01
3.010466013105961847e-01 7.428221173753943862e-01
3.018713865196663293e-01 7.292683719627764960e-01
3.026961717287364184e-01 7.157031958923633086e-01
3.035209569378065630e-01 7.024635666959454516e-01
3.043457421468767077e-01 6.896083316908898642e-01
3.051705273559467968e-01 6.767763356837789290e-01
3.059953125650169414e-01 6.639084288939978151e-01
3.068200977740870861e-01 6.512371283621568585e-01
3.076448829831571752e-01 6.386355707828130779e-01
3.084696681922273198e-01 6.259672667959764736e-01
3.092944534012974644e-01 6.140763842584092691e-01
3.101192386103675536e-01 6.024911827485911475e-01
3.109440238194376982e-01 5.906763940812068681e-01
3.117688090285078428e-01 5.789735147844785601e-01
3.125935942375779319e-01 5.674177977967245212e-01
3.134183794466480766e-01 5.556071639827159236e-01
3.142431646557182212e-01 5.440015784083520600e-01
3.150679498647883103e-01 5.329995587819544856e-01
3.158927350738584550e-01 5.218184258361698857e-01
3.167175202829285996e-01 5.107275170800741337e-01
3.175423054919986887e-01 4.995575976800214479e-01
3.183670907010688333e-01 4.888279543349909884e-01
3.191918759101389780e-01 4.781233262788037730e-01
3.200166611192090671e-01 4.676366483029725796e-01
3.208414463282792117e-01 4.570214226501243537e-01
3.216662315373493564e-01 4.467942094074264237e-01
3.224910167464194455e-01 4.366741125670260404e-01
3.233158019554895901e-01 4.265604857328161859e-01
3.241405871645597347e-01 4.165108617236434330e-01
3.249653723736298239e-01 4.067137782089694231e-01
3.257901575826999685e-01 3.969583177560516707e-01
3.266149427917701131e-01 3.874528821124898492e-01
3.274397280008402578e-01 3.782324541144446717e-01
3.282645132099103469e-01 3.688927247470659698e-01
3.290892984189804915e-01 3.594057923992408088e-01
3.299140836280506361e-01 3.503330859019708754e-01
3.307388688371207253e-01 3.410294680082842089e-01
3.315636540461908699e-01 3.322221633688625664e-01
3.323884392552610145e-01 3.236999636690231497e-01
3.332132244643311036e-01 3.148614743237179714e-01
3.340380096734012483e-01 3.060593957595484915e-01
3.348627948824713929e-01 2.975607898764173198e-01
3.356875800915414820e-01 2.893562058943833781e-01
3.365123653006116267e-01 2.810460886199108721e-01
3.373371505096817713e-01 2.729578802437716556e-01
3.381619357187518604e-01 2.649105203970942291e-01
3.389867209278220050e-01 2.567613985070389404e-01
3.398115061368921497e-01 2.487740379839536442e-01
3.406362913459622388e-01 2.410759917086019999e-01
3.414610765550323834e-01 2.335506925173171933e-01
3.422858617641025281e-01 2.262346652910010580e-01
3.431106469731726172e-01 2.187017455500826768e-01
3.439354321822427618e-01 2.114530027363531184e-01
3.447602173913129064e-01 2.044456765852770974e-01
3.455850026003829956e-01 1.973749128423193666e-01
3.464097878094531402e-01 1.909049940328822748e-01
3.472345730185232848e-01 1.840696753439650946e-01
3.480593582275933739e-01 1.772335928897948720e-01
3.488841434366635186e-01 1.705923041667558315e-01
3.497089286457336632e-01 1.641360923891095613e-01
3.505337138548037523e-01 1.578530416697221384e-01
3.513584990638738970e-01 1.515275112076174269e-01
3.521832842729440416e-01 1.455563422889468994e-01
3.530080694820141307e-01 1.397997436172728758e-01
3.538328546910842753e-01 1.343054292842791597e-01
3.546576399001544200e-01 1.286883345498139319e-01
3.554824251092245091e-01 1.228938712797188748e-01
3.563072103182946537e-01 1.174021657400185215e-01
3.571319955273647984e-01 1.121778618311144032e-01
3.579567807364348875e-01 1.071406091488629891e-01
3.587815659455050321e-01 1.021493706758303532e-01
3.596063511545751767e-01 9.707570306297844120e-02
3.604311363636452659e-01 9.212198917369666951e-02
3.612559215727154105e-01 8.746343939330641915e-02
3.620807067817855551e-01 8.266316190455892665e-02
3.629054919908556442e-01 7.805870736268617771e-02
3.637302771999257889e-01 7.350907084684585313e-02
3.645550624089959335e-01 6.904913014604936727e-02
3.653798476180660781e-01 6.473605261526950427e-02
3.662046328271361673e-01 6.117164351436436831e-02
3.670294180362063119e-01 5.712875291800753597e-02
3.678542032452764565e-01 5.333146135716385766e-02
3.686789884543465456e-01 4.920363856439129852e-02
3.695037736634166903e-01 4.558437061702274445e-02
3.703285588724868349e-01 4.241091487369483271e-02
3.711533440815569240e-01 3.932282430322231459e-02
3.719781292906270687e-01 3.613132618265538915e-02
3.728029144996972133e-01 3.333671807714459756e-02
3.736276997087673024e-01 3.056697497754987808e-02
3.744524849178374470e-01 2.780123866511116648e-02
3.752772701269075917e-01 2.533486121334653507e-02
3.761020553359776808e-01 2.263504655263848253e-02
3.769268405450478254e-01 2.024326809508856378e-02
3.777516257541179701e-01 1.817064051821434476e-02
3.785764109631880592e-01 1.597741752719538180e-02
3.794011961722582038e-01 1.415877026387234172e-02
3.802259813813283484e-01 1.220174827927762197e-02
3.810507665903984376e-01 1.048648610754161770e-02
3.818755517994685822e-01 8.940025151594954353e-03
3.827003370085387268e-01 7.591610418679194984e-03
3.835251222176088159e-01 6.091467184615185701e-03
3.843499074266789606e-01 4.824727442351480107e-03
3.851746926357491052e-01 3.757299944356077680e-03
3.859994778448191943e-01 3.038913226810743221e-03
3.868242630538893390e-01 2.190573722674463153e-03
3.876490482629594836e-01 1.480540769021022884e-03
3.884738334720295727e-01 8.437011794521525514e-04
3.892986186810997173e-01 6.483187345720999202e-04
3.901234038901698620e-01 2.995916600844697616e-04
3.909481890992399511e-01 -0.000000000000000000e+00
3.917729743083100957e-01 3.116406670875834870e-04
3.925977595173802404e-01 4.654056564067651585e-04
3.934225447264503295e-01 7.169727214556999425e-04
3.942473299355204741e-01 8.773745448853732505e-04
3.950721151445906187e-01 1.331426977225527632e-03
3.958969003536607079e-01 2.138801404523345880e-03
3.967216855627308525e-01 3.142972418659279506e-03
3.975464707718009971e-01 4.376955847491348882e-03
3.983712559808710862e-01 5.569199583568780476e-03
3.991960411899412309e-01 6.937624414645822760e-03
4.000208263990113755e-01 8.137366544614728359e-03
4.008456116080814646e-01 9.542487443807983957e-03
4.016703968171516093e-01 1.137125575038477020e-02
4.024951820262217539e-01 1.312431821124412576e-02
4.033199672352918985e-01 1.498257139255251315e-02
4.041447524443619876e-01 1.716943996499972064e-02
4.049695376534321323e-01 1.936321302681582451e-02
4.057943228625022769e-01 2.163669112704820485e-02
4.066191080715723660e-01 2.422622078883277311e-02
4.074438932806425107e-01 2.666821163542318004e-02
4.082686784897126553e-01 2.955865357133187488e-02
4.090934636987827444e-01 3.266486669325644604e-02
4.099182489078528890e-01 3.584252868396153868e-02
4.107430341169230337e-01 3.915772272765476875e-02
4.115678193259931228e-01 4.256489004474292570e-02
4.123926045350632674e-01 4.612249194280253206e-02
4.132173897441334121e-01 4.984176313778282408e-02
4.140421749532035012e-01 5.393686028865247312e-02
4.148669601622736458e-01 5.798678677490501365e-02
4.156917453713437904e-01 6.189359418648314459e-02
4.165165305804138796e-01 6.564482745418091791e-02
4.173413157894840242e-01 6.994895934461921316e-02
4.181661009985541688e-01 7.435539569882668176e-02
4.189908862076242579e-01 7.886005953465820284e-02
4.198156714166944026e-01 8.335820732086469953e-02
4.206404566257645472e-01 8.825538256075571297e-02
4.214652418348346363e-01 9.327331998604566909e-02
4.222900270439047810e-01 9.836273204796103231e-02
4.231148122529749256e-01 1.038076319208973419e-01
4.239395974620450147e-01 1.093701609209341563e-01
4.247643826711151593e-01 1.147597704454286771e-01
4.255891678801853040e-01 1.204591416799047909e-01
4.264139530892553931e-01 1.261178485314387310e-01
4.272387382983255377e-01 1.318967281751234344e-01
4.280635235073956824e-01 1.381892797962814279e-01
4.288883087164657715e-01 1.444861813584877863e-01
4.297130939255359161e-01 1.508805530197019906e-01
4.305378791346060607e-01 1.574923784628871337e-01
4.313626643436761499e-01 1.641179012684497174e-01
4.321874495527462945e-01 1.708663906447100422e-01
4.330122347618164391e-01 1.779914080025226386e-01
4.338370199708865282e-01 1.847402483046727828e-01
4.346618051799566729e-01 1.915672042142283482e-01
4.354865903890268175e-01 1.985333826164872584e-01
4.363113755980969066e-01 2.059837690954507139e-01
4.371361608071670513e-01 2.133563156512171821e-01
4.379609460162371959e-01 2.209614313344154812e-01
4.387857312253072850e-01 2.286436587895359085e-01
4.396105164343774296e-01 2.364100392326502487e-01
4.404353016434475743e-01 2.443310284564221835e-01
4.412600868525176634e-01 2.521468406733682333e-01
4.420848720615878080e-01 2.604477530810603847e-01
4.429096572706579527e-01 2.686873445656753345e-01
4.437344424797280973e-01 2.772702814895560697e-01
4.445592276887981864e-01 2.857629887028468318e-01
4.453840128978683310e-01 2.943073637728838010e-01
4.462087981069384757e-01 3.033147882174953569e-01
4.470335833160085648e-01 3.121014793908662432e-01
4.478583685250787094e-01 3.215359196396693209e-01
4.486831537341488541e-01 3.310343441505875228e-01
4.495079389432189432e-01 3.404168726444330439e-01
4.503327241522890878e-01 3.500592652010284245e-01
4.511575093613592324e-01 3.592658344087180100e-01
4.519822945704293216e-01 3.688905712748148935e-01
4.528070797794994662e-01 3.788809308323837222e-01
4.536318649885696108e-01 3.886594883537057288e-01
4.544566501976396999e-01 3.985780698755133078e-01
4.552814354067098446e-01 4.087065853576216101e-01
4.561062206157799892e-01 4.189301392251012501e-01
4.569310058248500783e-01 4.296388212659107975e-01
4.577557910339202230e-01 4.400485112841900359e-01
4.585805762429903676e-01 4.504979064549439749e-01
4.594053614520604567e-01 4.612880969191556768e-01
4.602301466611306013e-01 4.722245807942929696e-01
4.610549318702007460e-01 4.835283986345406126e-01
4.618797170792708351e-01 4.949900973744563726e-01
4.627045022883409797e-01 5.062023598279886683e-01
4.635292874974111244e-01 5.176474511727785499e-01
4.643540727064812135e-01 5.291763664283535284e-01
4.651788579155513581e-01 5.409650768760897455e-01
4.660036431246215027e-01 5.526584748554673743e-01
4.668284283336915919e-01 5.645305582559182467e-01
4.676532135427617365e-01 5.766813043516720860e-01
4.684779987518318811e-01 5.889065114870808415e-01
4.693027839609019702e-01 6.014061819383895724e-01
4.701275691699721149e-01 6.139950167958089233e-01
4.709523543790422595e-01 6.267272430535749672e-01
4.717771395881123486e-01 6.394862498931689343e-01
4.726019247971824933e-01 6.528365715432131733e-01
4.734267100062526379e-01 6.662454829991063532e-01
4.742514952153227270e-01 6.795507483285898598e-01
4.750762804243928716e-01 6.927742928908338094e-01
4.759010656334630163e-01 7.062685285088197151e-01
4.767258508425331054e-01 7.202062969846645402e-01
4.775506360516032500e-01 7.341049479873660299e-01
4.783754212606733947e-01 7.478718719891431777e-01
4.792002064697434838e-01 7.616960609175557062e-01
4.800249916788136284e-01 7.759252682055719497e-01
4.808497768878837730e-01 7.900832042953604972e-01
4.816745620969539177e-01 8.047517545333059408e-01
4.824993473060240068e-01 8.193745592286185708e-01
4.833241325150941514e-01 8.340709870346479926e-01
4.841489177241642961e-01 8.487815685621037387e-01
4.849737029332343852e-01 8.640573202870459601e-01
4.857984881423045298e-01 8.789842225513436746e-01
4.866232733513746744e-01 8.942556680503827016e-01
4.874480585604447636e-01 9.094370485456182429e-01
4.882728437695149082e-01 9.246931052152441710e-01
4.890976289785850528e-01 9.403641848996902031e-01
4.899224141876551419e-01 9.564011407384772623e-01
4.907471993967252866e-01 9.725132346850159371e-01
4.915719846057954312e-01 9.886215008270460292e-01
4.923967698148655203e-01 1.004490497476592248e+00
4.932215550239356650e-01 1.020411500359225565e+00
4.940463402330058096e-01 1.036661213055073638e+00
4.948711254420758987e-01 1.053336125221733255e+00
4.956959106511460433e-01 1.070003576979537518e+00
4.965206958602161880e-01 1.086118030799561041e+00
4.973454810692862771e-01 1.102980256632322131e+00
4.981702662783564217e-01 1.119618385008291916e+00
4.989950514874265664e-01 1.137119176930112552e+00
4.998198366964966555e-01 1.154179958219663682e+00
5.006446219055668001e-01 1.171730250670967921e+00
5.014694071146369447e-01 1.188800557298283156e+00
5.022941923237070894e-01 1.205819336217807791e+00
5.031189775327772340e-01 1.223753303287211880e+00
5.039437627418472676e-01 1.241293983235990384e+00
5.047685479509174122e-01 1.259341910554542476e+00
5.055933331599875569e-01 1.277318373795053530e+00
5.064181183690577015e-01 1.295932982392971944e+00
5.072429035781278461e-01 1.314224222972977696e+00
5.080676887871979908e-01 1.332429531743328344e+00
5.088924739962680244e-01 1.350836142768209402e+00
5.097172592053381690e-01 1.369241574894938251e+00
5.105420444144083136e-01 1.388059704704650787e+00
5.113668296234784583e-01 1.407076012206357252e+00
5.121916148325486029e-01 1.426490895106554690e+00
5.130164000416187475e-01 1.445883135745269721e+00
5.138411852506887811e-01 1.465192076731882231e+00
5.146659704597589258e-01 1.484458811796653066e+00
5.154907556688290704e-01 1.503956638574183602e+00
5.163155408778992150e-01 1.523890100522581115e+00
5.171403260869693597e-01 1.544036741483010067e+00
5.179651112960395043e-01 1.563853773793910884e+00
5.187898965051095379e-01 1.583670214367948859e+00
5.196146817141796825e-01 1.603820609912036677e+00
5.204394669232498272e-01 1.624351673552526965e+00
5.212642521323199718e-01 1.644801354658489867e+00
5.220890373413901164e-01 1.665257101452398025e+00
5.229138225504602611e-01 1.686180858596062926e+00
5.237386077595302947e-01 1.707349837619641653e+00
5.245633929686004393e-01 1.728196878515658508e+00
5.253881781776705839e-01 1.749395215065129072e+00
5.262129633867407286e-01 1.770542245004213866e+00
5.270377485958108732e-01 1.791740859720938772e+00
5.278625338048810178e-01 1.813222015133071352e+00
5.286873190139510514e-01 1.834637520525217447e+00
5.295121042230211961e-01 1.856603374368973824e+00
5.303368894320913407e-01 1.878240902055450023e+00
5.311616746411614853e-01 1.900516588687016784e+00
5.319864598502316300e-01 1.922972503831384516e+00
5.328112450593017746e-01 1.945450893301709616e+00
5.336360302683718082e-01 1.968353637084804486e+00
5.344608154774419528e-01 1.990952056699859085e+00
5.352856006865120975e-01 2.013181973055007123e+00
5.361103858955822421e-01 2.036214656238147569e+00
5.369351711046523867e-01 2.058939701696163027e+00
5.377599563137225314e-01 2.081845130094340579e+00
5.385847415227926760e-01 2.104633728903398726e+00
5.394095267318627096e-01 2.128539789246219893e+00
5.402343119409328542e-01 2.152288833481402985e+00
5.410590971500029989e-01 2.176134706046630285e+00
5.418838823590731435e-01 2.200077405564464961e+00
5.427086675681432881e-01 2.224447877081118463e+00
5.435334527772134328e-01 2.248042588753035087e+00
5.443582379862834664e-01 2.272659038877526960e+00
5.451830231953536110e-01 2.297258062256272382e+00
5.460078084044237556e-01 2.321828578777481944e+00
5.468325936134939003e-01 2.346757633012222399e+00
5.476573788225640449e-01 2.371318492391179422e+00
5.484821640316341895e-01 2.396028084164747884e+00
5.493069492407042231e-01 2.421303079103790168e+00
5.501317344497743678e-01 2.446995420849793934e+00
5.509565196588445124e-01 2.472330725090221115e+00
5.517813048679146570e-01 2.497429806447025058e+00
5.526060900769848017e-01 2.522738368158968569e+00
5.534308752860549463e-01 2.548038440031096474e+00
5.542556604951249799e-01 2.574163192301734959e+00
5.550804457041951245e-01 2.599918367810612363e+00
5.559052309132652692e-01 2.626068405655775706e+00
5.567300161223354138e-01 2.652299939112911176e+00
5.575548013314055584e-01 2.678488267339656836e+00
5.583795865404757031e-01 2.704778477264487613e+00
5.592043717495457367e-01 2.731491388982533852e+00
5.600291569586158813e-01 2.758347309016765170e+00
5.608539421676860259e-01 2.784641371514221753e+00
5.616787273767561706e-01 2.811206539448362296e+00
5.625035125858263152e-01 2.838125824499960093e+00
5.633282977948964598e-01 2.864781891947429937e+00
5.641530830039664934e-01 2.891780468601459209e+00
5.649778682130366381e-01 2.919198728284707389e+00
5.658026534221067827e-01 2.946371833965779174e+00
5.666274386311769273e-01 2.973147106912108484e+00
5.674522238402470720e-01 3.000749110919465501e+00
5.682770090493172166e-01 3.027988811480753828e+00
5.691017942583872502e-01 3.056223179806264678e+00
5.699265794674573948e-01 3.084040164128825534e+00
5.707513646765275395e-01 3.112215698510099493e+00
5.715761498855976841e-01 3.140352122918061095e+00
5.724009350946678287e-01 3.168513496876503854e+00
5.732257203037379734e-01 3.197099760169114457e+00
5.740505055128080070e-01 3.225085005364956459e+00
5.748752907218781516e-01 3.254326448086850121e+00
5.757000759309482962e-01 3.283821544057423658e+00
5.765248611400184409e-01 3.312534345138865355e+00
5.773496463490885855e-01 3.341949946351333800e+00
5.781744315581587301e-01 3.371948169024940878e+00
5.789992167672288748e-01 3.401299538421814983e+00
5.798240019762989084e-01 3.431416777032382903e+00
5.806487871853690530e-01 3.461204164879613021e+00
5.814735723944391976e-01 3.490861968375615909e+00
5.822983576035093423e-01 3.521077344340030280e+00
5.831231428125794869e-01 3.551445528835740717e+00
5.839479280216496315e-01 3.581707569114917611e+00
5.847727132307196651e-01 3.611798474982769847e+00
5.855974984397898098e-01 3.642150974027893895e+00
5.864222836488599544e-01 3.672799227150608470e+00
5.872470688579300990e-01 3.703681235881462364e+00
5.880718540670002437e-01 3.734937309634826175e+00
5.888966392760703883e-01 3.766968479789357005e+00
5.897214244851404219e-01 3.798646772220318102e+00
5.905462096942105665e-01 3.830945029579958749e+00
5.913709949032807112e-01 3.863505595361453882e+00
5.921957801123508558e-01 3.895787854836407771e+00
5.930205653214210004e-01 3.928299016386476605e+00
5.938453505304911451e-01 3.960431562750118761e+00
5.946701357395611787e-01 3.993183942033804446e+00
5.954949209486313233e-01 4.025759053969545143e+00
5.963197061577014679e-01 4.057945631890975235e+00
5.971444913667716126e-01 4.090857775666520979e+00
5.979692765758417572e-01 4.124538714532297590e+00
5.987940617849119018e-01 4.157935380998354802e+00
5.996188469939819354e-01 4.191145943356786141e+00
6.004436322030520801e-01 4.224684535623692838e+00
6.012684174121222247e-01 4.258122674446021882e+00
6.020932026211923693e-01 4.292852684970466903e+00
6.029179878302625140e-01 4.327152414393510504e+00
6.037427730393326586e-01 4.361549359879578702e+00
6.045675582484026922e-01 4.396061273838735239e+00
6.053923434574728368e-01 4.430547901346315598e+00
6.062171286665429815e-01 4.465339677181314748e+00
6.070419138756131261e-01 4.500552616230520719e+00
6.078666990846832707e-01 4.535681800957452658e+00
6.086914842937534154e-01 4.570993402692240970e+00
6.095162695028234490e-01 4.607477645782450004e+00
6.103410547118935936e-01 4.643475284165831773e+00
6.111658399209637382e-01 4.679730536214500525e+00
6.119906251300338829e-01 4.715557403838410266e+00
6.128154103391040275e-01 4.751595213899467041e+00
6.136401955481741721e-01 4.788488403786094416e+00
6.144649807572443168e-01 4.826070648102209759e+00
6.152897659663143504e-01 4.863132617000935021e+00
6.161145511753844950e-01 4.900326767977391640e+00
6.169393363844546396e-01 4.935208140397119969e+00
6.177641215935247843e-01 4.972097020166584613e+00
6.185889068025949289e-01 5.009384983263385216e+00
6.194136920116650735e-01 5.047831721335816368e+00
6.202384772207351071e-01 5.087144259459455142e+00
6.210632624298052518e-01 5.124360731070752628e+00
6.218880476388753964e-01 5.163516835859080167e+00
6.227128328479455410e-01 5.201699954650742974e+00
6.235376180570156857e-01 5.238555533899969419e+00
6.243624032660858303e-01 5.277298967788705220e+00
6.251871884751558639e-01 5.317134413855225894e+00
6.260119736842260085e-01 5.357160466926004894e+00
6.268367588932961532e-01 5.396482713734159553e+00
6.276615441023662978e-01 5.436579133444771728e+00
6.284863293114364424e-01 5.476518384435850706e+00
6.293111145205065871e-01 5.516456755969929127e+00
6.301358997295766207e-01 5.557025725995835330e+00
6.309606849386467653e-01 5.598626825661017214e+00
6.317854701477169099e-01 5.640693648317987474e+00
6.326102553567870546e-01 5.681938714642872590e+00
6.334350405658571992e-01 5.724653772623356396e+00
6.342598257749273438e-01 5.767697397385266100e+00
6.350846109839973774e-01 5.811521329323434237e+00
6.359093961930675221e-01 5.854179306132720306e+00
6.367341814021376667e-01 5.897345262979376557e+00
6.375589666112078113e-01 5.940704723572458157e+00
6.383837518202779560e-01 5.983276715094749676e+00
6.392085370293481006e-01 6.028237652138055402e+00
6.400333222384181342e-01 6.072262305652054160e+00
6.408581074474882788e-01 6.116029452303295422e+00
6.416828926565584235e-01 6.161810374005650459e+00
6.425076778656285681e-01 6.208100620193900632e+00
6.433324630746987127e-01 6.254208381441315190e+00
6.441572482837688574e-01 6.299564543447441878e+00
6.449820334928388910e-01 6.346625101233994037e+00
6.458068187019090356e-01 6.392877390469027254e+00
6.466316039109791802e-01 6.439897783098589734e+00
6.474563891200493249e-01 6.487265292057387001e+00
6.482811743291194695e-01 6.536046302964403587e+00
6.491059595381896141e-01 6.585361328445320517e+00
6.499307447472596477e-01 6.634626558848286670e+00
6.507555299563297924e-01 6.681077099665834851e+00
6.515803151653999370e-01 6.730287279110316767e+00
6.524051003744700816e-01 6.782148983461393499e+00
6.532298855835402263e-01 6.831081848856203287e+00
6.540546707926103709e-01 6.880549954143948987e+00
6.548794560016805155e-01 6.930984092142329800e+00
6.557042412107505491e-01 6.981810053836634999e+00
6.565290264198206938e-01 7.032953802188826486e+00
6.573538116288908384e-01 7.086729888519424314e+00
6.581785968379609830e-01 7.139970613257121457e+00
6.590033820470311277e-01 7.189890084525553782e+00
6.598281672561012723e-01 7.242322298351115073e+00
6.606529524651713059e-01 7.295441805585477724e+00
6.614777376742414505e-01 7.346568629685497953e+00
6.623025228833115952e-01 7.397305253106788214e+00
6.631273080923817398e-01 7.449769627771797964e+00
6.639520933014518844e-01 7.504420367688153348e+00
6.647768785105220291e-01 7.559155657065359968e+00
6.656016637195920627e-01 7.614136945547940627e+00
6.664264489286622073e-01 7.668445649534088915e+00
6.672512341377323519e-01 7.723118538650179943e+00
6.680760193468024966e-01 7.778442779345827951e+00
6.689008045558726412e-01 7.833796912880486296e+00
6.697255897649427858e-01 7.890181538080887513e+00
6.705503749740128194e-01 7.948765728674933584e+00
6.713751601830829641e-01 8.006487122875945772e+00
6.721999453921531087e-01 8.064025508104666784e+00
6.730247306012232533e-01 8.117499184297084724e+00
6.738495158102933980e-01 8.177088172101164787e+00
6.746743010193635426e-01 8.237368932782588971e+00
6.754990862284335762e-01 8.296978169444953366e+00
6.763238714375037208e-01 8.356018575070713439e+00
6.771486566465738655e-01 8.416503679472508992e+00
6.779734418556440101e-01 8.475182294926435489e+00
6.787982270647141547e-01 8.533051204158326186e+00
6.796230122737842994e-01 8.593597700183609689e+00
6.804477974828543330e-01 8.656921414300068562e+00
6.812725826919244776e-01 8.718616467155719363e+00
6.820973679009946222e-01 8.781266102598635825e+00
6.829221531100647669e-01 8.843400736118523398e+00
6.837469383191349115e-01 8.905496138615882629e+00
6.845717235282050561e-01 8.968928543521137442e+00
6.853965087372750897e-01 9.030514182693956116e+00
6.862212939463452344e-01 9.094690369640080263e+00
6.870460791554153790e-01 9.156246926921523865e+00
6.878708643644855236e-01 9.219283232517264892e+00
6.886956495735556683e-01 9.282343607247929285e+00
6.895204347826258129e-01 9.345063380014222432e+00
6.903452199916958465e-01 9.411543844818066162e+00
6.911700052007659911e-01 9.479860274041985946e+00
6.919947904098361358e-01 9.545042086248889390e+00
6.928195756189062804e-01 9.612036404493213837e+00
6.936443608279764250e-01 9.679850333031172482e+00
6.944691460370465697e-01 9.749442011995119728e+00
6.952939312461167143e-01 9.814824236749428721e+00
6.961187164551867479e-01 9.881725346880619654e+00
6.969435016642568925e-01 9.948701226381636786e+00
6.977682868733270372e-01 1.001622892364649609e+01
6.985930720823971818e-01 1.008200738576938527e+01
6.994178572914673264e-01 1.015381830429867094e+01
7.002426425005374711e-01 1.022123480874004109e+01
7.010674277096075047e-01 1.028895018608301548e+01
7.018922129186776493e-01 1.035960919035337646e+01
7.027169981277477939e-01 1.042713071208283893e+01
7.035417833368179386e-01 1.049701244377602372e+01
7.043665685458880832e-01 1.057143421406566119e+01
7.051913537549582278e-01 1.064282534979769146e+01
7.060161389640282614e-01 1.071352041018908707e+01
7.068409241730984061e-01 1.078803167525569506e+01
7.076657093821685507e-01 1.086107508090215568e+01
7.084904945912386953e-01 1.093638760332656013e+01
7.093152798003088400e-01 1.101193212136942989e+01
7.101400650093789846e-01 1.108347138694886524e+01
7.109648502184490182e-01 1.115960503172168217e+01
7.117896354275191628e-01 1.123494331893834897e+01
7.126144206365893075e-01 1.131522524555243692e+01
7.134392058456594521e-01 1.139141533919946880e+01
7.142639910547295967e-01 1.146931918116602311e+01
7.150887762637997414e-01 1.154695164355259607e+01
7.159135614728697750e-01 1.162118776113717011e+01
7.167383466819399196e-01 1.170549822916112070e+01
7.175631318910100642e-01 1.178989350468620501e+01
7.183879171000802089e-01 1.186947719041360827e+01
7.192127023091503535e-01 1.195451942777924614e+01
7.200374875182204981e-01 1.203651741674390330e+01
7.208622727272905317e-01 1.211444236278935982e+01
7.216870579363606764e-01 1.219825479867945361e+01
7.225118431454308210e-01 1.228510338144290337e+01
7.233366283545009656e-01 1.236619433905518406e+01
7.241614135635711103e-01 1.245357603786802692e+01
7.249861987726412549e-01 1.253264526290498537e+01
7.258109839817112885e-01 1.261721757920583897e+01
7.266357691907814331e-01 1.270467472254245322e+01
7.274605543998515778e-01 1.279278472790382892e+01
7.282853396089217224e-01 1.289278865991462375e+01
7.291101248179918670e-01 1.298098918543075975e+01
7.299349100270620117e-01 1.307405562142101196e+01
7.307596952361321563e-01 1.315749320366498587e+01
7.315844804452021899e-01 1.325189069174026102e+01
7.324092656542723345e-01 1.334630068097601630e+01
7.332340508633424792e-01 1.343334889483800865e+01
7.340588360724126238e-01 1.352112649377249731e+01
7.348836212814827684e-01 1.361227171427538529e+01
7.357084064905529130e-01 1.370192184161767912e+01
7.365331916996229467e-01 1.379881963311007986e+01
7.373579769086930913e-01 1.389747552393611763e+01
7.381827621177632359e-01 1.399273213491732726e+01
7.390075473268333806e-01 1.409391484017706198e+01
7.398323325359035252e-01 1.418667697837327246e+01
7.406571177449736698e-01 1.429159778418977922e+01
7.414819029540437034e-01 1.439660364379151147e+01
7.423066881631138481e-01 1.450123808718418417e+01
7.431314733721839927e-01 1.460483018457808058e+01
7.439562585812541373e-01 1.470697156851377940e+01
7.447810437903242820e-01 1.480117113440249810e+01
7.456058289993944266e-01 1.490811556233050261e+01
7.464306142084644602e-01 1.501121589107003196e+01
7.472553994175346048e-01 1.511320316210000136e+01
7.480801846266047495e-01 1.522207744899912463e+01
7.489049698356748941e-01 1.532376873905082881e+01
7.497297550447450387e-01 1.543616799899072944e+01
7.505545402538151833e-01 1.555420669336764306e+01
7.513793254628852170e-01 1.566399258806183781e+01
7.522041106719553616e-01 1.578468073530380344e+01
7.530288958810255062e-01 1.590959074116084970e+01
7.538536810900956509e-01 1.602286440898692632e+01
7.546784662991657955e-01 1.613640369056264490e+01
7.555032515082359401e-01 1.625437759073161814e+01
7.563280367173059737e-01 1.637740133650520491e+01
7.571528219263761184e-01 1.650498627838416255e+01
7.579776071354462630e-01 1.661869515846307266e+01
7.588023923445164076e-01 1.674613990030748667e+01
7.596271775535865522e-01 1.686453870985679515e+01
7.604519627626566969e-01 1.699574139856636634e+01
7.612767479717267305e-01 1.713426773023780214e+01
7.621015331807968751e-01 1.726440914921589709e+01
7.629263183898670198e-01 1.740307109007457598e+01
7.637511035989371644e-01 1.753757876850826491e+01
7.645758888080073090e-01 1.768101062841583726e+01
7.654006740170774536e-01 1.781304579728671911e+01
7.662254592261474873e-01 1.795755828390227293e+01
7.670502444352176319e-01 1.810967536931656241e+01
7.678750296442877765e-01 1.825555055206853794e+01
7.686998148533579212e-01 1.840101725173582636e+01
7.695246000624280658e-01 1.854129327069974309e+01
7.703493852714982104e-01 1.869535473308854989e+01
7.711741704805683550e-01 1.884517603154987953e+01
7.719989556896383887e-01 1.899880864710831929e+01
7.728237408987085333e-01 1.921532224248263532e+01
7.736485261077786779e-01 1.936655759737436355e+01
7.744733113168488225e-01 1.953155381508127419e+01
7.752980965259189672e-01 1.966971462881452481e+01
7.761228817349891118e-01 1.981923883799640151e+01
7.769476669440591454e-01 2.000144711798009567e+01
7.777724521531292901e-01 2.014450148493473236e+01
7.785972373621994347e-01 2.033012014612839380e+01
7.794220225712695793e-01 2.054050790537826288e+01
7.802468077803397239e-01 2.070421109382197500e+01
7.810715929894098686e-01 2.087311444323217202e+01
7.818963781984799022e-01 2.102301466536939500e+01
7.827211634075500468e-01 2.120696838719168298e+01
7.835459486166201915e-01 2.138419309903825294e+01
7.843707338256903361e-01 2.156323101998824754e+01
7.851955190347604807e-01 2.173944612704362456e+01
7.860203042438306253e-01 2.191992757812307246e+01
7.868450894529006590e-01 2.210230936560336445e+01
7.876698746619708036e-01 2.226412560268397556e+01
7.884946598710409482e-01 2.245584936410644161e+01
7.893194450801110928e-01 2.262151219504699995e+01
7.901442302891812375e-01 2.278942773778102904e+01
7.909690154982513821e-01 2.297850143079855556e+01
7.917938007073214157e-01 2.317888413278333459e+01
7.926185859163915604e-01 2.341377051484309746e+01
7.934433711254617050e-01 2.358831343107807399e+01
7.942681563345318496e-01 2.385072393958080639e+01
7.950929415436019942e-01 2.402801261161981827e+01
7.959177267526721389e-01 2.426904129288665857e+01
7.967425119617421725e-01 2.449239216131632446e+01
7.975672971708123171e-01 2.467443670041261328e+01
7.983920823798824618e-01 2.485875595183988551e+01
7.992168675889526064e-01 2.504533996548094166e+01
8.000416527980227510e-01 2.533432519846105535e+01
8.008664380070928956e-01 2.552367636975466780e+01
8.016912232161629293e-01 2.576296090645667647e+01
8.025160084252330739e-01 2.595603817601850238e+01
8.033407936343032185e-01 2.615136353206476372e+01
8.041655788433733631e-01 2.634892611525460282e+01
8.049903640524435078e-01 2.654871499339033036e+01
8.058151492615136524e-01 2.675071916794656701e+01
8.066399344705837970e-01 2.720983380191514911e+01
8.074647196796538307e-01 2.741288833751884724e+01
8.082895048887239753e-01 2.761815750945525139e+01
8.091142900977941199e-01 2.793504355948381246e+01
8.099390753068642645e-01 2.826466387514929224e+01
8.107638605159344092e-01 2.847383301432255820e+01
8.115886457250045538e-01 2.884403847078860039e+01
8.124134309340745874e-01 2.905589636756537075e+01
8.132382161431447321e-01 2.926993529281378414e+01
8.140630013522148767e-01 2.948614369171771443e+01
8.148877865612850213e-01 2.990895992985848650e+01
8.157125717703551659e-01 3.030411046920093909e+01
8.165373569794253106e-01 3.052361375266519872e+01
8.173621421884953442e-01 3.120270478608983922e+01
8.181869273975654888e-01 3.185167003878690295e+01
8.190117126066356334e-01 3.279599324648626180e+01
8.198364978157057781e-01 3.301157392346830477e+01
8.206612830247759227e-01 3.322930413362088586e+01
8.214860682338460673e-01 3.344917273497836874e+01
8.223108534429161010e-01 3.413589683020197896e+01
8.231356386519862456e-01 3.518546822394291240e+01
8.239604238610563902e-01 3.540308175573099447e+01
8.247852090701265348e-01 3.562283177763902842e+01
8.256099942791966795e-01 3.584470733234947915e+01
8.264347794882668241e-01 3.606869752093885495e+01
8.272595646973368577e-01 3.629479150583899383e+01
8.280843499064070024e-01 3.652297851355626790e+01
8.289091351154771470e-01 3.923673868540907961e+01
8.297339203245472916e-01 3.945992568125600997e+01
8.305587055336174362e-01 3.968519817850045683e+01
8.313834907426875809e-01 3.991254567250354768e+01
8.322082759517576145e-01 4.014195773227053365e+01
8.330330611608277591e-01 4.037342400165747591e+01
8.338578463698979037e-01 4.060693420031702061e+01
8.346826315789680484e-01 8.289306334778564178e+01
8.355074167880381930e-01 8.289306334778564178e+01
8.363322019971083376e-01 8.289306334778564178e+01
8.371569872061783713e-01 8.289306334778564178e+01
8.379817724152485159e-01 8.289306334778564178e+01
8.388065576243186605e-01 8.289306334778564178e+01
8.396313428333888051e-01 8.289306334778564178e+01
8.404561280424589498e-01 8.289306334778564178e+01
8.412809132515290944e-01 8.289306334778564178e+01
8.421056984605991280e-01 8.289306334778564178e+01
8.429304836696692727e-01 8.289306334778564178e+01
8.437552688787394173e-01 8.289306334778564178e+01
