0.000000000000000000e+00 2.513893728643889602e+01
9.775171065493646130e-04 2.495468972313415890e+01
1.955034213098729226e-03 2.474478505577460652e+01
2.932551319648093839e-03 2.456652824989206607e+01
3.910068426197458452e-03 2.436229573573833918e+01
4.887585532746823065e-03 2.416238385743319128e+01
5.865102639296187678e-03 2.399646471538200387e+01
6.842619745845552291e-03 2.380107313334949382e+01
7.820136852394916904e-03 2.360988532479356294e+01
8.797653958944280650e-03 2.343852260949761757e+01
9.775171065493646130e-03 2.327725672115175826e+01
1.075268817204301161e-02 2.310914641070509390e+01
1.173020527859237536e-02 2.293345293858489597e+01
1.270772238514173910e-02 2.274626451570991748e+01
1.368523949169110458e-02 2.256738836219301803e+01
1.466275659824047006e-02 2.238504602162348789e+01
1.564027370478983381e-02 2.220678765448369063e+01
1.661779081133919755e-02 2.202896172639158934e+01
1.759530791788856130e-02 2.185234698694576139e+01
1.857282502443792851e-02 2.167560741315184458e+01
1.955034213098729226e-02 2.150353917849387742e+01
2.052785923753665601e-02 2.133100934834206797e+01
2.150537634408602322e-02 2.116139949408488974e+01
2.248289345063538697e-02 2.098675974240530095e+01
2.346041055718475071e-02 2.080587031039769030e+01
2.443792766373411446e-02 2.063525636650537720e+01
2.541544477028347820e-02 2.046187294403024381e+01
2.639296187683284542e-02 2.030422743252779583e+01
2.737047898338220916e-02 2.013743669982284601e+01
2.834799608993157291e-02 1.996834916177233410e+01
2.932551319648094013e-02 1.980239874476571060e+01
3.030303030303030387e-02 1.962444515832761027e+01
3.128054740957966762e-02 1.945762772119912043e+01
3.225806451612903136e-02 1.930668886814430607e+01
3.323558162267839511e-02 1.914785666753773086e+01
3.421309872922775885e-02 1.899598769604215320e+01
3.519061583577712260e-02 1.884983086349854631e+01
3.616813294232649328e-02 1.870512096639802024e+01
3.714565004887585703e-02 1.855550129041692031e+01
3.812316715542522078e-02 1.840525273716925625e+01
3.910068426197458452e-02 1.825196640012435267e+01
4.007820136852394827e-02 1.811666732259686086e+01
4.105571847507331201e-02 1.796023181523703727e+01
4.203323558162267576e-02 1.781705150116641434e+01
4.301075268817204644e-02 1.768336086097887261e+01
4.398826979472141019e-02 1.754152023643007752e+01
4.496578690127077393e-02 1.740424059735025608e+01
4.594330400782013768e-02 1.728051590157826922e+01
4.692082111436950143e-02 1.715893636426546820e+01
4.789833822091886517e-02 1.703016303380974961e+01
4.887585532746822892e-02 1.691440686090070855e+01
4.985337243401759266e-02 1.679375583411305684e+01
5.083088954056695641e-02 1.667298777015051670e+01
5.180840664711632709e-02 1.655651309926021497e+01
5.278592375366569084e-02 1.644166594964242734e+01
5.376344086021505458e-02 1.631695755306140327e+01
5.474095796676441833e-02 1.619934280838523932e+01
5.571847507331378208e-02 1.608612029501828644e+01
5.669599217986314582e-02 1.596505453288667553e+01
5.767350928641250957e-02 1.585120223146486040e+01
5.865102639296188025e-02 1.573596974739752419e+01
5.962854349951124400e-02 1.561713134436828376e+01
6.060606060606060774e-02 1.550411677616532202e+01
6.158357771260997149e-02 1.539756301574949227e+01
6.256109481915933523e-02 1.528242913354871035e+01
6.353861192570869898e-02 1.517288450105700726e+01
6.451612903225806273e-02 1.506387852472279043e+01
6.549364613880742647e-02 1.494503599312067976e+01
6.647116324535679022e-02 1.484272977949231986e+01
6.744868035190615396e-02 1.473199193765687198e+01
6.842619745845551771e-02 1.463492034905605266e+01
6.940371456500488145e-02 1.453356207768923802e+01
7.038123167155424520e-02 1.442933512933988638e+01
7.135874877810362282e-02 1.433038133010187032e+01
7.233626588465298657e-02 1.423022941787452034e+01
7.331378299120235031e-02 1.413389049870475489e+01
7.429130009775171406e-02 1.403719878123600395e+01
7.526881720430107781e-02 1.394285933106080755e+01
7.624633431085044155e-02 1.384600366596840004e+01
7.722385141739980530e-02 1.374356325897462661e+01
7.820136852394916904e-02 1.365184235585842210e+01
7.917888563049853279e-02 1.355752091017823169e+01
8.015640273704789653e-02 1.346207371365433758e+01
8.113391984359726028e-02 1.337279419037553119e+01
8.211143695014662403e-02 1.327670134609328123e+01
8.308895405669598777e-02 1.318420593575766198e+01
8.406647116324535152e-02 1.309797109087742761e+01
8.504398826979471526e-02 1.300840872028916628e+01
8.602150537634409289e-02 1.292224911136119481e+01
8.699902248289345663e-02 1.283369897030684292e+01
8.797653958944282038e-02 1.274747680511428527e+01
8.895405669599218412e-02 1.265664986509622025e+01
8.993157380254154787e-02 1.257554949632895180e+01
9.090909090909091161e-02 1.248770458798149185e+01
9.188660801564027536e-02 1.240039827034135378e+01
9.286412512218963911e-02 1.231461999746374403e+01
9.384164222873900285e-02 1.223301914000021995e+01
9.481915933528836660e-02 1.214994000136231200e+01
9.579667644183773034e-02 1.206973844161826470e+01
9.677419354838709409e-02 1.198943596359275965e+01
9.775171065493645783e-02 1.191026067353740459e+01
9.872922776148582158e-02 1.183100855509323956e+01
9.970674486803518533e-02 1.175456131602584087e+01
1.006842619745845491e-01 1.168013087503323710e+01
1.016617790811339128e-01 1.160323656272563220e+01
1.026392961876832904e-01 1.152384178306277640e+01
1.036168132942326542e-01 1.144779993708099752e+01
1.045943304007820179e-01 1.136707288397608551e+01
1.055718475073313817e-01 1.128966700278138013e+01
1.065493646138807454e-01 1.121427769221557291e+01
1.075268817204301092e-01 1.114309281773231675e+01
1.085043988269794729e-01 1.106931647598284840e+01
1.094819159335288367e-01 1.099301756235632332e+01
1.104594330400782004e-01 1.092171928101880773e+01
1.114369501466275642e-01 1.085318997648729322e+01
1.124144672531769279e-01 1.077818574616212288e+01
1.133919843597262916e-01 1.070746718325349356e+01
1.143695014662756554e-01 1.064015880409827730e+01
1.153470185728250191e-01 1.057008630326802034e+01
1.163245356793743829e-01 1.050200173229198519e+01
1.173020527859237605e-01 1.043027587785400279e+01
1.182795698924731242e-01 1.036235159348035317e+01
1.192570869990224880e-01 1.029683946946342310e+01
1.202346041055718517e-01 1.023386098639404196e+01
1.212121212121212155e-01 1.017105529865575697e+01
1.221896383186705792e-01 1.010472433836338269e+01
1.231671554252199430e-01 1.004095206401468587e+01
1.241446725317693067e-01 9.976745628514702702e+00
1.251221896383186705e-01 9.915005704007393561e+00
1.260997067448680342e-01 9.854365893881164240e+00
1.270772238514173980e-01 9.813576138767670543e+00
1.280547409579667617e-01 9.748817668706795558e+00
1.290322580645161255e-01 9.686069924308947421e+00
1.300097751710654892e-01 9.625523885114478873e+00
1.309872922776148529e-01 9.562561217989932416e+00
1.319648093841642167e-01 9.501111661573501621e+00
1.329423264907135804e-01 9.439880501467520446e+00
1.339198435972629442e-01 9.381607905649522294e+00
1.348973607038123079e-01 9.320987178295588649e+00
1.358748778103616717e-01 9.262216060799518758e+00
1.368523949169110354e-01 9.201565379909174780e+00
1.378299120234603992e-01 9.143979988774811218e+00
1.388074291300097629e-01 9.086819381609721802e+00
1.397849462365591267e-01 9.029678532507894317e+00
1.407624633431084904e-01 8.976144522714387008e+00
1.417399804496578819e-01 8.921326500812917004e+00
1.427174975562072456e-01 8.865537353251518482e+00
1.436950146627566094e-01 8.808608491120812900e+00
1.446725317693059731e-01 8.755949953490102189e+00
1.456500488758553369e-01 8.701737884975196735e+00
1.466275659824047006e-01 8.646863726265488381e+00
1.476050830889540644e-01 8.592573968167075193e+00
1.485826001955034281e-01 8.538974118516833300e+00
1.495601173020527919e-01 8.487833128842469321e+00
1.505376344086021556e-01 8.435559443523938938e+00
1.515151515151515194e-01 8.382545654988771133e+00
1.524926686217008831e-01 8.331640586198224341e+00
1.534701857282502468e-01 8.279964168036073602e+00
1.544477028347996106e-01 8.228198923424340450e+00
1.554252199413489743e-01 8.178549752759995073e+00
1.564027370478983381e-01 8.130334711074496568e+00
1.573802541544477018e-01 8.077793983269701883e+00
1.583577712609970656e-01 8.029056327259024073e+00
1.593352883675464293e-01 7.979232263667876524e+00
1.603128054740957931e-01 7.928098426932105980e+00
1.612903225806451568e-01 7.880631516109668055e+00
1.622678396871945206e-01 7.831002409134558917e+00
1.632453567937438843e-01 7.783728938723624147e+00
1.642228739002932481e-01 7.735545248054009448e+00
1.652003910068426118e-01 7.689039035635968133e+00
1.661779081133919755e-01 7.640879514148597451e+00
1.671554252199413393e-01 7.593495076116252740e+00
1.681329423264907030e-01 7.546184545330830495e+00
1.691104594330400668e-01 7.499336065833608345e+00
1.700879765395894305e-01 7.453732233901098958e+00
1.710654936461387943e-01 7.407186187784547293e+00
1.720430107526881858e-01 7.360972707140360782e+00
1.730205278592375495e-01 7.314176455398625265e+00
1.739980449657869133e-01 7.268334725566087506e+00
1.749755620723362770e-01 7.222010162579858061e+00
1.759530791788856408e-01 7.174875297243555217e+00
1.769305962854350045e-01 7.130640902631188993e+00
1.779081133919843682e-01 7.085189606987444044e+00
1.788856304985337320e-01 7.040059524441783623e+00
1.798631476050830957e-01 6.999609937470932408e+00
1.808406647116324595e-01 6.954390428516195932e+00
1.818181818181818232e-01 6.908732612659075123e+00
1.827956989247311870e-01 6.865954755355756056e+00
1.837732160312805507e-01 6.821917935910523312e+00
1.847507331378299145e-01 6.777543628763774919e+00
1.857282502443792782e-01 6.733958266140802174e+00
1.867057673509286420e-01 6.690448196244083157e+00
1.876832844574780057e-01 6.647295272174129188e+00
1.886608015640273694e-01 6.604216992360895766e+00
1.896383186705767332e-01 6.561912395563742173e+00
1.906158357771260969e-01 6.518589411170678360e+00
1.915933528836754607e-01 6.475284947771897670e+00
1.925708699902248244e-01 6.434335955106583960e+00
1.935483870967741882e-01 6.392653464907843031e+00
1.945259042033235519e-01 6.348580612157065595e+00
1.955034213098729157e-01 6.306165944348582464e+00
1.964809384164222794e-01 6.264473247658313149e+00
1.974584555229716432e-01 6.222654434216090991e+00
1.984359726295210069e-01 6.181149128919178004e+00
1.994134897360703707e-01 6.139656406219284435e+00
2.003910068426197344e-01 6.097316586665963101e+00
2.013685239491690981e-01 6.056763737733495745e+00
2.023460410557184619e-01 6.015176158790114691e+00
2.033235581622678256e-01 5.972555484991128871e+00
2.043010752688172171e-01 5.932899866847683334e+00
2.052785923753665809e-01 5.892053614721901589e+00
2.062561094819159446e-01 5.850695879754774786e+00
2.072336265884653084e-01 5.810271599201463744e+00
2.082111436950146721e-01 5.771207749585412827e+00
2.091886608015640359e-01 5.731693592248054969e+00
2.101661779081133996e-01 5.692341647715178254e+00
2.111436950146627634e-01 5.651435873780389585e+00
2.121212121212121271e-01 5.612143399790210374e+00
2.130987292277614908e-01 5.571261070401712701e+00
2.140762463343108546e-01 5.532129000974508770e+00
2.150537634408602183e-01 5.492662398636202425e+00
2.160312805474095821e-01 5.453517602201594983e+00
2.170087976539589458e-01 5.415170604353844119e+00
2.179863147605083096e-01 5.376290554924119114e+00
2.189638318670576733e-01 5.338161376909754452e+00
2.199413489736070371e-01 5.298637722706332376e+00
2.209188660801564008e-01 5.260214370078073465e+00
2.218963831867057646e-01 5.223522794631746180e+00
2.228739002932551283e-01 5.184526737476348401e+00
2.238514173998044920e-01 5.147437074282514402e+00
2.248289345063538558e-01 5.108613197818674401e+00
2.258064516129032195e-01 5.070741711540618368e+00
2.267839687194525833e-01 5.033417922859304561e+00
2.277614858260019470e-01 4.995914262785464466e+00
2.287390029325513108e-01 4.959582552685097845e+00
2.297165200391006745e-01 4.923167314149835327e+00
2.306940371456500383e-01 4.884805239394128584e+00
2.316715542521994020e-01 4.848242703723565583e+00
2.326490713587487658e-01 4.810983743695333992e+00
2.336265884652981295e-01 4.773140367993570443e+00
2.346041055718475210e-01 4.736440536663460321e+00
2.355816226783968848e-01 4.700079815798889449e+00
2.365591397849462485e-01 4.663790246281381613e+00
2.375366568914956122e-01 4.628092708555432644e+00
2.385141739980449760e-01 4.590674356303976467e+00
2.394916911045943397e-01 4.555118455765716057e+00
2.404692082111437035e-01 4.519394711488621930e+00
2.414467253176930672e-01 4.483838108721336368e+00
2.424242424242424310e-01 4.448766601073056215e+00
2.434017595307917947e-01 4.413557989368042556e+00
2.443792766373411585e-01 4.378037467480112355e+00
2.453567937438905222e-01 4.342054653200310810e+00
2.463343108504398860e-01 4.306828815882096428e+00
2.473118279569892497e-01 4.271289041107449336e+00
2.482893450635386134e-01 4.236340200346042195e+00
2.492668621700879772e-01 4.201318743154965674e+00
2.502443792766373409e-01 4.166637917760015242e+00
2.512218963831867047e-01 4.132390624832170900e+00
2.521994134897360684e-01 4.099187549153032961e+00
2.531769305962854322e-01 4.066252376164003479e+00
2.541544477028347959e-01 4.032171370149602474e+00
2.551319648093841597e-01 3.998960040198528798e+00
2.561094819159335234e-01 3.965528795070799806e+00
2.570869990224828872e-01 3.932882075068313110e+00
2.580645161290322509e-01 3.900312117752035679e+00
2.590420332355816146e-01 3.867822978094661579e+00
2.600195503421309784e-01 3.834187447372109148e+00
2.609970674486803421e-01 3.802519640409191215e+00
2.619745845552297059e-01 3.769916265041938441e+00
2.629521016617790696e-01 3.737925388061671406e+00
2.639296187683284334e-01 3.707131793141304588e+00
2.649071358748777971e-01 3.674940348865716189e+00
2.658846529814271609e-01 3.643096430120730922e+00
2.668621700879765246e-01 3.610890933096724709e+00
2.678396871945258884e-01 3.579463769929755568e+00
2.688172043010752521e-01 3.547950385356522851e+00
2.697947214076246158e-01 3.516781284933271134e+00
2.707722385141739796e-01 3.486030748002836965e+00
2.717497556207233433e-01 3.455073814227922480e+00
2.727272727272727071e-01 3.424055462498702962e+00
2.737047898338220708e-01 3.393157170910425791e+00
2.746823069403714346e-01 3.363157418755736483e+00
2.756598240469207983e-01 3.333445544610404543e+00
2.766373411534701621e-01 3.302967404784574512e+00
2.776148582600195258e-01 3.273146737108259874e+00
2.785923753665688896e-01 3.243804465979959861e+00
2.795698924731182533e-01 3.214211809564595956e+00
2.805474095796676171e-01 3.184853947974575661e+00
2.815249266862169808e-01 3.155086238477147642e+00
2.825024437927664001e-01 3.125630197668456400e+00
2.834799608993157638e-01 3.096489531662773853e+00
2.844574780058651275e-01 3.067010914152013434e+00
2.854349951124144913e-01 3.038102072917516772e+00
2.864125122189638550e-01 3.009328397304139813e+00
2.873900293255132188e-01 2.981370087182492412e+00
2.883675464320625825e-01 2.952597128867224807e+00
2.893450635386119463e-01 2.924299807368450743e+00
2.903225806451613100e-01 2.896279938053949898e+00
2.913000977517106738e-01 2.868922270918368600e+00
2.922776148582600375e-01 2.841011597345015183e+00
2.932551319648094013e-01 2.813719819956854717e+00
2.942326490713587650e-01 2.785926490485911788e+00
2.952101661779081287e-01 2.758106521718543203e+00
2.961876832844574925e-01 2.730716765386770994e+00
2.971652003910068562e-01 2.703523504351790230e+00
2.981427174975562200e-01 2.676171567821248320e+00
2.991202346041055837e-01 2.649070180545527453e+00
3.000977517106549475e-01 2.622706811258995518e+00
3.010752688172043112e-01 2.596373406446081056e+00
3.020527859237536750e-01 2.570097980392461956e+00
3.030303030303030387e-01 2.544852204354600911e+00
3.040078201368524025e-01 2.519074834294993348e+00
3.049853372434017662e-01 2.493107902014580546e+00
3.059628543499511300e-01 2.467542197862516939e+00
3.069403714565004937e-01 2.442207737249644239e+00
3.079178885630498574e-01 2.417179057273490361e+00
3.088954056695992212e-01 2.391849019156358835e+00
3.098729227761485849e-01 2.366437654710065175e+00
3.108504398826979487e-01 2.341741288755979422e+00
3.118279569892473124e-01 2.317191261580839434e+00
3.128054740957966762e-01 2.292103393119631072e+00
3.137829912023460399e-01 2.267708026863096915e+00
3.147605083088954037e-01 2.243275429299461443e+00
3.157380254154447674e-01 2.219840350075064084e+00
3.167155425219941312e-01 2.196050850459117409e+00
3.176930596285434949e-01 2.171743120271748761e+00
3.186705767350928586e-01 2.147856094543334482e+00
3.196480938416422224e-01 2.123944600897079926e+00
3.206256109481915861e-01 2.100695659539987048e+00
3.216031280547409499e-01 2.077113123552064344e+00
3.225806451612903136e-01 2.054085650070657021e+00
3.235581622678396774e-01 2.030977491222041742e+00
3.245356793743890411e-01 2.007802720499530569e+00
3.255131964809384049e-01 1.984600452045002683e+00
3.264907135874877686e-01 1.962113636804976746e+00
3.274682306940371324e-01 1.939868792956079391e+00
3.284457478005864961e-01 1.917329461934513812e+00
3.294232649071358598e-01 1.894645497285896818e+00
3.304007820136852236e-01 1.872736596143074639e+00
3.313782991202345873e-01 1.850769876286433968e+00
3.323558162267839511e-01 1.828681557083797093e+00
3.333333333333333148e-01 1.807025680245421206e+00
3.343108504398826786e-01 1.785604280248820785e+00
3.352883675464320423e-01 1.764410233493148850e+00
3.362658846529814061e-01 1.742881569020715782e+00
3.372434017595307698e-01 1.721586973395389020e+00
3.382209188660801336e-01 1.700784108285670060e+00
3.391984359726294973e-01 1.679594061411695538e+00
3.401759530791788610e-01 1.658735571564424083e+00
3.411534701857282248e-01 1.638081198799069993e+00
3.421309872922775885e-01 1.617637485018171173e+00
3.431085043988269523e-01 1.597011838234633663e+00
3.440860215053763715e-01 1.576721029478708624e+00
3.450635386119257353e-01 1.556583941291339146e+00
3.460410557184750990e-01 1.536252348592578088e+00
3.470185728250244628e-01 1.516554819925644670e+00
3.479960899315738265e-01 1.496967996921261257e+00
3.489736070381231903e-01 1.477451622990800573e+00
3.499511241446725540e-01 1.457961693007515658e+00
3.509286412512219178e-01 1.438515619480702945e+00
3.519061583577712815e-01 1.419257304844559142e+00
3.528836754643206453e-01 1.399974372243440568e+00
3.538611925708700090e-01 1.380953983553602882e+00
3.548387096774193727e-01 1.361988199902283592e+00
3.558162267839687365e-01 1.343867687409484146e+00
3.567937438905181002e-01 1.325364897845114021e+00
3.577712609970674640e-01 1.306895955427762601e+00
3.587487781036168277e-01 1.289232972813201705e+00
3.597262952101661915e-01 1.270930834352786087e+00
3.607038123167155552e-01 1.253135614874593573e+00
3.616813294232649190e-01 1.235164862838699529e+00
3.626588465298142827e-01 1.217454009483326827e+00
3.636363636363636465e-01 1.199982467885421178e+00
3.646138807429130102e-01 1.182610931059456139e+00
3.655913978494623739e-01 1.164914626480809012e+00
3.665689149560117377e-01 1.147848954981447234e+00
3.675464320625611014e-01 1.130652351373140352e+00
3.685239491691104652e-01 1.113787742116155055e+00
3.695014662756598289e-01 1.096719697026705465e+00
3.704789833822091927e-01 1.079811879777646366e+00
3.714565004887585564e-01 1.063312473888367249e+00
3.724340175953079202e-01 1.046884342709036408e+00
3.734115347018572839e-01 1.030499178696995255e+00
3.743890518084066477e-01 1.014945337864137764e+00
3.753665689149560114e-01 9.984888074672326752e-01
3.763440860215053752e-01 9.826552301111899368e-01
3.773216031280547389e-01 9.665500591342719439e-01
3.782991202346041026e-01 9.507967321873243005e-01
3.792766373411534664e-01 9.351052726315164376e-01
3.802541544477028301e-01 9.198318852388976952e-01
3.812316715542521939e-01 9.046249630478718773e-01
3.822091886608015576e-01 8.893415822847507979e-01
3.831867057673509214e-01 8.744832951487361283e-01
3.841642228739002851e-01 8.595393178666048684e-01
3.851417399804496489e-01 8.445991125664976673e-01
3.861192570869990126e-01 8.296574717709735980e-01
3.870967741935483764e-01 8.153784800243017994e-01
3.880742913000977401e-01 8.007148226885715259e-01
3.890518084066471038e-01 7.867967257652284108e-01
3.900293255131964676e-01 7.730399385371828913e-01
3.910068426197458313e-01 7.589740742826407427e-01
3.919843597262951951e-01 7.451593199527161149e-01
3.929618768328445588e-01 7.314200225444433823e-01
3.939393939393939226e-01 7.178730805168581641e-01
3.949169110459432863e-01 7.045483659467252080e-01
3.958944281524926501e-01 6.911814158543518882e-01
3.968719452590420138e-01 6.777872877397229656e-01
3.978494623655913776e-01 6.649387889951030584e-01
3.988269794721407413e-01 6.519373126781692340e-01
3.998044965786901050e-01 6.390341847941399811e-01
4.007820136852394688e-01 6.263348376393981232e-01
4.017595307917888325e-01 6.139819034856386359e-01
4.027370478983381963e-01 6.012272569001803069e-01
4.037145650048875600e-01 5.888765095951185025e-01
4.046920821114369238e-01 5.766380603635705704e-01
4.056695992179862875e-01 5.646473820224381379e-01
4.066471163245356513e-01 5.524642816655014332e-01
4.076246334310850705e-01 5.408003232077027711e-01
4.086021505376344343e-01 5.291435177321934802e-01
4.095796676441837980e-01 5.177533364048428899e-01
4.105571847507331618e-01 5.064835532990471512e-01
4.115347018572825255e-01 4.952651920387289297e-01
4.125122189638318893e-01 4.843744785210127857e-01
4.134897360703812530e-01 4.733673380351900994e-01
4.144672531769306167e-01 4.625839465817457308e-01
4.154447702834799805e-01 4.516630887137282890e-01
4.164222873900293442e-01 4.409582510135207634e-01
4.173998044965787080e-01 4.303059965582414770e-01
4.183773216031280717e-01 4.202626312824343513e-01
4.193548387096774355e-01 4.102792476592012627e-01
4.203323558162267992e-01 4.000877084298540831e-01
4.213098729227761630e-01 3.901481108089930316e-01
4.222873900293255267e-01 3.800270916290096612e-01
4.232649071358748905e-01 3.701933661660242736e-01
4.242424242424242542e-01 3.604461544364192527e-01
4.252199413489736179e-01 3.507306717606469282e-01
4.261974584555229817e-01 3.411774229508502954e-01
4.271749755620723454e-01 3.317142118482183655e-01
4.281524926686217092e-01 3.224584280519449120e-01
4.291300097751710729e-01 3.135209872590425384e-01
4.301075268817204367e-01 3.047274012546140054e-01
4.310850439882698004e-01 2.958520644130376853e-01
4.320625610948191642e-01 2.873882743168784115e-01
4.330400782013685279e-01 2.787052806832890917e-01
4.340175953079178917e-01 2.700515825062680397e-01
4.349951124144672554e-01 2.616224906210832257e-01
4.359726295210166191e-01 2.535934959075904493e-01
4.369501466275659829e-01 2.457959610771533743e-01
4.379276637341153466e-01 2.378989832258683879e-01
4.389051808406647104e-01 2.301731522549551878e-01
4.398826979472140741e-01 2.223579876353525553e-01
4.408602150537634379e-01 2.147503461244583411e-01
4.418377321603128016e-01 2.073019370331613265e-01
4.428152492668621654e-01 1.998956127767877455e-01
4.437927663734115291e-01 1.926617405809393502e-01
4.447702834799608929e-01 1.857231531047047191e-01
4.457478005865102566e-01 1.785634316043492043e-01
4.467253176930596203e-01 1.718053092159873840e-01
4.477028347996089841e-01 1.652888713431378276e-01
4.486803519061583478e-01 1.585894240630243979e-01
4.496578690127077116e-01 1.518540643902569487e-01
4.506353861192570753e-01 1.453480940949197497e-01
4.516129032258064391e-01 1.388370401215442973e-01
4.525904203323558028e-01 1.328772465961668703e-01
4.535679374389051666e-01 1.270674451270101812e-01
4.545454545454545303e-01 1.211923748414408530e-01
4.555229716520038941e-01 1.154192730514864706e-01
4.565004887585532578e-01 1.100003008216879630e-01
4.574780058651026216e-01 1.044935451620832567e-01
4.584555229716519853e-01 9.958617794766067011e-02
4.594330400782013490e-01 9.422466294975269385e-02
4.604105571847507128e-01 8.935686281437371647e-02
4.613880742913000765e-01 8.448219343819719784e-02
4.623655913978494403e-01 7.951198864874886585e-02
4.633431085043988040e-01 7.484188616141564110e-02
4.643206256109481678e-01 7.043819746493205913e-02
4.652981427174975315e-01 6.608599250521747515e-02
4.662756598240468953e-01 6.178828820836646668e-02
4.672531769305962590e-01 5.789350321917609982e-02
4.682306940371456228e-01 5.399334926614765551e-02
4.692082111436950420e-01 5.008157657724900125e-02
4.701857282502444058e-01 4.650458871334684635e-02
4.711632453567937695e-01 4.314176570187348847e-02
4.721407624633431332e-01 3.995864140752620336e-02
4.731182795698924970e-01 3.677794064694347997e-02
4.740957966764418607e-01 3.350245370722203936e-02
4.750733137829912245e-01 3.062593960870294355e-02
4.760508308895405882e-01 2.770509123348928113e-02
4.770283479960899520e-01 2.501560556099275898e-02
4.780058651026393157e-01 2.247718967042396446e-02
4.789833822091886795e-01 2.030427614980373496e-02
4.799608993157380432e-01 1.826330746605472205e-02
4.809384164222874070e-01 1.599211139002091470e-02
4.819159335288367707e-01 1.403023571870717218e-02
4.828934506353861345e-01 1.221722351230587582e-02
4.838709677419354982e-01 1.037632247270173051e-02
4.848484848484848619e-01 8.825715898612244981e-03
4.858260019550342257e-01 7.219837333185044441e-03
4.868035190615835894e-01 5.838456134971682816e-03
4.877810361681329532e-01 4.883112282964371768e-03
4.887585532746823169e-01 3.849463325145277472e-03
4.897360703812316807e-01 2.772060784899555309e-03
4.907135874877810444e-01 2.042911859573730022e-03
4.916911045943304082e-01 1.194527770416847854e-03
4.926686217008797719e-01 6.444601974606341266e-04
4.936461388074291357e-01 2.590268890928463120e-04
4.946236559139784994e-01 1.176782557189830512e-04
4.956011730205278631e-01 -0.000000000000000000e+00
4.965786901270772269e-01 1.083541598096303724e-04
4.975562072336265906e-01 1.959016394020264768e-04
4.985337243401759544e-01 3.471017633795801392e-04
4.995112414467253181e-01 6.856779300035802105e-04
5.004887585532746819e-01 1.046884061083014177e-03
5.014662756598240456e-01 1.407856052818215811e-03
5.024437927663734094e-01 2.160660137272725750e-03
5.034213098729227731e-01 3.048044701713683007e-03
5.043988269794721369e-01 3.663842191443906354e-03
5.053763440860215006e-01 4.857091762237773780e-03
5.063538611925708643e-01 6.075179500766567965e-03
5.073313782991202281e-01 7.327291304750658402e-03
5.083088954056695918e-01 8.982933697110952534e-03
5.092864125122189556e-01 1.057648910950829621e-02
5.102639296187683193e-01 1.210284983250122133e-02
5.112414467253176831e-01 1.397434848447333226e-02
5.122189638318670468e-01 1.581563551368849949e-02
5.131964809384164106e-01 1.790495747398251902e-02
5.141739980449657743e-01 1.961540573426871076e-02
5.151515151515151381e-01 2.163718927846925572e-02
5.161290322580645018e-01 2.401380439802167782e-02
5.171065493646138655e-01 2.646671671083432667e-02
5.180840664711632293e-01 2.918444559571015812e-02
5.190615835777125930e-01 3.173640342794047803e-02
5.200391006842619568e-01 3.472201774882462816e-02
5.210166177908113205e-01 3.768490645302950692e-02
5.219941348973606843e-01 4.081383609491019693e-02
5.229716520039100480e-01 4.399564344621937489e-02
5.239491691104594118e-01 4.750548179826611511e-02
5.249266862170087755e-01 5.124018693436459271e-02
5.259042033235581393e-01 5.471706100671858142e-02
5.268817204301075030e-01 5.857953862027973774e-02
5.278592375366568668e-01 6.265259979084454589e-02
5.288367546432062305e-01 6.617975232769525429e-02
5.298142717497555942e-01 7.017392358858084989e-02
5.307917888563049580e-01 7.442472884416154177e-02
5.317693059628543217e-01 7.872488441476015175e-02
5.327468230694036855e-01 8.300244172529781805e-02
5.337243401759530492e-01 8.752709827335879156e-02
5.347018572825024130e-01 9.238016419787528632e-02
5.356793743890517767e-01 9.715612048962637970e-02
5.366568914956011405e-01 1.019378197972029276e-01
5.376344086021505042e-01 1.065731805754972505e-01
5.386119257086998680e-01 1.113738079548085985e-01
5.395894428152492317e-01 1.164087013054146275e-01
5.405669599217985954e-01 1.219187734908569187e-01
5.415444770283479592e-01 1.272302286699991958e-01
5.425219941348973229e-01 1.328501472411968143e-01
5.434995112414466867e-01 1.383694781926068929e-01
5.444770283479960504e-01 1.442332501402032452e-01
5.454545454545454142e-01 1.497032893836824641e-01
5.464320625610947779e-01 1.553332305514042444e-01
5.474095796676441417e-01 1.611161995899520749e-01
5.483870967741935054e-01 1.671893907643998423e-01
5.493646138807428692e-01 1.732301841436370837e-01
5.503421309872922329e-01 1.795589246720168397e-01
5.513196480938415966e-01 1.860711449068507550e-01
5.522971652003909604e-01 1.924637654494427419e-01
5.532746823069403241e-01 1.987849063616200507e-01
5.542521994134896879e-01 2.052393742649680497e-01
5.552297165200390516e-01 2.120416356098362987e-01
5.562072336265884154e-01 2.191503957320191931e-01
5.571847507331377791e-01 2.259413094184810067e-01
5.581622678396871429e-01 2.331409122873829010e-01
5.591397849462365066e-01 2.402032522039147799e-01
5.601173020527858704e-01 2.474248254117100976e-01
5.610948191593352341e-01 2.548498367645660734e-01
5.620723362658845979e-01 2.623917774252390589e-01
5.630498533724339616e-01 2.698615087409343971e-01
5.640273704789834364e-01 2.776017951911153303e-01
5.650048875855328001e-01 2.855316731154494692e-01
5.659824046920821639e-01 2.935235088197191144e-01
5.669599217986315276e-01 3.014760636499087543e-01
5.679374389051808913e-01 3.099245219445034838e-01
5.689149560117302551e-01 3.182319721313088268e-01
5.698924731182796188e-01 3.269170607871671463e-01
5.708699902248289826e-01 3.350762327908228255e-01
5.718475073313783463e-01 3.436971673541600047e-01
5.728250244379277101e-01 3.519771979963211006e-01
5.738025415444770738e-01 3.609292881111636486e-01
5.747800586510264376e-01 3.695882509448903952e-01
5.757575757575758013e-01 3.788488129868957111e-01
5.767350928641251651e-01 3.877871698815687496e-01
5.777126099706745288e-01 3.969665766793311068e-01
5.786901270772238925e-01 4.061576932487553915e-01
5.796676441837732563e-01 4.153695545538514944e-01
5.806451612903226200e-01 4.249560913465280643e-01
5.816226783968719838e-01 4.343676769126514903e-01
5.826001955034213475e-01 4.440521426349113843e-01
5.835777126099707113e-01 4.537569779855000762e-01
5.845552297165200750e-01 4.641853698897718816e-01
5.855327468230694388e-01 4.738864906750215877e-01
5.865102639296188025e-01 4.839738775551629124e-01
5.874877810361681663e-01 4.937447881950962070e-01
5.884652981427175300e-01 5.040048630495013171e-01
5.894428152492668938e-01 5.144537347829611917e-01
5.904203323558162575e-01 5.248982894482370209e-01
5.913978494623656212e-01 5.357181749914328162e-01
5.923753665689149850e-01 5.461694371758895050e-01
5.933528836754643487e-01 5.569167927290478159e-01
5.943304007820137125e-01 5.677455433167108989e-01
5.953079178885630762e-01 5.788906621551768161e-01
5.962854349951124400e-01 5.897954427821331391e-01
5.972629521016618037e-01 6.012289806909515422e-01
5.982404692082111675e-01 6.126108579375111329e-01
5.992179863147605312e-01 6.242895511623138827e-01
6.001955034213098950e-01 6.356397364703260111e-01
6.011730205278592587e-01 6.473768305272905588e-01
6.021505376344086224e-01 6.591006699225600007e-01
6.031280547409579862e-01 6.707992116036994856e-01
6.041055718475073499e-01 6.829000327273457849e-01
6.050830889540567137e-01 6.949016979307720554e-01
6.060606060606060774e-01 7.069651639023071255e-01
6.070381231671554412e-01 7.191631215207833216e-01
6.080156402737048049e-01 7.314161809406659609e-01
6.089931573802541687e-01 7.435331895069786645e-01
6.099706744868035324e-01 7.560486174399138060e-01
6.109481915933528962e-01 7.685554283337060477e-01
6.119257086999022599e-01 7.811125603359130309e-01
6.129032258064516236e-01 7.937208291190946952e-01
6.138807429130009874e-01 8.065976816853156484e-01
6.148582600195503511e-01 8.194536343110733201e-01
6.158357771260997149e-01 8.323995355033182442e-01
6.168132942326490786e-01 8.451683738083242137e-01
6.177908113391984424e-01 8.585008833942632256e-01
6.187683284457478061e-01 8.717098751273593127e-01
6.197458455522971699e-01 8.853329371842529882e-01
6.207233626588465336e-01 8.990884380991139846e-01
6.217008797653958974e-01 9.128361244111584671e-01
6.226783968719452611e-01 9.266310169912274075e-01
6.236559139784946248e-01 9.406943623542310950e-01
6.246334310850439886e-01 9.548675700993355386e-01
6.256109481915933523e-01 9.691096560527454606e-01
6.265884652981427161e-01 9.832889685430424853e-01
6.275659824046920798e-01 9.973898503426509299e-01
6.285434995112414436e-01 1.011282752921547790e+00
6.295210166177908073e-01 1.025679107071081120e+00
6.304985337243401711e-01 1.040114711167032802e+00
6.314760508308895348e-01 1.054789370468536491e+00
6.324535679374388986e-01 1.069809200733740528e+00
6.334310850439882623e-01 1.084689317947372444e+00
6.344086021505376261e-01 1.099155637727406098e+00
6.353861192570869898e-01 1.113962495928043639e+00
6.363636363636363535e-01 1.129228214007251374e+00
6.373411534701857173e-01 1.144073109001568556e+00
6.383186705767350810e-01 1.159109961377200237e+00
6.392961876832844448e-01 1.174103021620654719e+00
6.402737047898338085e-01 1.189380372162864186e+00
6.412512218963831723e-01 1.204401650626316433e+00
6.422287390029325360e-01 1.219706650216637600e+00
6.432062561094818998e-01 1.235226109212733681e+00
6.441837732160312635e-01 1.251145215332566618e+00
6.451612903225806273e-01 1.266750177380862930e+00
6.461388074291299910e-01 1.282294747474451491e+00
6.471163245356793547e-01 1.298136238227408867e+00
6.480938416422287185e-01 1.313856333245304597e+00
6.490713587487780822e-01 1.329630971502664849e+00
6.500488758553274460e-01 1.345306154739896121e+00
6.510263929618768097e-01 1.361162692436080457e+00
6.520039100684261735e-01 1.377059457061779124e+00
6.529814271749755372e-01 1.393108964475889389e+00
6.539589442815249010e-01 1.409123550162317162e+00
6.549364613880742647e-01 1.424982876313489744e+00
6.559139784946236285e-01 1.441033050998226983e+00
6.568914956011729922e-01 1.457183495653894045e+00
6.578690127077223559e-01 1.473610802900668482e+00
6.588465298142717197e-01 1.490224259675517526e+00
6.598240469208210834e-01 1.506773786620976496e+00
6.608015640273704472e-01 1.523564538665202805e+00
6.617790811339198109e-01 1.540124597648794502e+00
6.627565982404691747e-01 1.556753499139900354e+00
6.637341153470185384e-01 1.573232315620068045e+00
6.647116324535679022e-01 1.589963788089010954e+00
6.656891495601172659e-01 1.606440085126627837e+00
6.666666666666666297e-01 1.622906700920146106e+00
6.676441837732159934e-01 1.639782384383391856e+00
6.686217008797653572e-01 1.656572556227660531e+00
6.695992179863147209e-01 1.673406148777363045e+00
6.705767350928640846e-01 1.690160950358959857e+00
6.715542521994134484e-01 1.707012777112563606e+00
6.725317693059628121e-01 1.724020963941578222e+00
6.735092864125121759e-01 1.740975478883453720e+00
6.744868035190615396e-01 1.758008979679013484e+00
6.754643206256109034e-01 1.775057557856316581e+00
6.764418377321602671e-01 1.791816287063711322e+00
6.774193548387096309e-01 1.809217964465752226e+00
6.783968719452589946e-01 1.826544993710374820e+00
6.793743890518083584e-01 1.844145694531386326e+00
6.803519061583577221e-01 1.861865469210281843e+00
6.813294232649070858e-01 1.879501970233942831e+00
6.823069403714564496e-01 1.897271520221631480e+00
6.832844574780058133e-01 1.915120051408453206e+00
6.842619745845551771e-01 1.933044213645855658e+00
6.852394916911045408e-01 1.950848582562637157e+00
6.862170087976539046e-01 1.968287149819188508e+00
6.871945259042032683e-01 1.986175709026917646e+00
6.881720430107527431e-01 2.003443343160427048e+00
6.891495601173021068e-01 2.021019391154977196e+00
6.901270772238514706e-01 2.038929591736986513e+00
6.911045943304008343e-01 2.056858834580399975e+00
6.920821114369501981e-01 2.074863450588512848e+00
6.930596285434995618e-01 2.092707113789320506e+00
6.940371456500489256e-01 2.110484961612981714e+00
6.950146627565982893e-01 2.128713713007084785e+00
6.959921798631476531e-01 2.146607740202282066e+00
6.969696969696970168e-01 2.164781730136257298e+00
6.979472140762463805e-01 2.183044022474134760e+00
6.989247311827957443e-01 2.201686213700279282e+00
6.999022482893451080e-01 2.220324156733065379e+00
7.008797653958944718e-01 2.239019699690843357e+00
7.018572825024438355e-01 2.257773724404882110e+00
7.028347996089931993e-01 2.276467217931213316e+00
7.038123167155425630e-01 2.294720656707795126e+00
7.047898338220919268e-01 2.313549488273149546e+00
7.057673509286412905e-01 2.332466328041219228e+00
7.067448680351906543e-01 2.351318368359986977e+00
7.077223851417400180e-01 2.370359129410308352e+00
7.086999022482893817e-01 2.389458890944846647e+00
7.096774193548387455e-01 2.408689490677503819e+00
7.106549364613881092e-01 2.428174884460430061e+00
7.116324535679374730e-01 2.447417529015414761e+00
7.126099706744868367e-01 2.467038819272305616e+00
7.135874877810362005e-01 2.486568085120731908e+00
7.145650048875855642e-01 2.506686835030589755e+00
7.155425219941349280e-01 2.526123836422657920e+00
7.165200391006842917e-01 2.545719667108856221e+00
7.174975562072336555e-01 2.565860279842734570e+00
7.184750733137830192e-01 2.585725014177702619e+00
7.194525904203323829e-01 2.605717360471282440e+00
7.204301075268817467e-01 2.625191260716877473e+00
7.214076246334311104e-01 2.645564826675753878e+00
7.223851417399804742e-01 2.665697301673310982e+00
7.233626588465298379e-01 2.685740432803803923e+00
7.243401759530792017e-01 2.706622555935644492e+00
7.253176930596285654e-01 2.726534072836787281e+00
7.262952101661779292e-01 2.747572201275526371e+00
7.272727272727272929e-01 2.769251234055811306e+00
7.282502443792766567e-01 2.790520088380414876e+00
7.292277614858260204e-01 2.811196564737850068e+00
7.302052785923753842e-01 2.832545165361396222e+00
7.311827956989247479e-01 2.853964880006151006e+00
7.321603128054741116e-01 2.874983437358552329e+00
7.331378299120234754e-01 2.896458329351807581e+00
7.341153470185728391e-01 2.918215998329664274e+00
7.350928641251222029e-01 2.938978969127210128e+00
7.360703812316715666e-01 2.960454076293767667e+00
7.370478983382209304e-01 2.983045473384571711e+00
7.380254154447702941e-01 3.006058047430525626e+00
7.390029325513196579e-01 3.027551069340301826e+00
7.399804496578690216e-01 3.049836155414539007e+00
7.409579667644183854e-01 3.072064670013845422e+00
7.419354838709677491e-01 3.094636136378298374e+00
7.429130009775171128e-01 3.117746576817784998e+00
7.438905180840664766e-01 3.140610938081081827e+00
7.448680351906158403e-01 3.163653841098579278e+00
7.458455522971652041e-01 3.187258722779645392e+00
7.468230694037145678e-01 3.210653954239231389e+00
7.478005865102639316e-01 3.234056537024062816e+00
7.487781036168132953e-01 3.257733898547672702e+00
7.497556207233626591e-01 3.281445185897540195e+00
7.507331378299120228e-01 3.304807603032598351e+00
7.517106549364613866e-01 3.329062132427150988e+00
7.526881720430107503e-01 3.353338754326033122e+00
7.536656891495601140e-01 3.376853707135349048e+00
7.546432062561094778e-01 3.400086924007140077e+00
7.556207233626588415e-01 3.424521224673326536e+00
7.565982404692082053e-01 3.448678197215872210e+00
7.575757575757575690e-01 3.473354724497082824e+00
7.585532746823069328e-01 3.497526520813604378e+00
7.595307917888562965e-01 3.522611910540156099e+00
7.605083088954056603e-01 3.547550399714075819e+00
7.614858260019550240e-01 3.572519454376948289e+00
7.624633431085043878e-01 3.598611633758274309e+00
7.634408602150537515e-01 3.622880502541716119e+00
7.644183773216031152e-01 3.647984622643113184e+00
7.653958944281524790e-01 3.673016270327360555e+00
7.663734115347018427e-01 3.698418286722076065e+00
7.673509286412512065e-01 3.724043872267526201e+00
7.683284457478005702e-01 3.749231506455566798e+00
7.693059628543499340e-01 3.775666407038148709e+00
7.702834799608992977e-01 3.801634230999885400e+00
7.712609970674486615e-01 3.827812143092794273e+00
7.722385141739980252e-01 3.853687577035026290e+00
7.732160312805473890e-01 3.880021327750643234e+00
7.741935483870967527e-01 3.906082557699525282e+00
7.751710654936461165e-01 3.932266654512706960e+00
7.761485826001954802e-01 3.958854089987289271e+00
7.771260997067448439e-01 3.984841368222386659e+00
7.781036168132942077e-01 4.010534398197697747e+00
7.790811339198435714e-01 4.036829156953808173e+00
7.800586510263929352e-01 4.063309558386789533e+00
7.810361681329422989e-01 4.089521929013885782e+00
7.820136852394916627e-01 4.116625559828713143e+00
7.829912023460410264e-01 4.142813080880960008e+00
7.839687194525903902e-01 4.169090206583302205e+00
7.849462365591397539e-01 4.195963381153215543e+00
7.859237536656891177e-01 4.223129145120998018e+00
7.869012707722384814e-01 4.249667763806663778e+00
7.878787878787878451e-01 4.276232364130574837e+00
7.888563049853372089e-01 4.302995515144350414e+00
7.898338220918865726e-01 4.329981254946448921e+00
7.908113391984359364e-01 4.357678181063390888e+00
7.917888563049853001e-01 4.385423787721639322e+00
7.927663734115346639e-01 4.413368406714014647e+00
7.937438905180840276e-01 4.440691451998101336e+00
7.947214076246333914e-01 4.468381246442359789e+00
7.956989247311827551e-01 4.496328661373452995e+00
7.966764418377321189e-01 4.524028580310371694e+00
7.976539589442814826e-01 4.551498959254934640e+00
7.986314760508308463e-01 4.580273982019137158e+00
7.996089931573802101e-01 4.608086325694966234e+00
8.005865102639295738e-01 4.636334407881650854e+00
8.015640273704789376e-01 4.665622656167262683e+00
8.025415444770283013e-01 4.692895428504154864e+00
8.035190615835776651e-01 4.722063229345766722e+00
8.044965786901270288e-01 4.750064337804281500e+00
8.054740957966763926e-01 4.776965650602531532e+00
8.064516129032257563e-01 4.805795069365769834e+00
8.074291300097751201e-01 4.834850961294588245e+00
8.084066471163244838e-01 4.864078774653461501e+00
8.093841642228738475e-01 4.892735317028172659e+00
8.103616813294232113e-01 4.921600035757486502e+00
8.113391984359725750e-01 4.950009441156471013e+00
8.123167155425219388e-01 4.979460948801844644e+00
8.132942326490713025e-01 5.009004358025369363e+00
8.142717497556207773e-01 5.038019013608739272e+00
8.152492668621701410e-01 5.068547499516274257e+00
8.162267839687195048e-01 5.097493813686924113e+00
8.172043010752688685e-01 5.126905656776039599e+00
8.181818181818182323e-01 5.156136148701395250e+00
8.191593352883675960e-01 5.184913075915764225e+00
8.201368523949169598e-01 5.213914999410693696e+00
8.211143695014663235e-01 5.243631695830992534e+00
8.220918866080156873e-01 5.272659901209759248e+00
8.230694037145650510e-01 5.302163832769050344e+00
8.240469208211144148e-01 5.331013791678317126e+00
8.250244379276637785e-01 5.360598138658623668e+00
8.260019550342131422e-01 5.389894152082065126e+00
8.269794721407625060e-01 5.420621254381983611e+00
8.279569892473118697e-01 5.450085736111875967e+00
8.289345063538612335e-01 5.479990212722419152e+00
8.299120234604105972e-01 5.509403395801166781e+00
8.308895405669599610e-01 5.539128487600675221e+00
8.318670576735093247e-01 5.569554993300903867e+00
8.328445747800586885e-01 5.600416721532147868e+00
8.338220918866080522e-01 5.630877519752542248e+00
8.347996089931574160e-01 5.661623020986882970e+00
8.357771260997067797e-01 5.692073240559710534e+00
8.367546432062561435e-01 5.722248675638806681e+00
8.377321603128055072e-01 5.753510380732890894e+00
8.387096774193548709e-01 5.783861240198139519e+00
8.396871945259042347e-01 5.815494055630775705e+00
8.406647116324535984e-01 5.847104987175730351e+00
8.416422287390029622e-01 5.878539672461012167e+00
8.426197458455523259e-01 5.909294353101724795e+00
8.435972629521016897e-01 5.939768435541383340e+00
8.445747800586510534e-01 5.970042593386133412e+00
8.455522971652004172e-01 6.001494274395731132e+00
8.465298142717497809e-01 6.034477549132589047e+00
8.475073313782991447e-01 6.067163248022739097e+00
8.484848484848485084e-01 6.098685108793292287e+00
8.494623655913978721e-01 6.130871133065551426e+00
8.504398826979472359e-01 6.162943323844983112e+00
8.514173998044965996e-01 6.194977195081640353e+00
8.523949169110459634e-01 6.227718827091281106e+00
8.533724340175953271e-01 6.259358719141231653e+00
8.543499511241446909e-01 6.289327403616372436e+00
8.553274682306940546e-01 6.321058353620283121e+00
8.563049853372434184e-01 6.353262040076255168e+00
8.572825024437927821e-01 6.384748814793063332e+00
8.582600195503421459e-01 6.417156311746170516e+00
8.592375366568915096e-01 6.448896081533168179e+00
8.602150537634408733e-01 6.482471929824228596e+00
8.611925708699902371e-01 6.514771562171370434e+00
8.621700879765396008e-01 6.548224665266220157e+00
8.631476050830889646e-01 6.581663056278094004e+00
8.641251221896383283e-01 6.613918525550844585e+00
8.651026392961876921e-01 6.646974195495373827e+00
8.660801564027370558e-01 6.679459233367964544e+00
8.670576735092864196e-01 6.710228079902630149e+00
8.680351906158357833e-01 6.741389536277567984e+00
8.690127077223851471e-01 6.774746650971431805e+00
8.699902248289345108e-01 6.806762839464048476e+00
8.709677419354838745e-01 6.842231430110719437e+00
8.719452590420332383e-01 6.876573310657048133e+00
8.729227761485826020e-01 6.910281228661094843e+00
8.739002932551319658e-01 6.944342856155503618e+00
8.748778103616813295e-01 6.979667797206026592e+00
8.758553274682306933e-01 7.012310430836011577e+00
8.768328445747800570e-01 7.045447803932003872e+00
8.778103616813294208e-01 7.078833621446043445e+00
8.787878787878787845e-01 7.112454156352880474e+00
8.797653958944281483e-01 7.145824850219622881e+00
8.807429130009775120e-01 7.180922767457535549e+00
8.817204301075268758e-01 7.212522548294751701e+00
8.826979472140762395e-01 7.245371566478927328e+00
8.836754643206256032e-01 7.280288840686671037e+00
8.846529814271749670e-01 7.316177736458469916e+00
8.856304985337243307e-01 7.348555667111254408e+00
8.866080156402736945e-01 7.385860245349169517e+00
8.875855327468230582e-01 7.420549464838536835e+00
8.885630498533724220e-01 7.456495576142097015e+00
8.895405669599217857e-01 7.490834560298733180e+00
8.905180840664711495e-01 7.527495076782359185e+00
8.914956011730205132e-01 7.560282052199950087e+00
8.924731182795698770e-01 7.597279830512166932e+00
8.934506353861192407e-01 7.631356246037650948e+00
8.944281524926686044e-01 7.666958708913951703e+00
8.954056695992179682e-01 7.701561920986832455e+00
8.963831867057673319e-01 7.738549417334198210e+00
8.973607038123166957e-01 7.771510109691363688e+00
8.983382209188660594e-01 7.807186881764556219e+00
8.993157380254154232e-01 7.841279701962447390e+00
9.002932551319647869e-01 7.874932286749575461e+00
9.012707722385141507e-01 7.911930299731201544e+00
9.022482893450635144e-01 7.948810840192937377e+00
9.032258064516128782e-01 7.985272562260329110e+00
9.042033235581622419e-01 8.022190021214230526e+00
9.051808406647116056e-01 8.057703604754268056e+00
9.061583577712609694e-01 8.095562515128236214e+00
9.071358748778103331e-01 8.133097345774311648e+00
9.081133919843596969e-01 8.170263314226895446e+00
9.090909090909090606e-01 8.207479507477536629e+00
9.100684261974584244e-01 8.245243117565085100e+00
9.110459433040077881e-01 8.284423582412660636e+00
9.120234604105571519e-01 8.323089116149507305e+00
9.130009775171065156e-01 8.359679578309904713e+00
9.139784946236558794e-01 8.397957078994462421e+00
9.149560117302052431e-01 8.436261673442599474e+00
9.159335288367546068e-01 8.475254171724852625e+00
9.169110459433039706e-01 8.514159653800133398e+00
9.178885630498533343e-01 8.552938127905598265e+00
9.188660801564026981e-01 8.594075369006523246e+00
9.198435972629520618e-01 8.633147462125521088e+00
9.208211143695014256e-01 8.673248931836790021e+00
9.217986314760507893e-01 8.712597284826493649e+00
9.227761485826001531e-01 8.750852266237272303e+00
9.237536656891495168e-01 8.792829227319614915e+00
9.247311827956988806e-01 8.833016457309248892e+00
9.257086999022482443e-01 8.872423936804718636e+00
9.266862170087976081e-01 8.912246335567017397e+00
9.276637341153469718e-01 8.953574924624826181e+00
9.286412512218963355e-01 8.993891403742944490e+00
9.296187683284456993e-01 9.034268872184270549e+00
9.305962854349950630e-01 9.077200921918384680e+00
9.315738025415444268e-01 9.117416006619874835e+00
9.325513196480937905e-01 9.158575058347741660e+00
9.335288367546431543e-01 9.203958771667888783e+00
9.345063538611925180e-01 9.249479449198521053e+00
9.354838709677418818e-01 9.290779057719065648e+00
9.364613880742912455e-01 9.330841751865490252e+00
9.374389051808406093e-01 9.375425773959916498e+00
9.384164222873900840e-01 9.418556653481406471e+00
9.393939393939394478e-01 9.461639463024518193e+00
9.403714565004888115e-01 9.506565186179557259e+00
9.413489736070381753e-01 9.549325048681506445e+00
9.423264907135875390e-01 9.594620342057607942e+00
9.433040078201369028e-01 9.637838272560268038e+00
9.442815249266862665e-01 9.681389745983381090e+00
9.452590420332356302e-01 9.726444132811716159e+00
9.462365591397849940e-01 9.772016982244842609e+00
9.472140762463343577e-01 9.816532246829302366e+00
9.481915933528837215e-01 9.862204568023649642e+00
9.491691104594330852e-01 9.909089018155235351e+00
9.501466275659824490e-01 9.954640783469510978e+00
9.511241446725318127e-01 1.000104986504651272e+01
9.521016617790811765e-01 1.004844647939149560e+01
9.530791788856305402e-01 1.009770062367997134e+01
9.540566959921799040e-01 1.014471747221647568e+01
9.550342130987292677e-01 1.019230986209008805e+01
9.560117302052786314e-01 1.024100295088521761e+01
9.569892473118279952e-01 1.029086816836788998e+01
9.579667644183773589e-01 1.033871136358641785e+01
9.589442815249267227e-01 1.038728847671891486e+01
9.599217986314760864e-01 1.043768906438467425e+01
9.608993157380254502e-01 1.048658114947509468e+01
9.618768328445748139e-01 1.053755453853310442e+01
9.628543499511241777e-01 1.058837915841976240e+01
9.638318670576735414e-01 1.063989113741100745e+01
9.648093841642229052e-01 1.069048315338855204e+01
9.657869012707722689e-01 1.074200677361664447e+01
9.667644183773216326e-01 1.079346150949714023e+01
9.677419354838709964e-01 1.084562776196389855e+01
9.687194525904203601e-01 1.089816844667329576e+01
9.696969696969697239e-01 1.095097959987006497e+01
9.706744868035190876e-01 1.100412980516218120e+01
9.716520039100684514e-01 1.105754493727835630e+01
9.726295210166178151e-01 1.111119017074435256e+01
9.736070381231671789e-01 1.116471148022795923e+01
9.745845552297165426e-01 1.121871853137480635e+01
9.755620723362659064e-01 1.127238624290100866e+01
9.765395894428152701e-01 1.132562583212951601e+01
9.775171065493646338e-01 1.138020064477663773e+01
9.784946236559139976e-01 1.143454815579947592e+01
9.794721407624633613e-01 1.148860539926716484e+01
9.804496578690127251e-01 1.154339481980572479e+01
9.814271749755620888e-01 1.159856898260759728e+01
9.824046920821114526e-01 1.165173520478685631e+01
9.833822091886608163e-01 1.170581816642782158e+01
9.843597262952101801e-01 1.175974922361433350e+01
9.853372434017595438e-01 1.181379874503985583e+01
9.863147605083089076e-01 1.186591533186887659e+01
9.872922776148582713e-01 1.191691083533316942e+01
9.882697947214076351e-01 1.196991290024660870e+01
9.892473118279569988e-01 1.202612347388747693e+01
9.902248289345063625e-01 1.208549484554549380e+01
9.912023460410557263e-01 1.214420275799300519e+01
9.921798631476050900e-01 1.220252325443953012e+01
9.931573802541544538e-01 1.226081948768222496e+01
9.941348973607038175e-01 1.232245873670950864e+01
9.951124144672531813e-01 1.238201134699110284e+01
9.960899315738025450e-01 1.244213479958888691e+01
9.970674486803519088e-01 1.250109802825454786e+01
9.980449657869012725e-01 1.255494012750126487e+01
9.990224828934506363e-01 1.261632882198251160e+01
1.000000000000000000e+00 1.267992022087901027e+01
