2.903007425265090591e-01 8.289306334778564178e+01
2.906630114531332243e-01 8.289306334778564178e+01
2.910252803797573895e-01 8.289306334778564178e+01
2.913875493063815547e-01 8.289306334778564178e+01
2.917498182330057199e-01 8.289306334778564178e+01
2.921120871596298851e-01 8.289306334778564178e+01
2.924743560862540503e-01 8.289306334778564178e+01
2.928366250128782711e-01 8.289306334778564178e+01
2.931988939395024363e-01 8.289306334778564178e+01
2.935611628661266015e-01 8.289306334778564178e+01
2.939234317927507667e-01 4.073064688364488006e+01
2.942857007193749319e-01 4.046433713409376054e+01
2.946479696459990971e-01 4.020066718852956456e+01
2.950102385726232623e-01 3.993965211283000372e+01
2.953725074992474275e-01 3.968130710164478359e+01
2.957347764258715928e-01 3.942564747660292568e+01
2.960970453524957580e-01 3.917268868396040205e+01
2.964593142791199232e-01 3.892244629169378101e+01
2.968215832057440884e-01 3.867493598604545468e+01
2.971838521323682536e-01 3.843017356752638847e+01
2.975461210589924743e-01 3.610324038320334950e+01
2.979083899856166395e-01 3.584915272084415250e+01
2.982706589122408047e-01 3.559778064515859342e+01
2.986329278388649699e-01 3.534914022930006894e+01
2.989951967654891352e-01 3.510324763575269458e+01
2.993574656921133004e-01 3.486011910925156343e+01
2.997197346187374656e-01 3.461977096921944508e+01
3.000820035453616308e-01 3.371471896432644400e+01
3.004442724719857960e-01 3.347282713958124845e+01
3.008065413986099612e-01 3.201608605696745968e+01
3.011688103252341264e-01 3.176766104687670378e+01
3.015310792518582916e-01 3.122300861291384422e+01
3.018933481784824568e-01 3.097714253630880776e+01
3.022556171051066776e-01 3.050311056351947769e+01
3.026178860317308428e-01 3.026027833663393807e+01
3.029801549583550080e-01 3.002022484087797594e+01
3.033424238849791732e-01 2.946782192822976754e+01
3.037046928116033384e-01 2.922942546043110923e+01
3.040669617382275036e-01 2.832345832352785919e+01
3.044292306648516688e-01 2.808223331043854287e+01
3.047914995914758340e-01 2.784378271632052204e+01
3.051537685180999993e-01 2.760812375971639199e+01
3.055160374447241645e-01 2.737527358776883091e+01
3.058783063713483297e-01 2.694651501720138143e+01
3.062405752979724949e-01 2.671630100637557703e+01
3.066028442245967156e-01 2.629880796494748552e+01
3.069651131512208808e-01 2.607120991656000086e+01
3.073273820778450460e-01 2.584644149229738019e+01
3.076896510044692112e-01 2.562451904471422282e+01
3.080519199310933764e-01 2.540545877304108657e+01
3.084141888577175417e-01 2.503565983636417869e+01
3.087764577843417069e-01 2.466798766690970268e+01
3.091387267109658721e-01 2.435030778600333079e+01
3.095009956375900373e-01 2.401591255455675267e+01
3.098632645642142025e-01 2.375723968808029340e+01
3.102255334908383677e-01 2.347819073411236346e+01
3.105878024174625329e-01 2.326665365309984779e+01
3.109500713440866981e-01 2.303043193725930848e+01
3.113123402707108633e-01 2.282393163041927053e+01
3.116746091973350841e-01 2.262025826708990905e+01
3.120368781239592493e-01 2.241942489390507731e+01
3.123991470505834145e-01 2.211151522437249639e+01
3.127614159772075797e-01 2.191373634142584592e+01
3.131236849038317449e-01 2.170277154496271521e+01
3.134859538304559101e-01 2.148354589023468719e+01
3.138482227570800753e-01 2.129318267413536603e+01
3.142104916837042405e-01 2.107228958380769868e+01
3.145727606103284058e-01 2.081478910936071713e+01
3.149350295369525710e-01 2.063008097953696662e+01
3.152972984635767362e-01 2.043833499734147807e+01
3.156595673902009569e-01 2.023715805190330386e+01
3.160218363168251221e-01 1.999262274800601702e+01
3.163841052434492873e-01 1.980953436997986117e+01
3.167463741700734525e-01 1.963576302876879254e+01
3.171086430966976177e-01 1.943196220089539850e+01
3.174709120233217829e-01 1.924330844546411612e+01
3.178331809499459482e-01 1.907623600627066196e+01
3.181954498765701134e-01 1.889686728071707122e+01
3.185577188031942786e-01 1.871768307551352351e+01
3.189199877298184438e-01 1.855368795089464484e+01
3.192822566564426090e-01 1.839256935074142163e+01
3.196445255830667742e-01 1.822357828203408303e+01
3.200067945096909394e-01 1.805780639156300182e+01
3.203690634363151046e-01 1.789860694807274655e+01
3.207313323629393254e-01 1.773020994287989538e+01
3.210936012895634906e-01 1.754602744592051167e+01
3.214558702161876558e-01 1.738213024768209536e+01
3.218181391428118210e-01 1.722952252675310447e+01
3.221804080694359862e-01 1.708339138777598976e+01
3.225426769960601514e-01 1.693773042223676484e+01
3.229049459226843166e-01 1.677747040618551466e+01
3.232672148493084818e-01 1.663653000205776777e+01
3.236294837759326470e-01 1.648694753552592829e+01
3.239917527025568122e-01 1.634012388053649900e+01
3.243540216291809775e-01 1.620502112425464958e+01
3.247162905558051427e-01 1.604954948811636584e+01
3.250785594824293634e-01 1.590906530376197558e+01
3.254408284090535286e-01 1.577882050096057753e+01
3.258030973356776938e-01 1.564080596653199073e+01
3.261653662623018590e-01 1.550897308263418495e+01
3.265276351889260242e-01 1.536727884507654807e+01
3.268899041155501894e-01 1.522767756904314140e+01
3.272521730421743547e-01 1.509601080701684062e+01
3.276144419687985199e-01 1.496680045689376470e+01
3.279767108954226851e-01 1.484171448173034946e+01
3.283389798220468503e-01 1.472590243700513035e+01
3.287012487486710155e-01 1.459320924911585493e+01
3.290635176752951807e-01 1.446912087310728090e+01
3.294257866019193459e-01 1.434485297204269649e+01
3.297880555285435111e-01 1.422863135856717953e+01
3.301503244551677319e-01 1.410612013894249372e+01
3.305125933817918971e-01 1.397561705150288702e+01
3.308748623084160623e-01 1.384557804884279797e+01
3.312371312350402275e-01 1.373825025195847616e+01
3.315994001616643927e-01 1.362356901030183565e+01
3.319616690882885579e-01 1.351323434687487435e+01
3.323239380149127231e-01 1.340144118916436256e+01
3.326862069415368883e-01 1.329479713697641330e+01
3.330484758681610535e-01 1.318264434552686915e+01
3.334107447947852187e-01 1.307417563978849806e+01
3.337730137214093840e-01 1.297015535190460511e+01
3.341352826480336047e-01 1.286068785552746263e+01
3.344975515746577699e-01 1.274982919704303264e+01
3.348598205012819351e-01 1.264766873972529737e+01
3.352220894279061003e-01 1.254366644593538638e+01
3.355843583545302655e-01 1.244909859058198620e+01
3.359466272811544307e-01 1.234937678105531944e+01
3.363088962077785959e-01 1.225725276407838038e+01
3.366711651344027612e-01 1.216383208558757545e+01
3.370334340610269264e-01 1.207023445510851190e+01
3.373957029876510916e-01 1.196635754344565683e+01
3.377579719142752568e-01 1.186951273870950985e+01
3.381202408408994220e-01 1.177827710429312447e+01
3.384825097675235872e-01 1.168501069228257983e+01
3.388447786941477524e-01 1.158901027953969098e+01
3.392070476207719176e-01 1.149741857651500965e+01
3.395693165473961384e-01 1.141081767174205908e+01
3.399315854740203036e-01 1.131038711187185442e+01
3.402938544006444688e-01 1.122115822584791545e+01
3.406561233272686340e-01 1.113172941022343565e+01
3.410183922538927992e-01 1.104075093544583908e+01
3.413806611805169644e-01 1.094554272558214691e+01
3.417429301071411296e-01 1.085814113312715534e+01
3.421051990337652948e-01 1.076884927919606483e+01
3.424674679603894600e-01 1.068457943178973757e+01
3.428297368870136252e-01 1.059905947082402733e+01
3.431920058136377905e-01 1.051348710730255931e+01
3.435542747402620112e-01 1.043319964470454053e+01
3.439165436668861764e-01 1.034684406063503381e+01
3.442788125935103416e-01 1.026293088013931865e+01
3.446410815201345068e-01 1.017756488947353155e+01
3.450033504467586720e-01 1.009318514621751994e+01
3.453656193733828372e-01 1.000816291205588904e+01
3.457278883000070024e-01 9.923721646425899934e+00
3.460901572266311677e-01 9.838589895367286786e+00
3.464524261532553329e-01 9.756840615095072167e+00
3.468146950798794981e-01 9.673486695375517641e+00
3.471769640065036633e-01 9.591484630251509103e+00
3.475392329331278285e-01 9.508734478977649118e+00
3.479015018597519937e-01 9.425505966198176822e+00
3.482637707863761589e-01 9.348916293907846509e+00
3.486260397130003796e-01 9.265742818078328114e+00
3.489883086396245448e-01 9.186038919228824540e+00
3.493505775662487101e-01 9.106555001011226835e+00
3.497128464928728753e-01 9.027576819604288261e+00
3.500751154194970405e-01 8.948796704005774316e+00
3.504373843461212057e-01 8.870944018796512509e+00
3.507996532727453709e-01 8.793125060648064206e+00
3.511619221993695361e-01 8.712744336579477888e+00
3.515241911259937013e-01 8.635617454805457172e+00
3.518864600526178665e-01 8.556608162109519355e+00
3.522487289792420317e-01 8.478808592741176042e+00
3.526109979058662525e-01 8.404676931408637586e+00
3.529732668324904177e-01 8.327926599005280650e+00
3.533355357591145829e-01 8.251752230120027676e+00
3.536978046857387481e-01 8.175662369388682293e+00
3.540600736123629133e-01 8.098725496183430295e+00
3.544223425389870785e-01 8.026915529482542055e+00
3.547846114656112437e-01 7.951474504541027777e+00
3.551468803922354089e-01 7.876979696614390569e+00
3.555091493188595742e-01 7.803161757840428869e+00
3.558714182454837394e-01 7.728642857125270105e+00
3.562336871721079046e-01 7.655257129623293189e+00
3.565959560987320698e-01 7.583234021020441418e+00
3.569582250253562350e-01 7.510365723110659530e+00
3.573204939519804002e-01 7.436111526295662522e+00
3.576827628786045654e-01 7.362516332158626220e+00
3.580450318052287306e-01 7.292740351346120420e+00
3.584073007318529513e-01 7.220381445320252389e+00
3.587695696584771166e-01 7.149125028487186562e+00
3.591318385851012818e-01 7.079003992477227669e+00
3.594941075117254470e-01 7.010471582277525648e+00
3.598563764383496122e-01 6.941045287105966466e+00
3.602186453649737774e-01 6.871156396343694794e+00
3.605809142915979426e-01 6.804347008917413397e+00
3.609431832182221078e-01 6.735705316934585518e+00
3.613054521448462730e-01 6.671723863983948455e+00
3.616677210714704938e-01 6.603969612741672712e+00
3.620299899980946590e-01 6.539768985134319479e+00
3.623922589247188242e-01 6.472020083995270845e+00
3.627545278513429894e-01 6.406754134496829067e+00
3.631167967779671546e-01 6.340270806330702946e+00
3.634790657045913198e-01 6.275513884751786620e+00
3.638413346312154850e-01 6.212238851066614664e+00
3.642036035578396502e-01 6.147906638154197800e+00
3.645658724844638154e-01 6.088896753975181042e+00
3.649281414110879807e-01 6.023902775191733561e+00
3.652904103377121459e-01 5.960319790135656604e+00
3.656526792643363111e-01 5.897798394328936489e+00
3.660149481909604763e-01 5.835967082047293530e+00
3.663772171175846415e-01 5.776723687809744767e+00
3.667394860442088067e-01 5.713541882132213701e+00
3.671017549708329719e-01 5.655445350857124964e+00
3.674640238974571926e-01 5.595067038084039268e+00
3.678262928240813578e-01 5.535051907825098816e+00
3.681885617507055231e-01 5.475174191741917440e+00
3.685508306773296883e-01 5.416108179904115971e+00
3.689130996039538535e-01 5.359906263038078933e+00
3.692753685305780187e-01 5.303643321032976310e+00
3.696376374572021839e-01 5.246260173391902093e+00
3.699999063838263491e-01 5.190374557555572643e+00
3.703621753104505143e-01 5.133650554295508428e+00
3.707244442370746795e-01 5.078119998110021349e+00
3.710867131636989003e-01 5.020451805163258285e+00
3.714489820903230655e-01 4.964635092297044139e+00
3.718112510169472307e-01 4.908362291337907912e+00
3.721735199435713959e-01 4.854786920092100999e+00
3.725357888701955611e-01 4.801073277977332410e+00
3.728980577968197263e-01 4.749461146157844205e+00
3.732603267234438915e-01 4.694751697651474487e+00
3.736225956500680567e-01 4.642034357488225460e+00
3.739848645766922219e-01 4.589542811323052085e+00
3.743471335033163871e-01 4.537163760073920749e+00
3.747094024299405524e-01 4.485713030662634715e+00
3.750716713565647176e-01 4.436231702198583093e+00
3.754339402831888828e-01 4.384679304327933735e+00
3.757962092098130480e-01 4.333808109756191129e+00
3.761584781364372132e-01 4.284516632908394129e+00
3.765207470630613784e-01 4.236375948769486754e+00
3.768830159896855991e-01 4.187502277303728704e+00
3.772452849163097643e-01 4.138612285403316271e+00
3.776075538429339296e-01 4.091085460086185677e+00
3.779698227695580948e-01 4.043022777093027820e+00
3.783320916961822600e-01 3.995772641150923565e+00
3.786943606228064252e-01 3.949144035871242853e+00
3.790566295494305904e-01 3.901684835213407254e+00
3.794188984760547556e-01 3.855480899978386056e+00
3.797811674026789208e-01 3.809148869809017235e+00
3.801434363293031415e-01 3.762752692847715519e+00
3.805057052559273068e-01 3.717774972434535030e+00
3.808679741825514720e-01 3.673047060585897139e+00
3.812302431091756372e-01 3.628816961764683047e+00
3.815925120357998024e-01 3.585378876586049923e+00
3.819547809624239676e-01 3.540686640020340281e+00
3.823170498890481328e-01 3.497014773890613437e+00
3.826793188156722980e-01 3.454039390053387226e+00
3.830415877422964632e-01 3.410934146529892352e+00
3.834038566689206284e-01 3.369007063708542749e+00
3.837661255955447936e-01 3.326631040427383557e+00
3.841283945221689589e-01 3.284870509912475978e+00
3.844906634487931241e-01 3.243141078567513436e+00
3.848529323754172893e-01 3.200908641234768925e+00
3.852152013020414545e-01 3.159825380199212219e+00
3.855774702286656197e-01 3.119026100339719942e+00
3.859397391552897849e-01 3.078343050453433261e+00
3.863020080819140056e-01 3.038519291926746302e+00
3.866642770085381708e-01 2.998389181883557963e+00
3.870265459351623361e-01 2.959404079551032574e+00
3.873888148617865013e-01 2.919887741068801112e+00
3.877510837884106665e-01 2.880926588436103497e+00
3.881133527150348317e-01 2.841528557384541909e+00
3.884756216416589969e-01 2.802636884775536075e+00
3.888378905682831621e-01 2.764068639334329447e+00
3.892001594949073273e-01 2.726102742124003608e+00
3.895624284215315480e-01 2.688503316739471405e+00
3.899246973481557133e-01 2.651307558863511105e+00
3.902869662747798785e-01 2.614033516446309324e+00
3.906492352014040437e-01 2.577063695634004503e+00
3.910115041280282089e-01 2.540886595765392997e+00
3.913737730546523741e-01 2.505266522280841457e+00
3.917360419812765393e-01 2.468537709222557108e+00
3.920983109079007045e-01 2.432878706480325892e+00
3.924605798345248697e-01 2.397122196740623323e+00
3.928228487611490349e-01 2.361495204608600851e+00
3.931851176877732001e-01 2.326404477515736424e+00
3.935473866143973654e-01 2.291507393581724727e+00
3.939096555410215306e-01 2.256406006255105900e+00
3.942719244676456958e-01 2.221878383327819062e+00
3.946341933942698610e-01 2.187753100128661199e+00
3.949964623208940262e-01 2.154369924275036929e+00
3.953587312475182469e-01 2.120142038483338265e+00
3.957210001741424121e-01 2.086478661882346319e+00
3.960832691007665773e-01 2.053439658507762999e+00
3.964455380273907426e-01 2.020874210991701503e+00
3.968078069540149078e-01 1.987908329069190350e+00
3.971700758806390730e-01 1.955498621217712119e+00
3.975323448072632382e-01 1.923547326197720286e+00
3.978946137338874034e-01 1.892593727621306954e+00
3.982568826605115686e-01 1.861513463745296360e+00
3.986191515871357338e-01 1.830089740036122015e+00
3.989814205137599545e-01 1.798764985940674244e+00
3.993436894403841197e-01 1.768443604518786794e+00
3.997059583670082850e-01 1.737796939133671614e+00
4.000682272936324502e-01 1.707132879619254640e+00
4.004304962202566154e-01 1.678386477297569401e+00
4.007927651468807806e-01 1.648818535973076926e+00
4.011550340735049458e-01 1.619421818795757861e+00
4.015173030001291110e-01 1.591119380741273348e+00
4.018795719267532762e-01 1.562967007287440424e+00
4.022418408533774414e-01 1.534612762135086239e+00
4.026041097800016066e-01 1.507006806954918066e+00
4.029663787066257719e-01 1.479420160356624381e+00
4.033286476332499371e-01 1.452040187055568365e+00
4.036909165598741023e-01 1.424810877447268753e+00
4.040531854864982675e-01 1.397373470759214698e+00
4.044154544131224327e-01 1.370864462306140119e+00
4.047777233397466534e-01 1.344756907252343092e+00
4.051399922663708186e-01 1.318977110702693523e+00
4.055022611929949838e-01 1.293262610742793584e+00
4.058645301196191491e-01 1.268270823126372182e+00
4.062267990462433143e-01 1.242976795665025724e+00
4.065890679728674795e-01 1.218628491014992044e+00
4.069513368994916447e-01 1.193663236290772867e+00
4.073136058261158099e-01 1.169427874023647007e+00
4.076758747527399751e-01 1.145455442546619240e+00
4.080381436793641958e-01 1.121649272835139932e+00
4.084004126059883610e-01 1.098250680441461791e+00
4.087626815326125262e-01 1.074703824783618700e+00
4.091249504592366915e-01 1.052132432234792692e+00
4.094872193858608567e-01 1.029274043456024357e+00
4.098494883124850219e-01 1.006688246155911015e+00
4.102117572391091871e-01 9.839610869903009371e-01
4.105740261657333523e-01 9.620371718872448019e-01
4.109362950923575175e-01 9.400641936153475431e-01
4.112985640189816827e-01 9.184768232088098561e-01
4.116608329456058479e-01 8.975086253131608904e-01
4.120231018722300131e-01 8.766557279563089722e-01
4.123853707988541784e-01 8.563666264970538622e-01
4.127476397254783436e-01 8.361867326409370138e-01
4.131099086521025088e-01 8.154578055718720853e-01
4.134721775787266740e-01 7.956062408049677792e-01
4.138344465053508947e-01 7.753291087432123696e-01
4.141967154319750599e-01 7.562375368939612263e-01
4.145589843585992251e-01 7.372190122001440749e-01
4.149212532852233903e-01 7.180945518638727210e-01
4.152835222118475555e-01 6.997463999123886280e-01
4.156457911384717208e-01 6.816569402670527023e-01
4.160080600650958860e-01 6.633044787356705552e-01
4.163703289917200512e-01 6.454541183452057185e-01
4.167325979183442719e-01 6.279041772996069026e-01
4.170948668449684371e-01 6.102558902009550534e-01
4.174571357715926023e-01 5.931172747755804053e-01
4.178194046982167675e-01 5.764887248036681955e-01
4.181816736248409327e-01 5.599927777206027413e-01
4.185439425514650980e-01 5.436418379505304488e-01
4.189062114780892632e-01 5.275774098302484783e-01
4.192684804047134284e-01 5.117739012857597247e-01
4.196307493313375936e-01 4.957007584488104524e-01
4.199930182579617588e-01 4.800492563456177919e-01
4.203552871845859240e-01 4.649416805158749222e-01
4.207175561112100892e-01 4.499002144190196173e-01
4.210798250378342544e-01 4.351942162168854766e-01
4.214420939644584196e-01 4.204531792789543698e-01
4.218043628910825849e-01 4.065985234554125860e-01
4.221666318177067501e-01 3.925105221290949853e-01
4.225289007443309153e-01 3.783426506704561931e-01
4.228911696709550805e-01 3.650618206822213718e-01
4.232534385975792457e-01 3.518414377621771894e-01
4.236157075242034664e-01 3.387357752716353421e-01
4.239779764508276316e-01 3.259018623319223651e-01
4.243402453774517968e-01 3.132844500732842596e-01
4.247025143040759620e-01 3.005416840530150124e-01
4.250647832307001273e-01 2.884531712978449236e-01
4.254270521573242925e-01 2.766462959642135844e-01
4.257893210839484577e-01 2.646582667167849956e-01
4.261515900105726784e-01 2.530765534980196074e-01
4.265138589371968436e-01 2.419203773117783174e-01
4.268761278638210088e-01 2.309057706125323128e-01
4.272383967904451740e-01 2.204687186522554798e-01
4.276006657170693392e-01 2.097083584493610320e-01
4.279629346436935045e-01 1.993705186241603311e-01
4.283252035703176697e-01 1.896653191712463216e-01
4.286874724969418349e-01 1.798604990771723311e-01
4.290497414235660001e-01 1.705390321318115410e-01
4.294120103501901653e-01 1.610630989163608917e-01
4.297742792768143305e-01 1.523688953666118284e-01
4.301365482034384957e-01 1.439277702256153701e-01
4.304988171300626609e-01 1.353178321409226059e-01
4.308610860566868261e-01 1.273239107031845230e-01
4.312233549833109914e-01 1.194372442137979634e-01
4.315856239099351566e-01 1.120418385549198370e-01
4.319478928365593218e-01 1.045057256614566749e-01
4.323101617631834870e-01 9.732305963831951179e-02
4.326724306898076522e-01 8.987993129615721999e-02
4.330346996164318729e-01 8.284650437896177999e-02
4.333969685430560381e-01 7.631148024053681367e-02
4.337592374696802033e-01 7.022710301660807508e-02
4.341215063963043685e-01 6.443677344647581740e-02
4.344837753229285338e-01 5.862721006431496212e-02
4.348460442495526990e-01 5.326289292199542363e-02
4.352083131761768642e-01 4.825322990361721742e-02
4.355705821028010849e-01 4.307164279443598254e-02
4.359328510294252501e-01 3.872765117904659882e-02
4.362951199560494153e-01 3.461577494745153583e-02
4.366573888826735805e-01 3.032560414047606734e-02
4.370196578092977457e-01 2.649900840796690429e-02
4.373819267359219110e-01 2.286007804547950453e-02
4.377441956625460762e-01 1.962360929141565222e-02
4.381064645891702414e-01 1.650224919532935694e-02
4.384687335157944066e-01 1.391248574104951390e-02
4.388310024424185718e-01 1.125899976954673753e-02
4.391932713690427370e-01 9.292267652240272097e-03
4.395555402956669022e-01 7.403476858702946403e-03
4.399178092222910674e-01 5.177641099844526064e-03
4.402800781489152326e-01 3.899972858972153202e-03
4.406423470755393978e-01 3.094450221210380634e-03
4.410046160021635631e-01 1.963553932387686850e-03
4.413668849287877283e-01 9.931070469694619745e-04
4.417291538554118935e-01 3.915785252747949708e-04
4.420914227820360587e-01 -0.000000000000000000e+00
4.424536917086602794e-01 3.469463131547269167e-04
4.428159606352844446e-01 5.177422485328600542e-04
4.431782295619086098e-01 7.125845113172034687e-04
4.435404984885327750e-01 1.292518997984047060e-03
4.439027674151569403e-01 1.994517421797987067e-03
4.442650363417811055e-01 3.058857371940403285e-03
4.446273052684053262e-01 4.355088181011305785e-03
4.449895741950294914e-01 6.346633685206505213e-03
4.453518431216536566e-01 8.507108714977928629e-03
4.457141120482778218e-01 1.095803082200899614e-02
4.460763809749019870e-01 1.309808084386599250e-02
4.464386499015261522e-01 1.565513612845970126e-02
4.468009188281503175e-01 1.818557056064032743e-02
4.471631877547744827e-01 2.143156075758357107e-02
4.475254566813986479e-01 2.468642598800960958e-02
4.478877256080228131e-01 2.875577110869190905e-02
4.482499945346469783e-01 3.240810376776497720e-02
4.486122634612711435e-01 3.661664910193614814e-02
4.489745323878953087e-01 4.062695398094124527e-02
4.493368013145194739e-01 4.494325097167173322e-02
4.496990702411436391e-01 4.942205755050881055e-02
4.500613391677678043e-01 5.430580351410421724e-02
4.504236080943919696e-01 5.939655374219762751e-02
4.507858770210161348e-01 6.438803110689124420e-02
4.511481459476403000e-01 6.988831382584551055e-02
4.515104148742645207e-01 7.560516005521192295e-02
4.518726838008886859e-01 8.163329468536439926e-02
4.522349527275128511e-01 8.781761808639917954e-02
4.525972216541370163e-01 9.430126137768295169e-02
4.529594905807611815e-01 1.004719524865944902e-01
4.533217595073853468e-01 1.073184839460958606e-01
4.536840284340095120e-01 1.141723961817793787e-01
4.540462973606337327e-01 1.213801312870225468e-01
4.544085662872578979e-01 1.291536527443853111e-01
4.547708352138820631e-01 1.365068021838554968e-01
4.551331041405062283e-01 1.444283707743997391e-01
4.554953730671303935e-01 1.524339701645974487e-01
4.558576419937545587e-01 1.609825698636628555e-01
4.562199109203787240e-01 1.695511827809833005e-01
4.565821798470028892e-01 1.776044381454411902e-01
4.569444487736270544e-01 1.862603431976384283e-01
4.573067177002512196e-01 1.953406281086505214e-01
4.576689866268753848e-01 2.044365565937035223e-01
4.580312555534995500e-01 2.135768606207503473e-01
4.583935244801237152e-01 2.231503724929194132e-01
4.587557934067478804e-01 2.326639587732328429e-01
4.591180623333720456e-01 2.424426349390512159e-01
4.594803312599962108e-01 2.526467580356088760e-01
4.598426001866203761e-01 2.628974938369224579e-01
4.602048691132445413e-01 2.737440545871390185e-01
4.605671380398687065e-01 2.844907778991145331e-01
4.609294069664929272e-01 2.948776833317516277e-01
4.612916758931170924e-01 3.057725530804960568e-01
4.616539448197412576e-01 3.168743516870811128e-01
4.620162137463654228e-01 3.279266670318931598e-01
4.623784826729895880e-01 3.394035979470177988e-01
4.627407515996137533e-01 3.506620537793365688e-01
4.631030205262379740e-01 3.626050751489328094e-01
4.634652894528621392e-01 3.742832702519496846e-01
4.638275583794863044e-01 3.862162947984246752e-01
4.641898273061104696e-01 3.990050739430656135e-01
4.645520962327346348e-01 4.117196507677897133e-01
4.649143651593588000e-01 4.245685977823923651e-01
4.652766340859829652e-01 4.373157615358476691e-01
4.656389030126071304e-01 4.509825704711040162e-01
4.660011719392312957e-01 4.644126304100003044e-01
4.663634408658554609e-01 4.777315809941404257e-01
4.667257097924796261e-01 4.917721776878222761e-01
4.670879787191037913e-01 5.053354237467145849e-01
4.674502476457279565e-01 5.196808070342864294e-01
4.678125165723521217e-01 5.338814337113405584e-01
4.681747854989762869e-01 5.479032322881357553e-01
4.685370544256004521e-01 5.628581317926190097e-01
4.688993233522246173e-01 5.775893012080313138e-01
4.692615922788487826e-01 5.924287794278659813e-01
4.696238612054729478e-01 6.073769713573695661e-01
4.699861301320971685e-01 6.224356178677413753e-01
4.703483990587213337e-01 6.381197384296540820e-01
4.707106679853454989e-01 6.542176829391878057e-01
4.710729369119696641e-01 6.698862863391614741e-01
4.714352058385938293e-01 6.859591716618769208e-01
4.717974747652179945e-01 7.018780500109736975e-01
4.721597436918421598e-01 7.180000783881654858e-01
4.725220126184663805e-01 7.343019313896675948e-01
4.728842815450905457e-01 7.505245101885099634e-01
4.732465504717147109e-01 7.673199494578066826e-01
4.736088193983388761e-01 7.846287843339109225e-01
4.739710883249630413e-01 8.015927727595999475e-01
4.743333572515872065e-01 8.197668893746560270e-01
4.746956261782113717e-01 8.370102640124442717e-01
4.750578951048355369e-01 8.549595141687295063e-01
4.754201640314597022e-01 8.726757457493266035e-01
4.757824329580838674e-01 8.900317108174705671e-01
4.761447018847080326e-01 9.076464953770058131e-01
4.765069708113321978e-01 9.260667365335505385e-01
4.768692397379563630e-01 9.446426466539550315e-01
4.772315086645805282e-01 9.630305080885932512e-01
4.775937775912046934e-01 9.817147049140583226e-01
4.779560465178288586e-01 1.000689784839791097e+00
4.783183154444530238e-01 1.019551630784102825e+00
4.786805843710771891e-01 1.038748386735383500e+00
4.790428532977013543e-01 1.058131604923989499e+00
4.794051222243255750e-01 1.077258947617673046e+00
4.797673911509497402e-01 1.096537043149879764e+00
4.801296600775739054e-01 1.116363579552577479e+00
4.804919290041980706e-01 1.135892916856314327e+00
4.808541979308222358e-01 1.155785792030988413e+00
4.812164668574464010e-01 1.176083789758634257e+00
4.815787357840705663e-01 1.196142381520415965e+00
4.819410047106947870e-01 1.216421228966170665e+00
4.823032736373189522e-01 1.236458653231329086e+00
4.826655425639431174e-01 1.257042521394376333e+00
4.830278114905672826e-01 1.277929410750622274e+00
4.833900804171914478e-01 1.298458503620402160e+00
4.837523493438156130e-01 1.319202302507052948e+00
4.841146182704397782e-01 1.340227662113109064e+00
4.844768871970639434e-01 1.360502180123594140e+00
4.848391561236881087e-01 1.381325682638617547e+00
4.852014250503122739e-01 1.402909240557026038e+00
4.855636939769364391e-01 1.424084354443439615e+00
4.859259629035606043e-01 1.445131272476340323e+00
4.862882318301847695e-01 1.467219091563576105e+00
4.866505007568089347e-01 1.488484118442990223e+00
4.870127696834330999e-01 1.510127072263276693e+00
4.873750386100572651e-01 1.531482444549309152e+00
4.877373075366814303e-01 1.553096709964401079e+00
4.880995764633055956e-01 1.575065290220555747e+00
4.884618453899297608e-01 1.597117077680675123e+00
4.888241143165539815e-01 1.618669485912533013e+00
4.891863832431781467e-01 1.640503472039855470e+00
4.895486521698023119e-01 1.662344346072604617e+00
4.899109210964264771e-01 1.684515969434334126e+00
4.902731900230506423e-01 1.705486026048182335e+00
4.906354589496748075e-01 1.727397033718764963e+00
4.909977278762990283e-01 1.749730156115370860e+00
4.913599968029231935e-01 1.771576565748528509e+00
4.917222657295473587e-01 1.793329743570234669e+00
4.920845346561715239e-01 1.815304110682709027e+00
4.924468035827956891e-01 1.837475214168431403e+00
4.928090725094198543e-01 1.858987599159728221e+00
4.931713414360440195e-01 1.880924086338879198e+00
4.935336103626681847e-01 1.902901549266634351e+00
4.938958792892923499e-01 1.924742205568394926e+00
4.942581482159165152e-01 1.947250760243947276e+00
4.946204171425406804e-01 1.968861693987604689e+00
4.949826860691648456e-01 1.991019294409076323e+00
4.953449549957890108e-01 2.012824196833946200e+00
4.957072239224131760e-01 2.034862300820083458e+00
4.960694928490373412e-01 2.057259687479826571e+00
4.964317617756615064e-01 2.078099903709198060e+00
4.967940307022856716e-01 2.099821778165835706e+00
4.971562996289098368e-01 2.121920189429137515e+00
4.975185685555340021e-01 2.144040155993442553e+00
4.978808374821582228e-01 2.165320465448102638e+00
4.982431064087823880e-01 2.186414355843498747e+00
4.986053753354065532e-01 2.208382539512558917e+00
4.989676442620307184e-01 2.229768978955369185e+00
4.993299131886548836e-01 2.250977806929503000e+00
4.996921821152790488e-01 2.271939783468625684e+00
5.000544510419031585e-01 2.293903905542193034e+00
5.004167199685274348e-01 2.316488580072940007e+00
5.007789888951516000e-01 2.338072799775678945e+00
5.011412578217757652e-01 2.359216540045698807e+00
5.015035267483999304e-01 2.381433930482388828e+00
5.018657956750240956e-01 2.403338367287527255e+00
5.022280646016482608e-01 2.424828451178228761e+00
5.025903335282724260e-01 2.447214471961697946e+00
5.029526024548965912e-01 2.468225847654871075e+00
5.033148713815207564e-01 2.489395036027159058e+00
5.036771403081449217e-01 2.510683594096634330e+00
5.040394092347690869e-01 2.532738344198536051e+00
5.044016781613932521e-01 2.554081179294483306e+00
5.047639470880174173e-01 2.575534021663050677e+00
5.051262160146415825e-01 2.596988105110408895e+00
5.054884849412657477e-01 2.618061774735044533e+00
5.058507538678899129e-01 2.638373047451613385e+00
5.062130227945140781e-01 2.659339543424459773e+00
5.065752917211382433e-01 2.680908641216176225e+00
5.069375606477624085e-01 2.701883804312021020e+00
5.072998295743866848e-01 2.723193084027494493e+00
5.076620985010107390e-01 2.743720320259218415e+00
5.080243674276350152e-01 2.763893379748305179e+00
5.083866363542590694e-01 2.783597156533150763e+00
5.087489052808833456e-01 2.804971715040870173e+00
5.091111742075073998e-01 2.825226848674413205e+00
5.094734431341316760e-01 2.846064352215937454e+00
5.098357120607558413e-01 2.866399418097909990e+00
5.101979809873800065e-01 2.887334505077099767e+00
5.105602499140041717e-01 2.907005129132724353e+00
5.109225188406283369e-01 2.927427814666023753e+00
5.112847877672525021e-01 2.948415689647634341e+00
5.116470566938766673e-01 2.968160285772679430e+00
5.120093256205008325e-01 2.987852414653978883e+00
5.123715945471249977e-01 3.007788942938200538e+00
5.127338634737491629e-01 3.027472720974019538e+00
5.130961324003733282e-01 3.046884206945359441e+00
5.134584013269974934e-01 3.067735786466283532e+00
5.138206702536216586e-01 3.087567966890192750e+00
5.141829391802458238e-01 3.107422665946272033e+00
5.145452081068699890e-01 3.126527825427727336e+00
5.149074770334941542e-01 3.146081022449594755e+00
5.152697459601183194e-01 3.165131368613430141e+00
5.156320148867424846e-01 3.184393985742700384e+00
5.159942838133666498e-01 3.203584494191122456e+00
5.163565527399909261e-01 3.222769017573579475e+00
5.167188216666149803e-01 3.242143906997634328e+00
5.170810905932392565e-01 3.261940660162286676e+00
5.174433595198633107e-01 3.280886842598877973e+00
5.178056284464875869e-01 3.299637783417093129e+00
5.181678973731116411e-01 3.319307568487142035e+00
5.185301662997359173e-01 3.338468566506673785e+00
5.188924352263600825e-01 3.357653277029421623e+00
5.192547041529842478e-01 3.376736726954445711e+00
5.196169730796084130e-01 3.395850856315103528e+00
5.199792420062325782e-01 3.415383278021462576e+00
5.203415109328567434e-01 3.434577536173953671e+00
5.207037798594809086e-01 3.451742813396856846e+00
5.210660487861050738e-01 3.470974789319507536e+00
5.214283177127292390e-01 3.490204800547272779e+00
5.217905866393534042e-01 3.508715220223012299e+00
5.221528555659775694e-01 3.527924913564334020e+00
5.225151244926017347e-01 3.546749910560042629e+00
5.228773934192258999e-01 3.566072835539063846e+00
5.232396623458500651e-01 3.585789060553196794e+00
5.236019312724742303e-01 3.603166728005916752e+00
5.239642001990983955e-01 3.621897665130678678e+00
5.243264691257225607e-01 3.641851917815515982e+00
5.246887380523467259e-01 3.659696400514264258e+00
5.250510069789708911e-01 3.678600038219141499e+00
5.254132759055950563e-01 3.697583792474681719e+00
5.257755448322192215e-01 3.716678364520282329e+00
5.261378137588434978e-01 3.733838950601551687e+00
5.265000826854675520e-01 3.751960467166060020e+00
5.268623516120918282e-01 3.771296411490102418e+00
5.272246205387158824e-01 3.789707787161171737e+00
5.275868894653401586e-01 3.809164498274601574e+00
5.279491583919642128e-01 3.827939546536692106e+00
5.283114273185884890e-01 3.847778028012794671e+00
5.286736962452126543e-01 3.867852326566476595e+00
5.290359651718368195e-01 3.886411614323513231e+00
5.293982340984609847e-01 3.906170273515770841e+00
5.297605030250851499e-01 3.924499836727366020e+00
5.301227719517093151e-01 3.942999573580688644e+00
5.304850408783334803e-01 3.963038810269794876e+00
5.308473098049576455e-01 3.982361065000869171e+00
5.312095787315818107e-01 4.001667438458410331e+00
5.315718476582059759e-01 4.019920684694711532e+00
5.319341165848301412e-01 4.039044447786149128e+00
5.322963855114543064e-01 4.059780365345802444e+00
5.326586544380784716e-01 4.079361439757604124e+00
5.330209233647026368e-01 4.098766196225180458e+00
5.333831922913268020e-01 4.118871018993132793e+00
5.337454612179509672e-01 4.136778892438846000e+00
5.341077301445751324e-01 4.156536817249057769e+00
5.344699990711992976e-01 4.176495205102356501e+00
5.348322679978234628e-01 4.195449894559414084e+00
5.351945369244477391e-01 4.215208565270437191e+00
5.355568058510717933e-01 4.234989129506626426e+00
5.359190747776960695e-01 4.256015501413424218e+00
5.362813437043201237e-01 4.277396601682781352e+00
5.366436126309443999e-01 4.298506475470962762e+00
5.370058815575684541e-01 4.318570686007563886e+00
5.373681504841927303e-01 4.338657933317861648e+00
5.377304194108168955e-01 4.359901569886924122e+00
5.380926883374410608e-01 4.381098416279385788e+00
5.384549572640652260e-01 4.402495943095810382e+00
5.388172261906893912e-01 4.424023029997304235e+00
5.391794951173135564e-01 4.445418224497260873e+00
5.395417640439377216e-01 4.467118940525269366e+00
5.399040329705618868e-01 4.489214532993805129e+00
5.402663018971860520e-01 4.510235760052307974e+00
5.406285708238102172e-01 4.532648875102114339e+00
5.409908397504343824e-01 4.554230059481823467e+00
5.413531086770585476e-01 4.575608236778002436e+00
5.417153776036827129e-01 4.597871312660486431e+00
5.420776465303068781e-01 4.620266954415129135e+00
5.424399154569310433e-01 4.643007072114877509e+00
5.428021843835552085e-01 4.665671300694731904e+00
5.431644533101793737e-01 4.687843276477095422e+00
5.435267222368036499e-01 4.709541563645381679e+00
5.438889911634277041e-01 4.732413430455660652e+00
5.442512600900519804e-01 4.754737790804437481e+00
5.446135290166760345e-01 4.776569914769136282e+00
5.449757979433003108e-01 4.800394767567403242e+00
5.453380668699243650e-01 4.823143855156873272e+00
5.457003357965486412e-01 4.845588092675781944e+00
5.460626047231726954e-01 4.868905804746939125e+00
5.464248736497969716e-01 4.892901520593086140e+00
5.467871425764210258e-01 4.915228507215940290e+00
5.471494115030453020e-01 4.939014565418013980e+00
5.475116804296693562e-01 4.961664562703667514e+00
5.478739493562936325e-01 4.986063353002784027e+00
5.482362182829177977e-01 5.010420139224915026e+00
5.485984872095419629e-01 5.034215691432844864e+00
5.489607561361661281e-01 5.057547313577681614e+00
5.493230250627902933e-01 5.082083116860747651e+00
5.496852939894144585e-01 5.107457687254756351e+00
5.500475629160386237e-01 5.131755550530181509e+00
5.504098318426627889e-01 5.155561711070466124e+00
5.507721007692869541e-01 5.181538028128489515e+00
5.511343696959111194e-01 5.206662464758850639e+00
5.514966386225352846e-01 5.231171280044676131e+00
5.518589075491594498e-01 5.256541034312206762e+00
5.522211764757836150e-01 5.282491723694840324e+00
5.525834454024078912e-01 5.308943017444704537e+00
5.529457143290319454e-01 5.334674131450126922e+00
5.533079832556562216e-01 5.362318543143270055e+00
5.536702521822802758e-01 5.388859667436833867e+00
5.540325211089045521e-01 5.414142190709445579e+00
5.543947900355286063e-01 5.439506963180626542e+00
5.547570589621528825e-01 5.464850339967253667e+00
5.551193278887769367e-01 5.490302699746736792e+00
5.554815968154012129e-01 5.517593257318195832e+00
5.558438657420252671e-01 5.543778242026134784e+00
5.562061346686495433e-01 5.570523533584728959e+00
5.565684035952735975e-01 5.596469798278921104e+00
5.569306725218978738e-01 5.624863209629303640e+00
5.572929414485220390e-01 5.651801114524265479e+00
5.576552103751462042e-01 5.679391042290697911e+00
5.580174793017703694e-01 5.706811585563950295e+00
5.583797482283945346e-01 5.735212854009558825e+00
5.587420171550186998e-01 5.763229359990516443e+00
5.591042860816428650e-01 5.791091437027968247e+00
5.594665550082670302e-01 5.819681978547884604e+00
5.598288239348911954e-01 5.849011850917812616e+00
5.601910928615153606e-01 5.876937496822824514e+00
5.605533617881395259e-01 5.904794638758676051e+00
5.609156307147636911e-01 5.932831987041713440e+00
5.612778996413878563e-01 5.961073001206431243e+00
5.616401685680121325e-01 5.990927411796022284e+00
5.620024374946361867e-01 6.019394745512973266e+00
5.623647064212604629e-01 6.048688312196506267e+00
5.627269753478845171e-01 6.079543305980080525e+00
5.630892442745087934e-01 6.108975308968443763e+00
5.634515132011328475e-01 6.138989564183995107e+00
5.638137821277571238e-01 6.169217535231484639e+00
5.641760510543811780e-01 6.197979130412481830e+00
5.645383199810054542e-01 6.226808642539967131e+00
5.649005889076295084e-01 6.258215229032789928e+00
5.652628578342537846e-01 6.289417389802165914e+00
5.656251267608778388e-01 6.319905746879904029e+00
5.659873956875021150e-01 6.349800386340234581e+00
5.663496646141262802e-01 6.381505616048518625e+00
5.667119335407504455e-01 6.413345095833419052e+00
5.670742024673746107e-01 6.442689761726756004e+00
5.674364713939987759e-01 6.473060615417856489e+00
5.677987403206229411e-01 6.504188198111881647e+00
5.681610092472471063e-01 6.534022414055288941e+00
5.685232781738712715e-01 6.567033565728976008e+00
5.688855471004954367e-01 6.598869896551978975e+00
5.692478160271196019e-01 6.629477191144041548e+00
5.696100849537437671e-01 6.663155913121130425e+00
5.699723538803679324e-01 6.695532319565667301e+00
5.703346228069920976e-01 6.727983696976568950e+00
5.706968917336162628e-01 6.759740177806231820e+00
5.710591606602404280e-01 6.793179836181120201e+00
5.714214295868647042e-01 6.822469167837996729e+00
5.717836985134887584e-01 6.851393791145228285e+00
5.721459674401130346e-01 6.884467041251791208e+00
5.725082363667370888e-01 6.917334124384095340e+00
5.728705052933613651e-01 6.947982614305681537e+00
5.732327742199854193e-01 6.981420366339032846e+00
5.735950431466096955e-01 7.014117228485211797e+00
5.739573120732337497e-01 7.044428638506706086e+00
5.743195809998580259e-01 7.076322018187507723e+00
5.746818499264820801e-01 7.108734776650622145e+00
5.750441188531063563e-01 7.142984963703415069e+00
5.754063877797304105e-01 7.175750069607029324e+00
5.757686567063546867e-01 7.211868742290955758e+00
5.761309256329788520e-01 7.244566406478407217e+00
5.764931945596030172e-01 7.277301548503021245e+00
5.768554634862271824e-01 7.309136668381480462e+00
5.772177324128513476e-01 7.340556012105254879e+00
5.775800013394755128e-01 7.372362438245168903e+00
5.779422702660996780e-01 7.406707052997504981e+00
5.783045391927238432e-01 7.440684920366606114e+00
5.786668081193480084e-01 7.472466484942644982e+00
5.790290770459721736e-01 7.506973882203750392e+00
5.793913459725963389e-01 7.536910897464980330e+00
5.797536148992205041e-01 7.570779471389680104e+00
5.801158838258446693e-01 7.604337220380307016e+00
5.804781527524689455e-01 7.636121887065233871e+00
5.808404216790929997e-01 7.669673290607414984e+00
5.812026906057172759e-01 7.706801004272760380e+00
5.815649595323413301e-01 7.740389662331129905e+00
5.819272284589656064e-01 7.774576197768304553e+00
5.822894973855896605e-01 7.810458297819129037e+00
5.826517663122139368e-01 7.844874547229803596e+00
5.830140352388379910e-01 7.875493371312137114e+00
5.833763041654622672e-01 7.907827941813331485e+00
5.837385730920863214e-01 7.942457187954262920e+00
5.841008420187105976e-01 7.976197771735325404e+00
5.844631109453346518e-01 8.010753347424532933e+00
5.848253798719589280e-01 8.043747321905339476e+00
5.851876487985830932e-01 8.077808574534067532e+00
5.855499177252072585e-01 8.113119932035296245e+00
5.859121866518314237e-01 8.148581810409577741e+00
5.862744555784555889e-01 8.184347319320425029e+00
5.866367245050797541e-01 8.222139385590477190e+00
5.869989934317039193e-01 8.258765751531013777e+00
5.873612623583280845e-01 8.294024667864686506e+00
5.877235312849522497e-01 8.331839222021176994e+00
5.880858002115764149e-01 8.367996449023712202e+00
5.884480691382005801e-01 8.405735813815946145e+00
5.888103380648247454e-01 8.439725072971212327e+00
5.891726069914489106e-01 8.476794015339780941e+00
5.895348759180731868e-01 8.513531639725268718e+00
5.898971448446972410e-01 8.550725864638270224e+00
5.902594137713215172e-01 8.591918407772965338e+00
5.906216826979455714e-01 8.630738732897874854e+00
5.909839516245698476e-01 8.669028386163516231e+00
5.913462205511939018e-01 8.706744670851865209e+00
5.917084894778181781e-01 8.745914607246120909e+00
5.920707584044422322e-01 8.789845711661135041e+00
5.924330273310665085e-01 8.830845752861344877e+00
5.927952962576905627e-01 8.868652202396930306e+00
5.931575651843148389e-01 8.910452155224529491e+00
5.935198341109388931e-01 8.951513262628120415e+00
5.938821030375631693e-01 8.992642143204106375e+00
5.942443719641873345e-01 9.038932052447282928e+00
5.946066408908114997e-01 9.079525672101821598e+00
5.949689098174356650e-01 9.122510068830095520e+00
5.953311787440598302e-01 9.161018730864624260e+00
5.956934476706839954e-01 9.201437068904992245e+00
5.960557165973081606e-01 9.243300131437543143e+00
5.964179855239323258e-01 9.285430285733616174e+00
5.967802544505564910e-01 9.328176339972106490e+00
5.971425233771806562e-01 9.371351287777441641e+00
5.975047923038048214e-01 9.412210898548726945e+00
5.978670612304289866e-01 9.458161826671890537e+00
5.982293301570531519e-01 9.502179034199222940e+00
5.985915990836773171e-01 9.548052238361476540e+00
5.989538680103014823e-01 9.592320844820848791e+00
5.993161369369257585e-01 9.636015075683316056e+00
5.996784058635498127e-01 9.682974204312364108e+00
6.000406747901740889e-01 9.722649681872781002e+00
6.004029437167981431e-01 9.770821421617991831e+00
6.007652126434224193e-01 9.822381928811733331e+00
6.011274815700464735e-01 9.869801362189258853e+00
6.014897504966707498e-01 9.921400712620179974e+00
6.018520194232948040e-01 9.972200894629198231e+00
6.022142883499190802e-01 1.002183439922509933e+01
6.025765572765431344e-01 1.007246378808219944e+01
6.029388262031674106e-01 1.012572863361736708e+01
6.033010951297915758e-01 1.017613998070097736e+01
6.036633640564157410e-01 1.023110324078124833e+01
6.040256329830399062e-01 1.028737470627601347e+01
6.043879019096640715e-01 1.034238961954700997e+01
6.047501708362882367e-01 1.039986393499975037e+01
6.051124397629124019e-01 1.046073407459859261e+01
6.054747086895365671e-01 1.051821200274401491e+01
6.058369776161607323e-01 1.057885401395599345e+01
6.061992465427848975e-01 1.063766044973814218e+01
6.065615154694090627e-01 1.069361263388806904e+01
6.069237843960332279e-01 1.075189669583843610e+01
6.072860533226573931e-01 1.081160143731455214e+01
6.076483222492815583e-01 1.087110386018957087e+01
6.080105911759057236e-01 1.093104616093261505e+01
6.083728601025299998e-01 1.099016332907636695e+01
6.087351290291540540e-01 1.105103484991736451e+01
6.090973979557783302e-01 1.111286914567530992e+01
6.094596668824023844e-01 1.117722176050526528e+01
6.098219358090266606e-01 1.123846303884040054e+01
6.101842047356507148e-01 1.130206988181989303e+01
6.105464736622749911e-01 1.136757289768628532e+01
6.109087425888990452e-01 1.143936084018439558e+01
6.112710115155233215e-01 1.150808771451203860e+01
6.116332804421473757e-01 1.157489655329987421e+01
6.119955493687716519e-01 1.164564778246068677e+01
6.123578182953957061e-01 1.171292454773280944e+01
6.127200872220199823e-01 1.178214916809400314e+01
6.130823561486441475e-01 1.185000550186695989e+01
6.134446250752683127e-01 1.192405490744553731e+01
6.138068940018924780e-01 1.199660836247880802e+01
6.141691629285166432e-01 1.206956954681237981e+01
6.145314318551408084e-01 1.215082947465866781e+01
6.148937007817649736e-01 1.223317499928935881e+01
6.152559697083891388e-01 1.230951909751736117e+01
6.156182386350133040e-01 1.239103939959528944e+01
6.159805075616374692e-01 1.246582509012184836e+01
6.163427764882616344e-01 1.254682601584347879e+01
6.167050454148857996e-01 1.262380415531672639e+01
6.170673143415099648e-01 1.270894618408771315e+01
6.174295832681342411e-01 1.279226657903864606e+01
6.177918521947582953e-01 1.287425658194506006e+01
6.181541211213825715e-01 1.295452171025810451e+01
6.185163900480066257e-01 1.303735821703531528e+01
6.188786589746309019e-01 1.312521588415594920e+01
6.192409279012549561e-01 1.321809947992311685e+01
6.196031968278792323e-01 1.330465828883773405e+01
6.199654657545032865e-01 1.339418239403731015e+01
6.203277346811275628e-01 1.348303222687487768e+01
6.206900036077516170e-01 1.357795332473226324e+01
6.210522725343758932e-01 1.367637346968284540e+01
6.214145414609999474e-01 1.376783983260693134e+01
6.217768103876242236e-01 1.386064535281072452e+01
6.221390793142483888e-01 1.395363147133833337e+01
6.225013482408725540e-01 1.404621766538480720e+01
6.228636171674967192e-01 1.414360104483364644e+01
6.232258860941208845e-01 1.423711946946625062e+01
6.235881550207450497e-01 1.433025021361404328e+01
6.239504239473692149e-01 1.443885829885943117e+01
6.243126928739933801e-01 1.454358120971290980e+01
6.246749618006175453e-01 1.465972044098080040e+01
6.250372307272417105e-01 1.476367568962414722e+01
6.253994996538658757e-01 1.486490140212711708e+01
6.257617685804900409e-01 1.496233292514025770e+01
6.261240375071142061e-01 1.507088096524276288e+01
6.264863064337383713e-01 1.517885815509343672e+01
6.268485753603625366e-01 1.529899788629994717e+01
6.272108442869868128e-01 1.540132613770867387e+01
6.275731132136108670e-01 1.552704611228401355e+01
6.279353821402351432e-01 1.564479886040941636e+01
6.282976510668591974e-01 1.575957183264856276e+01
6.286599199934834736e-01 1.589098959602651817e+01
6.290221889201075278e-01 1.600472880746490389e+01
6.293844578467318041e-01 1.612907773970082914e+01
6.297467267733558582e-01 1.624375657720362653e+01
6.301089956999801345e-01 1.635633013595883511e+01
6.304712646266041887e-01 1.648042806324168552e+01
6.308335335532284649e-01 1.660138181795149137e+01
6.311958024798526301e-01 1.673304505189444669e+01
6.315580714064767953e-01 1.685542163994652398e+01
6.319203403331009605e-01 1.700473047882117683e+01
6.322826092597251257e-01 1.716334663269098826e+01
6.326448781863492909e-01 1.730152141622472683e+01
6.330071471129734562e-01 1.743867157363585108e+01
6.333694160395976214e-01 1.757796846839107019e+01
6.337316849662217866e-01 1.770282182983530461e+01
6.340939538928459518e-01 1.783421647852953384e+01
6.344562228194701170e-01 1.799804109299479649e+01
6.348184917460942822e-01 1.814967317429580618e+01
6.351807606727184474e-01 1.828826713794200032e+01
6.355430295993426126e-01 1.844034384982709440e+01
6.359052985259667778e-01 1.857457200533314889e+01
6.362675674525910541e-01 1.871102955474242435e+01
6.366298363792151083e-01 1.886839680579568679e+01
6.369921053058393845e-01 1.902214644637627927e+01
6.373543742324634387e-01 1.919278287580848286e+01
6.377166431590877149e-01 1.937353242809067666e+01
6.380789120857117691e-01 1.954821582356123244e+01
6.384411810123360453e-01 1.969358665120097029e+01
6.388034499389600995e-01 1.985109221057807005e+01
6.391657188655843758e-01 2.002124255531865415e+01
6.395279877922084300e-01 2.018321455471291515e+01
6.398902567188327062e-01 2.041349567296951051e+01
6.402525256454567604e-01 2.059428021120306695e+01
6.406147945720810366e-01 2.079018425255181768e+01
6.409770634987052018e-01 2.099346105913765115e+01
6.413393324253293670e-01 2.115038983842109843e+01
6.417016013519535322e-01 2.133454750023064506e+01
6.420638702785776974e-01 2.149586144764674955e+01
6.424261392052018627e-01 2.168096877726954830e+01
6.427884081318260279e-01 2.184683086018384301e+01
6.431506770584501931e-01 2.201531363290655108e+01
6.435129459850743583e-01 2.229412969700505798e+01
6.438752149116985235e-01 2.250729292698710182e+01
6.442374838383226887e-01 2.267912276729603249e+01
6.445997527649468539e-01 2.296599453027442550e+01
6.449620216915710191e-01 2.318001116026352904e+01
6.453242906181952954e-01 2.335553910602277483e+01
6.456865595448193496e-01 2.361104455170908878e+01
6.460488284714436258e-01 2.378996840389148915e+01
6.464110973980676800e-01 2.397172145237816920e+01
6.467733663246919562e-01 2.415629069597589051e+01
6.471356352513160104e-01 2.434366301512501352e+01
6.474979041779402866e-01 2.463621455049636566e+01
6.478601731045643408e-01 2.482659209007026746e+01
6.482224420311886171e-01 2.501979020921542940e+01
6.485847109578126712e-01 2.521579438853817479e+01
6.489469798844369475e-01 2.541459005787484315e+01
6.493092488110610017e-01 2.569342365382215121e+01
6.496715177376852779e-01 2.589609871077109915e+01
6.500337866643094431e-01 2.617894242740882049e+01
6.503960555909336083e-01 2.638559405170918026e+01
6.507583245175577735e-01 2.659502330527833180e+01
6.511205934441819387e-01 2.700696668840295800e+01
6.514828623708061039e-01 2.721822826682702257e+01
6.518451312974302692e-01 2.743228283658321587e+01
6.522074002240544344e-01 2.764911407310203728e+01
6.525696691506785996e-01 2.786870571777798844e+01
6.529319380773027648e-01 2.809104158599781442e+01
6.532942070039269300e-01 2.831610557469833722e+01
6.536564759305510952e-01 2.854388166944096028e+01
6.540187448571752604e-01 2.877435395099123028e+01
6.543810137837995367e-01 2.900750660139325632e+01
6.547432827104235908e-01 2.924332390952968908e+01
6.551055516370478671e-01 2.948179027615923076e+01
6.554678205636719213e-01 2.972289021842419388e+01
6.558300894902961975e-01 3.061347511955051104e+01
6.561923584169202517e-01 3.118636655808244385e+01
6.565546273435445279e-01 3.142729680030824113e+01
6.569168962701685821e-01 3.167085139910405900e+01
6.572791651967928583e-01 3.191701534650022865e+01
6.576414341234169125e-01 3.216577376482938178e+01
6.580037030500411888e-01 3.380489268941742864e+01
6.583659719766652429e-01 3.405196379813313001e+01
6.587282409032895192e-01 3.430161285015906714e+01
6.590905098299136844e-01 3.455382543232352077e+01
6.594527787565378496e-01 3.480858725885675398e+01
6.598150476831620148e-01 3.656197876380091571e+01
6.601773166097861800e-01 3.681950710988709119e+01
6.605395855364103452e-01 8.289306334778564178e+01
6.609018544630345104e-01 8.289306334778564178e+01
