0.000000000000000000e+00 2.299520825178700179e+01
6.291747406450816458e-04 2.273799083873841909e+01
1.258349481290163292e-03 2.250829750834068932e+01
1.887524221935244937e-03 2.226485022840557093e+01
2.516698962580326583e-03 2.202886266970455509e+01
3.145873703225408012e-03 2.181215320034542415e+01
3.775048443870489875e-03 2.159970539984934490e+01
4.404223184515571737e-03 2.139709548471237355e+01
5.033397925160653166e-03 2.119261169241162079e+01
5.662572665805734595e-03 2.098483616530375784e+01
6.291747406450816024e-03 2.078322345900495804e+01
6.920922147095898321e-03 2.058760073896884535e+01
7.550096887740979749e-03 2.039780284790542098e+01
8.179271628386062046e-03 2.022671990362244898e+01
8.808446369031143475e-03 2.004519712622463246e+01
9.437621109676224904e-03 1.986899299404584696e+01
1.006679585032130633e-02 1.970148321340982278e+01
1.069597059096638776e-02 1.953417836655255613e+01
1.132514533161146919e-02 1.937263399801559416e+01
1.195432007225655062e-02 1.921517331021325958e+01
1.258349481290163205e-02 1.906086019926895503e+01
1.321266955354671521e-02 1.890783795254774091e+01
1.384184429419179664e-02 1.875626884924799143e+01
1.447101903483687807e-02 1.860840455890587464e+01
1.510019377548195950e-02 1.845974394166006149e+01
1.572936851612704093e-02 1.831657687724110062e+01
1.635854325677212409e-02 1.817856337495040009e+01
1.698771799741720379e-02 1.803594874280397065e+01
1.761689273806228695e-02 1.790008763950789117e+01
1.824606747870736664e-02 1.777040434733573093e+01
1.887524221935244981e-02 1.764198986947728187e+01
1.950441695999752950e-02 1.751868781116373341e+01
2.013359170064261267e-02 1.738749726427905173e+01
2.076276644128769583e-02 1.726904509549151001e+01
2.139194118193277552e-02 1.714854548772751386e+01
2.202111592257785869e-02 1.702284392686736325e+01
2.265029066322293838e-02 1.689958426225507182e+01
2.327946540386802154e-02 1.678953169210080176e+01
2.390864014451310124e-02 1.667927839660620393e+01
2.453781488515818440e-02 1.656894872065974766e+01
2.516698962580326410e-02 1.645954305727875422e+01
2.579616436644834726e-02 1.635859457782114035e+01
2.642533910709343042e-02 1.625784501487589040e+01
2.705451384773851012e-02 1.614691716010144518e+01
2.768368858838359328e-02 1.604931192815994834e+01
2.831286332902867298e-02 1.594468424933115003e+01
2.894203806967375614e-02 1.583656984561716818e+01
2.957121281031883583e-02 1.574198318492565463e+01
3.020038755096391900e-02 1.563552245403517382e+01
3.082956229160900216e-02 1.554474881690096311e+01
3.145873703225408186e-02 1.544923283822591031e+01
3.208791177289916502e-02 1.535508921234066548e+01
3.271708651354424818e-02 1.527116852483484699e+01
3.334626125418932441e-02 1.516189488981424560e+01
3.397543599483440757e-02 1.507361634993305621e+01
3.460461073547949074e-02 1.499280586197798648e+01
3.523378547612457390e-02 1.490824345453786748e+01
3.586296021676965706e-02 1.481069349174685712e+01
3.649213495741473329e-02 1.473055848125288492e+01
3.712130969805981645e-02 1.464236497417154936e+01
3.775048443870489961e-02 1.456159802231679201e+01
3.837965917934998278e-02 1.448467762044210083e+01
3.900883391999505900e-02 1.440275137045078679e+01
3.963800866064014217e-02 1.432286388306921765e+01
4.026718340128522533e-02 1.424772841262683265e+01
4.089635814193030849e-02 1.416324896086842600e+01
4.152553288257539166e-02 1.408858499350442983e+01
4.215470762322046788e-02 1.401224509531918372e+01
4.278388236386555105e-02 1.392600637542987485e+01
4.341305710451063421e-02 1.384460629163759826e+01
4.404223184515571737e-02 1.377063639201912970e+01
4.467140658580079360e-02 1.369554417674649471e+01
4.530058132644587676e-02 1.362292673841677981e+01
4.592975606709095993e-02 1.354953789530043551e+01
4.655893080773604309e-02 1.347478399927366510e+01
4.718810554838112625e-02 1.340929158665224818e+01
4.781728028902620248e-02 1.334191193781827067e+01
4.844645502967128564e-02 1.327523366814587646e+01
4.907562977031636881e-02 1.320465030117703265e+01
4.970480451096145197e-02 1.313543283200046297e+01
5.033397925160652819e-02 1.307360384689832600e+01
5.096315399225161136e-02 1.300896668735630968e+01
5.159232873289669452e-02 1.293654950461009356e+01
5.222150347354177768e-02 1.286632180129149106e+01
5.285067821418686085e-02 1.280012773520325808e+01
5.347985295483193707e-02 1.273504593239528937e+01
5.410902769547702024e-02 1.267052218359022397e+01
5.473820243612210340e-02 1.260856540490291700e+01
5.536737717676718656e-02 1.254231227089472611e+01
5.599655191741226973e-02 1.247815686374777933e+01
5.662572665805734595e-02 1.241476087118628158e+01
5.725490139870242912e-02 1.234845373746181529e+01
5.788407613934751228e-02 1.228459878330166966e+01
5.851325087999259544e-02 1.222000747272127974e+01
5.914242562063767167e-02 1.215854332861548137e+01
5.977160036128275483e-02 1.210180234497227758e+01
6.040077510192783800e-02 1.203872873090084283e+01
6.102994984257292116e-02 1.197666153090368546e+01
6.165912458321800432e-02 1.191960497213992731e+01
6.228829932386308055e-02 1.185874120596962022e+01
6.291747406450816371e-02 1.180023654777935782e+01
6.354664880515324688e-02 1.174132310842283111e+01
6.417582354579833004e-02 1.168564258863774796e+01
6.480499828644341320e-02 1.163228690954597511e+01
6.543417302708849637e-02 1.157083247440377072e+01
6.606334776773357953e-02 1.151681230682662793e+01
6.669252250837864882e-02 1.146328569582257373e+01
6.732169724902373198e-02 1.140446555158347230e+01
6.795087198966881514e-02 1.134745074504281703e+01
6.858004673031389831e-02 1.129282240779773439e+01
6.920922147095898147e-02 1.123632876509951295e+01
6.983839621160406463e-02 1.118185053984742616e+01
7.046757095224914780e-02 1.112619175046770259e+01
7.109674569289423096e-02 1.107113054549033748e+01
7.172592043353931412e-02 1.101627460944754233e+01
7.235509517418438341e-02 1.096302508514442486e+01
7.298426991482946657e-02 1.090972853374219120e+01
7.361344465547454974e-02 1.085500049194971872e+01
7.424261939611963290e-02 1.081206819742064340e+01
7.487179413676471607e-02 1.075601528071703328e+01
7.550096887740979923e-02 1.070397900832276505e+01
7.613014361805488239e-02 1.065226299353768979e+01
7.675931835869996556e-02 1.059859606249945330e+01
7.738849309934504872e-02 1.054824263462266387e+01
7.801766783999011801e-02 1.049753129773290539e+01
7.864684258063520117e-02 1.044402831433527545e+01
7.927601732128028433e-02 1.039134746226246264e+01
7.990519206192536750e-02 1.034561257561210823e+01
8.053436680257045066e-02 1.029199261184743719e+01
8.116354154321553382e-02 1.024313246582202552e+01
8.179271628386061699e-02 1.019352516349069226e+01
8.242189102450570015e-02 1.014306468068115841e+01
8.305106576515078332e-02 1.009120369857922483e+01
8.368024050579585260e-02 1.004413580401164552e+01
8.430941524644093577e-02 9.994600690633360429e+00
8.493858998708601893e-02 9.949886049380545217e+00
8.556776472773110209e-02 9.898325209390330670e+00
8.619693946837618526e-02 9.846257350068018610e+00
8.682611420902126842e-02 9.795832845217748996e+00
8.745528894966635158e-02 9.749342938398969594e+00
8.808446369031143475e-02 9.701150112223698940e+00
8.871363843095651791e-02 9.655667138789919335e+00
8.934281317160158720e-02 9.607057592957515268e+00
8.997198791224667036e-02 9.560348068078839745e+00
9.060116265289175352e-02 9.510844305213071337e+00
9.123033739353683669e-02 9.463332953169963702e+00
9.185951213418191985e-02 9.417342060537162496e+00
9.248868687482700301e-02 9.368626366130039074e+00
9.311786161547208618e-02 9.320967400868712005e+00
9.374703635611716934e-02 9.275519430737880100e+00
9.437621109676225251e-02 9.228393616093372387e+00
9.500538583740732179e-02 9.178792787050536361e+00
9.563456057805240496e-02 9.132625020105757940e+00
9.626373531869748812e-02 9.088367461683411364e+00
9.689291005934257128e-02 9.043416929797489345e+00
9.752208479998765445e-02 8.996656405828222347e+00
9.815125954063273761e-02 8.952859097371948849e+00
9.878043428127782077e-02 8.907810094394566391e+00
9.940960902192290394e-02 8.863158729243163947e+00
1.000387837625679871e-01 8.822235574473989317e+00
1.006679585032130564e-01 8.779060078985313709e+00
1.012971332438581396e-01 8.734430863405878043e+00
1.019263079845032227e-01 8.688824372918899641e+00
1.025554827251483059e-01 8.642710374963041176e+00
1.031846574657933890e-01 8.598553190691559323e+00
1.038138322064384722e-01 8.554936024217516533e+00
1.044430069470835554e-01 8.512419732482623402e+00
1.050721816877286385e-01 8.469090178242526079e+00
1.057013564283737217e-01 8.424384133009064968e+00
1.063305311690188049e-01 8.381479079753264116e+00
1.069597059096638741e-01 8.340060270195431613e+00
1.075888806503089573e-01 8.296067820392996950e+00
1.082180553909540405e-01 8.253478584364478010e+00
1.088472301315991236e-01 8.212040342782342961e+00
1.094764048722442068e-01 8.168960325467981676e+00
1.101055796128892900e-01 8.124582134468614214e+00
1.107347543535343731e-01 8.079303346301864863e+00
1.113639290941794563e-01 8.038284640198083864e+00
1.119931038348245395e-01 7.995969368667575239e+00
1.126222785754696087e-01 7.953061519341164676e+00
1.132514533161146919e-01 7.909237495285708519e+00
1.138806280567597751e-01 7.866233908796091079e+00
1.145098027974048582e-01 7.823262280369977617e+00
1.151389775380499414e-01 7.780870047051632099e+00
1.157681522786950246e-01 7.738333037931146130e+00
1.163973270193401077e-01 7.695236043328651299e+00
1.170265017599851909e-01 7.654214548128996043e+00
1.176556765006302741e-01 7.612070145409337130e+00
1.182848512412753433e-01 7.572885984226643608e+00
1.189140259819204265e-01 7.528607746315807425e+00
1.195432007225655097e-01 7.485624245652000575e+00
1.201723754632105928e-01 7.444919305652344832e+00
1.208015502038556760e-01 7.402961395196721917e+00
1.214307249445007592e-01 7.363148525704758640e+00
1.220598996851458423e-01 7.322517937511909381e+00
1.226890744257909255e-01 7.284073477018590204e+00
1.233182491664360086e-01 7.243843355633075909e+00
1.239474239070810779e-01 7.204054977580035768e+00
1.245765986477261611e-01 7.163125161890723902e+00
1.252057733883712443e-01 7.122755118938961516e+00
1.258349481290163274e-01 7.081449679977708023e+00
1.264641228696614106e-01 7.041365393945878459e+00
1.270932976103064938e-01 7.002482922273802757e+00
1.277224723509515769e-01 6.963291679923464983e+00
1.283516470915966601e-01 6.922976031078158066e+00
1.289808218322417432e-01 6.882098348765818940e+00
1.296099965728868264e-01 6.843175125436911976e+00
1.302391713135319096e-01 6.803519427785798435e+00
1.308683460541769927e-01 6.763424335177847802e+00
1.314975207948220759e-01 6.724462707719039756e+00
1.321266955354671591e-01 6.686583097148663057e+00
1.327558702761122145e-01 6.649587533211965606e+00
1.333850450167572976e-01 6.610576826308077081e+00
1.340142197574023808e-01 6.572481228803974673e+00
1.346433944980474640e-01 6.534771327547336917e+00
1.352725692386925471e-01 6.496631134591964063e+00
1.359017439793376303e-01 6.459698857034222641e+00
1.365309187199827134e-01 6.422442053468167877e+00
1.371600934606277966e-01 6.385247399609015773e+00
1.377892682012728798e-01 6.348003632711729516e+00
1.384184429419179629e-01 6.312681614586657552e+00
1.390476176825630461e-01 6.278258170244876979e+00
1.396767924232081293e-01 6.241653716922229478e+00
1.403059671638532124e-01 6.207770976767470472e+00
1.409351419044982956e-01 6.171799044207070040e+00
1.415643166451433788e-01 6.137714312258086835e+00
1.421934913857884619e-01 6.102104681021477184e+00
1.428226661264335451e-01 6.065678799032685475e+00
1.434518408670786282e-01 6.034588153359223384e+00
1.440810156077236837e-01 5.999348447723090949e+00
1.447101903483687668e-01 5.963916379790346056e+00
1.453393650890138500e-01 5.929643179239174167e+00
1.459685398296589331e-01 5.897876321788854348e+00
1.465977145703040163e-01 5.862226299227469184e+00
1.472268893109490995e-01 5.829319105906015430e+00
1.478560640515941826e-01 5.796837015645982305e+00
1.484852387922392658e-01 5.762802503387781883e+00
1.491144135328843490e-01 5.730710245474784692e+00
1.497435882735294321e-01 5.697959123269708215e+00
1.503727630141745153e-01 5.664547428935618356e+00
1.510019377548195985e-01 5.633609790318802268e+00
1.516311124954646816e-01 5.601650458514458641e+00
1.522602872361097648e-01 5.570160255395224524e+00
1.528894619767548479e-01 5.540996515167940117e+00
1.535186367173999311e-01 5.510772182196862268e+00
1.541478114580450143e-01 5.478340459640058668e+00
1.547769861986900974e-01 5.447124698266310183e+00
1.554061609393351528e-01 5.416730508017081114e+00
1.560353356799802360e-01 5.386401183294509565e+00
1.566645104206253192e-01 5.355468956028178518e+00
1.572936851612704023e-01 5.324030357639931488e+00
1.579228599019154855e-01 5.293290533223844463e+00
1.585520346425605687e-01 5.262559382044911693e+00
1.591812093832056518e-01 5.233483537237682448e+00
1.598103841238507350e-01 5.203376403356804403e+00
1.604395588644958182e-01 5.172883719001711178e+00
1.610687336051409013e-01 5.143183536454794869e+00
1.616979083457859845e-01 5.114638534550232762e+00
1.623270830864310676e-01 5.085733843507553864e+00
1.629562578270761508e-01 5.056831411496624185e+00
1.635854325677212340e-01 5.027449680175151592e+00
1.642146073083663171e-01 4.998273489663966451e+00
1.648437820490114003e-01 4.969630088585426542e+00
1.654729567896564835e-01 4.940635978118352867e+00
1.661021315303015666e-01 4.912044651823679331e+00
1.667313062709466498e-01 4.883705803291930714e+00
1.673604810115917052e-01 4.855821014671961144e+00
1.679896557522367884e-01 4.827232743898361988e+00
1.686188304928818715e-01 4.799235151304933389e+00
1.692480052335269547e-01 4.771043140765614865e+00
1.698771799741720379e-01 4.743454237467190637e+00
1.705063547148171210e-01 4.715120234721378090e+00
1.711355294554622042e-01 4.686752972975791742e+00
1.717647041961072873e-01 4.658756804243991745e+00
1.723938789367523705e-01 4.631384825247311987e+00
1.730230536773974537e-01 4.602371845362324798e+00
1.736522284180425368e-01 4.574407790689315689e+00
1.742814031586876200e-01 4.546043507481821067e+00
1.749105778993327032e-01 4.517877116326858733e+00
1.755397526399777863e-01 4.491351599535109429e+00
1.761689273806228695e-01 4.463193624067829823e+00
1.767981021212679527e-01 4.436221716113144531e+00
1.774272768619130358e-01 4.410012754565342696e+00
1.780564516025581190e-01 4.383376671562423610e+00
1.786856263432031744e-01 4.355713115691902004e+00
1.793148010838482576e-01 4.329383815600587049e+00
1.799439758244933407e-01 4.302753153091726013e+00
1.805731505651384239e-01 4.276392345217420399e+00
1.812023253057835070e-01 4.249946974810794309e+00
1.818315000464285902e-01 4.223193838884659712e+00
1.824606747870736734e-01 4.196280297003289306e+00
1.830898495277187565e-01 4.170260088328704207e+00
1.837190242683638397e-01 4.145109413204112414e+00
1.843481990090089229e-01 4.119175212474042169e+00
1.849773737496540060e-01 4.094038960431863217e+00
1.856065484902990892e-01 4.067289446253388618e+00
1.862357232309441724e-01 4.041328274853776215e+00
1.868648979715892555e-01 4.015994273790274072e+00
1.874940727122343387e-01 3.990249797355949646e+00
1.881232474528794218e-01 3.963601627239978331e+00
1.887524221935245050e-01 3.938776639335826335e+00
1.893815969341695882e-01 3.913298590855781800e+00
1.900107716748146436e-01 3.888526335382137766e+00
1.906399464154597267e-01 3.863669667991954881e+00
1.912691211561048099e-01 3.837655775727920382e+00
1.918982958967498931e-01 3.812589159356086999e+00
1.925274706373949762e-01 3.787670019634618246e+00
1.931566453780400594e-01 3.763379404056755639e+00
1.937858201186851426e-01 3.738228849773112650e+00
1.944149948593302257e-01 3.713464965835831855e+00
1.950441695999753089e-01 3.689322491661318981e+00
1.956733443406203921e-01 3.665186532474027370e+00
1.963025190812654752e-01 3.640674559075372851e+00
1.969316938219105584e-01 3.617199872755310075e+00
1.975608685625556415e-01 3.592215667054203809e+00
1.981900433032007247e-01 3.568483338843361441e+00
1.988192180438458079e-01 3.544119396738977468e+00
1.994483927844908910e-01 3.519951637963686153e+00
2.000775675251359742e-01 3.495837283943043161e+00
2.007067422657810574e-01 3.472160168480581177e+00
2.013359170064261128e-01 3.448320635098675258e+00
2.019650917470711959e-01 3.424798752400039170e+00
2.025942664877162791e-01 3.400958455171632533e+00
2.032234412283613623e-01 3.377023610417674959e+00
2.038526159690064454e-01 3.353664245050993475e+00
2.044817907096515286e-01 3.330178237864155122e+00
2.051109654502966118e-01 3.307357513446290032e+00
2.057401401909416949e-01 3.283041100328335737e+00
2.063693149315867781e-01 3.259731253334400947e+00
2.069984896722318612e-01 3.237029272099579025e+00
2.076276644128769444e-01 3.214151273956192600e+00
2.082568391535220276e-01 3.190681355685018428e+00
2.088860138941671107e-01 3.167516966154670044e+00
2.095151886348121939e-01 3.143600052339952100e+00
2.101443633754572771e-01 3.120837057281887983e+00
2.107735381161023602e-01 3.098478215280122239e+00
2.114027128567474434e-01 3.075142336727521464e+00
2.120318875973925266e-01 3.052116371160792152e+00
2.126610623380376097e-01 3.029056263087656298e+00
2.132902370786826651e-01 3.006215212346274424e+00
2.139194118193277483e-01 2.983561670606343696e+00
2.145485865599728315e-01 2.960958903619917759e+00
2.151777613006179146e-01 2.938271963664634168e+00
2.158069360412629978e-01 2.916152726547018403e+00
2.164361107819080809e-01 2.893647769109994883e+00
2.170652855225531641e-01 2.871083399210150766e+00
2.176944602631982473e-01 2.849125510600694522e+00
2.183236350038433304e-01 2.827104119348196942e+00
2.189528097444884136e-01 2.804854256323644268e+00
2.195819844851334968e-01 2.783140479578599447e+00
2.202111592257785799e-01 2.761890182783909964e+00
2.208403339664236631e-01 2.740598394872646448e+00
2.214695087070687463e-01 2.718870507218132282e+00
2.220986834477138294e-01 2.696889774149135111e+00
2.227278581883589126e-01 2.676032825748956068e+00
2.233570329290039957e-01 2.655374328908130188e+00
2.239862076696490789e-01 2.634326940563308295e+00
2.246153824102941343e-01 2.613407256718639715e+00
2.252445571509392175e-01 2.592231588955062893e+00
2.258737318915843006e-01 2.570933867157408237e+00
2.265029066322293838e-01 2.550280862405024607e+00
2.271320813728744670e-01 2.529193637469652867e+00
2.277612561135195501e-01 2.507980521031569765e+00
2.283904308541646333e-01 2.487506613759362661e+00
2.290196055948097165e-01 2.467382308162011650e+00
2.296487803354547996e-01 2.446934019126339788e+00
2.302779550760998828e-01 2.426495578512528173e+00
2.309071298167449660e-01 2.406043410961074880e+00
2.315363045573900491e-01 2.385577685278494453e+00
2.321654792980351323e-01 2.365138922839568281e+00
2.327946540386802154e-01 2.345453645687080257e+00
2.334238287793252986e-01 2.325909523814286395e+00
2.340530035199703818e-01 2.305988582996409075e+00
2.346821782606154649e-01 2.286865624273841213e+00
2.353113530012605481e-01 2.267372139867539271e+00
2.359405277419056035e-01 2.247770356260911040e+00
2.365697024825506867e-01 2.227722371544674562e+00
2.371988772231957698e-01 2.208356322284350082e+00
2.378280519638408530e-01 2.188610624162897089e+00
2.384572267044859362e-01 2.169634251824835491e+00
2.390864014451310193e-01 2.150564658114404892e+00
2.397155761857761025e-01 2.130808241630705258e+00
2.403447509264211857e-01 2.112193435476290126e+00
2.409739256670662688e-01 2.093464136513660367e+00
2.416031004077113520e-01 2.074519642768971384e+00
2.422322751483564351e-01 2.055714717300359595e+00
2.428614498890015183e-01 2.036398691794198967e+00
2.434906246296466015e-01 2.017606751134345178e+00
2.441197993702916846e-01 1.998649846980545153e+00
2.447489741109367678e-01 1.980047372095150138e+00
2.453781488515818510e-01 1.961402405788335468e+00
2.460073235922269341e-01 1.942622870635740018e+00
2.466364983328720173e-01 1.924320700723002542e+00
2.472656730735171005e-01 1.906353798652030029e+00
2.478948478141621559e-01 1.888032728661625193e+00
2.485240225548072390e-01 1.869628915238255917e+00
2.491531972954523222e-01 1.851566316512907262e+00
2.497823720360974054e-01 1.833647149534141985e+00
2.504115467767424885e-01 1.815174308638603629e+00
2.510407215173875994e-01 1.797010932237571579e+00
2.516698962580326548e-01 1.778999821767043965e+00
2.522990709986777658e-01 1.761704594138121971e+00
2.529282457393228212e-01 1.744150483273430696e+00
2.535574204799678766e-01 1.725648694291848750e+00
2.541865952206129875e-01 1.707945431937216041e+00
2.548157699612580429e-01 1.690438461502474787e+00
2.554449447019031538e-01 1.673038150618478603e+00
2.560741194425482092e-01 1.655377439782906412e+00
2.567032941831933202e-01 1.638492352583065692e+00
2.573324689238383756e-01 1.621668396203917117e+00
2.579616436644834865e-01 1.604259509199122746e+00
2.585908184051285419e-01 1.587078144472405805e+00
2.592199931457736528e-01 1.570054505349280261e+00
2.598491678864187082e-01 1.552700662483567307e+00
2.604783426270638191e-01 1.535748279684575390e+00
2.611075173677088745e-01 1.518546196105671875e+00
2.617366921083539855e-01 1.501582306793557198e+00
2.623658668489990409e-01 1.484611206006699380e+00
2.629950415896441518e-01 1.467393921264933843e+00
2.636242163302892072e-01 1.450558683647831915e+00
2.642533910709343181e-01 1.433949730846300952e+00
2.648825658115793735e-01 1.417534092774762389e+00
2.655117405522244289e-01 1.401272110199981213e+00
2.661409152928695399e-01 1.384317195525408772e+00
2.667700900335145953e-01 1.368035350519029025e+00
2.673992647741597062e-01 1.352056483363769379e+00
2.680284395148047616e-01 1.336098934731576593e+00
2.686576142554498725e-01 1.319991518458553781e+00
2.692867889960949279e-01 1.303695642364403939e+00
2.699159637367400388e-01 1.287645448646453250e+00
2.705451384773850942e-01 1.271637411699244380e+00
2.711743132180302052e-01 1.255765991227735912e+00
2.718034879586752606e-01 1.239874429116093024e+00
2.724326626993203715e-01 1.223764613649956257e+00
2.730618374399654269e-01 1.207596118959460174e+00
2.736910121806105378e-01 1.191783945937371580e+00
2.743201869212555932e-01 1.175903585929374495e+00
2.749493616619007041e-01 1.160060364762037111e+00
2.755785364025457596e-01 1.144592013432780497e+00
2.762077111431908150e-01 1.129029739925393905e+00
2.768368858838359259e-01 1.113318879381727022e+00
2.774660606244809813e-01 1.097880678073608340e+00
2.780952353651260922e-01 1.082563162742789853e+00
2.787244101057711476e-01 1.067093186766673751e+00
2.793535848464162585e-01 1.052038046915461100e+00
2.799827595870613139e-01 1.036492766410870292e+00
2.806119343277064249e-01 1.022081687738420230e+00
2.812411090683514803e-01 1.007433920187322363e+00
2.818702838089965912e-01 9.922750830827192781e-01
2.824994585496416466e-01 9.773197224960590290e-01
2.831286332902867575e-01 9.627807778948352935e-01
2.837578080309318129e-01 9.481006909264134697e-01
2.843869827715769238e-01 9.338621912057388785e-01
2.850161575122219793e-01 9.193621636499855754e-01
2.856453322528670902e-01 9.048309780796028878e-01
2.862745069935121456e-01 8.903399212197684598e-01
2.869036817341572565e-01 8.758946106428556755e-01
2.875328564748023119e-01 8.616393847018823937e-01
2.881620312154473673e-01 8.477712314924048531e-01
2.887912059560924782e-01 8.339045866482082126e-01
2.894203806967375336e-01 8.199609985798281819e-01
2.900495554373826446e-01 8.059894265904461452e-01
2.906787301780277000e-01 7.922450440966047891e-01
2.913079049186728109e-01 7.785619449713344631e-01
2.919370796593178663e-01 7.651411415878796030e-01
2.925662543999629772e-01 7.517507270437023825e-01
2.931954291406080326e-01 7.381513566051696174e-01
2.938246038812531435e-01 7.247722321032026294e-01
2.944537786218981990e-01 7.112352066922164040e-01
2.950829533625433099e-01 6.979863678811691896e-01
2.957121281031883653e-01 6.851752937215379591e-01
2.963413028438334762e-01 6.722782036256355065e-01
2.969704775844785316e-01 6.595948113364262788e-01
2.975996523251236425e-01 6.469441434165623672e-01
2.982288270657686979e-01 6.347073627637233040e-01
2.988580018064138089e-01 6.220918614746471231e-01
2.994871765470588643e-01 6.097476458457783410e-01
3.001163512877039197e-01 5.974013677247945742e-01
3.007455260283490306e-01 5.851040233340119023e-01
3.013747007689940860e-01 5.729824468409712157e-01
3.020038755096391969e-01 5.606245503062995406e-01
3.026330502502842523e-01 5.487862304164353722e-01
3.032622249909293632e-01 5.369090647181219422e-01
3.038913997315744187e-01 5.250928637010000566e-01
3.045205744722195296e-01 5.136570163049538618e-01
3.051497492128645850e-01 5.022709682277705090e-01
3.057789239535096959e-01 4.908885766535805995e-01
3.064080986941547513e-01 4.800850104360678272e-01
3.070372734347998622e-01 4.688546752758532277e-01
3.076664481754449176e-01 4.579023551030589889e-01
3.082956229160900286e-01 4.468092620738071674e-01
3.089247976567350840e-01 4.359876418965692446e-01
3.095539723973801949e-01 4.257367252054880535e-01
3.101831471380252503e-01 4.156002280150863371e-01
3.108123218786703057e-01 4.053290130519381362e-01
3.114414966193154166e-01 3.951885912111424148e-01
3.120706713599604720e-01 3.852319638202006402e-01
3.126998461006055829e-01 3.753235965090539472e-01
3.133290208412506384e-01 3.655291600832781262e-01
3.139581955818957493e-01 3.557088474841609282e-01
3.145873703225408047e-01 3.460151509174241857e-01
3.152165450631859156e-01 3.362403073677108223e-01
3.158457198038309710e-01 3.272384700716248207e-01
3.164748945444760819e-01 3.179068863365850928e-01
3.171040692851211373e-01 3.084176304161783677e-01
3.177332440257662483e-01 2.992751506855354515e-01
3.183624187664113037e-01 2.902966999840802531e-01
3.189915935070564146e-01 2.814411846375623472e-01
3.196207682477014700e-01 2.731552112872154270e-01
3.202499429883465809e-01 2.645826825592539899e-01
3.208791177289916363e-01 2.560363506080399199e-01
3.215082924696367472e-01 2.479652645979854853e-01
3.221374672102818026e-01 2.401285229110222130e-01
3.227666419509268581e-01 2.321835659110144945e-01
3.233958166915719690e-01 2.243352202032338760e-01
3.240249914322170244e-01 2.165973917897951184e-01
3.246541661728621353e-01 2.090988423200965673e-01
3.252833409135071907e-01 2.015548446840950692e-01
3.259125156541523016e-01 1.941895241554943141e-01
3.265416903947973570e-01 1.868202717704820215e-01
3.271708651354424680e-01 1.798533812827625977e-01
3.278000398760875234e-01 1.728143411718099098e-01
3.284292146167326343e-01 1.659523302665629474e-01
3.290583893573776897e-01 1.593787607638326720e-01
3.296875640980228006e-01 1.530282014106547905e-01
3.303167388386678560e-01 1.462039459409179565e-01
3.309459135793129669e-01 1.398074738734253752e-01
3.315750883199580223e-01 1.333399942151352879e-01
3.322042630606031333e-01 1.274874736731164138e-01
3.328334378012481887e-01 1.210433517083720906e-01
3.334626125418932996e-01 1.151006648860803255e-01
3.340917872825383550e-01 1.093966783202676568e-01
3.347209620231834104e-01 1.039035931850438993e-01
3.353501367638285213e-01 9.845663773294725807e-02
3.359793115044735767e-01 9.323552489404457466e-02
3.366084862451186877e-01 8.791718698648166852e-02
3.372376609857637431e-01 8.265530275061573617e-02
3.378668357264088540e-01 7.790049665918016841e-02
3.384960104670539094e-01 7.278186209589077027e-02
3.391251852076990203e-01 6.849232785364911535e-02
3.397543599483440757e-01 6.410001246016866494e-02
3.403835346889891866e-01 5.967392176589174368e-02
3.410127094296342420e-01 5.570508335121938243e-02
3.416418841702793530e-01 5.143320764112691706e-02
3.422710589109244084e-01 4.761142484619647341e-02
3.429002336515695193e-01 4.364200337379724182e-02
3.435294083922145747e-01 3.985101482119402655e-02
3.441585831328596856e-01 3.616546668866670727e-02
3.447877578735047410e-01 3.232133187499273974e-02
3.454169326141497964e-01 2.919441922184457319e-02
3.460461073547949074e-01 2.625848018391102601e-02
3.466752820954399628e-01 2.342506041351604187e-02
3.473044568360850737e-01 2.066929957562988959e-02
3.479336315767301291e-01 1.826400318004781781e-02
3.485628063173752400e-01 1.537163225017468271e-02
3.491919810580202954e-01 1.334974452111626839e-02
3.498211557986654063e-01 1.144385140344260365e-02
3.504503305393104617e-01 9.676061007181421814e-03
3.510795052799555727e-01 7.661218303315732794e-03
3.517086800206006281e-01 6.055261433825285741e-03
3.523378547612457390e-01 4.921387967118798397e-03
3.529670295018907944e-01 3.698287870345922691e-03
3.535962042425359053e-01 2.491820516320329866e-03
3.542253789831809607e-01 1.562706961214121830e-03
3.548545537238260716e-01 8.928937371317502425e-04
3.554837284644711271e-01 4.383157982408453245e-04
3.561129032051162380e-01 2.360073374274320704e-04
3.567420779457612934e-01 -0.000000000000000000e+00
3.573712526864063488e-01 1.785409940947930367e-04
3.580004274270514597e-01 5.138739753182480167e-04
3.586296021676965151e-01 1.009654755222394191e-03
3.592587769083416260e-01 1.742425445884570288e-03
3.598879516489866814e-01 2.471923763956243320e-03
3.605171263896317924e-01 3.924823617081426783e-03
3.611463011302768478e-01 5.207327637950827023e-03
3.617754758709219587e-01 6.821708385862166983e-03
3.624046506115670141e-01 8.404596896855475591e-03
3.630338253522121250e-01 1.040022372378934801e-02
3.636630000928571804e-01 1.293467949002368757e-02
3.642921748335022913e-01 1.555376684309963189e-02
3.649213495741473468e-01 1.829137913942026003e-02
3.655505243147924577e-01 2.109064694350453253e-02
3.661796990554375131e-01 2.436906857613624702e-02
3.668088737960826240e-01 2.770165917495984176e-02
3.674380485367276794e-01 3.083258259341442598e-02
3.680672232773727903e-01 3.470461791288401848e-02
3.686963980180178457e-01 3.859785380168440777e-02
3.693255727586629011e-01 4.273016025430324133e-02
3.699547474993080121e-01 4.760937350034288168e-02
3.705839222399530675e-01 5.231611886618351553e-02
3.712130969805981784e-01 5.719325007942280270e-02
3.718422717212432338e-01 6.201581627974398631e-02
3.724714464618883447e-01 6.730292490983706688e-02
3.731006212025334001e-01 7.303129107234934692e-02
3.737297959431785110e-01 7.891151299327095470e-02
3.743589706838235664e-01 8.515896644485827782e-02
3.749881454244686774e-01 9.137790599940187608e-02
3.756173201651137328e-01 9.756450813450738557e-02
3.762464949057588437e-01 1.045197214560213000e-01
3.768756696464038991e-01 1.118027780116813419e-01
3.775048443870490100e-01 1.189943669215015876e-01
3.781340191276940654e-01 1.263186937519504838e-01
3.787631938683391764e-01 1.341940737143580142e-01
3.793923686089842318e-01 1.419123430054836932e-01
3.800215433496292872e-01 1.499816772541575360e-01
3.806507180902743981e-01 1.584732152911475234e-01
3.812798928309194535e-01 1.671351014234956911e-01
3.819090675715645644e-01 1.760315726274721826e-01
3.825382423122096198e-01 1.852408022536599086e-01
3.831674170528547307e-01 1.947972887906008477e-01
3.837965917934997861e-01 2.043039569224180674e-01
3.844257665341448971e-01 2.142904427645499765e-01
3.850549412747899525e-01 2.245012561353141867e-01
3.856841160154350634e-01 2.349901705301402910e-01
3.863132907560801188e-01 2.456597189394184588e-01
3.869424654967252297e-01 2.565813577437119908e-01
3.875716402373702851e-01 2.674027198484741907e-01
3.882008149780153961e-01 2.785642750625699215e-01
3.888299897186604515e-01 2.899601539762459157e-01
3.894591644593055624e-01 3.014385747123201620e-01
3.900883391999506178e-01 3.131180776876886784e-01
3.907175139405957287e-01 3.247844631612279431e-01
3.913466886812407841e-01 3.370346577744509631e-01
3.919758634218858395e-01 3.493961798297073318e-01
3.926050381625309504e-01 3.621010354744936266e-01
3.932342129031760058e-01 3.751413118851622541e-01
3.938633876438211168e-01 3.883455999209235454e-01
3.944925623844661722e-01 4.014004167798768119e-01
3.951217371251112831e-01 4.150072148790725501e-01
3.957509118657563385e-01 4.286764954112046166e-01
3.963800866064014494e-01 4.427491719927275637e-01
3.970092613470465048e-01 4.566810848186248495e-01
3.976384360876916158e-01 4.709934775683382036e-01
3.982676108283366712e-01 4.854915565018962376e-01
3.988967855689817821e-01 5.005334008351863817e-01
3.995259603096268375e-01 5.155197918150660197e-01
4.001551350502719484e-01 5.307533947068050484e-01
4.007843097909170038e-01 5.464810779796303031e-01
4.014134845315621147e-01 5.621403456550035926e-01
4.020426592722071701e-01 5.780732940885824345e-01
4.026718340128522255e-01 5.942351781987891268e-01
4.033010087534973365e-01 6.107841261224375984e-01
4.039301834941423919e-01 6.268075505965094996e-01
4.045593582347875028e-01 6.439557541062506107e-01
4.051885329754325582e-01 6.609318203791941793e-01
4.058177077160776691e-01 6.780865024803484076e-01
4.064468824567227245e-01 6.953588986320542453e-01
4.070760571973678354e-01 7.128085391187763964e-01
4.077052319380128909e-01 7.305425316648862522e-01
4.083344066786580018e-01 7.483701534654770837e-01
4.089635814193030572e-01 7.662527725103758236e-01
4.095927561599481681e-01 7.847091148094078594e-01
4.102219309005932235e-01 8.031100720300365925e-01
4.108511056412383344e-01 8.215439238600764638e-01
4.114802803818833898e-01 8.405032347299631335e-01
4.121094551225285008e-01 8.598125274503465310e-01
4.127386298631735562e-01 8.791496294781748766e-01
4.133678046038186671e-01 8.984654659923072550e-01
4.139969793444637225e-01 9.184295150019178289e-01
4.146261540851087779e-01 9.379296987385057349e-01
4.152553288257538888e-01 9.578956174290585990e-01
4.158845035663989442e-01 9.779670124563750733e-01
4.165136783070440551e-01 9.984242921388073455e-01
4.171428530476891106e-01 1.018882840347377083e+00
4.177720277883342215e-01 1.039525048641583016e+00
4.184012025289792769e-01 1.060436687704600089e+00
4.190303772696243878e-01 1.081585009234957706e+00
4.196595520102694432e-01 1.102685898917507457e+00
4.202887267509145541e-01 1.123891769178520184e+00
4.209179014915596095e-01 1.145391302544074286e+00
4.215470762322047205e-01 1.167036454856359429e+00
4.221762509728497759e-01 1.188764845920449398e+00
4.228054257134948868e-01 1.210930058051207681e+00
4.234346004541399422e-01 1.233259802237078873e+00
4.240637751947850531e-01 1.255571910347223152e+00
4.246929499354301085e-01 1.278184146740079408e+00
4.253221246760752194e-01 1.301010122320816587e+00
4.259512994167202748e-01 1.323843552783057653e+00
4.265804741573653303e-01 1.346679365784193783e+00
4.272096488980104412e-01 1.369992699053715013e+00
4.278388236386554966e-01 1.393103998341128413e+00
4.284679983793006075e-01 1.416270039185741680e+00
4.290971731199456629e-01 1.439915828782860396e+00
4.297263478605907738e-01 1.463526262179217552e+00
4.303555226012358292e-01 1.487403412449317841e+00
4.309846973418809402e-01 1.511409379557090205e+00
4.316138720825259956e-01 1.535307700236066664e+00
4.322430468231711065e-01 1.559700912002929707e+00
4.328722215638161619e-01 1.584138646855688615e+00
4.335013963044612728e-01 1.608775842743424001e+00
4.341305710451063282e-01 1.633085747117967834e+00
4.347597457857514391e-01 1.657903392662975151e+00
4.353889205263964945e-01 1.683252292055198884e+00
4.360180952670416055e-01 1.708257111746004364e+00
4.366472700076866609e-01 1.733784551664984575e+00
4.372764447483317163e-01 1.759151835078823556e+00
4.379056194889768272e-01 1.784713008888241470e+00
4.385347942296218826e-01 1.810556163070278224e+00
4.391639689702669935e-01 1.836414101106558450e+00
4.397931437109120489e-01 1.862281036103892173e+00
4.404223184515571599e-01 1.889026861298241267e+00
4.410514931922022153e-01 1.915273553324779554e+00
4.416806679328473262e-01 1.941863706499458386e+00
4.423098426734923816e-01 1.968054907588107083e+00
4.429390174141374925e-01 1.995465570888278917e+00
4.435681921547825479e-01 2.022654931311911319e+00
4.441973668954276588e-01 2.049842218113039571e+00
4.448265416360727142e-01 2.076992842259771432e+00
4.454557163767178252e-01 2.104432833003098136e+00
4.460848911173628806e-01 2.131946375938924554e+00
4.467140658580079915e-01 2.159503155414924436e+00
4.473432405986530469e-01 2.187931972915164724e+00
4.479724153392981578e-01 2.215989093682241506e+00
4.486015900799432132e-01 2.244333636411403265e+00
4.492307648205882686e-01 2.271795588937094212e+00
4.498599395612333796e-01 2.300263725876236176e+00
4.504891143018784350e-01 2.328627154457515669e+00
4.511182890425235459e-01 2.357491449876258027e+00
4.517474637831686013e-01 2.386962755841522732e+00
4.523766385238137122e-01 2.416346639252323847e+00
4.530058132644587676e-01 2.445803990375403192e+00
4.536349880051038785e-01 2.475649901214531212e+00
4.542641627457489339e-01 2.506286627307574122e+00
4.548933374863940449e-01 2.536433474444204084e+00
4.555225122270391003e-01 2.566654525848246937e+00
4.561516869676842112e-01 2.597257244493838879e+00
4.567808617083292666e-01 2.628243542852556125e+00
4.574100364489743775e-01 2.659321897865325468e+00
4.580392111896194329e-01 2.690201060108021291e+00
4.586683859302645438e-01 2.722440010568479174e+00
4.592975606709095993e-01 2.753586595182456076e+00
4.599267354115547102e-01 2.785274757203448193e+00
4.605559101521997656e-01 2.817324897054104493e+00
4.611850848928448210e-01 2.849823830458521279e+00
4.618142596334899319e-01 2.882517420558599053e+00
4.624434343741349873e-01 2.914587941130680981e+00
4.630726091147800982e-01 2.947872218723459614e+00
4.637017838554251536e-01 2.981478224665849552e+00
4.643309585960702646e-01 3.015540878873076647e+00
4.649601333367153200e-01 3.049270023608864566e+00
4.655893080773604309e-01 3.083243177556256764e+00
4.662184828180054863e-01 3.116879054747129896e+00
4.668476575586505972e-01 3.151571179975447112e+00
4.674768322992956526e-01 3.186626790844638624e+00
4.681060070399407635e-01 3.221968767961661317e+00
4.687351817805858190e-01 3.257298825603280878e+00
4.693643565212309299e-01 3.293048667286683440e+00
4.699935312618759853e-01 3.329359050789364893e+00
4.706227060025210962e-01 3.365522983345782926e+00
4.712518807431661516e-01 3.402381847942981263e+00
4.718810554838112070e-01 3.439105981299196202e+00
4.725102302244563179e-01 3.476789953088614382e+00
4.731394049651013733e-01 3.514534861415998801e+00
4.737685797057464843e-01 3.552202215915889472e+00
4.743977544463915397e-01 3.590168462691167406e+00
4.750269291870366506e-01 3.628726842446075906e+00
4.756561039276817060e-01 3.667194863852263342e+00
4.762852786683268169e-01 3.706377841314400623e+00
4.769144534089718723e-01 3.746406369208175935e+00
4.775436281496169832e-01 3.787089350631135609e+00
4.781728028902620387e-01 3.826841862046002518e+00
4.788019776309071496e-01 3.868264726082510485e+00
4.794311523715522050e-01 3.909963986305283967e+00
4.800603271121973159e-01 3.951607967217760642e+00
4.806895018528423713e-01 3.993546275957549962e+00
4.813186765934874822e-01 4.036210573969740700e+00
4.819478513341325376e-01 4.077932706906063132e+00
4.825770260747776486e-01 4.121949304556514093e+00
4.832062008154227040e-01 4.165667390519983471e+00
4.838353755560677594e-01 4.209841527411812834e+00
4.844645502967128703e-01 4.254530742718519498e+00
4.850937250373579257e-01 4.298654930136086350e+00
4.857228997780030366e-01 4.344086194849509752e+00
4.863520745186480920e-01 4.389785257097578608e+00
4.869812492592932029e-01 4.434313285137147176e+00
4.876104239999382584e-01 4.480278695380854437e+00
4.882395987405833693e-01 4.527099781517012644e+00
4.888687734812284247e-01 4.574612885204891732e+00
4.894979482218735356e-01 4.623427572903491267e+00
4.901271229625185910e-01 4.673064476145055046e+00
4.907562977031637019e-01 4.721096341753804104e+00
4.913854724438087573e-01 4.770210173363746087e+00
4.920146471844538683e-01 4.819081239946692463e+00
4.926438219250989237e-01 4.869150531020417283e+00
4.932729966657440346e-01 4.920161533826258982e+00
4.939021714063890900e-01 4.972291747128157802e+00
4.945313461470342009e-01 5.024166237634148047e+00
4.951605208876792563e-01 5.074717612644986886e+00
4.957896956283243117e-01 5.127165377284550907e+00
4.964188703689694226e-01 5.179216641295562695e+00
4.970480451096144781e-01 5.233002800119876952e+00
4.976772198502595890e-01 5.288036025006275231e+00
4.983063945909046444e-01 5.343425948150863469e+00
4.989355693315497553e-01 5.399456848460226333e+00
4.995647440721948107e-01 5.455324365611851078e+00
5.001939188128399216e-01 5.512422233172296515e+00
5.008230935534849770e-01 5.569982698015805589e+00
5.014522682941300324e-01 5.627623661482509476e+00
5.020814430347751989e-01 5.686911025144496534e+00
5.027106177754202543e-01 5.745936193952988269e+00
5.033397925160653097e-01 5.805600595360436600e+00
5.039689672567103651e-01 5.865494342783896364e+00
5.045981419973555315e-01 5.926289579877217939e+00
5.052273167380005869e-01 5.987049646548062043e+00
5.058564914786456423e-01 6.049316781022944234e+00
5.064856662192906978e-01 6.112253167197503778e+00
5.071148409599357532e-01 6.173953362098759001e+00
5.077440157005809196e-01 6.237399212439589391e+00
5.083731904412259750e-01 6.300925742479744684e+00
5.090023651818710304e-01 6.365250148083998027e+00
5.096315399225160858e-01 6.430670046361417924e+00
5.102607146631612522e-01 6.497280503704216947e+00
5.108898894038063077e-01 6.562717541782665087e+00
5.115190641444513631e-01 6.630585889060106375e+00
5.121482388850964185e-01 6.698656114203433987e+00
5.127774136257415849e-01 6.767500506575832908e+00
5.134065883663866403e-01 6.836111419990595905e+00
5.140357631070316957e-01 6.907764256725648089e+00
5.146649378476767511e-01 6.977850624634219123e+00
5.152941125883219176e-01 7.049149387191614657e+00
5.159232873289669730e-01 7.121673636694731968e+00
5.165524620696120284e-01 7.194749612794850258e+00
5.171816368102570838e-01 7.267893651937516353e+00
5.178108115509021392e-01 7.341823116292209406e+00
5.184399862915473056e-01 7.417970253416428683e+00
5.190691610321923610e-01 7.495387231662020255e+00
5.196983357728374164e-01 7.571758397027696930e+00
5.203275105134824718e-01 7.649588418913820576e+00
5.209566852541276383e-01 7.729950064717042935e+00
5.215858599947726937e-01 7.809379006044683713e+00
5.222150347354177491e-01 7.888914697731030046e+00
5.228442094760628045e-01 7.968017837517273882e+00
5.234733842167079709e-01 8.049789979750627822e+00
5.241025589573530263e-01 8.130149842550830286e+00
5.247317336979980817e-01 8.214563936800052701e+00
5.253609084386431372e-01 8.297320961128088257e+00
5.259900831792883036e-01 8.383416930980274628e+00
5.266192579199333590e-01 8.467137504850082763e+00
5.272484326605784144e-01 8.553221541252520765e+00
5.278776074012234698e-01 8.642128822952940936e+00
5.285067821418686362e-01 8.730673984237572682e+00
5.291359568825136916e-01 8.819539296266853512e+00
5.297651316231587471e-01 8.909455472264275144e+00
5.303943063638038025e-01 9.001693292431015792e+00
5.310234811044488579e-01 9.094564775894051323e+00
5.316526558450940243e-01 9.187915365419623726e+00
5.322818305857390797e-01 9.283219618092081404e+00
5.329110053263841351e-01 9.378761715998550130e+00
5.335401800670291905e-01 9.475059337805690873e+00
5.341693548076743570e-01 9.573209160722791822e+00
5.347985295483194124e-01 9.671739323580325731e+00
5.354277042889644678e-01 9.772837993708801463e+00
5.360568790296095232e-01 9.872954636537679463e+00
5.366860537702546896e-01 9.976966267882676931e+00
5.373152285108997450e-01 1.007982164319188101e+01
5.379444032515448004e-01 1.018525720830051817e+01
5.385735779921898558e-01 1.029518838382802493e+01
5.392027527328350223e-01 1.040035402921170871e+01
5.398319274734800777e-01 1.050769466447412270e+01
5.404611022141251331e-01 1.061541927802280050e+01
5.410902769547701885e-01 1.072702989063743573e+01
5.417194516954152439e-01 1.083948575167181616e+01
5.423486264360604103e-01 1.094847268183014677e+01
5.429778011767054657e-01 1.106534097188683319e+01
5.436069759173505211e-01 1.117885707463391931e+01
5.442361506579955766e-01 1.129845991351976764e+01
5.448653253986407430e-01 1.141516152819508001e+01
5.454945001392857984e-01 1.153479148326191606e+01
5.461236748799308538e-01 1.165627344844529922e+01
5.467528496205759092e-01 1.177803617565970384e+01
5.473820243612210756e-01 1.190169066569700362e+01
5.480111991018661310e-01 1.202809500845721047e+01
5.486403738425111865e-01 1.215427873768503630e+01
5.492695485831562419e-01 1.228188937945007453e+01
5.498987233238014083e-01 1.241033998104443903e+01
5.505278980644464637e-01 1.254271021089617477e+01
5.511570728050915191e-01 1.267836289622250412e+01
5.517862475457365745e-01 1.281481285903022460e+01
5.524154222863816299e-01 1.295416851861503993e+01
5.530445970270267964e-01 1.308714648365777045e+01
5.536737717676718518e-01 1.322365458836071461e+01
5.543029465083169072e-01 1.336507807248058377e+01
5.549321212489619626e-01 1.351006514984451634e+01
5.555612959896071290e-01 1.365739641642739066e+01
5.561904707302521844e-01 1.380519471597736292e+01
5.568196454708972398e-01 1.395807824164935163e+01
5.574488202115422952e-01 1.410326106591261919e+01
5.580779949521874617e-01 1.425748055237019685e+01
5.587071696928325171e-01 1.441516554688623941e+01
5.593363444334775725e-01 1.457776811236039549e+01
5.599655191741226279e-01 1.473602370303617093e+01
5.605946939147677943e-01 1.490490438107506499e+01
5.612238686554128497e-01 1.505885819401098225e+01
5.618530433960579051e-01 1.521927126763445770e+01
5.624822181367029605e-01 1.538441734505797420e+01
5.631113928773481270e-01 1.554838475390194219e+01
5.637405676179931824e-01 1.571312232775552786e+01
5.643697423586382378e-01 1.588337359296249574e+01
5.649989170992832932e-01 1.606574292690190475e+01
5.656280918399283486e-01 1.624594446782910140e+01
5.662572665805735150e-01 1.641889854498518986e+01
5.668864413212185704e-01 1.659290323173651061e+01
5.675156160618636259e-01 1.677063844513138235e+01
5.681447908025086813e-01 1.695601256596615158e+01
5.687739655431538477e-01 1.713238355521777478e+01
5.694031402837989031e-01 1.732502314065886395e+01
5.700323150244439585e-01 1.751779089318407046e+01
5.706614897650890139e-01 1.770492102928708888e+01
5.712906645057341803e-01 1.790478197851333420e+01
5.719198392463792358e-01 1.810284355551932123e+01
5.725490139870242912e-01 1.831208193594088840e+01
5.731781887276693466e-01 1.852224203350822407e+01
5.738073634683145130e-01 1.872550707509172696e+01
5.744365382089595684e-01 1.892346595533103937e+01
5.750657129496046238e-01 1.912970180018575661e+01
5.756948876902496792e-01 1.935615919955210629e+01
5.763240624308947346e-01 1.958127680434589024e+01
5.769532371715399011e-01 1.979490965404494318e+01
5.775824119121849565e-01 2.000357915432605793e+01
5.782115866528300119e-01 2.021501174602396844e+01
5.788407613934750673e-01 2.045102597295018754e+01
5.794699361341202337e-01 2.065880112642430433e+01
5.800991108747652891e-01 2.089839170480540886e+01
5.807282856154103445e-01 2.112676288290588289e+01
5.813574603560553999e-01 2.137823895775164829e+01
5.819866350967005664e-01 2.161123841181447247e+01
5.826158098373456218e-01 2.184320553670194087e+01
5.832449845779906772e-01 2.209193779592880702e+01
5.838741593186357326e-01 2.236451977852063777e+01
5.845033340592808990e-01 2.263909718959397921e+01
5.851325087999259544e-01 2.288578145247967655e+01
5.857616835405710098e-01 2.319400621396548345e+01
5.863908582812160653e-01 2.344313646984845434e+01
5.870200330218611207e-01 2.368383518653875441e+01
5.876492077625062871e-01 2.394050072805814722e+01
5.882783825031513425e-01 2.425109128573985373e+01
5.889075572437963979e-01 2.455714726503910583e+01
5.895367319844414533e-01 2.478999763232825870e+01
5.901659067250866197e-01 2.504828424144202970e+01
5.907950814657316752e-01 2.540298018192048346e+01
5.914242562063767306e-01 2.572906860601931101e+01
5.920534309470217860e-01 2.630766336939850092e+01
5.926826056876669524e-01 2.653130599696986280e+01
5.933117804283120078e-01 2.678611284133519987e+01
5.939409551689570632e-01 2.705297651961418381e+01
5.945701299096021186e-01 2.735203263875422763e+01
5.951993046502472851e-01 2.780838091307755633e+01
5.958284793908923405e-01 2.811551521972035772e+01
5.964576541315373959e-01 2.851926038970120558e+01
5.970868288721824513e-01 2.908664234681291205e+01
5.977160036128276177e-01 2.946090947668278659e+01
5.983451783534726731e-01 2.985358295195779732e+01
5.989743530941177285e-01 3.008962313932706678e+01
5.996035278347627839e-01 3.043770289735129708e+01
6.002327025754078393e-01 3.067814320417758367e+01
6.008618773160530058e-01 3.129285376102701122e+01
6.014910520566980612e-01 3.168333764264112773e+01
6.021202267973431166e-01 3.256021710108375800e+01
6.027494015379881720e-01 3.341941032093274799e+01
6.033785762786333384e-01 3.365455057610385126e+01
6.040077510192783938e-01 3.389254743202896947e+01
6.046369257599234492e-01 3.413339132501708661e+01
6.052661005005685046e-01 3.531053199463368486e+01
6.058952752412136711e-01 3.554693896685267163e+01
6.065244499818587265e-01 3.678200563201538387e+01
6.071536247225037819e-01 3.701204070819627390e+01
6.077827994631488373e-01 3.724507155351039955e+01
6.084119742037940037e-01 3.748108658346941979e+01
6.090411489444390591e-01 3.772007400554270617e+01
6.096703236850841146e-01 3.796202182610256415e+01
6.102994984257291700e-01 3.820691785772493887e+01
6.109286731663742254e-01 3.845474972682223580e+01
6.115578479070193918e-01 3.870550488158348656e+01
6.121870226476644472e-01 3.895917060019600342e+01
6.128161973883095026e-01 3.921573399932180592e+01
6.134453721289545580e-01 3.947518204280114418e+01
6.140745468695997245e-01 3.973750155055502375e+01
6.147037216102447799e-01 4.000267920765800511e+01
6.153328963508898353e-01 4.027070157355232993e+01
6.159620710915348907e-01 4.054155509137429902e+01
6.165912458321800571e-01 4.081522609736371976e+01
6.172204205728251125e-01 8.289306334778564178e+01
6.178495953134701679e-01 8.289306334778564178e+01
6.184787700541152233e-01 8.289306334778564178e+01
6.191079447947603898e-01 8.289306334778564178e+01
6.197371195354054452e-01 8.289306334778564178e+01
6.203662942760505006e-01 8.289306334778564178e+01
6.209954690166955560e-01 8.289306334778564178e+01
6.216246437573406114e-01 8.289306334778564178e+01
6.222538184979857778e-01 8.289306334778564178e+01
6.228829932386308332e-01 8.289306334778564178e+01
6.235121679792758886e-01 8.289306334778564178e+01
6.241413427199209440e-01 8.289306334778564178e+01
6.247705174605661105e-01 8.289306334778564178e+01
6.253996922012111659e-01 8.289306334778564178e+01
6.260288669418562213e-01 8.289306334778564178e+01
6.266580416825012767e-01 8.289306334778564178e+01
6.272872164231464431e-01 8.289306334778564178e+01
6.279163911637914985e-01 8.289306334778564178e+01
6.285455659044365540e-01 8.289306334778564178e+01
6.291747406450816094e-01 8.289306334778564178e+01
6.298039153857267758e-01 8.289306334778564178e+01
6.304330901263718312e-01 8.289306334778564178e+01
6.310622648670168866e-01 8.289306334778564178e+01
6.316914396076619420e-01 8.289306334778564178e+01
6.323206143483071084e-01 8.289306334778564178e+01
6.329497890889521639e-01 8.289306334778564178e+01
6.335789638295972193e-01 8.289306334778564178e+01
6.342081385702422747e-01 8.289306334778564178e+01
6.348373133108873301e-01 8.289306334778564178e+01
6.354664880515324965e-01 8.289306334778564178e+01
6.360956627921775519e-01 8.289306334778564178e+01
6.367248375328226073e-01 8.289306334778564178e+01
6.373540122734676627e-01 8.289306334778564178e+01
6.379831870141128292e-01 8.289306334778564178e+01
6.386123617547578846e-01 8.289306334778564178e+01
6.392415364954029400e-01 8.289306334778564178e+01
6.398707112360479954e-01 8.289306334778564178e+01
6.404998859766931618e-01 8.289306334778564178e+01
6.411290607173382172e-01 8.289306334778564178e+01
6.417582354579832726e-01 8.289306334778564178e+01
6.423874101986283280e-01 8.289306334778564178e+01
6.430165849392734945e-01 8.289306334778564178e+01
6.436457596799185499e-01 8.289306334778564178e+01
