#sin^2(theta23) Delta_CP/deg Delta_chi^2
   4.5466419e-01   1.7999985e+02   5.4847400e+01
   4.5466419e-01   1.8599986e+02   4.7589400e+01
   4.5466419e-01   1.9199988e+02   4.1369000e+01
   4.5466419e-01   1.9799989e+02   3.6154500e+01
   4.5466419e-01   2.0399990e+02   3.1880600e+01
   4.5466419e-01   2.0999992e+02   2.8456500e+01
   4.5466419e-01   2.1599993e+02   2.5774100e+01
   4.5466419e-01   2.2199995e+02   2.3716100e+01
   4.5466419e-01   2.2799996e+02   2.2163700e+01
   4.5466419e-01   2.3399997e+02   2.1003500e+01
   4.5466419e-01   2.3999999e+02   2.0133200e+01
   4.5466419e-01   2.4600000e+02   1.9466000e+01
   4.5466419e-01   2.5200002e+02   1.8934100e+01
   4.5466419e-01   2.5800003e+02   1.8491600e+01
   4.5466419e-01   2.6400004e+02   1.8115000e+01
   4.5466419e-01   2.7000006e+02   1.7804800e+01
   4.5466419e-01   2.7600007e+02   1.7584200e+01
   4.5466419e-01   2.8200009e+02   1.7498500e+01
   4.5466419e-01   2.8800010e+02   1.7613100e+01
   4.5466419e-01   2.9400011e+02   1.8010900e+01
   4.5466419e-01   3.0000013e+02   1.8788900e+01
   4.5466419e-01   3.0600014e+02   2.0054200e+01
   4.5466419e-01   3.1200016e+02   2.1919300e+01
   4.5466419e-01   3.1800017e+02   2.4496600e+01
   4.5466419e-01   3.2400018e+02   2.7892400e+01
   4.5466419e-01   3.3000020e+02   3.2200700e+01
   4.5466419e-01   3.3600021e+02   3.7496400e+01
   4.5466419e-01   3.4200023e+02   4.3828800e+01
   4.5466419e-01   3.4800024e+02   5.1215400e+01
   4.5466419e-01   3.5400025e+02   5.9636300e+01
   4.5466419e-01   3.6000027e+02   6.9030300e+01
   4.5765263e-01   1.7999985e+02   5.1368000e+01
   4.5765263e-01   1.8599986e+02   4.4166500e+01
   4.5765263e-01   1.9199988e+02   3.7993200e+01
   4.5765263e-01   1.9799989e+02   3.2816800e+01
   4.5765263e-01   2.0399990e+02   2.8572800e+01
   4.5765263e-01   2.0999992e+02   2.5171300e+01
   4.5765263e-01   2.1599993e+02   2.2505100e+01
   4.5765263e-01   2.2199995e+02   2.0458300e+01
   4.5765263e-01   2.2799996e+02   1.8913100e+01
   4.5765263e-01   2.3399997e+02   1.7757300e+01
   4.5765263e-01   2.3999999e+02   1.6889400e+01
   4.5765263e-01   2.4600000e+02   1.6223500e+01
   4.5765263e-01   2.5200002e+02   1.5692600e+01
   4.5765263e-01   2.5800003e+02   1.5250800e+01
   4.5765263e-01   2.6400004e+02   1.4875300e+01
   4.5765263e-01   2.7000006e+02   1.4566200e+01
   4.5765263e-01   2.7600007e+02   1.4346900e+01
   4.5765263e-01   2.8200009e+02   1.4262100e+01
   4.5765263e-01   2.8800010e+02   1.4376700e+01
   4.5765263e-01   2.9400011e+02   1.4773000e+01
   4.5765263e-01   3.0000013e+02   1.5547100e+01
   4.5765263e-01   3.0600014e+02   1.6805200e+01
   4.5765263e-01   3.1200016e+02   1.8658800e+01
   4.5765263e-01   3.1800017e+02   2.1219300e+01
   4.5765263e-01   3.2400018e+02   2.4592000e+01
   4.5765263e-01   3.3000020e+02   2.8870100e+01
   4.5765263e-01   3.3600021e+02   3.4127800e+01
   4.5765263e-01   3.4200023e+02   4.0413900e+01
   4.5765263e-01   3.4800024e+02   4.7745400e+01
   4.5765263e-01   3.5400025e+02   5.6102600e+01
   4.5765263e-01   3.6000027e+02   6.5424600e+01
   4.6064259e-01   1.7999985e+02   4.8341900e+01
   4.6064259e-01   1.8599986e+02   4.1196200e+01
   4.6064259e-01   1.9199988e+02   3.5069500e+01
   4.6064259e-01   1.9799989e+02   2.9930700e+01
   4.6064259e-01   2.0399990e+02   2.5716200e+01
   4.6064259e-01   2.0999992e+02   2.2336800e+01
   4.6064259e-01   2.1599993e+02   1.9686600e+01
   4.6064259e-01   2.2199995e+02   1.7650600e+01
   4.6064259e-01   2.2799996e+02   1.6112500e+01
   4.6064259e-01   2.3399997e+02   1.4960800e+01
   4.6064259e-01   2.3999999e+02   1.4095200e+01
   4.6064259e-01   2.4600000e+02   1.3430500e+01
   4.6064259e-01   2.5200002e+02   1.2900200e+01
   4.6064259e-01   2.5800003e+02   1.2459100e+01
   4.6064259e-01   2.6400004e+02   1.2084400e+01
   4.6064259e-01   2.7000006e+02   1.1776500e+01
   4.6064259e-01   2.7600007e+02   1.1558200e+01
   4.6064259e-01   2.8200009e+02   1.1474200e+01
   4.6064259e-01   2.8800010e+02   1.1588800e+01
   4.6064259e-01   2.9400011e+02   1.1983400e+01
   4.6064259e-01   3.0000013e+02   1.2753600e+01
   4.6064259e-01   3.0600014e+02   1.4004500e+01
   4.6064259e-01   3.1200016e+02   1.5846600e+01
   4.6064259e-01   3.1800017e+02   1.8390400e+01
   4.6064259e-01   3.2400018e+02   2.1740400e+01
   4.6064259e-01   3.3000020e+02   2.5988600e+01
   4.6064259e-01   3.3600021e+02   3.1208600e+01
   4.6064259e-01   3.4200023e+02   3.7448700e+01
   4.6064259e-01   3.4800024e+02   4.4725700e+01
   4.6064259e-01   3.5400025e+02   5.3019800e+01
   4.6064259e-01   3.6000027e+02   6.2270600e+01
   4.6363398e-01   1.7999985e+02   4.5731300e+01
   4.6363398e-01   1.8599986e+02   3.8640700e+01
   4.6363398e-01   1.9199988e+02   3.2559900e+01
   4.6363398e-01   1.9799989e+02   2.7458300e+01
   4.6363398e-01   2.0399990e+02   2.3272700e+01
   4.6363398e-01   2.0999992e+02   1.9915100e+01
   4.6363398e-01   2.1599993e+02   1.7280600e+01
   4.6363398e-01   2.2199995e+02   1.5255200e+01
   4.6363398e-01   2.2799996e+02   1.3723800e+01
   4.6363398e-01   2.3399997e+02   1.2576100e+01
   4.6363398e-01   2.3999999e+02   1.1712500e+01
   4.6363398e-01   2.4600000e+02   1.1048800e+01
   4.6363398e-01   2.5200002e+02   1.0519000e+01
   4.6363398e-01   2.5800003e+02   1.0078400e+01
   4.6363398e-01   2.6400004e+02   9.7044300e+00
   4.6363398e-01   2.7000006e+02   9.3973700e+00
   4.6363398e-01   2.7600007e+02   9.1800500e+00
   4.6363398e-01   2.8200009e+02   9.0967000e+00
   4.6363398e-01   2.8800010e+02   9.2111300e+00
   4.6363398e-01   2.9400011e+02   9.6041400e+00
   4.6363398e-01   3.0000013e+02   1.0370300e+01
   4.6363398e-01   3.0600014e+02   1.1614000e+01
   4.6363398e-01   3.1200016e+02   1.3444800e+01
   4.6363398e-01   3.1800017e+02   1.5972100e+01
   4.6363398e-01   3.2400018e+02   1.9299400e+01
   4.6363398e-01   3.3000020e+02   2.3518100e+01
   4.6363398e-01   3.3600021e+02   2.8700900e+01
   4.6363398e-01   3.4200023e+02   3.4895400e+01
   4.6363398e-01   3.4800024e+02   4.2118400e+01
   4.6363398e-01   3.5400025e+02   5.0350100e+01
   4.6363398e-01   3.6000027e+02   5.9530400e+01
   4.6662667e-01   1.7999985e+02   4.3498600e+01
   4.6662667e-01   1.8599986e+02   3.6462500e+01
   4.6662667e-01   1.9199988e+02   3.0427000e+01
   4.6662667e-01   1.9799989e+02   2.5362000e+01
   4.6662667e-01   2.0399990e+02   2.1204900e+01
   4.6662667e-01   2.0999992e+02   1.7868700e+01
   4.6662667e-01   2.1599993e+02   1.5249400e+01
   4.6662667e-01   2.2199995e+02   1.3234300e+01
   4.6662667e-01   2.2799996e+02   1.1709400e+01
   4.6662667e-01   2.3399997e+02   1.0565400e+01
   4.6662667e-01   2.3999999e+02   9.7036700e+00
   4.6662667e-01   2.4600000e+02   9.0407100e+00
   4.6662667e-01   2.5200002e+02   8.5113100e+00
   4.6662667e-01   2.5800003e+02   8.0710200e+00
   4.6662667e-01   2.6400004e+02   7.6975600e+00
   4.6662667e-01   2.7000006e+02   7.3912600e+00
   4.6662667e-01   2.7600007e+02   7.1747700e+00
   4.6662667e-01   2.8200009e+02   7.0919800e+00
   4.6662667e-01   2.8800010e+02   7.2061500e+00
   4.6662667e-01   2.9400011e+02   7.5974400e+00
   4.6662667e-01   3.0000013e+02   8.3596300e+00
   4.6662667e-01   3.0600014e+02   9.5962000e+00
   4.6662667e-01   3.1200016e+02   1.1415700e+01
   4.6662667e-01   3.1800017e+02   1.3926700e+01
   4.6662667e-01   3.2400018e+02   1.7231600e+01
   4.6662667e-01   3.3000020e+02   2.1421000e+01
   4.6662667e-01   3.3600021e+02   2.6566900e+01
   4.6662667e-01   3.4200023e+02   3.2716500e+01
   4.6662667e-01   3.4800024e+02   3.9886000e+01
   4.6662667e-01   3.5400025e+02   4.8056000e+01
   4.6662667e-01   3.6000027e+02   5.7166600e+01
   4.6962056e-01   1.7999985e+02   4.1607000e+01
   4.6962056e-01   1.8599986e+02   3.4624500e+01
   4.6962056e-01   1.9199988e+02   2.8633700e+01
   4.6962056e-01   1.9799989e+02   2.3604700e+01
   4.6962056e-01   2.0399990e+02   1.9475700e+01
   4.6962056e-01   2.0999992e+02   1.6160400e+01
   4.6962056e-01   2.1599993e+02   1.3556000e+01
   4.6962056e-01   2.2199995e+02   1.1551000e+01
   4.6962056e-01   2.2799996e+02   1.0032300e+01
   4.6962056e-01   2.3399997e+02   8.8916800e+00
   4.6962056e-01   2.3999999e+02   8.0316000e+00
   4.6962056e-01   2.4600000e+02   7.3692200e+00
   4.6962056e-01   2.5200002e+02   6.8399700e+00
   4.6962056e-01   2.5800003e+02   6.3998300e+00
   4.6962056e-01   2.6400004e+02   6.0267300e+00
   4.6962056e-01   2.7000006e+02   5.7210400e+00
   4.6962056e-01   2.7600007e+02   5.5052500e+00
   4.6962056e-01   2.8200009e+02   5.4228900e+00
   4.6962056e-01   2.8800010e+02   5.5367200e+00
   4.6962056e-01   2.9400011e+02   5.9262400e+00
   4.6962056e-01   3.0000013e+02   6.6844400e+00
   4.6962056e-01   3.0600014e+02   7.9139100e+00
   4.6962056e-01   3.1200016e+02   9.7222900e+00
   4.6962056e-01   3.1800017e+02   1.2217100e+01
   4.6962056e-01   3.2400018e+02   1.5499900e+01
   4.6962056e-01   3.3000020e+02   1.9660400e+01
   4.6962056e-01   3.3600021e+02   2.4769800e+01
   4.6962056e-01   3.4200023e+02   3.0874900e+01
   4.6962056e-01   3.4800024e+02   3.7991700e+01
   4.6962056e-01   3.5400025e+02   4.6100500e+01
   4.6962056e-01   3.6000027e+02   5.5142200e+01
   4.7261555e-01   1.7999985e+02   4.0020300e+01
   4.7261555e-01   1.8599986e+02   3.3090800e+01
   4.7261555e-01   1.9199988e+02   2.7144100e+01
   4.7261555e-01   1.9799989e+02   2.2150500e+01
   4.7261555e-01   2.0399990e+02   1.8049000e+01
   4.7261555e-01   2.0999992e+02   1.4754200e+01
   4.7261555e-01   2.1599993e+02   1.2164400e+01
   4.7261555e-01   2.2199995e+02   1.0169000e+01
   4.7261555e-01   2.2799996e+02   8.6561800e+00
   4.7261555e-01   2.3399997e+02   7.5187900e+00
   4.7261555e-01   2.3999999e+02   6.6601100e+00
   4.7261555e-01   2.4600000e+02   5.9981000e+00
   4.7261555e-01   2.5200002e+02   5.4688000e+00
   4.7261555e-01   2.5800003e+02   5.0286200e+00
   4.7261555e-01   2.6400004e+02   4.6557100e+00
   4.7261555e-01   2.7000006e+02   4.3504800e+00
   4.7261555e-01   2.7600007e+02   4.1352500e+00
   4.7261555e-01   2.8200009e+02   4.0532100e+00
   4.7261555e-01   2.8800010e+02   4.1666300e+00
   4.7261555e-01   2.9400011e+02   4.5543400e+00
   4.7261555e-01   3.0000013e+02   5.3085400e+00
   4.7261555e-01   3.0600014e+02   6.5309600e+00
   4.7261555e-01   3.1200016e+02   8.3283100e+00
   4.7261555e-01   3.1800017e+02   1.0807100e+01
   4.7261555e-01   3.2400018e+02   1.4068100e+01
   4.7261555e-01   3.3000020e+02   1.8200000e+01
   4.7261555e-01   3.3600021e+02   2.3273400e+01
   4.7261555e-01   3.4200023e+02   2.9334500e+01
   4.7261555e-01   3.4800024e+02   3.6399100e+01
   4.7261555e-01   3.5400025e+02   4.4447700e+01
   4.7261555e-01   3.6000027e+02   5.3421200e+01
   4.7561152e-01   1.7999985e+02   3.8703700e+01
   4.7561152e-01   1.8599986e+02   3.1826400e+01
   4.7561152e-01   1.9199988e+02   2.5923000e+01
   4.7561152e-01   1.9799989e+02   2.0964300e+01
   4.7561152e-01   2.0399990e+02   1.6889800e+01
   4.7561152e-01   2.0999992e+02   1.3615000e+01
   4.7561152e-01   2.1599993e+02   1.1039400e+01
   4.7561152e-01   2.2199995e+02   9.0533400e+00
   4.7561152e-01   2.2799996e+02   7.5461200e+00
   4.7561152e-01   2.3399997e+02   6.4116600e+00
   4.7561152e-01   2.3999999e+02   5.5541200e+00
   4.7561152e-01   2.4600000e+02   4.8922600e+00
   4.7561152e-01   2.5200002e+02   4.3627100e+00
   4.7561152e-01   2.5800003e+02   3.9223100e+00
   4.7561152e-01   2.6400004e+02   3.5494200e+00
   4.7561152e-01   2.7000006e+02   3.2444900e+00
   4.7561152e-01   2.7600007e+02   3.0296900e+00
   4.7561152e-01   2.8200009e+02   2.9478700e+00
   4.7561152e-01   2.8800010e+02   3.0608000e+00
   4.7561152e-01   2.9400011e+02   3.4466500e+00
   4.7561152e-01   3.0000013e+02   4.1968700e+00
   4.7561152e-01   3.0600014e+02   5.4123100e+00
   4.7561152e-01   3.1200016e+02   7.1987500e+00
   4.7561152e-01   3.1800017e+02   9.6617700e+00
   4.7561152e-01   3.2400018e+02   1.2901200e+01
   4.7561152e-01   3.3000020e+02   1.7004800e+01
   4.7561152e-01   3.3600021e+02   2.2042700e+01
   4.7561152e-01   3.4200023e+02   2.8060400e+01
   4.7561152e-01   3.4800024e+02   3.5073500e+01
   4.7561152e-01   3.5400025e+02   4.3062400e+01
   4.7561152e-01   3.6000027e+02   5.1968500e+01
   4.7860837e-01   1.7999985e+02   3.7623600e+01
   4.7860837e-01   1.8599986e+02   3.0797800e+01
   4.7860837e-01   1.9199988e+02   2.4937100e+01
   4.7860837e-01   1.9799989e+02   2.0012600e+01
   4.7860837e-01   2.0399990e+02   1.5964500e+01
   4.7860837e-01   2.0999992e+02   1.2709400e+01
   4.7860837e-01   2.1599993e+02   1.0147400e+01
   4.7860837e-01   2.2199995e+02   8.1703900e+00
   4.7860837e-01   2.2799996e+02   6.6684700e+00
   4.7860837e-01   2.3399997e+02   5.5366500e+00
   4.7860837e-01   2.3999999e+02   4.6800100e+00
   4.7860837e-01   2.4600000e+02   4.0180700e+00
   4.7860837e-01   2.5200002e+02   3.4880700e+00
   4.7860837e-01   2.5800003e+02   3.0472400e+00
   4.7860837e-01   2.6400004e+02   2.6742000e+00
   4.7860837e-01   2.7000006e+02   2.3694200e+00
   4.7860837e-01   2.7600007e+02   2.1549000e+00
   4.7860837e-01   2.8200009e+02   2.0731900e+00
   4.7860837e-01   2.8800010e+02   2.1855500e+00
   4.7860837e-01   2.9400011e+02   2.5695200e+00
   4.7860837e-01   3.0000013e+02   3.3157700e+00
   4.7860837e-01   3.0600014e+02   4.5243000e+00
   4.7860837e-01   3.1200016e+02   6.2999600e+00
   4.7860837e-01   3.1800017e+02   8.7474000e+00
   4.7860837e-01   3.2400018e+02   1.1965500e+01
   4.7860837e-01   3.3000020e+02   1.6041300e+01
   4.7860837e-01   3.3600021e+02   2.1044100e+01
   4.7860837e-01   3.4200023e+02   2.7018900e+01
   4.7860837e-01   3.4800024e+02   3.3981100e+01
   4.7860837e-01   3.5400025e+02   4.1911100e+01
   4.7860837e-01   3.6000027e+02   5.0750700e+01
   4.8160599e-01   1.7999985e+02   3.6748100e+01
   4.8160599e-01   1.8599986e+02   2.9973100e+01
   4.8160599e-01   1.9199988e+02   2.4154300e+01
   4.8160599e-01   1.9799989e+02   1.9263400e+01
   4.8160599e-01   2.0399990e+02   1.5241300e+01
   4.8160599e-01   2.0999992e+02   1.2005300e+01
   4.8160599e-01   2.1599993e+02   9.4566600e+00
   4.8160599e-01   2.2199995e+02   7.4882300e+00
   4.8160599e-01   2.2799996e+02   5.9913000e+00
   4.8160599e-01   2.3399997e+02   4.8618300e+00
   4.8160599e-01   2.3999999e+02   4.0058300e+00
   4.8160599e-01   2.4600000e+02   3.3435700e+00
   4.8160599e-01   2.5200002e+02   2.8128900e+00
   4.8160599e-01   2.5800003e+02   2.3714500e+00
   4.8160599e-01   2.6400004e+02   1.9980800e+00
   4.8160599e-01   2.7000006e+02   1.6932700e+00
   4.8160599e-01   2.7600007e+02   1.4789200e+00
   4.8160599e-01   2.8200009e+02   1.3972100e+00
   4.8160599e-01   2.8800010e+02   1.5089300e+00
   4.8160599e-01   2.9400011e+02   1.8909700e+00
   4.8160599e-01   3.0000013e+02   2.6332700e+00
   4.8160599e-01   3.0600014e+02   3.8349600e+00
   4.8160599e-01   3.1200016e+02   5.5999900e+00
   4.8160599e-01   3.1800017e+02   8.0320600e+00
   4.8160599e-01   3.2400018e+02   1.1229100e+01
   4.8160599e-01   3.3000020e+02   1.5277500e+01
   4.8160599e-01   3.3600021e+02   2.0245700e+01
   4.8160599e-01   3.4200023e+02   2.6178200e+01
   4.8160599e-01   3.4800024e+02   3.3090100e+01
   4.8160599e-01   3.5400025e+02   4.0961900e+01
   4.8160599e-01   3.6000027e+02   4.9735800e+01
   4.8460427e-01   1.7999985e+02   3.6047500e+01
   4.8460427e-01   1.8599986e+02   2.9322400e+01
   4.8460427e-01   1.9199988e+02   2.3544800e+01
   4.8460427e-01   1.9799989e+02   1.8687000e+01
   4.8460427e-01   2.0399990e+02   1.4690200e+01
   4.8460427e-01   2.0999992e+02   1.1472800e+01
   4.8460427e-01   2.1599993e+02   8.9370900e+00
   4.8460427e-01   2.2199995e+02   6.9769000e+00
   4.8460427e-01   2.2799996e+02   5.4846100e+00
   4.8460427e-01   2.3399997e+02   4.3572100e+00
   4.8460427e-01   2.3999999e+02   3.5015800e+00
   4.8460427e-01   2.4600000e+02   2.8387600e+00
   4.8460427e-01   2.5200002e+02   2.3071900e+00
   4.8460427e-01   2.5800003e+02   1.8649300e+00
   4.8460427e-01   2.6400004e+02   1.4910300e+00
   4.8460427e-01   2.7000006e+02   1.1860500e+00
   4.8460427e-01   2.7600007e+02   9.7171600e-01
   4.8460427e-01   2.8200009e+02   8.8990000e-01
   4.8460427e-01   2.8800010e+02   1.0009000e+00
   4.8460427e-01   2.9400011e+02   1.3810000e+00
   4.8460427e-01   3.0000013e+02   2.1193600e+00
   4.8460427e-01   3.0600014e+02   3.3142900e+00
   4.8460427e-01   3.1200016e+02   5.0688200e+00
   4.8460427e-01   3.1800017e+02   7.4857400e+00
   4.8460427e-01   3.2400018e+02   1.0662100e+01
   4.8460427e-01   3.3000020e+02   1.4683400e+01
   4.8460427e-01   3.3600021e+02   1.9617400e+01
   4.8460427e-01   3.4200023e+02   2.5508100e+01
   4.8460427e-01   3.4800024e+02   3.2370400e+01
   4.8460427e-01   3.5400025e+02   4.0184800e+01
   4.8460427e-01   3.6000027e+02   4.8893800e+01
   4.8760311e-01   1.7999985e+02   3.5493800e+01
   4.8760311e-01   1.8599986e+02   2.8817800e+01
   4.8760311e-01   1.9199988e+02   2.3080900e+01
   4.8760311e-01   1.9799989e+02   1.8255400e+01
   4.8760311e-01   2.0399990e+02   1.4283500e+01
   4.8760311e-01   2.0999992e+02   1.1084200e+01
   4.8760311e-01   2.1599993e+02   8.5609500e+00
   4.8760311e-01   2.2199995e+02   6.6086200e+00
   4.8760311e-01   2.2799996e+02   5.1206400e+00
   4.8760311e-01   2.3399997e+02   3.9950000e+00
   4.8760311e-01   2.3999999e+02   3.1394700e+00
   4.8760311e-01   2.4600000e+02   2.4758500e+00
   4.8760311e-01   2.5200002e+02   1.9431500e+00
   4.8760311e-01   2.5800003e+02   1.4998600e+00
   4.8760311e-01   2.6400004e+02   1.1252600e+00
   4.8760311e-01   2.7000006e+02   8.1994200e-01
   4.8760311e-01   2.7600007e+02   6.0548300e-01
   4.8760311e-01   2.8200009e+02   5.2345100e-01
   4.8760311e-01   2.8800010e+02   6.3366300e-01
   4.8760311e-01   2.9400011e+02   1.0117800e+00
   4.8760311e-01   3.0000013e+02   1.7462300e+00
   4.8760311e-01   3.0600014e+02   2.9344700e+00
   4.8760311e-01   3.1200016e+02   4.6786500e+00
   4.8760311e-01   3.1800017e+02   7.0806400e+00
   4.8760311e-01   3.2400018e+02   1.0236600e+01
   4.8760311e-01   3.3000020e+02   1.4231200e+01
   4.8760311e-01   3.3600021e+02   1.9131400e+01
   4.8760311e-01   3.4200023e+02   2.4981000e+01
   4.8760311e-01   3.4800024e+02   3.1794400e+01
   4.8760311e-01   3.5400025e+02   3.9552100e+01
   4.8760311e-01   3.6000027e+02   4.8197000e+01
   4.9060239e-01   1.7999985e+02   3.5061800e+01
   4.9060239e-01   1.8599986e+02   2.8434200e+01
   4.9060239e-01   1.9199988e+02   2.2737200e+01
   4.9060239e-01   1.9799989e+02   1.7943400e+01
   4.9060239e-01   2.0399990e+02   1.3995800e+01
   4.9060239e-01   2.0999992e+02   1.0814200e+01
   4.9060239e-01   2.1599993e+02   8.3029300e+00
   4.9060239e-01   2.2199995e+02   6.3580800e+00
   4.9060239e-01   2.2799996e+02   4.8740700e+00
   4.9060239e-01   2.3399997e+02   3.7498700e+00
   4.9060239e-01   2.3999999e+02   2.8941700e+00
   4.9060239e-01   2.4600000e+02   2.2294900e+00
   4.9060239e-01   2.5200002e+02   1.6954400e+00
   4.9060239e-01   2.5800003e+02   1.2509100e+00
   4.9060239e-01   2.6400004e+02   8.7541600e-01
   4.9060239e-01   2.7000006e+02   5.6958300e-01
   4.9060239e-01   2.7600007e+02   3.5486000e-01
   4.9060239e-01   2.8200009e+02   2.7250100e-01
   4.9060239e-01   2.8800010e+02   3.8185200e-01
   4.9060239e-01   2.9400011e+02   7.5795700e-01
   4.9060239e-01   3.0000013e+02   1.4885100e+00
   4.9060239e-01   3.0600014e+02   2.6701400e+00
   4.9060239e-01   3.1200016e+02   4.4041100e+00
   4.9060239e-01   3.1800017e+02   6.7913800e+00
   4.9060239e-01   3.2400018e+02   9.9272200e+00
   4.9060239e-01   3.3000020e+02   1.3895500e+01
   4.9060239e-01   3.3600021e+02   1.8762500e+01
   4.9060239e-01   3.4200023e+02   2.4571400e+01
   4.9060239e-01   3.4800024e+02   3.1336500e+01
   4.9060239e-01   3.5400025e+02   3.9038200e+01
   4.9060239e-01   3.6000027e+02   4.7619800e+01
   4.9360201e-01   1.7999985e+02   3.4728800e+01
   4.9360201e-01   1.8599986e+02   2.8148900e+01
   4.9360201e-01   1.9199988e+02   2.2491000e+01
   4.9360201e-01   1.9799989e+02   1.7728400e+01
   4.9360201e-01   2.0399990e+02   1.3804400e+01
   4.9360201e-01   2.0999992e+02   1.0640000e+01
   4.9360201e-01   2.1599993e+02   8.1403600e+00
   4.9360201e-01   2.2199995e+02   6.2026100e+00
   4.9360201e-01   2.2799996e+02   4.7222200e+00
   4.9360201e-01   2.3399997e+02   3.5991700e+00
   4.9360201e-01   2.3999999e+02   2.7430100e+00
   4.9360201e-01   2.4600000e+02   2.0770200e+00
   4.9360201e-01   2.5200002e+02   1.5413800e+00
   4.9360201e-01   2.5800003e+02   1.0953900e+00
   4.9360201e-01   2.6400004e+02   7.1880800e-01
   4.9360201e-01   2.7000006e+02   4.1229500e-01
   4.9360201e-01   2.7600007e+02   1.9716400e-01
   4.9360201e-01   2.8200009e+02   1.1436600e-01
   4.9360201e-01   2.8800010e+02   2.2277700e-01
   4.9360201e-01   2.9400011e+02   5.9683800e-01
   4.9360201e-01   3.0000013e+02   1.3235100e+00
   4.9360201e-01   3.0600014e+02   2.4986100e+00
   4.9360201e-01   3.1200016e+02   4.2225100e+00
   4.9360201e-01   3.1800017e+02   6.5952600e+00
   4.9360201e-01   3.2400018e+02   9.7112700e+00
   4.9360201e-01   3.3000020e+02   1.3653500e+01
   4.9360201e-01   3.3600021e+02   1.8487800e+01
   4.9360201e-01   3.4200023e+02   2.4256600e+01
   4.9360201e-01   3.4800024e+02   3.0974000e+01
   4.9360201e-01   3.5400025e+02   3.8620500e+01
   4.9360201e-01   3.6000027e+02   4.7139600e+01
   4.9660186e-01   1.7999985e+02   3.4474900e+01
   4.9660186e-01   1.8599986e+02   2.7941900e+01
   4.9660186e-01   1.9199988e+02   2.2322600e+01
   4.9660186e-01   1.9799989e+02   1.7590500e+01
   4.9660186e-01   2.0399990e+02   1.3689700e+01
   4.9660186e-01   2.0999992e+02   1.0541900e+01
   4.9660186e-01   2.1599993e+02   8.0534800e+00
   4.9660186e-01   2.2199995e+02   6.1224300e+00
   4.9660186e-01   2.2799996e+02   4.6453200e+00
   4.9660186e-01   2.3399997e+02   3.5231000e+00
   4.9660186e-01   2.3999999e+02   2.6662000e+00
   4.9660186e-01   2.4600000e+02   1.9986300e+00
   4.9660186e-01   2.5200002e+02   1.4611600e+00
   4.9660186e-01   2.5800003e+02   1.0135100e+00
   4.9660186e-01   2.6400004e+02   6.3564100e-01
   4.9660186e-01   2.7000006e+02   3.2827400e-01
   4.9660186e-01   2.7600007e+02   1.1259000e-01
   4.9660186e-01   2.8200009e+02   2.9235700e-02
   4.9660186e-01   2.8800010e+02   1.3663000e-01
   4.9660186e-01   2.9400011e+02   5.0861000e-01
   4.9660186e-01   3.0000013e+02   1.2314200e+00
   4.9660186e-01   3.0600014e+02   2.4000600e+00
   4.9660186e-01   3.1200016e+02   4.1140200e+00
   4.9660186e-01   3.1800017e+02   6.4724600e+00
   4.9660186e-01   3.2400018e+02   9.5689200e+00
   4.9660186e-01   3.3000020e+02   1.3485600e+01
   4.9660186e-01   3.3600021e+02   1.8287500e+01
   4.9660186e-01   3.4200023e+02   2.4016800e+01
   4.9660186e-01   3.4800024e+02   3.0687100e+01
   4.9660186e-01   3.5400025e+02   3.8279000e+01
   4.9660186e-01   3.6000027e+02   4.6736500e+01
   4.9960184e-01   1.7999985e+02   3.4283500e+01
   4.9960184e-01   1.8599986e+02   2.7796700e+01
   4.9960184e-01   1.9199988e+02   2.2215200e+01
   4.9960184e-01   1.9799989e+02   1.7513000e+01
   4.9960184e-01   2.0399990e+02   1.3634800e+01
   4.9960184e-01   2.0999992e+02   1.0503200e+01
   4.9960184e-01   2.1599993e+02   8.0255300e+00
   4.9960184e-01   2.2199995e+02   6.1008000e+00
   4.9960184e-01   2.2799996e+02   4.6266300e+00
   4.9960184e-01   2.3399997e+02   3.5049400e+00
   4.9960184e-01   2.3999999e+02   2.6470100e+00
   4.9960184e-01   2.4600000e+02   1.9776100e+00
   4.9960184e-01   2.5200002e+02   1.4380700e+00
   4.9960184e-01   2.5800003e+02   9.8852900e-01
   4.9960184e-01   2.6400004e+02   6.0917500e-01
   4.9960184e-01   2.7000006e+02   3.0077900e-01
   4.9960184e-01   2.7600007e+02   8.4392400e-02
   4.9960184e-01   2.8200009e+02   3.6440700e-04
   4.9960184e-01   2.8800010e+02   1.0666000e-01
   4.9960184e-01   2.9400011e+02   4.7652000e-01
   4.9960184e-01   3.0000013e+02   1.1954700e+00
   4.9960184e-01   3.0600014e+02   2.3577100e+00
   4.9960184e-01   3.1200016e+02   4.0618600e+00
   4.9960184e-01   3.1800017e+02   6.4062000e+00
   4.9960184e-01   3.2400018e+02   9.4833800e+00
   4.9960184e-01   3.3000020e+02   1.3374800e+01
   4.9960184e-01   3.3600021e+02   1.8144900e+01
   4.9960184e-01   3.4200023e+02   2.3835100e+01
   4.9960184e-01   3.4800024e+02   3.0459000e+01
   4.9960184e-01   3.5400025e+02   3.7997000e+01
   4.9960184e-01   3.6000027e+02   4.6393600e+01
   5.0260182e-01   1.7999985e+02   3.4140900e+01
   5.0260182e-01   1.8599986e+02   2.7699500e+01
   5.0260182e-01   1.9199988e+02   2.2155200e+01
   5.0260182e-01   1.9799989e+02   1.7482300e+01
   5.0260182e-01   2.0399990e+02   1.3626200e+01
   5.0260182e-01   2.0999992e+02   1.0510400e+01
   5.0260182e-01   2.1599993e+02   8.0429900e+00
   5.0260182e-01   2.2199995e+02   6.1242100e+00
   5.0260182e-01   2.2799996e+02   4.6526400e+00
   5.0260182e-01   2.3399997e+02   3.5311500e+00
   5.0260182e-01   2.3999999e+02   2.6719100e+00
   5.0260182e-01   2.4600000e+02   2.0004100e+00
   5.0260182e-01   2.5200002e+02   1.4585700e+00
   5.0260182e-01   2.5800003e+02   1.0069200e+00
   5.0260182e-01   2.6400004e+02   6.2588400e-01
   5.0260182e-01   2.7000006e+02   3.1628100e-01
   5.0260182e-01   2.7600007e+02   9.9040500e-02
   5.0260182e-01   2.8200009e+02   1.4217800e-02
   5.0260182e-01   2.8800010e+02   1.1932800e-01
   5.0260182e-01   2.9400011e+02   4.8702400e-01
   5.0260182e-01   3.0000013e+02   1.2021200e+00
   5.0260182e-01   3.0600014e+02   2.3580200e+00
   5.0260182e-01   3.1200016e+02   4.0524800e+00
   5.0260182e-01   3.1800017e+02   6.3829000e+00
   5.0260182e-01   3.2400018e+02   9.4410600e+00
   5.0260182e-01   3.3000020e+02   1.3307600e+01
   5.0260182e-01   3.3600021e+02   1.8046200e+01
   5.0260182e-01   3.4200023e+02   2.3697900e+01
   5.0260182e-01   3.4800024e+02   3.0275900e+01
   5.0260182e-01   3.5400025e+02   3.7760800e+01
   5.0260182e-01   3.6000027e+02   4.6097100e+01
   5.0560172e-01   1.7999985e+02   3.4036700e+01
   5.0560172e-01   1.8599986e+02   2.7640100e+01
   5.0560172e-01   1.9199988e+02   2.2132300e+01
   5.0560172e-01   1.9799989e+02   1.7488200e+01
   5.0560172e-01   2.0399990e+02   1.3653700e+01
   5.0560172e-01   2.0999992e+02   1.0553100e+01
   5.0560172e-01   2.1599993e+02   8.0956600e+00
   5.0560172e-01   2.2199995e+02   6.1824500e+00
   5.0560172e-01   2.2799996e+02   4.7131300e+00
   5.0560172e-01   2.3399997e+02   3.5915500e+00
   5.0560172e-01   2.3999999e+02   2.7307200e+00
   5.0560172e-01   2.4600000e+02   2.0568700e+00
   5.0560172e-01   2.5200002e+02   1.5124800e+00
   5.0560172e-01   2.5800003e+02   1.0585000e+00
   5.0560172e-01   2.6400004e+02   6.7557700e-01
   5.0560172e-01   2.7000006e+02   3.6458900e-01
   5.0560172e-01   2.7600007e+02   1.4634200e-01
   5.0560172e-01   2.8200009e+02   6.0600000e-02
   5.0560172e-01   2.8800010e+02   1.6443600e-01
   5.0560172e-01   2.9400011e+02   5.2991700e-01
   5.0560172e-01   3.0000013e+02   1.2411600e+00
   5.0560172e-01   3.0600014e+02   2.3907700e+00
   5.0560172e-01   3.1200016e+02   4.0756500e+00
   5.0560172e-01   3.1800017e+02   6.3923200e+00
   5.0560172e-01   3.2400018e+02   9.4317100e+00
   5.0560172e-01   3.3000020e+02   1.3273700e+01
   5.0560172e-01   3.3600021e+02   1.7981200e+01
   5.0560172e-01   3.4200023e+02   2.3594800e+01
   5.0560172e-01   3.4800024e+02   3.0127500e+01
   5.0560172e-01   3.5400025e+02   3.7559900e+01
   5.0560172e-01   3.6000027e+02   4.5836800e+01
   5.0860141e-01   1.7999985e+02   3.3964100e+01
   5.0860141e-01   1.8599986e+02   2.7611600e+01
   5.0860141e-01   1.9199988e+02   2.2139800e+01
   5.0860141e-01   1.9799989e+02   1.7523900e+01
   5.0860141e-01   2.0399990e+02   1.3710500e+01
   5.0860141e-01   2.0999992e+02   1.0624700e+01
   5.0860141e-01   2.1599993e+02   8.1767300e+00
   5.0860141e-01   2.2199995e+02   6.2687300e+00
   5.0860141e-01   2.2799996e+02   4.8013400e+00
   5.0860141e-01   2.3399997e+02   3.6793700e+00
   5.0860141e-01   2.3999999e+02   2.8166700e+00
   5.0860141e-01   2.4600000e+02   2.1402100e+00
   5.0860141e-01   2.5200002e+02   1.5930400e+00
   5.0860141e-01   2.5800003e+02   1.1365000e+00
   5.0860141e-01   2.6400004e+02   7.5149800e-01
   5.0860141e-01   2.7000006e+02   4.3894500e-01
   5.0860141e-01   2.7600007e+02   2.1953400e-01
   5.0860141e-01   2.8200009e+02   1.3274600e-01
   5.0860141e-01   2.8800010e+02   2.3521400e-01
   5.0860141e-01   2.9400011e+02   5.9842600e-01
   5.0860141e-01   3.0000013e+02   1.3058100e+00
   5.0860141e-01   3.0600014e+02   2.4491700e+00
   5.0860141e-01   3.1200016e+02   4.1245700e+00
   5.0860141e-01   3.1800017e+02   6.4276500e+00
   5.0860141e-01   3.2400018e+02   9.4485100e+00
   5.0860141e-01   3.3000020e+02   1.3266200e+01
   5.0860141e-01   3.3600021e+02   1.7943000e+01
   5.0860141e-01   3.4200023e+02   2.3519100e+01
   5.0860141e-01   3.4800024e+02   3.0007000e+01
   5.0860141e-01   3.5400025e+02   3.7387400e+01
   5.0860141e-01   3.6000027e+02   4.5605600e+01
   5.1160080e-01   1.7999985e+02   3.3919700e+01
   5.1160080e-01   1.8599986e+02   2.7610600e+01
   5.1160080e-01   1.9199988e+02   2.2174200e+01
   5.1160080e-01   1.9799989e+02   1.7585900e+01
   5.1160080e-01   2.0399990e+02   1.3793200e+01
   5.1160080e-01   2.0999992e+02   1.0721800e+01
   5.1160080e-01   2.1599993e+02   8.2829000e+00
   5.1160080e-01   2.2199995e+02   6.3797600e+00
   5.1160080e-01   2.2799996e+02   4.9139800e+00
   5.1160080e-01   2.3399997e+02   3.7913200e+00
   5.1160080e-01   2.3999999e+02   2.9264900e+00
   5.1160080e-01   2.4600000e+02   2.2471600e+00
   5.1160080e-01   2.5200002e+02   1.6969700e+00
   5.1160080e-01   2.5800003e+02   1.2376700e+00
   5.1160080e-01   2.6400004e+02   8.5037700e-01
   5.1160080e-01   2.7000006e+02   5.3607900e-01
   5.1160080e-01   2.7600007e+02   3.1534800e-01
   5.1160080e-01   2.8200009e+02   2.2738400e-01
   5.1160080e-01   2.8800010e+02   3.2838400e-01
   5.1160080e-01   2.9400011e+02   6.8926600e-01
   5.1160080e-01   3.0000013e+02   1.3927600e+00
   5.1160080e-01   3.0600014e+02   2.5299100e+00
   5.1160080e-01   3.1200016e+02   4.1959100e+00
   5.1160080e-01   3.1800017e+02   6.4855600e+00
   5.1160080e-01   3.2400018e+02   9.4880900e+00
   5.1160080e-01   3.3000020e+02   1.3281800e+01
   5.1160080e-01   3.3600021e+02   1.7928300e+01
   5.1160080e-01   3.4200023e+02   2.3467200e+01
   5.1160080e-01   3.4800024e+02   2.9910900e+01
   5.1160080e-01   3.5400025e+02   3.7240000e+01
   5.1160080e-01   3.6000027e+02   4.5400000e+01
   5.1459976e-01   1.7999985e+02   3.3903400e+01
   5.1459976e-01   1.8599986e+02   2.7637200e+01
   5.1459976e-01   1.9199988e+02   2.2235600e+01
   5.1459976e-01   1.9799989e+02   1.7674500e+01
   5.1459976e-01   2.0399990e+02   1.3901900e+01
   5.1459976e-01   2.0999992e+02   1.0844500e+01
   5.1459976e-01   2.1599993e+02   8.4143500e+00
   5.1459976e-01   2.2199995e+02   6.5157400e+00
   5.1459976e-01   2.2799996e+02   5.0512700e+00
   5.1459976e-01   2.3399997e+02   3.9276300e+00
   5.1459976e-01   2.3999999e+02   3.0604000e+00
   5.1459976e-01   2.4600000e+02   2.3779500e+00
   5.1459976e-01   2.5200002e+02   1.8245200e+00
   5.1459976e-01   2.5800003e+02   1.3622300e+00
   5.1459976e-01   2.6400004e+02   9.7246100e-01
   5.1459976e-01   2.7000006e+02   6.5623900e-01
   5.1459976e-01   2.7600007e+02   4.3402900e-01
   5.1459976e-01   2.8200009e+02   3.4475500e-01
   5.1459976e-01   2.8800010e+02   4.4418500e-01
   5.1459976e-01   2.9400011e+02   8.0267000e-01
   5.1459976e-01   3.0000013e+02   1.5022600e+00
   5.1459976e-01   3.0600014e+02   2.6332000e+00
   5.1459976e-01   3.1200016e+02   4.2898900e+00
   5.1459976e-01   3.1800017e+02   6.5662300e+00
   5.1459976e-01   3.2400018e+02   9.5506300e+00
   5.1459976e-01   3.3000020e+02   1.3320600e+01
   5.1459976e-01   3.3600021e+02   1.7937100e+01
   5.1459976e-01   3.4200023e+02   2.3439300e+01
   5.1459976e-01   3.4800024e+02   2.9839200e+01
   5.1459976e-01   3.5400025e+02   3.7117500e+01
   5.1459976e-01   3.6000027e+02   4.5220000e+01
   5.1759820e-01   1.7999985e+02   3.3918900e+01
   5.1759820e-01   1.8599986e+02   2.7695000e+01
   5.1759820e-01   1.9199988e+02   2.2327700e+01
   5.1759820e-01   1.9799989e+02   1.7793300e+01
   5.1759820e-01   2.0399990e+02   1.4040400e+01
   5.1759820e-01   2.0999992e+02   1.0996500e+01
   5.1759820e-01   2.1599993e+02   8.5747800e+00
   5.1759820e-01   2.2199995e+02   6.6803700e+00
   5.1759820e-01   2.2799996e+02   5.2169100e+00
   5.1759820e-01   2.3399997e+02   4.0920200e+00
   5.1759820e-01   2.3999999e+02   3.2221300e+00
   5.1759820e-01   2.4600000e+02   2.5363400e+00
   5.1759820e-01   2.5200002e+02   1.9794300e+00
   5.1759820e-01   2.5800003e+02   1.5139600e+00
   5.1759820e-01   2.6400004e+02   1.1215000e+00
   5.1759820e-01   2.7000006e+02   8.0317900e-01
   5.1759820e-01   2.7600007e+02   5.7933100e-01
   5.1759820e-01   2.8200009e+02   4.8861200e-01
   5.1759820e-01   2.8800010e+02   5.8636400e-01
   5.1759820e-01   2.9400011e+02   9.4237700e-01
   5.1759820e-01   3.0000013e+02   1.6380200e+00
   5.1759820e-01   3.0600014e+02   2.7627800e+00
   5.1759820e-01   3.1200016e+02   4.4102000e+00
   5.1759820e-01   3.1800017e+02   6.6733500e+00
   5.1759820e-01   3.2400018e+02   9.6397900e+00
   5.1759820e-01   3.3000020e+02   1.3386200e+01
   5.1759820e-01   3.3600021e+02   1.7973100e+01
   5.1759820e-01   3.4200023e+02   2.3438900e+01
   5.1759820e-01   3.4800024e+02   2.9795500e+01
   5.1759820e-01   3.5400025e+02   3.7023600e+01
   5.1759820e-01   3.6000027e+02   4.5069100e+01
   5.2059601e-01   1.7999985e+02   3.3973100e+01
   5.2059601e-01   1.8599986e+02   2.7790900e+01
   5.2059601e-01   1.9199988e+02   2.2457400e+01
   5.2059601e-01   1.9799989e+02   1.7949200e+01
   5.2059601e-01   2.0399990e+02   1.4215600e+01
   5.2059601e-01   2.0999992e+02   1.1185000e+01
   5.2059601e-01   2.1599993e+02   8.7713200e+00
   5.2059601e-01   2.2199995e+02   6.8808100e+00
   5.2059601e-01   2.2799996e+02   5.4180700e+00
   5.2059601e-01   2.3399997e+02   4.2916800e+00
   5.2059601e-01   2.3999999e+02   3.4188900e+00
   5.2059601e-01   2.4600000e+02   2.7295200e+00
   5.2059601e-01   2.5200002e+02   2.1689200e+00
   5.2059601e-01   2.5800003e+02   1.7000500e+00
   5.2059601e-01   2.6400004e+02   1.3047200e+00
   5.2059601e-01   2.7000006e+02   9.8411700e-01
   5.2059601e-01   2.7600007e+02   7.5847200e-01
   5.2059601e-01   2.8200009e+02   6.6617000e-01
   5.2059601e-01   2.8800010e+02   7.6213300e-01
   5.2059601e-01   2.9400011e+02   1.1155900e+00
   5.2059601e-01   3.0000013e+02   1.8072400e+00
   5.2059601e-01   3.0600014e+02   2.9258100e+00
   5.2059601e-01   3.1200016e+02   4.5640100e+00
   5.2059601e-01   3.1800017e+02   6.8140700e+00
   5.2059601e-01   3.2400018e+02   9.7627100e+00
   5.2059601e-01   3.3000020e+02   1.3485900e+01
   5.2059601e-01   3.3600021e+02   1.8043300e+01
   5.2059601e-01   3.4200023e+02   2.3473100e+01
   5.2059601e-01   3.4800024e+02   2.9786800e+01
   5.2059601e-01   3.5400025e+02   3.6965100e+01
   5.2059601e-01   3.6000027e+02   4.4954200e+01
   5.2359307e-01   1.7999985e+02   3.4076300e+01
   5.2359307e-01   1.8599986e+02   2.7935300e+01
   5.2359307e-01   1.9199988e+02   2.2635200e+01
   5.2359307e-01   1.9799989e+02   1.8152800e+01
   5.2359307e-01   2.0399990e+02   1.4438200e+01
   5.2359307e-01   2.0999992e+02   1.1420400e+01
   5.2359307e-01   2.1599993e+02   9.0144800e+00
   5.2359307e-01   2.2199995e+02   7.1275800e+00
   5.2359307e-01   2.2799996e+02   5.6653100e+00
   5.2359307e-01   2.3399997e+02   4.5371600e+00
   5.2359307e-01   2.3999999e+02   3.6612400e+00
   5.2359307e-01   2.4600000e+02   2.9680700e+00
   5.2359307e-01   2.5200002e+02   2.4035700e+00
   5.2359307e-01   2.5800003e+02   1.9311000e+00
   5.2359307e-01   2.6400004e+02   1.5327200e+00
   5.2359307e-01   2.7000006e+02   1.2096600e+00
   5.2359307e-01   2.7600007e+02   9.8205600e-01
   5.2359307e-01   2.8200009e+02   8.8803200e-01
   5.2359307e-01   2.8800010e+02   9.8208900e-01
   5.2359307e-01   2.9400011e+02   1.3329100e+00
   5.2359307e-01   3.0000013e+02   2.0205200e+00
   5.2359307e-01   3.0600014e+02   3.1328700e+00
   5.2359307e-01   3.1200016e+02   4.7618900e+00
   5.2359307e-01   3.1800017e+02   6.9989300e+00
   5.2359307e-01   3.2400018e+02   9.9298900e+00
   5.2359307e-01   3.3000020e+02   1.3630000e+01
   5.2359307e-01   3.3600021e+02   1.8158200e+01
   5.2359307e-01   3.4200023e+02   2.3552300e+01
   5.2359307e-01   3.4800024e+02   2.9823600e+01
   5.2359307e-01   3.5400025e+02   3.6952500e+01
   5.2359307e-01   3.6000027e+02   4.4885700e+01
   5.2658929e-01   1.7999985e+02   3.4242000e+01
   5.2658929e-01   1.8599986e+02   2.8141900e+01
   5.2658929e-01   1.9199988e+02   2.2874700e+01
   5.2658929e-01   1.9799989e+02   1.8417700e+01
   5.2658929e-01   2.0399990e+02   1.4721700e+01
   5.2658929e-01   2.0999992e+02   1.1716500e+01
   5.2658929e-01   2.1599993e+02   9.3180300e+00
   5.2658929e-01   2.2199995e+02   7.4344700e+00
   5.2658929e-01   2.2799996e+02   5.9724200e+00
   5.2658929e-01   2.3399997e+02   4.8423000e+00
   5.2658929e-01   2.3999999e+02   3.9630300e+00
   5.2658929e-01   2.4600000e+02   3.2658500e+00
   5.2658929e-01   2.5200002e+02   2.6972500e+00
   5.2658929e-01   2.5800003e+02   2.2209900e+00
   5.2658929e-01   2.6400004e+02   1.8193700e+00
   5.2658929e-01   2.7000006e+02   1.4936800e+00
   5.2658929e-01   2.7600007e+02   1.2639600e+00
   5.2658929e-01   2.8200009e+02   1.1680800e+00
   5.2658929e-01   2.8800010e+02   1.2601100e+00
   5.2658929e-01   2.9400011e+02   1.6081900e+00
   5.2658929e-01   3.0000013e+02   2.2916900e+00
   5.2658929e-01   3.0600014e+02   3.3978100e+00
   5.2658929e-01   3.1200016e+02   5.0176500e+00
   5.2658929e-01   3.1800017e+02   7.2417300e+00
   5.2658929e-01   3.2400018e+02   1.0155100e+01
   5.2658929e-01   3.3000020e+02   1.3832300e+01
   5.2658929e-01   3.3600021e+02   1.8331600e+01
   5.2658929e-01   3.4200023e+02   2.3690300e+01
   5.2658929e-01   3.4800024e+02   2.9919300e+01
   5.2658929e-01   3.5400025e+02   3.6999300e+01
   5.2658929e-01   3.6000027e+02   4.4877200e+01
   5.2958455e-01   1.7999985e+02   3.4487100e+01
   5.2958455e-01   1.8599986e+02   2.8427300e+01
   5.2958455e-01   1.9199988e+02   2.3192700e+01
   5.2958455e-01   1.9799989e+02   1.8760800e+01
   5.2958455e-01   2.0399990e+02   1.5083100e+01
   5.2958455e-01   2.0999992e+02   1.2090100e+01
   5.2958455e-01   2.1599993e+02   9.6988700e+00
   5.2958455e-01   2.2199995e+02   7.8184200e+00
   5.2958455e-01   2.2799996e+02   6.3563600e+00
   5.2958455e-01   2.3399997e+02   5.2240400e+00
   5.2958455e-01   2.3999999e+02   4.3412200e+00
   5.2958455e-01   2.4600000e+02   3.6398400e+00
   5.2958455e-01   2.5200002e+02   3.0669500e+00
   5.2958455e-01   2.5800003e+02   2.5867200e+00
   5.2958455e-01   2.6400004e+02   2.1816800e+00
   5.2958455e-01   2.7000006e+02   1.8532000e+00
   5.2958455e-01   2.7600007e+02   1.6212100e+00
   5.2958455e-01   2.8200009e+02   1.5233200e+00
   5.2958455e-01   2.8800010e+02   1.6132100e+00
   5.2958455e-01   2.9400011e+02   1.9584600e+00
   5.2958455e-01   3.0000013e+02   2.6377700e+00
   5.2958455e-01   3.0600014e+02   3.7376200e+00
   5.2958455e-01   3.1200016e+02   5.3482700e+00
   5.2958455e-01   3.1800017e+02   7.5594300e+00
   5.2958455e-01   3.2400018e+02   1.0455400e+01
   5.2958455e-01   3.3000020e+02   1.4109700e+01
   5.2958455e-01   3.3600021e+02   1.8580300e+01
   5.2958455e-01   3.4200023e+02   2.3903800e+01
   5.2958455e-01   3.4800024e+02   3.0091000e+01
   5.2958455e-01   3.5400025e+02   3.7122400e+01
   5.2958455e-01   3.6000027e+02   4.4945200e+01
   5.3257874e-01   1.7999985e+02   3.4831100e+01
   5.3257874e-01   1.8599986e+02   2.8811400e+01
   5.3257874e-01   1.9199988e+02   2.3608900e+01
   5.3257874e-01   1.9799989e+02   1.9201900e+01
   5.3257874e-01   2.0399990e+02   1.5542100e+01
   5.3257874e-01   2.0999992e+02   1.2561200e+01
   5.3257874e-01   2.1599993e+02   1.0176800e+01
   5.3257874e-01   2.2199995e+02   8.2992900e+00
   5.3257874e-01   2.2799996e+02   6.8370200e+00
   5.3257874e-01   2.3399997e+02   5.7023100e+00
   5.3257874e-01   2.3999999e+02   4.8157500e+00
   5.3257874e-01   2.4600000e+02   4.1099900e+00
   5.3257874e-01   2.5200002e+02   3.5326300e+00
   5.3257874e-01   2.5800003e+02   3.0482600e+00
   5.3257874e-01   2.6400004e+02   2.6396300e+00
   5.3257874e-01   2.7000006e+02   2.3081900e+00
   5.3257874e-01   2.7600007e+02   2.0737900e+00
   5.3257874e-01   2.8200009e+02   1.9737500e+00
   5.3257874e-01   2.8800010e+02   2.0613600e+00
   5.3257874e-01   2.9400011e+02   2.4036700e+00
   5.3257874e-01   3.0000013e+02   3.0787300e+00
   5.3257874e-01   3.0600014e+02   4.1722400e+00
   5.3257874e-01   3.1200016e+02   5.7736900e+00
   5.3257874e-01   3.1800017e+02   7.9719500e+00
   5.3257874e-01   3.2400018e+02   1.0850500e+01
   5.3257874e-01   3.3000020e+02   1.4482100e+01
   5.3257874e-01   3.3600021e+02   1.8924200e+01
   5.3257874e-01   3.4200023e+02   2.4212700e+01
   5.3257874e-01   3.4800024e+02   3.0358300e+01
   5.3257874e-01   3.5400025e+02   3.7341400e+01
   5.3257874e-01   3.6000027e+02   4.5109600e+01
   5.3557176e-01   1.7999985e+02   3.5296500e+01
   5.3557176e-01   1.8599986e+02   2.9316400e+01
   5.3557176e-01   1.9199988e+02   2.4145900e+01
   5.3557176e-01   1.9799989e+02   1.9763300e+01
   5.3557176e-01   2.0399990e+02   1.6121300e+01
   5.3557176e-01   2.0999992e+02   1.3152100e+01
   5.3557176e-01   2.1599993e+02   1.0774600e+01
   5.3557176e-01   2.2199995e+02   8.8997300e+00
   5.3557176e-01   2.2799996e+02   7.4370700e+00
   5.3557176e-01   2.3399997e+02   6.2998000e+00
   5.3557176e-01   2.3999999e+02   5.4093300e+00
   5.3557176e-01   2.4600000e+02   4.6990200e+00
   5.3557176e-01   2.5200002e+02   4.1170300e+00
   5.3557176e-01   2.5800003e+02   3.6283400e+00
   5.3557176e-01   2.6400004e+02   3.2159700e+00
   5.3557176e-01   2.7000006e+02   2.8814200e+00
   5.3557176e-01   2.7600007e+02   2.6444400e+00
   5.3557176e-01   2.8200009e+02   2.5421200e+00
   5.3557176e-01   2.8800010e+02   2.6273300e+00
   5.3557176e-01   2.9400011e+02   2.9665900e+00
   5.3557176e-01   3.0000013e+02   3.6372900e+00
   5.3557176e-01   3.0600014e+02   4.7244100e+00
   5.3557176e-01   3.1200016e+02   6.3166200e+00
   5.3557176e-01   3.1800017e+02   8.5019700e+00
   5.3557176e-01   3.2400018e+02   1.1363100e+01
   5.3557176e-01   3.3000020e+02   1.4972200e+01
   5.3557176e-01   3.3600021e+02   1.9385800e+01
   5.3557176e-01   3.4200023e+02   2.4639500e+01
   5.3557176e-01   3.4800024e+02   3.0743700e+01
   5.3557176e-01   3.5400025e+02   3.7678900e+01
   5.3557176e-01   3.6000027e+02   4.5392800e+01
   5.3856350e-01   1.7999985e+02   3.5908300e+01
   5.3856350e-01   1.8599986e+02   2.9967500e+01
   5.3856350e-01   1.9199988e+02   2.4828600e+01
   5.3856350e-01   1.9799989e+02   2.0470300e+01
   5.3856350e-01   2.0399990e+02   1.6845800e+01
   5.3856350e-01   2.0999992e+02   1.3888200e+01
   5.3856350e-01   2.1599993e+02   1.1517300e+01
   5.3856350e-01   2.2199995e+02   9.6449300e+00
   5.3856350e-01   2.2799996e+02   8.1817200e+00
   5.3856350e-01   2.3399997e+02   7.0417300e+00
   5.3856350e-01   2.3999999e+02   6.1472000e+00
   5.3856350e-01   2.4600000e+02   5.4321900e+00
   5.3856350e-01   2.5200002e+02   4.8454200e+00
   5.3856350e-01   2.5800003e+02   4.3522700e+00
   5.3856350e-01   2.6400004e+02   3.9360000e+00
   5.3856350e-01   2.7000006e+02   3.5981900e+00
   5.3856350e-01   2.7600007e+02   3.3585000e+00
   5.3856350e-01   2.8200009e+02   3.2537500e+00
   5.3856350e-01   2.8800010e+02   3.3364300e+00
   5.3856350e-01   2.9400011e+02   3.6725200e+00
   5.3856350e-01   3.0000013e+02   4.3387700e+00
   5.3856350e-01   3.0600014e+02   5.4194100e+00
   5.3856350e-01   3.1200016e+02   7.0023400e+00
   5.3856350e-01   3.1800017e+02   9.1747700e+00
   5.3856350e-01   3.2400018e+02   1.2018500e+01
   5.3856350e-01   3.3000020e+02   1.5605100e+01
   5.3856350e-01   3.3600021e+02   1.9990300e+01
   5.3856350e-01   3.4200023e+02   2.5209400e+01
   5.3856350e-01   3.4800024e+02   3.1272400e+01
   5.3856350e-01   3.5400025e+02   3.8159900e+01
   5.3856350e-01   3.6000027e+02   4.5819800e+01
   5.4155385e-01   1.7999985e+02   3.6693600e+01
   5.4155385e-01   1.8599986e+02   3.0792000e+01
   5.4155385e-01   1.9199988e+02   2.5684400e+01
   5.4155385e-01   1.9799989e+02   2.1350200e+01
   5.4155385e-01   2.0399990e+02   1.7743000e+01
   5.4155385e-01   2.0999992e+02   1.4796900e+01
   5.4155385e-01   2.1599993e+02   1.2432300e+01
   5.4155385e-01   2.2199995e+02   1.0562400e+01
   5.4155385e-01   2.2799996e+02   9.0985000e+00
   5.4155385e-01   2.3399997e+02   7.9556600e+00
   5.4155385e-01   2.3999999e+02   7.0569400e+00
   5.4155385e-01   2.4600000e+02   6.3370900e+00
   5.4155385e-01   2.5200002e+02   5.7454000e+00
   5.4155385e-01   2.5800003e+02   5.2476600e+00
   5.4155385e-01   2.6400004e+02   4.8273500e+00
   5.4155385e-01   2.7000006e+02   4.4861400e+00
   5.4155385e-01   2.7600007e+02   4.2435800e+00
   5.4155385e-01   2.8200009e+02   4.1362800e+00
   5.4155385e-01   2.8800010e+02   4.2163000e+00
   5.4155385e-01   2.9400011e+02   4.5491000e+00
   5.4155385e-01   3.0000013e+02   5.2107900e+00
   5.4155385e-01   3.0600014e+02   6.2848700e+00
   5.4155385e-01   3.1200016e+02   7.8584500e+00
   5.4155385e-01   3.1800017e+02   1.0017900e+01
   5.4155385e-01   3.2400018e+02   1.2844300e+01
   5.4155385e-01   3.3000020e+02   1.6408400e+01
   5.4155385e-01   3.3600021e+02   2.0765300e+01
   5.4155385e-01   3.4200023e+02   2.5949900e+01
   5.4155385e-01   3.4800024e+02   3.1971900e+01
   5.4155385e-01   3.5400025e+02   3.8811800e+01
   5.4155385e-01   3.6000027e+02   4.6418000e+01
   5.4454271e-01   1.7999985e+02   3.7681900e+01
   5.4454271e-01   1.8599986e+02   3.1819200e+01
   5.4454271e-01   1.9199988e+02   2.6742800e+01
   5.4454271e-01   1.9799989e+02   2.2432500e+01
   5.4454271e-01   2.0399990e+02   1.8842500e+01
   5.4454271e-01   2.0999992e+02   1.5907600e+01
   5.4454271e-01   2.1599993e+02   1.3549400e+01
   5.4454271e-01   2.2199995e+02   1.1681700e+01
   5.4454271e-01   2.2799996e+02   1.0217000e+01
   5.4454271e-01   2.3399997e+02   9.0712100e+00
   5.4454271e-01   2.3999999e+02   8.1681800e+00
   5.4454271e-01   2.4600000e+02   7.4433800e+00
   5.4454271e-01   2.5200002e+02   6.8466500e+00
   5.4454271e-01   2.5800003e+02   6.3441800e+00
   5.4454271e-01   2.6400004e+02   5.9197100e+00
   5.4454271e-01   2.7000006e+02   5.5749600e+00
   5.4454271e-01   2.7600007e+02   5.3294100e+00
   5.4454271e-01   2.8200009e+02   5.2194000e+00
   5.4454271e-01   2.8800010e+02   5.2966300e+00
   5.4454271e-01   2.9400011e+02   5.6260200e+00
   5.4454271e-01   3.0000013e+02   6.2830400e+00
   5.4454271e-01   3.0600014e+02   7.3504700e+00
   5.4454271e-01   3.1200016e+02   8.9146200e+00
   5.4454271e-01   3.1800017e+02   1.1061100e+01
   5.4454271e-01   3.2400018e+02   1.3870100e+01
   5.4454271e-01   3.3000020e+02   1.7411600e+01
   5.4454271e-01   3.3600021e+02   2.1740300e+01
   5.4454271e-01   3.4200023e+02   2.6890500e+01
   5.4454271e-01   3.4800024e+02   3.2871600e+01
   5.4454271e-01   3.5400025e+02   3.9664100e+01
   5.4454271e-01   3.6000027e+02   4.7216800e+01
   5.4752996e-01   1.7999985e+02   3.8904200e+01
   5.4752996e-01   1.8599986e+02   3.3080300e+01
   5.4752996e-01   1.9199988e+02   2.8035000e+01
   5.4752996e-01   1.9799989e+02   2.3748400e+01
   5.4752996e-01   2.0399990e+02   2.0175400e+01
   5.4752996e-01   2.0999992e+02   1.7251800e+01
   5.4752996e-01   2.1599993e+02   1.4899700e+01
   5.4752996e-01   2.2199995e+02   1.3034200e+01
   5.4752996e-01   2.2799996e+02   1.1568700e+01
   5.4752996e-01   2.3399997e+02   1.0419800e+01
   5.4752996e-01   2.3999999e+02   9.5123700e+00
   5.4752996e-01   2.4600000e+02   8.7825200e+00
   5.4752996e-01   2.5200002e+02   8.1806400e+00
   5.4752996e-01   2.5800003e+02   7.6733300e+00
   5.4752996e-01   2.6400004e+02   7.2445700e+00
   5.4752996e-01   2.7000006e+02   6.8961600e+00
   5.4752996e-01   2.7600007e+02   6.6474900e+00
   5.4752996e-01   2.8200009e+02   6.5346600e+00
   5.4752996e-01   2.8800010e+02   6.6089700e+00
   5.4752996e-01   2.9400011e+02   6.9348200e+00
   5.4752996e-01   3.0000013e+02   7.5870500e+00
   5.4752996e-01   3.0600014e+02   8.6477200e+00
   5.4752996e-01   3.1200016e+02   1.0202300e+01
   5.4752996e-01   3.1800017e+02   1.2335700e+01
   5.4752996e-01   3.2400018e+02   1.5127300e+01
   5.4752996e-01   3.3000020e+02   1.8646300e+01
   5.4752996e-01   3.3600021e+02   2.2946800e+01
   5.4752996e-01   3.4200023e+02   2.8062600e+01
   5.4752996e-01   3.4800024e+02   3.4002900e+01
   5.4752996e-01   3.5400025e+02   4.0748200e+01
   5.4752996e-01   3.6000027e+02   4.8247500e+01
   5.5051550e-01   1.7999985e+02   4.0393400e+01
   5.5051550e-01   1.8599986e+02   3.4608000e+01
   5.5051550e-01   1.9199988e+02   2.9593600e+01
   5.5051550e-01   1.9799989e+02   2.5330700e+01
   5.5051550e-01   2.0399990e+02   2.1774700e+01
   5.5051550e-01   2.0999992e+02   1.8862200e+01
   5.5051550e-01   2.1599993e+02   1.6516300e+01
   5.5051550e-01   2.2199995e+02   1.4652900e+01
   5.5051550e-01   2.2799996e+02   1.3186400e+01
   5.5051550e-01   2.3399997e+02   1.2034400e+01
   5.5051550e-01   2.3999999e+02   1.1122500e+01
   5.5051550e-01   2.4600000e+02   1.0387500e+01
   5.5051550e-01   2.5200002e+02   9.7803900e+00
   5.5051550e-01   2.5800003e+02   9.2681500e+00
   5.5051550e-01   2.6400004e+02   8.8349900e+00
   5.5051550e-01   2.7000006e+02   8.4828000e+00
   5.5051550e-01   2.7600007e+02   8.2308800e+00
   5.5051550e-01   2.8200009e+02   8.1150900e+00
   5.5051550e-01   2.8800010e+02   8.1863500e+00
   5.5051550e-01   2.9400011e+02   8.5085400e+00
   5.5051550e-01   3.0000013e+02   9.1558600e+00
   5.5051550e-01   3.0600014e+02   1.0209600e+01
   5.5051550e-01   3.1200016e+02   1.1754700e+01
   5.5051550e-01   3.1800017e+02   1.3874900e+01
   5.5051550e-01   3.2400018e+02   1.6648900e+01
   5.5051550e-01   3.3000020e+02   2.0145400e+01
   5.5051550e-01   3.3600021e+02   2.4417600e+01
   5.5051550e-01   3.4200023e+02   2.9499100e+01
   5.5051550e-01   3.4800024e+02   3.5398600e+01
   5.5051550e-01   3.5400025e+02   4.2096800e+01
   5.5051550e-01   3.6000027e+02   4.9542900e+01
   5.5349922e-01   1.7999985e+02   4.2183300e+01
   5.5349922e-01   1.8599986e+02   3.6436400e+01
   5.5349922e-01   1.9199988e+02   3.1452900e+01
   5.5349922e-01   1.9799989e+02   2.7213500e+01
   5.5349922e-01   2.0399990e+02   2.3674500e+01
   5.5349922e-01   2.0999992e+02   2.0773000e+01
   5.5349922e-01   2.1599993e+02   1.8433200e+01
   5.5349922e-01   2.2199995e+02   1.6571900e+01
   5.5349922e-01   2.2799996e+02   1.5104300e+01
   5.5349922e-01   2.3399997e+02   1.3949200e+01
   5.5349922e-01   2.3999999e+02   1.3032800e+01
   5.5349922e-01   2.4600000e+02   1.2292600e+01
   5.5349922e-01   2.5200002e+02   1.1680200e+01
   5.5349922e-01   2.5800003e+02   1.1162900e+01
   5.5349922e-01   2.6400004e+02   1.0725300e+01
   5.5349922e-01   2.7000006e+02   1.0369200e+01
   5.5349922e-01   2.7600007e+02   1.0113900e+01
   5.5349922e-01   2.8200009e+02   9.9950400e+00
   5.5349922e-01   2.8800010e+02   1.0063100e+01
   5.5349922e-01   2.9400011e+02   1.0381500e+01
   5.5349922e-01   3.0000013e+02   1.1023800e+01
   5.5349922e-01   3.0600014e+02   1.2070600e+01
   5.5349922e-01   3.1200016e+02   1.3605800e+01
   5.5349922e-01   3.1800017e+02   1.5712800e+01
   5.5349922e-01   3.2400018e+02   1.8469300e+01
   5.5349922e-01   3.3000020e+02   2.1943100e+01
   5.5349922e-01   3.3600021e+02   2.6187100e+01
   5.5349922e-01   3.4200023e+02   3.1234100e+01
   5.5349922e-01   3.4800024e+02   3.7093000e+01
   5.5349922e-01   3.5400025e+02   4.3744100e+01
   5.5349922e-01   3.6000027e+02   5.1137100e+01
   5.5648102e-01   1.7999985e+02   4.4308900e+01
   5.5648102e-01   1.8599986e+02   3.8600400e+01
   5.5648102e-01   1.9199988e+02   3.3647700e+01
   5.5648102e-01   1.9799989e+02   2.9431800e+01
   5.5648102e-01   2.0399990e+02   2.5909700e+01
   5.5648102e-01   2.0999992e+02   2.3019300e+01
   5.5648102e-01   2.1599993e+02   2.0685500e+01
   5.5648102e-01   2.2199995e+02   1.8826300e+01
   5.5648102e-01   2.2799996e+02   1.7357800e+01
   5.5648102e-01   2.3399997e+02   1.6199500e+01
   5.5648102e-01   2.3999999e+02   1.5278500e+01
   5.5648102e-01   2.4600000e+02   1.4533100e+01
   5.5648102e-01   2.5200002e+02   1.3915300e+01
   5.5648102e-01   2.5800003e+02   1.3392900e+01
   5.5648102e-01   2.6400004e+02   1.2950700e+01
   5.5648102e-01   2.7000006e+02   1.2590600e+01
   5.5648102e-01   2.7600007e+02   1.2331900e+01
   5.5648102e-01   2.8200009e+02   1.2209800e+01
   5.5648102e-01   2.8800010e+02   1.2274600e+01
   5.5648102e-01   2.9400011e+02   1.2589100e+01
   5.5648102e-01   3.0000013e+02   1.3226200e+01
   5.5648102e-01   3.0600014e+02   1.4265800e+01
   5.5648102e-01   3.1200016e+02   1.5791200e+01
   5.5648102e-01   3.1800017e+02   1.7884800e+01
   5.5648102e-01   3.2400018e+02   2.0623600e+01
   5.5648102e-01   3.3000020e+02   2.4074700e+01
   5.5648102e-01   3.3600021e+02   2.8290400e+01
   5.5648102e-01   3.4200023e+02   3.3303100e+01
   5.5648102e-01   3.4800024e+02   3.9121200e+01
   5.5648102e-01   3.5400025e+02   4.5725300e+01
   5.5648102e-01   3.6000027e+02   5.3065200e+01
   5.5946078e-01   1.7999985e+02   4.6805900e+01
   5.5946078e-01   1.8599986e+02   4.1135800e+01
   5.5946078e-01   1.9199988e+02   3.6213800e+01
   5.5946078e-01   1.9799989e+02   3.2021500e+01
   5.5946078e-01   2.0399990e+02   2.8516300e+01
   5.5946078e-01   2.0999992e+02   2.5636900e+01
   5.5946078e-01   2.1599993e+02   2.3309300e+01
   5.5946078e-01   2.2199995e+02   2.1452100e+01
   5.5946078e-01   2.2799996e+02   1.9982600e+01
   5.5946078e-01   2.3399997e+02   1.8821100e+01
   5.5946078e-01   2.3999999e+02   1.7895500e+01
   5.5946078e-01   2.4600000e+02   1.7144800e+01
   5.5946078e-01   2.5200002e+02   1.6521600e+01
   5.5946078e-01   2.5800003e+02   1.5994100e+01
   5.5946078e-01   2.6400004e+02   1.5547300e+01
   5.5946078e-01   2.7000006e+02   1.5183100e+01
   5.5946078e-01   2.7600007e+02   1.4920800e+01
   5.5946078e-01   2.8200009e+02   1.4795500e+01
   5.5946078e-01   2.8800010e+02   1.4856800e+01
   5.5946078e-01   2.9400011e+02   1.5167200e+01
   5.5946078e-01   3.0000013e+02   1.5799000e+01
   5.5946078e-01   3.0600014e+02   1.6831400e+01
   5.5946078e-01   3.1200016e+02   1.8346800e+01
   5.5946078e-01   3.1800017e+02   2.0426900e+01
   5.5946078e-01   3.2400018e+02   2.3147900e+01
   5.5946078e-01   3.3000020e+02   2.6576300e+01
   5.5946078e-01   3.3600021e+02   3.0763500e+01
   5.5946078e-01   3.4200023e+02   3.5741700e+01
   5.5946078e-01   3.4800024e+02   4.1519100e+01
   5.5946078e-01   3.5400025e+02   4.8076200e+01
   5.5946078e-01   3.6000027e+02   5.5363100e+01
   5.6243841e-01   1.7999985e+02   4.9710500e+01
   5.6243841e-01   1.8599986e+02   4.4078700e+01
   5.6243841e-01   1.9199988e+02   3.9187500e+01
   5.6243841e-01   1.9799989e+02   3.5018800e+01
   5.6243841e-01   2.0399990e+02   3.1530500e+01
   5.6243841e-01   2.0999992e+02   2.8662200e+01
   5.6243841e-01   2.1599993e+02   2.6340700e+01
   5.6243841e-01   2.2199995e+02   2.4485600e+01
   5.6243841e-01   2.2799996e+02   2.3015100e+01
   5.6243841e-01   2.3399997e+02   2.1850400e+01
   5.6243841e-01   2.3999999e+02   2.0920300e+01
   5.6243841e-01   2.4600000e+02   2.0164400e+01
   5.6243841e-01   2.5200002e+02   1.9535700e+01
   5.6243841e-01   2.5800003e+02   1.9003000e+01
   5.6243841e-01   2.6400004e+02   1.8551500e+01
   5.6243841e-01   2.7000006e+02   1.8183200e+01
   5.6243841e-01   2.7600007e+02   1.7917200e+01
   5.6243841e-01   2.8200009e+02   1.7788400e+01
   5.6243841e-01   2.8800010e+02   1.7846300e+01
   5.6243841e-01   2.9400011e+02   1.8152500e+01
   5.6243841e-01   3.0000013e+02   1.8778900e+01
   5.6243841e-01   3.0600014e+02   1.9803800e+01
   5.6243841e-01   3.1200016e+02   2.1309100e+01
   5.6243841e-01   3.1800017e+02   2.3375500e+01
   5.6243841e-01   3.2400018e+02   2.6078700e+01
   5.6243841e-01   3.3000020e+02   2.9484100e+01
   5.6243841e-01   3.3600021e+02   3.3642900e+01
   5.6243841e-01   3.4200023e+02   3.8586600e+01
   5.6243841e-01   3.4800024e+02   4.4323200e+01
   5.6243841e-01   3.5400025e+02   5.0833200e+01
   5.6243841e-01   3.6000027e+02   5.8067100e+01
   5.6541378e-01   1.7999985e+02   5.3059000e+01
   5.6541378e-01   1.8599986e+02   4.7465600e+01
   5.6541378e-01   1.9199988e+02   4.2605200e+01
   5.6541378e-01   1.9799989e+02   3.8460000e+01
   5.6541378e-01   2.0399990e+02   3.4988700e+01
   5.6541378e-01   2.0999992e+02   3.2131600e+01
   5.6541378e-01   2.1599993e+02   2.9816200e+01
   5.6541378e-01   2.2199995e+02   2.7963400e+01
   5.6541378e-01   2.2799996e+02   2.6491900e+01
   5.6541378e-01   2.3399997e+02   2.5324100e+01
   5.6541378e-01   2.3999999e+02   2.4389500e+01
   5.6541378e-01   2.4600000e+02   2.3628300e+01
   5.6541378e-01   2.5200002e+02   2.2994200e+01
   5.6541378e-01   2.5800003e+02   2.2456300e+01
   5.6541378e-01   2.6400004e+02   2.1999900e+01
   5.6541378e-01   2.7000006e+02   2.1627500e+01
   5.6541378e-01   2.7600007e+02   2.1357800e+01
   5.6541378e-01   2.8200009e+02   2.1225500e+01
   5.6541378e-01   2.8800010e+02   2.1279600e+01
   5.6541378e-01   2.9400011e+02   2.1581600e+01
   5.6541378e-01   3.0000013e+02   2.2202300e+01
   5.6541378e-01   3.0600014e+02   2.3219800e+01
   5.6541378e-01   3.1200016e+02   2.4714800e+01
   5.6541378e-01   3.1800017e+02   2.6767400e+01
   5.6541378e-01   3.2400018e+02   2.9452500e+01
   5.6541378e-01   3.3000020e+02   3.2834900e+01
   5.6541378e-01   3.3600021e+02   3.6965100e+01
   5.6541378e-01   3.4200023e+02   4.1874200e+01
   5.6541378e-01   3.4800024e+02   4.7569900e+01
   5.6541378e-01   3.5400025e+02   5.4032900e+01
   5.6541378e-01   3.6000027e+02   6.1213700e+01
   5.6838680e-01   1.7999985e+02   5.6887700e+01
   5.6838680e-01   1.8599986e+02   5.1332700e+01
   5.6838680e-01   1.9199988e+02   4.6503100e+01
   5.6838680e-01   1.9799989e+02   4.2381600e+01
   5.6838680e-01   2.0399990e+02   3.8927400e+01
   5.6838680e-01   2.0999992e+02   3.6081500e+01
   5.6838680e-01   2.1599993e+02   3.3772400e+01
   5.6838680e-01   2.2199995e+02   3.1921800e+01
   5.6838680e-01   2.2799996e+02   3.0449500e+01
   5.6838680e-01   2.3399997e+02   2.9278700e+01
   5.6838680e-01   2.3999999e+02   2.8339500e+01
   5.6838680e-01   2.4600000e+02   2.7573100e+01
   5.6838680e-01   2.5200002e+02   2.6933600e+01
   5.6838680e-01   2.5800003e+02   2.6390400e+01
   5.6838680e-01   2.6400004e+02   2.5929300e+01
   5.6838680e-01   2.7000006e+02   2.5552600e+01
   5.6838680e-01   2.7600007e+02   2.5279100e+01
   5.6838680e-01   2.8200009e+02   2.5143200e+01
   5.6838680e-01   2.8800010e+02   2.5193600e+01
   5.6838680e-01   2.9400011e+02   2.5491100e+01
   5.6838680e-01   3.0000013e+02   2.6106100e+01
   5.6838680e-01   3.0600014e+02   2.7115900e+01
   5.6838680e-01   3.1200016e+02   2.8600500e+01
   5.6838680e-01   3.1800017e+02   3.0639200e+01
   5.6838680e-01   3.2400018e+02   3.3306000e+01
   5.6838680e-01   3.3000020e+02   3.6665300e+01
   5.6838680e-01   3.3600021e+02   4.0766700e+01
   5.6838680e-01   3.4200023e+02   4.5641100e+01
   5.6838680e-01   3.4800024e+02   5.1295900e+01
   5.6838680e-01   3.5400025e+02   5.7711700e+01
   5.6838680e-01   3.6000027e+02   6.4839600e+01
   5.7135736e-01   1.7999985e+02   6.1232600e+01
   5.7135736e-01   1.8599986e+02   5.5716100e+01
   5.7135736e-01   1.9199988e+02   5.0917500e+01
   5.7135736e-01   1.9799989e+02   4.6819800e+01
   5.7135736e-01   2.0399990e+02   4.3382700e+01
   5.7135736e-01   2.0999992e+02   4.0548100e+01
   5.7135736e-01   2.1599993e+02   3.8245500e+01
   5.7135736e-01   2.2199995e+02   3.6397200e+01
   5.7135736e-01   2.2799996e+02   3.4924200e+01
   5.7135736e-01   2.3399997e+02   3.3750300e+01
   5.7135736e-01   2.3999999e+02   3.2806700e+01
   5.7135736e-01   2.4600000e+02   3.2035100e+01
   5.7135736e-01   2.5200002e+02   3.1390200e+01
   5.7135736e-01   2.5800003e+02   3.0841800e+01
   5.7135736e-01   2.6400004e+02   3.0375900e+01
   5.7135736e-01   2.7000006e+02   2.9994800e+01
   5.7135736e-01   2.7600007e+02   2.9717400e+01
   5.7135736e-01   2.8200009e+02   2.9577900e+01
   5.7135736e-01   2.8800010e+02   2.9624400e+01
   5.7135736e-01   2.9400011e+02   2.9917300e+01
   5.7135736e-01   3.0000013e+02   3.0526600e+01
   5.7135736e-01   3.0600014e+02   3.1528500e+01
   5.7135736e-01   3.1200016e+02   3.3002500e+01
   5.7135736e-01   3.1800017e+02   3.5027100e+01
   5.7135736e-01   3.2400018e+02   3.7675600e+01
   5.7135736e-01   3.3000020e+02   4.1011600e+01
   5.7135736e-01   3.3600021e+02   4.5084100e+01
   5.7135736e-01   3.4200023e+02   4.9923700e+01
   5.7135736e-01   3.4800024e+02   5.5537500e+01
   5.7135736e-01   3.5400025e+02   6.1906100e+01
   5.7135736e-01   3.6000027e+02   6.8980800e+01
