#sin^2(theta23) Delta_CP/deg Delta_chi^2
   5.3457422e-01   1.7999985e+01   4.9379200e+01
   5.3457422e-01   2.2799996e+01   4.4277400e+01
   5.3457422e-01   2.7600007e+01   3.9955600e+01
   5.3457422e-01   3.2400018e+01   3.6385400e+01
   5.3457422e-01   3.7199972e+01   3.3523800e+01
   5.3457422e-01   4.1999984e+01   3.1315700e+01
   5.3457422e-01   4.6799995e+01   2.9696100e+01
   5.3457422e-01   5.1600006e+01   2.8593200e+01
   5.3457422e-01   5.6400017e+01   2.7930800e+01
   5.3457422e-01   6.1199914e+01   2.7631600e+01
   5.3457422e-01   6.6000154e+01   2.7619700e+01
   5.3457422e-01   7.0799822e+01   2.7824100e+01
   5.3457422e-01   7.5600062e+01   2.8180400e+01
   5.3457422e-01   8.0399730e+01   2.8633500e+01
   5.3457422e-01   8.5199970e+01   2.9139700e+01
   5.3457422e-01   9.0000210e+01   2.9667700e+01
   5.3457422e-01   9.4799878e+01   3.0200300e+01
   5.3457422e-01   9.9600118e+01   3.0734900e+01
   5.3457422e-01   1.0439979e+02   3.1283700e+01
   5.3457422e-01   1.0920003e+02   3.1874100e+01
   5.3457422e-01   1.1400027e+02   3.2547500e+01
   5.3457422e-01   1.1879993e+02   3.3358700e+01
   5.3457422e-01   1.2360017e+02   3.4374000e+01
   5.3457422e-01   1.2839984e+02   3.5669300e+01
   5.3457422e-01   1.3320008e+02   3.7327200e+01
   5.3457422e-01   1.3799975e+02   3.9433800e+01
   5.3457422e-01   1.4279999e+02   4.2075100e+01
   5.3457422e-01   1.4760023e+02   4.5332800e+01
   5.3457422e-01   1.5239990e+02   4.9280100e+01
   5.3457422e-01   1.5720014e+02   5.3977000e+01
   5.3457422e-01   1.6199981e+02   5.9467000e+01
   5.3631982e-01   1.7999985e+01   4.8058500e+01
   5.3631982e-01   2.2799996e+01   4.2945500e+01
   5.3631982e-01   2.7600007e+01   3.8607900e+01
   5.3631982e-01   3.2400018e+01   3.5017700e+01
   5.3631982e-01   3.7199972e+01   3.2132500e+01
   5.3631982e-01   4.1999984e+01   2.9897700e+01
   5.3631982e-01   4.6799995e+01   2.8248900e+01
   5.3631982e-01   5.1600006e+01   2.7114800e+01
   5.3631982e-01   5.6400017e+01   2.6420000e+01
   5.3631982e-01   6.1199914e+01   2.6087600e+01
   5.3631982e-01   6.6000154e+01   2.6042800e+01
   5.3631982e-01   7.0799822e+01   2.6214700e+01
   5.3631982e-01   7.5600062e+01   2.6539700e+01
   5.3631982e-01   8.0399730e+01   2.6963200e+01
   5.3631982e-01   8.5199970e+01   2.7441700e+01
   5.3631982e-01   9.0000210e+01   2.7944500e+01
   5.3631982e-01   9.4799878e+01   2.8454500e+01
   5.3631982e-01   9.9600118e+01   2.8969200e+01
   5.3631982e-01   1.0439979e+02   2.9501100e+01
   5.3631982e-01   1.0920003e+02   3.0077500e+01
   5.3631982e-01   1.1400027e+02   3.0739700e+01
   5.3631982e-01   1.1879993e+02   3.1542400e+01
   5.3631982e-01   1.2360017e+02   3.2551600e+01
   5.3631982e-01   1.2839984e+02   3.3842800e+01
   5.3631982e-01   1.3320008e+02   3.5498300e+01
   5.3631982e-01   1.3799975e+02   3.7603800e+01
   5.3631982e-01   1.4279999e+02   4.0244700e+01
   5.3631982e-01   1.4760023e+02   4.3502200e+01
   5.3631982e-01   1.5239990e+02   4.7449000e+01
   5.3631982e-01   1.5720014e+02   5.2144700e+01
   5.3631982e-01   1.6199981e+02   5.7632200e+01
   5.3806497e-01   1.7999985e+01   4.6698300e+01
   5.3806497e-01   2.2799996e+01   4.1574100e+01
   5.3806497e-01   2.7600007e+01   3.7220800e+01
   5.3806497e-01   3.2400018e+01   3.3610700e+01
   5.3806497e-01   3.7199972e+01   3.0701900e+01
   5.3806497e-01   4.1999984e+01   2.8440400e+01
   5.3806497e-01   4.6799995e+01   2.6762400e+01
   5.3806497e-01   5.1600006e+01   2.5597200e+01
   5.3806497e-01   5.6400017e+01   2.4870000e+01
   5.3806497e-01   6.1199914e+01   2.4504700e+01
   5.3806497e-01   6.6000154e+01   2.4426900e+01
   5.3806497e-01   7.0799822e+01   2.4566400e+01
   5.3806497e-01   7.5600062e+01   2.4860200e+01
   5.3806497e-01   8.0399730e+01   2.5254000e+01
   5.3806497e-01   8.5199970e+01   2.5704900e+01
   5.3806497e-01   9.0000210e+01   2.6182500e+01
   5.3806497e-01   9.4799878e+01   2.6669800e+01
   5.3806497e-01   9.9600118e+01   2.7164800e+01
   5.3806497e-01   1.0439979e+02   2.7679800e+01
   5.3806497e-01   1.0920003e+02   2.8242100e+01
   5.3806497e-01   1.1400027e+02   2.8893200e+01
   5.3806497e-01   1.1879993e+02   2.9687300e+01
   5.3806497e-01   1.2360017e+02   3.0690300e+01
   5.3806497e-01   1.2839984e+02   3.1977500e+01
   5.3806497e-01   1.3320008e+02   3.3630700e+01
   5.3806497e-01   1.3799975e+02   3.5734900e+01
   5.3806497e-01   1.4279999e+02   3.8375400e+01
   5.3806497e-01   1.4760023e+02   4.1632700e+01
   5.3806497e-01   1.5239990e+02   4.5578900e+01
   5.3806497e-01   1.5720014e+02   5.0273300e+01
   5.3806497e-01   1.6199981e+02   5.5758300e+01
   5.3980966e-01   1.7999985e+01   4.5308400e+01
   5.3980966e-01   2.2799996e+01   4.0173000e+01
   5.3980966e-01   2.7600007e+01   3.5804000e+01
   5.3980966e-01   3.2400018e+01   3.2174000e+01
   5.3980966e-01   3.7199972e+01   2.9241700e+01
   5.3980966e-01   4.1999984e+01   2.6953600e+01
   5.3980966e-01   4.6799995e+01   2.5246400e+01
   5.3980966e-01   5.1600006e+01   2.4050200e+01
   5.3980966e-01   5.6400017e+01   2.3290700e+01
   5.3980966e-01   6.1199914e+01   2.2892500e+01
   5.3980966e-01   6.6000154e+01   2.2781700e+01
   5.3980966e-01   7.0799822e+01   2.2888900e+01
   5.3980966e-01   7.5600062e+01   2.3151400e+01
   5.3980966e-01   8.0399730e+01   2.3515600e+01
   5.3980966e-01   8.5199970e+01   2.3939000e+01
   5.3980966e-01   9.0000210e+01   2.4391300e+01
   5.3980966e-01   9.4799878e+01   2.4856000e+01
   5.3980966e-01   9.9600118e+01   2.5331200e+01
   5.3980966e-01   1.0439979e+02   2.5829300e+01
   5.3980966e-01   1.0920003e+02   2.6377600e+01
   5.3980966e-01   1.1400027e+02   2.7017500e+01
   5.3980966e-01   1.1879993e+02   2.7803000e+01
   5.3980966e-01   1.2360017e+02   2.8799900e+01
   5.3980966e-01   1.2839984e+02   3.0083000e+01
   5.3980966e-01   1.3320008e+02   3.1733700e+01
   5.3980966e-01   1.3799975e+02   3.3836800e+01
   5.3980966e-01   1.4279999e+02   3.6476800e+01
   5.3980966e-01   1.4760023e+02   3.9733800e+01
   5.3980966e-01   1.5239990e+02   4.3679400e+01
   5.3980966e-01   1.5720014e+02   4.8372500e+01
   5.3980966e-01   1.6199981e+02   5.3855000e+01
   5.4155385e-01   1.7999985e+01   4.3898800e+01
   5.4155385e-01   2.2799996e+01   3.8752300e+01
   5.4155385e-01   2.7600007e+01   3.4367600e+01
   5.4155385e-01   3.2400018e+01   3.0717900e+01
   5.4155385e-01   3.7199972e+01   2.7762100e+01
   5.4155385e-01   4.1999984e+01   2.5447400e+01
   5.4155385e-01   4.6799995e+01   2.3711100e+01
   5.4155385e-01   5.1600006e+01   2.2483900e+01
   5.4155385e-01   5.6400017e+01   2.1692100e+01
   5.4155385e-01   6.1199914e+01   2.1261000e+01
   5.4155385e-01   6.6000154e+01   2.1117300e+01
   5.4155385e-01   7.0799822e+01   2.1192200e+01
   5.4155385e-01   7.5600062e+01   2.1423500e+01
   5.4155385e-01   8.0399730e+01   2.1758200e+01
   5.4155385e-01   8.5199970e+01   2.2153900e+01
   5.4155385e-01   9.0000210e+01   2.2581000e+01
   5.4155385e-01   9.4799878e+01   2.3023200e+01
   5.4155385e-01   9.9600118e+01   2.3478500e+01
   5.4155385e-01   1.0439979e+02   2.3959700e+01
   5.4155385e-01   1.0920003e+02   2.4494000e+01
   5.4155385e-01   1.1400027e+02   2.5122600e+01
   5.4155385e-01   1.1879993e+02   2.5899600e+01
   5.4155385e-01   1.2360017e+02   2.6890300e+01
   5.4155385e-01   1.2839984e+02   2.8169300e+01
   5.4155385e-01   1.3320008e+02   2.9817500e+01
   5.4155385e-01   1.3799975e+02   3.1919400e+01
   5.4155385e-01   1.4279999e+02   3.4558800e+01
   5.4155385e-01   1.4760023e+02   3.7815500e+01
   5.4155385e-01   1.5239990e+02   4.1760600e+01
   5.4155385e-01   1.5720014e+02   4.6452400e+01
   5.4155385e-01   1.6199981e+02   5.1932300e+01
   5.4329754e-01   1.7999985e+01   4.2480200e+01
   5.4329754e-01   2.2799996e+01   3.7322600e+01
   5.4329754e-01   2.7600007e+01   3.2922300e+01
   5.4329754e-01   3.2400018e+01   2.9252800e+01
   5.4329754e-01   3.7199972e+01   2.6273600e+01
   5.4329754e-01   4.1999984e+01   2.3932300e+01
   5.4329754e-01   4.6799995e+01   2.2167000e+01
   5.4329754e-01   5.1600006e+01   2.0908800e+01
   5.4329754e-01   5.6400017e+01   2.0084800e+01
   5.4329754e-01   6.1199914e+01   1.9620800e+01
   5.4329754e-01   6.6000154e+01   1.9444300e+01
   5.4329754e-01   7.0799822e+01   1.9486900e+01
   5.4329754e-01   7.5600062e+01   1.9687000e+01
   5.4329754e-01   8.0399730e+01   1.9992100e+01
   5.4329754e-01   8.5199970e+01   2.0360300e+01
   5.4329754e-01   9.0000210e+01   2.0762100e+01
   5.4329754e-01   9.4799878e+01   2.1181700e+01
   5.4329754e-01   9.9600118e+01   2.1617200e+01
   5.4329754e-01   1.0439979e+02   2.2081400e+01
   5.4329754e-01   1.0920003e+02   2.2601700e+01
   5.4329754e-01   1.1400027e+02   2.3219100e+01
   5.4329754e-01   1.1879993e+02   2.3987500e+01
   5.4329754e-01   1.2360017e+02   2.4972000e+01
   5.4329754e-01   1.2839984e+02   2.6246800e+01
   5.4329754e-01   1.3320008e+02   2.7892600e+01
   5.4329754e-01   1.3799975e+02   2.9993200e+01
   5.4329754e-01   1.4279999e+02   3.2632100e+01
   5.4329754e-01   1.4760023e+02   3.5888500e+01
   5.4329754e-01   1.5239990e+02   3.9832900e+01
   5.4329754e-01   1.5720014e+02   4.4523200e+01
   5.4329754e-01   1.6199981e+02   5.0000600e+01
   5.4504070e-01   1.7999985e+01   4.1063600e+01
   5.4504070e-01   2.2799996e+01   3.5894900e+01
   5.4504070e-01   2.7600007e+01   3.1479000e+01
   5.4504070e-01   3.2400018e+01   2.7789800e+01
   5.4504070e-01   3.7199972e+01   2.4787200e+01
   5.4504070e-01   4.1999984e+01   2.2419400e+01
   5.4504070e-01   4.6799995e+01   2.0625100e+01
   5.4504070e-01   5.1600006e+01   1.9335900e+01
   5.4504070e-01   5.6400017e+01   1.8479700e+01
   5.4504070e-01   6.1199914e+01   1.7982900e+01
   5.4504070e-01   6.6000154e+01   1.7773500e+01
   5.4504070e-01   7.0799822e+01   1.7783800e+01
   5.4504070e-01   7.5600062e+01   1.7952800e+01
   5.4504070e-01   8.0399730e+01   1.8228300e+01
   5.4504070e-01   8.5199970e+01   1.8568900e+01
   5.4504070e-01   9.0000210e+01   1.8945600e+01
   5.4504070e-01   9.4799878e+01   1.9342500e+01
   5.4504070e-01   9.9600118e+01   1.9758200e+01
   5.4504070e-01   1.0439979e+02   2.0205500e+01
   5.4504070e-01   1.0920003e+02   2.0711700e+01
   5.4504070e-01   1.1400027e+02   2.1317800e+01
   5.4504070e-01   1.1879993e+02   2.2077600e+01
   5.4504070e-01   1.2360017e+02   2.3055900e+01
   5.4504070e-01   1.2839984e+02   2.4326500e+01
   5.4504070e-01   1.3320008e+02   2.5969700e+01
   5.4504070e-01   1.3799975e+02   2.8069000e+01
   5.4504070e-01   1.4279999e+02   3.0707300e+01
   5.4504070e-01   1.4760023e+02   3.3963300e+01
   5.4504070e-01   1.5239990e+02   3.7907100e+01
   5.4504070e-01   1.5720014e+02   4.2596000e+01
   5.4504070e-01   1.6199981e+02   4.8070800e+01
   5.4678330e-01   1.7999985e+01   3.9660300e+01
   5.4678330e-01   2.2799996e+01   3.4480500e+01
   5.4678330e-01   2.7600007e+01   3.0049000e+01
   5.4678330e-01   3.2400018e+01   2.6340100e+01
   5.4678330e-01   3.7199972e+01   2.3314200e+01
   5.4678330e-01   4.1999984e+01   2.0919900e+01
   5.4678330e-01   4.6799995e+01   1.9096600e+01
   5.4678330e-01   5.1600006e+01   1.7776500e+01
   5.4678330e-01   5.6400017e+01   1.6888100e+01
   5.4678330e-01   6.1199914e+01   1.6358500e+01
   5.4678330e-01   6.6000154e+01   1.6116300e+01
   5.4678330e-01   7.0799822e+01   1.6094300e+01
   5.4678330e-01   7.5600062e+01   1.6232200e+01
   5.4678330e-01   8.0399730e+01   1.6478100e+01
   5.4678330e-01   8.5199970e+01   1.6791200e+01
   5.4678330e-01   9.0000210e+01   1.7142600e+01
   5.4678330e-01   9.4799878e+01   1.7516900e+01
   5.4678330e-01   9.9600118e+01   1.7912700e+01
   5.4678330e-01   1.0439979e+02   1.8343000e+01
   5.4678330e-01   1.0920003e+02   1.8835200e+01
   5.4678330e-01   1.1400027e+02   1.9430000e+01
   5.4678330e-01   1.1879993e+02   2.0181100e+01
   5.4678330e-01   1.2360017e+02   2.1153100e+01
   5.4678330e-01   1.2839984e+02   2.2419500e+01
   5.4678330e-01   1.3320008e+02   2.4060200e+01
   5.4678330e-01   1.3799975e+02   2.6158100e+01
   5.4678330e-01   1.4279999e+02   2.8795800e+01
   5.4678330e-01   1.4760023e+02   3.2051400e+01
   5.4678330e-01   1.5239990e+02   3.5994500e+01
   5.4678330e-01   1.5720014e+02   4.0682000e+01
   5.4678330e-01   1.6199981e+02   4.6154100e+01
   5.4852534e-01   1.7999985e+01   3.8281800e+01
   5.4852534e-01   2.2799996e+01   3.3091000e+01
   5.4852534e-01   2.7600007e+01   2.8643900e+01
   5.4852534e-01   3.2400018e+01   2.4915300e+01
   5.4852534e-01   3.7199972e+01   2.1866100e+01
   5.4852534e-01   4.1999984e+01   1.9445400e+01
   5.4852534e-01   4.6799995e+01   1.7593100e+01
   5.4852534e-01   5.1600006e+01   1.6242200e+01
   5.4852534e-01   5.6400017e+01   1.5321600e+01
   5.4852534e-01   6.1199914e+01   1.4759200e+01
   5.4852534e-01   6.6000154e+01   1.4484200e+01
   5.4852534e-01   7.0799822e+01   1.4430000e+01
   5.4852534e-01   7.5600062e+01   1.4536700e+01
   5.4852534e-01   8.0399730e+01   1.4753000e+01
   5.4852534e-01   8.5199970e+01   1.5038500e+01
   5.4852534e-01   9.0000210e+01   1.5364700e+01
   5.4852534e-01   9.4799878e+01   1.5716300e+01
   5.4852534e-01   9.9600118e+01   1.6092300e+01
   5.4852534e-01   1.0439979e+02   1.6505600e+01
   5.4852534e-01   1.0920003e+02   1.6983600e+01
   5.4852534e-01   1.1400027e+02   1.7567200e+01
   5.4852534e-01   1.1879993e+02   1.8309600e+01
   5.4852534e-01   1.2360017e+02   1.9275300e+01
   5.4852534e-01   1.2839984e+02   2.0537400e+01
   5.4852534e-01   1.3320008e+02   2.2175500e+01
   5.4852534e-01   1.3799975e+02   2.4272100e+01
   5.4852534e-01   1.4279999e+02   2.6909100e+01
   5.4852534e-01   1.4760023e+02   3.0164300e+01
   5.4852534e-01   1.5239990e+02   3.4106600e+01
   5.4852534e-01   1.5720014e+02   3.8792500e+01
   5.4852534e-01   1.6199981e+02   4.4261900e+01
   5.5026677e-01   1.7999985e+01   3.6940100e+01
   5.5026677e-01   2.2799996e+01   3.1738300e+01
   5.5026677e-01   2.7600007e+01   2.7275700e+01
   5.5026677e-01   3.2400018e+01   2.3527400e+01
   5.5026677e-01   3.7199972e+01   2.0454900e+01
   5.5026677e-01   4.1999984e+01   1.8007800e+01
   5.5026677e-01   4.6799995e+01   1.6126500e+01
   5.5026677e-01   5.1600006e+01   1.4744800e+01
   5.5026677e-01   5.6400017e+01   1.3792100e+01
   5.5026677e-01   6.1199914e+01   1.3196900e+01
   5.5026677e-01   6.6000154e+01   1.2889000e+01
   5.5026677e-01   7.0799822e+01   1.2802600e+01
   5.5026677e-01   7.5600062e+01   1.2878100e+01
   5.5026677e-01   8.0399730e+01   1.3064900e+01
   5.5026677e-01   8.5199970e+01   1.3322800e+01
   5.5026677e-01   9.0000210e+01   1.3623700e+01
   5.5026677e-01   9.4799878e+01   1.3952700e+01
   5.5026677e-01   9.9600118e+01   1.4308800e+01
   5.5026677e-01   1.0439979e+02   1.4705100e+01
   5.5026677e-01   1.0920003e+02   1.5169000e+01
   5.5026677e-01   1.1400027e+02   1.5741100e+01
   5.5026677e-01   1.1879993e+02   1.6474800e+01
   5.5026677e-01   1.2360017e+02   1.7434200e+01
   5.5026677e-01   1.2839984e+02   1.8692100e+01
   5.5026677e-01   1.3320008e+02   2.0327500e+01
   5.5026677e-01   1.3799975e+02   2.2422700e+01
   5.5026677e-01   1.4279999e+02   2.5059000e+01
   5.5026677e-01   1.4760023e+02   2.8313700e+01
   5.5026677e-01   1.5239990e+02   3.2255200e+01
   5.5026677e-01   1.5720014e+02   3.6939600e+01
   5.5026677e-01   1.6199981e+02   4.2406200e+01
   5.5200760e-01   1.7999985e+01   3.5647300e+01
   5.5200760e-01   2.2799996e+01   3.0434500e+01
   5.5200760e-01   2.7600007e+01   2.5956400e+01
   5.5200760e-01   3.2400018e+01   2.2188500e+01
   5.5200760e-01   3.7199972e+01   1.9092600e+01
   5.5200760e-01   4.1999984e+01   1.6619200e+01
   5.5200760e-01   4.6799995e+01   1.4709000e+01
   5.5200760e-01   5.1600006e+01   1.3296300e+01
   5.5200760e-01   5.6400017e+01   1.2311500e+01
   5.5200760e-01   6.1199914e+01   1.1683600e+01
   5.5200760e-01   6.6000154e+01   1.1342900e+01
   5.5200760e-01   7.0799822e+01   1.1224200e+01
   5.5200760e-01   7.5600062e+01   1.1268600e+01
   5.5200760e-01   8.0399730e+01   1.1425800e+01
   5.5200760e-01   8.5199970e+01   1.1656100e+01
   5.5200760e-01   9.0000210e+01   1.1931700e+01
   5.5200760e-01   9.4799878e+01   1.2238100e+01
   5.5200760e-01   9.9600118e+01   1.2574200e+01
   5.5200760e-01   1.0439979e+02   1.2953500e+01
   5.5200760e-01   1.0920003e+02   1.3403200e+01
   5.5200760e-01   1.1400027e+02   1.3964000e+01
   5.5200760e-01   1.1879993e+02   1.4688900e+01
   5.5200760e-01   1.2360017e+02   1.5641900e+01
   5.5200760e-01   1.2839984e+02   1.6895500e+01
   5.5200760e-01   1.3320008e+02   1.8528300e+01
   5.5200760e-01   1.3799975e+02   2.0621900e+01
   5.5200760e-01   1.4279999e+02   2.3257500e+01
   5.5200760e-01   1.4760023e+02   2.6511600e+01
   5.5200760e-01   1.5239990e+02   3.0452300e+01
   5.5200760e-01   1.5720014e+02   3.5135100e+01
   5.5200760e-01   1.6199981e+02   4.0599000e+01
   5.5374778e-01   1.7999985e+01   3.4415600e+01
   5.5374778e-01   2.2799996e+01   2.9191800e+01
   5.5374778e-01   2.7600007e+01   2.4698200e+01
   5.5374778e-01   3.2400018e+01   2.0910700e+01
   5.5374778e-01   3.7199972e+01   1.7791600e+01
   5.5374778e-01   4.1999984e+01   1.5291800e+01
   5.5374778e-01   4.6799995e+01   1.3352700e+01
   5.5374778e-01   5.1600006e+01   1.1909200e+01
   5.5374778e-01   5.6400017e+01   1.0892300e+01
   5.5374778e-01   6.1199914e+01   1.0231600e+01
   5.5374778e-01   6.6000154e+01   9.8581500e+00
   5.5374778e-01   7.0799822e+01   9.7072100e+00
   5.5374778e-01   7.5600062e+01   9.7204200e+00
   5.5374778e-01   8.0399730e+01   9.8480200e+00
   5.5374778e-01   8.5199970e+01   1.0050700e+01
   5.5374778e-01   9.0000210e+01   1.0301000e+01
   5.5374778e-01   9.4799878e+01   1.0584700e+01
   5.5374778e-01   9.9600118e+01   1.0900900e+01
   5.5374778e-01   1.0439979e+02   1.1263100e+01
   5.5374778e-01   1.0920003e+02   1.1698600e+01
   5.5374778e-01   1.1400027e+02   1.2248000e+01
   5.5374778e-01   1.1879993e+02   1.2964100e+01
   5.5374778e-01   1.2360017e+02   1.3910700e+01
   5.5374778e-01   1.2839984e+02   1.5159900e+01
   5.5374778e-01   1.3320008e+02   1.6790000e+01
   5.5374778e-01   1.3799975e+02   1.8882100e+01
   5.5374778e-01   1.4279999e+02   2.1516900e+01
   5.5374778e-01   1.4760023e+02   2.4770500e+01
   5.5374778e-01   1.5239990e+02   2.8710300e+01
   5.5374778e-01   1.5720014e+02   3.3391400e+01
   5.5374778e-01   1.6199981e+02   3.8852500e+01
   5.5548731e-01   1.7999985e+01   3.3257600e+01
   5.5548731e-01   2.2799996e+01   2.8022800e+01
   5.5548731e-01   2.7600007e+01   2.3513700e+01
   5.5548731e-01   3.2400018e+01   1.9706600e+01
   5.5548731e-01   3.7199972e+01   1.6564300e+01
   5.5548731e-01   4.1999984e+01   1.4038100e+01
   5.5548731e-01   4.6799995e+01   1.2070100e+01
   5.5548731e-01   5.1600006e+01   1.0595800e+01
   5.5548731e-01   5.6400017e+01   9.5468200e+00
   5.5548731e-01   6.1199914e+01   8.8533400e+00
   5.5548731e-01   6.6000154e+01   8.4471200e+00
   5.5548731e-01   7.0799822e+01   8.2639300e+00
   5.5548731e-01   7.5600062e+01   8.2459700e+00
   5.5548731e-01   8.0399730e+01   8.3439600e+00
   5.5548731e-01   8.5199970e+01   8.5190200e+00
   5.5548731e-01   9.0000210e+01   8.7440600e+00
   5.5548731e-01   9.4799878e+01   9.0049600e+00
   5.5548731e-01   9.9600118e+01   9.3012200e+00
   5.5548731e-01   1.0439979e+02   9.6463300e+00
   5.5548731e-01   1.0920003e+02   1.0067600e+01
   5.5548731e-01   1.1400027e+02   1.0605500e+01
   5.5548731e-01   1.1879993e+02   1.1312800e+01
   5.5548731e-01   1.2360017e+02   1.2252900e+01
   5.5548731e-01   1.2839984e+02   1.3497700e+01
   5.5548731e-01   1.3320008e+02   1.5125100e+01
   5.5548731e-01   1.3799975e+02   1.7215700e+01
   5.5548731e-01   1.4279999e+02   1.9849600e+01
   5.5548731e-01   1.4760023e+02   2.3102500e+01
   5.5548731e-01   1.5239990e+02   2.7041500e+01
   5.5548731e-01   1.5720014e+02   3.1720900e+01
   5.5548731e-01   1.6199981e+02   3.7179200e+01
   5.5722616e-01   1.7999985e+01   3.2185600e+01
   5.5722616e-01   2.2799996e+01   2.6939900e+01
   5.5722616e-01   2.7600007e+01   2.2415400e+01
   5.5722616e-01   3.2400018e+01   1.8588700e+01
   5.5722616e-01   3.7199972e+01   1.5423200e+01
   5.5722616e-01   4.1999984e+01   1.2870600e+01
   5.5722616e-01   4.6799995e+01   1.0873800e+01
   5.5722616e-01   5.1600006e+01   9.3687200e+00
   5.5722616e-01   5.6400017e+01   8.2876300e+00
   5.5722616e-01   6.1199914e+01   7.5614000e+00
   5.5722616e-01   6.6000154e+01   7.1223900e+00
   5.5722616e-01   7.0799822e+01   6.9069500e+00
   5.5722616e-01   7.5600062e+01   6.8578100e+00
   5.5722616e-01   8.0399730e+01   6.9261900e+00
   5.5722616e-01   8.5199970e+01   7.0736000e+00
   5.5722616e-01   9.0000210e+01   7.2733200e+00
   5.5722616e-01   9.4799878e+01   7.5114700e+00
   5.5722616e-01   9.9600118e+01   7.7877500e+00
   5.5722616e-01   1.0439979e+02   8.1157300e+00
   5.5722616e-01   1.0920003e+02   8.5227100e+00
   5.5722616e-01   1.1400027e+02   9.0491500e+00
   5.5722616e-01   1.1879993e+02   9.7476200e+00
   5.5722616e-01   1.2360017e+02   1.0681200e+01
   5.5722616e-01   1.2839984e+02   1.1921600e+01
   5.5722616e-01   1.3320008e+02   1.3546100e+01
   5.5722616e-01   1.3799975e+02   1.5635100e+01
   5.5722616e-01   1.4279999e+02   1.8268200e+01
   5.5722616e-01   1.4760023e+02   2.1520400e+01
   5.5722616e-01   1.5239990e+02   2.5458400e+01
   5.5722616e-01   1.5720014e+02   3.0136200e+01
   5.5722616e-01   1.6199981e+02   3.5591500e+01
   5.5896430e-01   1.7999985e+01   3.1212400e+01
   5.5896430e-01   2.2799996e+01   2.5955800e+01
   5.5896430e-01   2.7600007e+01   2.1415900e+01
   5.5896430e-01   3.2400018e+01   1.7569700e+01
   5.5896430e-01   3.7199972e+01   1.4380900e+01
   5.5896430e-01   4.1999984e+01   1.1802100e+01
   5.5896430e-01   4.6799995e+01   9.7763400e+00
   5.5896430e-01   5.1600006e+01   8.2405100e+00
   5.5896430e-01   5.6400017e+01   7.1273500e+00
   5.5896430e-01   6.1199914e+01   6.3683900e+00
   5.5896430e-01   6.6000154e+01   5.8965900e+00
   5.5896430e-01   7.0799822e+01   5.6489000e+00
   5.5896430e-01   7.5600062e+01   5.5685800e+00
   5.5896430e-01   8.0399730e+01   5.6073300e+00
   5.5896430e-01   8.5199970e+01   5.7270900e+00
   5.5896430e-01   9.0000210e+01   5.9014500e+00
   5.5896430e-01   9.4799878e+01   6.1168300e+00
   5.5896430e-01   9.9600118e+01   6.3731000e+00
   5.5896430e-01   1.0439979e+02   6.6839200e+00
   5.5896430e-01   1.0920003e+02   7.0766000e+00
   5.5896430e-01   1.1400027e+02   7.5915400e+00
   5.5896430e-01   1.1879993e+02   8.2811000e+00
   5.5896430e-01   1.2360017e+02   9.2081800e+00
   5.5896430e-01   1.2839984e+02   1.0444000e+01
   5.5896430e-01   1.3320008e+02   1.2065700e+01
   5.5896430e-01   1.3799975e+02   1.4153100e+01
   5.5896430e-01   1.4279999e+02   1.6785300e+01
   5.5896430e-01   1.4760023e+02   2.0036800e+01
   5.5896430e-01   1.5239990e+02   2.3973700e+01
   5.5896430e-01   1.5720014e+02   2.8649800e+01
   5.5896430e-01   1.6199981e+02   3.4102200e+01
   5.6070173e-01   1.7999985e+01   3.0350700e+01
   5.6070173e-01   2.2799996e+01   2.5083200e+01
   5.6070173e-01   2.7600007e+01   2.0527900e+01
   5.6070173e-01   3.2400018e+01   1.6662100e+01
   5.6070173e-01   3.7199972e+01   1.3450200e+01
   5.6070173e-01   4.1999984e+01   1.0845000e+01
   5.6070173e-01   4.6799995e+01   8.7904700e+00
   5.6070173e-01   5.1600006e+01   7.2238800e+00
   5.6070173e-01   5.6400017e+01   6.0786600e+00
   5.6070173e-01   6.1199914e+01   5.2869700e+00
   5.6070173e-01   6.6000154e+01   4.7823900e+00
   5.6070173e-01   7.0799822e+01   4.5024500e+00
   5.6070173e-01   7.5600062e+01   4.3909500e+00
   5.6070173e-01   8.0399730e+01   4.4000600e+00
   5.6070173e-01   8.5199970e+01   4.4921400e+00
   5.6070173e-01   9.0000210e+01   4.6411500e+00
   5.6070173e-01   9.4799878e+01   4.8337400e+00
   5.6070173e-01   9.9600118e+01   5.0699700e+00
   5.6070173e-01   1.0439979e+02   5.3636000e+00
   5.6070173e-01   1.0920003e+02   5.7419600e+00
   5.6070173e-01   1.1400027e+02   6.2453300e+00
   5.6070173e-01   1.1879993e+02   6.9259700e+00
   5.6070173e-01   1.2360017e+02   7.8464800e+00
   5.6070173e-01   1.2839984e+02   9.0778000e+00
   5.6070173e-01   1.3320008e+02   1.0696600e+01
   5.6070173e-01   1.3799975e+02   1.2782300e+01
   5.6070173e-01   1.4279999e+02   1.5413500e+01
   5.6070173e-01   1.4760023e+02   1.8664200e+01
   5.6070173e-01   1.5239990e+02   2.2600200e+01
   5.6070173e-01   1.5720014e+02   2.7274400e+01
   5.6070173e-01   1.6199981e+02   3.2723800e+01
   5.6243841e-01   1.7999985e+01   2.9613000e+01
   5.6243841e-01   2.2799996e+01   2.4334700e+01
   5.6243841e-01   2.7600007e+01   1.9764000e+01
   5.6243841e-01   3.2400018e+01   1.5878700e+01
   5.6243841e-01   3.7199972e+01   1.2643700e+01
   5.6243841e-01   4.1999984e+01   1.0012200e+01
   5.6243841e-01   4.6799995e+01   7.9288400e+00
   5.6243841e-01   5.1600006e+01   6.3315000e+00
   5.6243841e-01   5.6400017e+01   5.1542300e+00
   5.6243841e-01   6.1199914e+01   4.3298300e+00
   5.6243841e-01   6.6000154e+01   3.7924800e+00
   5.6243841e-01   7.0799822e+01   3.4802800e+00
   5.6243841e-01   7.5600062e+01   3.3375900e+00
   5.6243841e-01   8.0399730e+01   3.3170700e+00
   5.6243841e-01   8.5199970e+01   3.3814700e+00
   5.6243841e-01   9.0000210e+01   3.5050900e+00
   5.6243841e-01   9.4799878e+01   3.6748700e+00
   5.6243841e-01   9.9600118e+01   3.8910400e+00
   5.6243841e-01   1.0439979e+02   4.1674600e+00
   5.6243841e-01   1.0920003e+02   4.5314600e+00
   5.6243841e-01   1.1400027e+02   5.0232500e+00
   5.6243841e-01   1.1879993e+02   5.6949100e+00
   5.6243841e-01   1.2360017e+02   6.6088200e+00
   5.6243841e-01   1.2839984e+02   7.8355600e+00
   5.6243841e-01   1.3320008e+02   9.4514500e+00
   5.6243841e-01   1.3799975e+02   1.1535400e+01
   5.6243841e-01   1.4279999e+02   1.4165600e+01
   5.6243841e-01   1.4760023e+02   1.7415600e+01
   5.6243841e-01   1.5239990e+02   2.1350400e+01
   5.6243841e-01   1.5720014e+02   2.6022700e+01
   5.6243841e-01   1.6199981e+02   3.1469100e+01
   5.6417432e-01   1.7999985e+01   2.9012100e+01
   5.6417432e-01   2.2799996e+01   2.3722900e+01
   5.6417432e-01   2.7600007e+01   1.9136800e+01
   5.6417432e-01   3.2400018e+01   1.5232100e+01
   5.6417432e-01   3.7199972e+01   1.1974000e+01
   5.6417432e-01   4.1999984e+01   9.3162600e+00
   5.6417432e-01   4.6799995e+01   7.2040800e+00
   5.6417432e-01   5.1600006e+01   5.5760200e+00
   5.6417432e-01   5.6400017e+01   4.3667200e+00
   5.6417432e-01   6.1199914e+01   3.5096100e+00
   5.6417432e-01   6.6000154e+01   2.9395000e+00
   5.6417432e-01   7.0799822e+01   2.5950600e+00
   5.6417432e-01   7.5600062e+01   2.4211800e+00
   5.6417432e-01   8.0399730e+01   2.3710100e+00
   5.6417432e-01   8.5199970e+01   2.4077200e+00
   5.6417432e-01   9.0000210e+01   2.5059500e+00
   5.6417432e-01   9.4799878e+01   2.6529000e+00
   5.6417432e-01   9.9600118e+01   2.8489900e+00
   5.6417432e-01   1.0439979e+02   3.1081700e+00
   5.6417432e-01   1.0920003e+02   3.4577700e+00
   5.6417432e-01   1.1400027e+02   3.9379600e+00
   5.6417432e-01   1.1879993e+02   4.6006200e+00
   5.6417432e-01   1.2360017e+02   5.5078700e+00
   5.6417432e-01   1.2839984e+02   6.7300100e+00
   5.6417432e-01   1.3320008e+02   8.3429200e+00
   5.6417432e-01   1.3799975e+02   1.0425100e+01
   5.6417432e-01   1.4279999e+02   1.3054200e+01
   5.6417432e-01   1.4760023e+02   1.6303300e+01
   5.6417432e-01   1.5239990e+02   2.0237000e+01
   5.6417432e-01   1.5720014e+02   2.4907400e+01
   5.6417432e-01   1.6199981e+02   3.0350700e+01
   5.6590945e-01   1.7999985e+01   2.8560400e+01
   5.6590945e-01   2.2799996e+01   2.3260400e+01
   5.6590945e-01   2.7600007e+01   1.8659100e+01
   5.6590945e-01   3.2400018e+01   1.4734900e+01
   5.6590945e-01   3.7199972e+01   1.1453600e+01
   5.6590945e-01   4.1999984e+01   8.7697300e+00
   5.6590945e-01   4.6799995e+01   6.6287900e+00
   5.6590945e-01   5.1600006e+01   4.9700100e+00
   5.6590945e-01   5.6400017e+01   3.7287100e+00
   5.6590945e-01   6.1199914e+01   2.8389100e+00
   5.6590945e-01   6.6000154e+01   2.2360400e+00
   5.6590945e-01   7.0799822e+01   1.8593700e+00
   5.6590945e-01   7.5600062e+01   1.6543100e+00
   5.6590945e-01   8.0399730e+01   1.5744900e+00
   5.6590945e-01   8.5199970e+01   1.5835000e+00
   5.6590945e-01   9.0000210e+01   1.6563300e+00
   5.6590945e-01   9.4799878e+01   1.7804400e+00
   5.6590945e-01   9.9600118e+01   1.9564300e+00
   5.6590945e-01   1.0439979e+02   2.1983400e+00
   5.6590945e-01   1.0920003e+02   2.5335400e+00
   5.6590945e-01   1.1400027e+02   3.0020800e+00
   5.6590945e-01   1.1879993e+02   3.6557000e+00
   5.6590945e-01   1.2360017e+02   4.5562700e+00
   5.6590945e-01   1.2839984e+02   5.7737500e+00
   5.6590945e-01   1.3320008e+02   7.3836500e+00
   5.6590945e-01   1.3799975e+02   9.4640300e+00
   5.6590945e-01   1.4279999e+02   1.2092000e+01
   5.6590945e-01   1.4760023e+02   1.5340200e+01
   5.6590945e-01   1.5239990e+02   1.9272700e+01
   5.6590945e-01   1.5720014e+02   2.3941100e+01
   5.6590945e-01   1.6199981e+02   2.9381300e+01
   5.6764377e-01   1.7999985e+01   2.8270600e+01
   5.6764377e-01   2.2799996e+01   2.2959700e+01
   5.6764377e-01   2.7600007e+01   1.8343100e+01
   5.6764377e-01   3.2400018e+01   1.4399600e+01
   5.6764377e-01   3.7199972e+01   1.1095200e+01
   5.6764377e-01   4.1999984e+01   8.3851100e+00
   5.6764377e-01   4.6799995e+01   6.2154400e+00
   5.6764377e-01   5.1600006e+01   4.5259900e+00
   5.6764377e-01   5.6400017e+01   3.2526900e+00
   5.6764377e-01   6.1199914e+01   2.3302200e+00
   5.6764377e-01   6.6000154e+01   1.6946200e+00
   5.6764377e-01   7.0799822e+01   1.2857200e+00
   5.6764377e-01   7.5600062e+01   1.0494900e+00
   5.6764377e-01   8.0399730e+01   9.4001700e-01
   5.6764377e-01   8.5199970e+01   9.2132600e-01
   5.6764377e-01   9.0000210e+01   9.6874700e-01
   5.6764377e-01   9.4799878e+01   1.0700000e+00
   5.6764377e-01   9.9600118e+01   1.2258800e+00
   5.6764377e-01   1.0439979e+02   1.4505100e+00
   5.6764377e-01   1.0920003e+02   1.7712700e+00
   5.6764377e-01   1.1400027e+02   2.2281400e+00
   5.6764377e-01   1.1879993e+02   2.8726900e+00
   5.6764377e-01   1.2360017e+02   3.7665400e+00
   5.6764377e-01   1.2839984e+02   4.9793400e+00
   5.6764377e-01   1.3320008e+02   6.5861900e+00
   5.6764377e-01   1.3799975e+02   8.6646800e+00
   5.6764377e-01   1.4279999e+02   1.1291500e+01
   5.6764377e-01   1.4760023e+02   1.4538700e+01
   5.6764377e-01   1.5239990e+02   1.8469900e+01
   5.6764377e-01   1.5720014e+02   2.3136400e+01
   5.6764377e-01   1.6199981e+02   2.8573400e+01
   5.6937727e-01   1.7999985e+01   2.8154800e+01
   5.6937727e-01   2.2799996e+01   2.2833200e+01
   5.6937727e-01   2.7600007e+01   1.8201300e+01
   5.6937727e-01   3.2400018e+01   1.4238400e+01
   5.6937727e-01   3.7199972e+01   1.0911000e+01
   5.6937727e-01   4.1999984e+01   8.1747500e+00
   5.6937727e-01   4.6799995e+01   5.9763800e+00
   5.6937727e-01   5.1600006e+01   4.2562900e+00
   5.6937727e-01   5.6400017e+01   2.9510300e+00
   5.6937727e-01   6.1199914e+01   1.9959300e+00
   5.6937727e-01   6.6000154e+01   1.3276000e+00
   5.6937727e-01   7.0799822e+01   8.8649600e-01
   5.6937727e-01   7.5600062e+01   6.1909300e-01
   5.6937727e-01   8.0399730e+01   4.7998400e-01
   5.6937727e-01   8.5199970e+01   4.3359400e-01
   5.6937727e-01   9.0000210e+01   4.5560200e-01
   5.6937727e-01   9.4799878e+01   5.3399500e-01
   5.6937727e-01   9.9600118e+01   6.6974100e-01
   5.6937727e-01   1.0439979e+02   8.7708200e-01
   5.6937727e-01   1.0920003e+02   1.1833800e+00
   5.6937727e-01   1.1400027e+02   1.6285500e+00
   5.6937727e-01   1.1879993e+02   2.2640100e+00
   5.6937727e-01   1.2360017e+02   3.1511100e+00
   5.6937727e-01   1.2839984e+02   4.3591700e+00
   5.6937727e-01   1.3320008e+02   5.9629200e+00
   5.6937727e-01   1.3799975e+02   8.0395000e+00
   5.6937727e-01   1.4279999e+02   1.0665100e+01
   5.6937727e-01   1.4760023e+02   1.3911300e+01
   5.6937727e-01   1.5239990e+02   1.7841200e+01
   5.6937727e-01   1.5720014e+02   2.2505700e+01
   5.6937727e-01   1.6199981e+02   2.7939500e+01
   5.7110991e-01   1.7999985e+01   2.8225200e+01
   5.7110991e-01   2.2799996e+01   2.2892900e+01
   5.7110991e-01   2.7600007e+01   1.8245800e+01
   5.7110991e-01   3.2400018e+01   1.4263600e+01
   5.7110991e-01   3.7199972e+01   1.0913200e+01
   5.7110991e-01   4.1999984e+01   8.1508700e+00
   5.7110991e-01   4.6799995e+01   5.9238300e+00
   5.7110991e-01   5.1600006e+01   4.1731300e+00
   5.7110991e-01   5.6400017e+01   2.8359400e+00
   5.7110991e-01   6.1199914e+01   1.8482200e+00
   5.7110991e-01   6.6000154e+01   1.1472100e+00
   5.7110991e-01   7.0799822e+01   6.7391500e-01
   5.7110991e-01   7.5600062e+01   3.7536100e-01
   5.7110991e-01   8.0399730e+01   2.0662100e-01
   5.7110991e-01   8.5199970e+01   1.3253900e-01
   5.7110991e-01   9.0000210e+01   1.2913600e-01
   5.7110991e-01   9.4799878e+01   1.8466200e-01
   5.7110991e-01   9.9600118e+01   3.0027300e-01
   5.7110991e-01   1.0439979e+02   4.9030300e-01
   5.7110991e-01   1.0920003e+02   7.8212800e-01
   5.7110991e-01   1.1400027e+02   1.2155800e+00
   5.7110991e-01   1.1879993e+02   1.8419000e+00
   5.7110991e-01   1.2360017e+02   2.7222200e+00
   5.7110991e-01   1.2839984e+02   3.9255100e+00
   5.7110991e-01   1.3320008e+02   5.5261200e+00
   5.7110991e-01   1.3799975e+02   7.6007600e+00
   5.7110991e-01   1.4279999e+02   1.0225100e+01
   5.7110991e-01   1.4760023e+02   1.3470300e+01
   5.7110991e-01   1.5239990e+02   1.7398800e+01
   5.7110991e-01   1.5720014e+02   2.2061100e+01
   5.7110991e-01   1.6199981e+02   2.7491700e+01
   5.7284168e-01   1.7999985e+01   2.8493900e+01
   5.7284168e-01   2.2799996e+01   2.3151000e+01
   5.7284168e-01   2.7600007e+01   1.8488700e+01
   5.7284168e-01   3.2400018e+01   1.4487200e+01
   5.7284168e-01   3.7199972e+01   1.1113900e+01
   5.7284168e-01   4.1999984e+01   8.3254500e+00
   5.7284168e-01   4.6799995e+01   6.0697900e+00
   5.7284168e-01   5.1600006e+01   4.2885200e+00
   5.7284168e-01   5.6400017e+01   2.9194500e+00
   5.7284168e-01   6.1199914e+01   1.8991500e+00
   5.7284168e-01   6.6000154e+01   1.1654800e+00
   5.7284168e-01   7.0799822e+01   6.6001800e-01
   5.7284168e-01   7.5600062e+01   3.3033500e-01
   5.7284168e-01   8.0399730e+01   1.3198300e-01
   5.7284168e-01   8.5199970e+01   3.0218500e-02
   5.7284168e-01   9.0000210e+01   1.4089600e-03
   5.7284168e-01   9.4799878e+01   3.4070100e-02
   5.7284168e-01   9.9600118e+01   1.2953900e-01
   5.7284168e-01   1.0439979e+02   3.0224900e-01
   5.7284168e-01   1.0920003e+02   5.7958200e-01
   5.7284168e-01   1.1400027e+02   1.0012900e+00
   5.7284168e-01   1.1879993e+02   1.6184600e+00
   5.7284168e-01   1.2360017e+02   2.4919600e+00
   5.7284168e-01   1.2839984e+02   3.6904500e+00
   5.7284168e-01   1.3320008e+02   5.2878800e+00
   5.7284168e-01   1.3799975e+02   7.3605100e+00
   5.7284168e-01   1.4279999e+02   9.9835800e+00
   5.7284168e-01   1.4760023e+02   1.3227600e+01
   5.7284168e-01   1.5239990e+02   1.7154800e+01
   5.7284168e-01   1.5720014e+02   2.1814900e+01
   5.7284168e-01   1.6199981e+02   2.7242100e+01
   5.7457256e-01   1.7999985e+01   2.8972600e+01
   5.7457256e-01   2.2799996e+01   2.3619100e+01
   5.7457256e-01   2.7600007e+01   1.8941700e+01
   5.7457256e-01   3.2400018e+01   1.4920900e+01
   5.7457256e-01   3.7199972e+01   1.1524800e+01
   5.7457256e-01   4.1999984e+01   8.7103100e+00
   5.7457256e-01   4.6799995e+01   6.4260600e+00
   5.7457256e-01   5.1600006e+01   4.6142800e+00
   5.7457256e-01   5.6400017e+01   3.2133700e+00
   5.7457256e-01   6.1199914e+01   2.1605300e+00
   5.7457256e-01   6.6000154e+01   1.3942300e+00
   5.7457256e-01   7.0799822e+01   8.5663900e-01
   5.7457256e-01   7.5600062e+01   4.9585400e-01
   5.7457256e-01   8.0399730e+01   2.6790800e-01
   5.7457256e-01   8.5199970e+01   1.3847900e-01
   5.7457256e-01   9.0000210e+01   8.4273800e-02
   5.7457256e-01   9.4799878e+01   9.4075100e-02
   5.7457256e-01   9.9600118e+01   1.6940300e-01
   5.7457256e-01   1.0439979e+02   3.2478500e-01
   5.7457256e-01   1.0920003e+02   5.8761600e-01
   5.7457256e-01   1.1400027e+02   9.9756900e-01
   5.7457256e-01   1.1879993e+02   1.6055600e+00
   5.7457256e-01   1.2360017e+02   2.4722100e+00
   5.7457256e-01   1.2839984e+02   3.6658800e+00
   5.7457256e-01   1.3320008e+02   5.2600900e+00
   5.7457256e-01   1.3799975e+02   7.3306800e+00
   5.7457256e-01   1.4279999e+02   9.9523900e+00
   5.7457256e-01   1.4760023e+02   1.3195300e+01
   5.7457256e-01   1.5239990e+02   1.7121000e+01
   5.7457256e-01   1.5720014e+02   2.1778900e+01
   5.7457256e-01   1.6199981e+02   2.7202800e+01
   5.7630253e-01   1.7999985e+01   2.9672900e+01
   5.7630253e-01   2.2799996e+01   2.4308800e+01
   5.7630253e-01   2.7600007e+01   1.9616300e+01
   5.7630253e-01   3.2400018e+01   1.5576400e+01
   5.7630253e-01   3.7199972e+01   1.2157400e+01
   5.7630253e-01   4.1999984e+01   9.3169800e+00
   5.7630253e-01   4.6799995e+01   7.0042300e+00
   5.7630253e-01   5.1600006e+01   5.1619700e+00
   5.7630253e-01   5.6400017e+01   3.7292700e+00
   5.7630253e-01   6.1199914e+01   2.6439400e+00
   5.7630253e-01   6.6000154e+01   1.8450600e+00
   5.7630253e-01   7.0799822e+01   1.2753700e+00
   5.7630253e-01   7.5600062e+01   8.8351500e-01
   5.7630253e-01   8.0399730e+01   6.2600500e-01
   5.7630253e-01   8.5199970e+01   4.6893200e-01
   5.7630253e-01   9.0000210e+01   3.8934700e-01
   5.7630253e-01   9.4799878e+01   3.7629900e-01
   5.7630253e-01   9.9600118e+01   4.3148900e-01
   5.7630253e-01   1.0439979e+02   5.6954300e-01
   5.7630253e-01   1.0920003e+02   8.1786200e-01
   5.7630253e-01   1.1400027e+02   1.2160400e+00
   5.7630253e-01   1.1879993e+02   1.8148400e+00
   5.7630253e-01   1.2360017e+02   2.6746200e+00
   5.7630253e-01   1.2839984e+02   3.8634100e+00
   5.7630253e-01   1.3320008e+02   5.4543700e+00
   5.7630253e-01   1.3799975e+02   7.5228700e+00
   5.7630253e-01   1.4279999e+02   1.0143200e+01
   5.7630253e-01   1.4760023e+02   1.3384900e+01
   5.7630253e-01   1.5239990e+02   1.7309100e+01
   5.7630253e-01   1.5720014e+02   2.1964700e+01
   5.7630253e-01   1.6199981e+02   2.7385100e+01
   5.7803156e-01   1.7999985e+01   3.0606000e+01
   5.7803156e-01   2.2799996e+01   2.5231400e+01
   5.7803156e-01   2.7600007e+01   2.0523900e+01
   5.7803156e-01   3.2400018e+01   1.6464900e+01
   5.7803156e-01   3.7199972e+01   1.3023100e+01
   5.7803156e-01   4.1999984e+01   1.0156800e+01
   5.7803156e-01   4.6799995e+01   7.8155800e+00
   5.7803156e-01   5.1600006e+01   5.9429100e+00
   5.7803156e-01   5.6400017e+01   4.4784700e+00
   5.7803156e-01   6.1199914e+01   3.3607000e+00
   5.7803156e-01   6.6000154e+01   2.5292800e+00
   5.7803156e-01   7.0799822e+01   1.9275400e+00
   5.7803156e-01   7.5600062e+01   1.5046600e+00
   5.7803156e-01   8.0399730e+01   1.2176200e+00
   5.7803156e-01   8.5199970e+01   1.0329300e+00
   5.7803156e-01   9.0000210e+01   9.2798700e-01
   5.7803156e-01   9.4799878e+01   8.9210400e-01
   5.7803156e-01   9.9600118e+01   9.2716500e-01
   5.7803156e-01   1.0439979e+02   1.0478900e+00
   5.7803156e-01   1.0920003e+02   1.2817000e+00
   5.7803156e-01   1.1400027e+02   1.6681000e+00
   5.7803156e-01   1.1879993e+02   2.2576700e+00
   5.7803156e-01   1.2360017e+02   3.1105700e+00
   5.7803156e-01   1.2839984e+02   4.2944600e+00
   5.7803156e-01   1.3320008e+02   5.8821300e+00
   5.7803156e-01   1.3799975e+02   7.9485000e+00
   5.7803156e-01   1.4279999e+02   1.0567400e+01
   5.7803156e-01   1.4760023e+02   1.3807800e+01
   5.7803156e-01   1.5239990e+02   1.7730400e+01
   5.7803156e-01   1.5720014e+02   2.2383700e+01
   5.7803156e-01   1.6199981e+02   2.7800700e+01
   5.7975964e-01   1.7999985e+01   3.1782900e+01
   5.7975964e-01   2.2799996e+01   2.6397800e+01
   5.7975964e-01   2.7600007e+01   2.1675400e+01
   5.7975964e-01   3.2400018e+01   1.7597400e+01
   5.7975964e-01   3.7199972e+01   1.4132900e+01
   5.7975964e-01   4.1999984e+01   1.1240700e+01
   5.7975964e-01   4.6799995e+01   8.8711200e+00
   5.7975964e-01   5.1600006e+01   6.9681000e+00
   5.7975964e-01   5.6400017e+01   5.4719900e+00
   5.7975964e-01   6.1199914e+01   4.3218400e+00
   5.7975964e-01   6.6000154e+01   3.4579500e+00
   5.7975964e-01   7.0799822e+01   2.8242100e+00
   5.7975964e-01   7.5600062e+01   2.3703400e+00
   5.7975964e-01   8.0399730e+01   2.0538100e+00
   5.7975964e-01   8.5199970e+01   1.8415400e+00
   5.7975964e-01   9.0000210e+01   1.7112700e+00
   5.7975964e-01   9.4799878e+01   1.6525700e+00
   5.7975964e-01   9.9600118e+01   1.6675200e+00
   5.7975964e-01   1.0439979e+02   1.7709300e+00
   5.7975964e-01   1.0920003e+02   1.9902200e+00
   5.7975964e-01   1.1400027e+02   2.3648200e+00
   5.7975964e-01   1.1879993e+02   2.9451700e+00
   5.7975964e-01   1.2360017e+02   3.7911400e+00
   5.7975964e-01   1.2839984e+02   4.9701100e+00
   5.7975964e-01   1.3320008e+02   6.5544500e+00
   5.7975964e-01   1.3799975e+02   8.6186600e+00
   5.7975964e-01   1.4279999e+02   1.1236000e+01
   5.7975964e-01   1.4760023e+02   1.4475200e+01
   5.7975964e-01   1.5239990e+02   1.8396200e+01
   5.7975964e-01   1.5720014e+02   2.3047100e+01
   5.7975964e-01   1.6199981e+02   2.8460500e+01
   5.8148674e-01   1.7999985e+01   3.3214300e+01
   5.8148674e-01   2.2799996e+01   2.7818900e+01
   5.8148674e-01   2.7600007e+01   2.3081600e+01
   5.8148674e-01   3.2400018e+01   1.8984500e+01
   5.8148674e-01   3.7199972e+01   1.5497400e+01
   5.8148674e-01   4.1999984e+01   1.2579500e+01
   5.8148674e-01   4.6799995e+01   1.0181500e+01
   5.8148674e-01   5.1600006e+01   8.2482700e+00
   5.8148674e-01   5.6400017e+01   6.7205600e+00
   5.8148674e-01   6.1199914e+01   5.5381000e+00
   5.8148674e-01   6.6000154e+01   4.6417900e+00
   5.8148674e-01   7.0799822e+01   3.9761200e+00
   5.8148674e-01   7.5600062e+01   3.4913200e+00
   5.8148674e-01   8.0399730e+01   3.1453400e+00
   5.8148674e-01   8.5199970e+01   2.9055300e+00
   5.8148674e-01   9.0000210e+01   2.7499600e+00
   5.8148674e-01   9.4799878e+01   2.6684700e+00
   5.8148674e-01   9.9600118e+01   2.6633200e+00
   5.8148674e-01   1.0439979e+02   2.7494300e+00
   5.8148674e-01   1.0920003e+02   2.9542000e+00
   5.8148674e-01   1.1400027e+02   3.3170200e+00
   5.8148674e-01   1.1879993e+02   3.8881300e+00
   5.8148674e-01   1.2360017e+02   4.7271600e+00
   5.8148674e-01   1.2839984e+02   5.9011700e+00
   5.8148674e-01   1.3320008e+02   7.4821500e+00
   5.8148674e-01   1.3799975e+02   9.5441400e+00
   5.8148674e-01   1.4279999e+02   1.2160000e+01
   5.8148674e-01   1.4760023e+02   1.5397800e+01
   5.8148674e-01   1.5239990e+02   1.9317100e+01
   5.8148674e-01   1.5720014e+02   2.3965600e+01
   5.8148674e-01   1.6199981e+02   2.9375300e+01
   5.8321284e-01   1.7999985e+01   3.4910500e+01
   5.8321284e-01   2.2799996e+01   2.9504700e+01
   5.8321284e-01   2.7600007e+01   2.4752700e+01
   5.8321284e-01   3.2400018e+01   2.0636700e+01
   5.8321284e-01   3.7199972e+01   1.7127000e+01
   5.8321284e-01   4.1999984e+01   1.4183400e+01
   5.8321284e-01   4.6799995e+01   1.1757300e+01
   5.8321284e-01   5.1600006e+01   9.7938100e+00
   5.8321284e-01   5.6400017e+01   8.2345700e+00
   5.8321284e-01   6.1199914e+01   7.0198700e+00
   5.8321284e-01   6.6000154e+01   6.0912300e+00
   5.8321284e-01   7.0799822e+01   5.3936800e+00
   5.8321284e-01   7.5600062e+01   4.8780000e+00
   5.8321284e-01   8.0399730e+01   4.5026300e+00
   5.8321284e-01   8.5199970e+01   4.2353300e+00
   5.8321284e-01   9.0000210e+01   4.0545000e+00
   5.8321284e-01   9.4799878e+01   3.9502600e+00
   5.8321284e-01   9.9600118e+01   3.9250500e+00
   5.8321284e-01   1.0439979e+02   3.9938600e+00
   5.8321284e-01   1.0920003e+02   4.1841300e+00
   5.8321284e-01   1.1400027e+02   4.5351500e+00
   5.8321284e-01   1.1879993e+02   5.0970100e+00
   5.8321284e-01   1.2360017e+02   5.9290900e+00
   5.8321284e-01   1.2839984e+02   7.0981200e+00
   5.8321284e-01   1.3320008e+02   8.6757000e+00
   5.8321284e-01   1.3799975e+02   1.0735400e+01
   5.8321284e-01   1.4279999e+02   1.3349700e+01
   5.8321284e-01   1.4760023e+02   1.6586100e+01
   5.8321284e-01   1.5239990e+02   2.0503700e+01
   5.8321284e-01   1.5720014e+02   2.5149600e+01
   5.8321284e-01   1.6199981e+02   3.0555700e+01
   5.8493792e-01   1.7999985e+01   3.6881500e+01
   5.8493792e-01   2.2799996e+01   3.1465500e+01
   5.8493792e-01   2.7600007e+01   2.6698700e+01
   5.8493792e-01   3.2400018e+01   2.2563900e+01
   5.8493792e-01   3.7199972e+01   1.9031800e+01
   5.8493792e-01   4.1999984e+01   1.6062600e+01
   5.8493792e-01   4.6799995e+01   1.3608300e+01
   5.8493792e-01   5.1600006e+01   1.1614800e+01
   5.8493792e-01   5.6400017e+01   1.0024100e+01
   5.8493792e-01   6.1199914e+01   8.7772300e+00
   5.8493792e-01   6.6000154e+01   7.8163100e+00
   5.8493792e-01   7.0799822e+01   7.0869600e+00
   5.8493792e-01   7.5600062e+01   6.5404800e+00
   5.8493792e-01   8.0399730e+01   6.1357900e+00
   5.8493792e-01   8.5199970e+01   5.8410400e+00
   5.8493792e-01   9.0000210e+01   5.6350000e+00
   5.8493792e-01   9.4799878e+01   5.5080500e+00
   5.8493792e-01   9.9600118e+01   5.4627900e+00
   5.8493792e-01   1.0439979e+02   5.5143300e+00
   5.8493792e-01   1.0920003e+02   5.6901200e+00
   5.8493792e-01   1.1400027e+02   6.0293500e+00
   5.8493792e-01   1.1879993e+02   6.5819500e+00
   5.8493792e-01   1.2360017e+02   7.4070700e+00
   5.8493792e-01   1.2839984e+02   8.5711000e+00
   5.8493792e-01   1.3320008e+02   1.0145200e+01
   5.8493792e-01   1.3799975e+02   1.2202700e+01
   5.8493792e-01   1.4279999e+02   1.4815300e+01
   5.8493792e-01   1.4760023e+02   1.8050200e+01
   5.8493792e-01   1.5239990e+02   2.1966000e+01
   5.8493792e-01   1.5720014e+02   2.6609400e+01
   5.8493792e-01   1.6199981e+02   3.2011800e+01
   5.8666196e-01   1.7999985e+01   3.9137000e+01
   5.8666196e-01   2.2799996e+01   3.3710800e+01
   5.8666196e-01   2.7600007e+01   2.8929400e+01
   5.8666196e-01   3.2400018e+01   2.4775900e+01
   5.8666196e-01   3.7199972e+01   2.1221400e+01
   5.8666196e-01   4.1999984e+01   1.8226700e+01
   5.8666196e-01   4.6799995e+01   1.5744400e+01
   5.8666196e-01   5.1600006e+01   1.3720800e+01
   5.8666196e-01   5.6400017e+01   1.2098800e+01
   5.8666196e-01   6.1199914e+01   1.0819900e+01
   5.8666196e-01   6.6000154e+01   9.8267600e+00
   5.8666196e-01   7.0799822e+01   9.0656900e+00
   5.8666196e-01   7.5600062e+01   8.4884800e+00
   5.8666196e-01   8.0399730e+01   8.0545300e+00
   5.8666196e-01   8.5199970e+01   7.7324000e+00
   5.8666196e-01   9.0000210e+01   7.5012100e+00
   5.8666196e-01   9.4799878e+01   7.3515800e+00
   5.8666196e-01   9.9600118e+01   7.2863200e+00
   5.8666196e-01   1.0439979e+02   7.3206200e+00
   5.8666196e-01   1.0920003e+02   7.4819400e+00
   5.8666196e-01   1.1400027e+02   7.8093900e+00
   5.8666196e-01   1.1879993e+02   8.3527300e+00
   5.8666196e-01   1.2360017e+02   9.1708600e+00
   5.8666196e-01   1.2839984e+02   1.0329900e+01
   5.8666196e-01   1.3320008e+02   1.1900600e+01
   5.8666196e-01   1.3799975e+02   1.3955700e+01
   5.8666196e-01   1.4279999e+02   1.6566600e+01
   5.8666196e-01   1.4760023e+02   1.9800000e+01
   5.8666196e-01   1.5239990e+02   2.3714000e+01
   5.8666196e-01   1.5720014e+02   2.8354800e+01
   5.8666196e-01   1.6199981e+02   3.3753400e+01
   5.8838494e-01   1.7999985e+01   4.1686100e+01
   5.8838494e-01   2.2799996e+01   3.6249900e+01
   5.8838494e-01   2.7600007e+01   3.1454000e+01
   5.8838494e-01   3.2400018e+01   2.7281800e+01
   5.8838494e-01   3.7199972e+01   2.3705100e+01
   5.8838494e-01   4.1999984e+01   2.0685000e+01
   5.8838494e-01   4.6799995e+01   1.8174700e+01
   5.8838494e-01   5.1600006e+01   1.6121200e+01
   5.8838494e-01   5.6400017e+01   1.4468000e+01
   5.8838494e-01   6.1199914e+01   1.3157100e+01
   5.8838494e-01   6.6000154e+01   1.2131900e+01
   5.8838494e-01   7.0799822e+01   1.1339200e+01
   5.8838494e-01   7.5600062e+01   1.0731300e+01
   5.8838494e-01   8.0399730e+01   1.0268200e+01
   5.8838494e-01   8.5199970e+01   9.9187700e+00
   5.8838494e-01   9.0000210e+01   9.6624800e+00
   5.8838494e-01   9.4799878e+01   9.4902400e+00
   5.8838494e-01   9.9600118e+01   9.4050100e+00
   5.8838494e-01   1.0439979e+02   9.4221000e+00
   5.8838494e-01   1.0920003e+02   9.5689700e+00
   5.8838494e-01   1.1400027e+02   9.8846500e+00
   5.8838494e-01   1.1879993e+02   1.0418700e+01
   5.8838494e-01   1.2360017e+02   1.1229900e+01
   5.8838494e-01   1.2839984e+02   1.2383800e+01
   5.8838494e-01   1.3320008e+02   1.3951000e+01
   5.8838494e-01   1.3799975e+02   1.6003800e+01
   5.8838494e-01   1.4279999e+02   1.8613000e+01
   5.8838494e-01   1.4760023e+02   2.1844800e+01
   5.8838494e-01   1.5239990e+02   2.5756800e+01
   5.8838494e-01   1.5720014e+02   3.0395000e+01
   5.8838494e-01   1.6199981e+02   3.5789700e+01
   5.9010683e-01   1.7999985e+01   4.4537900e+01
   5.9010683e-01   2.2799996e+01   3.9091700e+01
   5.9010683e-01   2.7600007e+01   3.4281300e+01
   5.9010683e-01   3.2400018e+01   3.0090700e+01
   5.9010683e-01   3.7199972e+01   2.6491700e+01
   5.9010683e-01   4.1999984e+01   2.3446400e+01
   5.9010683e-01   4.6799995e+01   2.0908300e+01
   5.9010683e-01   5.1600006e+01   1.8825000e+01
   5.9010683e-01   5.6400017e+01   1.7140600e+01
   5.9010683e-01   6.1199914e+01   1.5797800e+01
   5.9010683e-01   6.6000154e+01   1.4740700e+01
   5.9010683e-01   7.0799822e+01   1.3916400e+01
   5.9010683e-01   7.5600062e+01   1.3278000e+01
   5.9010683e-01   8.0399730e+01   1.2785800e+01
   5.9010683e-01   8.5199970e+01   1.2409100e+01
   5.9010683e-01   9.0000210e+01   1.2127800e+01
   5.9010683e-01   9.4799878e+01   1.1933000e+01
   5.9010683e-01   9.9600118e+01   1.1827900e+01
   5.9010683e-01   1.0439979e+02   1.1827800e+01
   5.9010683e-01   1.0920003e+02   1.1960200e+01
   5.9010683e-01   1.1400027e+02   1.2264100e+01
   5.9010683e-01   1.1879993e+02   1.2789000e+01
   5.9010683e-01   1.2360017e+02   1.3593100e+01
   5.9010683e-01   1.2839984e+02   1.4742000e+01
   5.9010683e-01   1.3320008e+02   1.6305700e+01
   5.9010683e-01   1.3799975e+02   1.8356000e+01
   5.9010683e-01   1.4279999e+02   2.0963500e+01
   5.9010683e-01   1.4760023e+02   2.4193600e+01
   5.9010683e-01   1.5239990e+02   2.8103700e+01
   5.9010683e-01   1.5720014e+02   3.2739100e+01
   5.9010683e-01   1.6199981e+02   3.8130000e+01
   5.9182763e-01   1.7999985e+01   4.7700700e+01
   5.9182763e-01   2.2799996e+01   4.2244600e+01
   5.9182763e-01   2.7600007e+01   3.7419900e+01
   5.9182763e-01   3.2400018e+01   3.3210800e+01
   5.9182763e-01   3.7199972e+01   2.9589900e+01
   5.9182763e-01   4.1999984e+01   2.6519400e+01
   5.9182763e-01   4.6799995e+01   2.3953500e+01
   5.9182763e-01   5.1600006e+01   2.1840600e+01
   5.9182763e-01   5.6400017e+01   2.0125200e+01
   5.9182763e-01   6.1199914e+01   1.8750700e+01
   5.9182763e-01   6.6000154e+01   1.7661600e+01
   5.9182763e-01   7.0799822e+01   1.6806000e+01
   5.9182763e-01   7.5600062e+01   1.6137100e+01
   5.9182763e-01   8.0399730e+01   1.5615800e+01
   5.9182763e-01   8.5199970e+01   1.5212000e+01
   5.9182763e-01   9.0000210e+01   1.4905700e+01
   5.9182763e-01   9.4799878e+01   1.4688400e+01
   5.9182763e-01   9.9600118e+01   1.4563400e+01
   5.9182763e-01   1.0439979e+02   1.4546200e+01
   5.9182763e-01   1.0920003e+02   1.4664300e+01
   5.9182763e-01   1.1400027e+02   1.4956500e+01
   5.9182763e-01   1.1879993e+02   1.5472100e+01
   5.9182763e-01   1.2360017e+02   1.6269200e+01
   5.9182763e-01   1.2839984e+02   1.7413000e+01
   5.9182763e-01   1.3320008e+02   1.8973200e+01
   5.9182763e-01   1.3799975e+02   2.1021100e+01
   5.9182763e-01   1.4279999e+02   2.3626700e+01
   5.9182763e-01   1.4760023e+02   2.6855100e+01
   5.9182763e-01   1.5239990e+02   3.0763200e+01
   5.9182763e-01   1.5720014e+02   3.5395800e+01
   5.9182763e-01   1.6199981e+02   4.0782700e+01
   5.9354730e-01   1.7999985e+01   5.1182600e+01
   5.9354730e-01   2.2799996e+01   4.5716800e+01
   5.9354730e-01   2.7600007e+01   4.0877900e+01
   5.9354730e-01   3.2400018e+01   3.6650500e+01
   5.9354730e-01   3.7199972e+01   3.3007600e+01
   5.9354730e-01   4.1999984e+01   2.9912000e+01
   5.9354730e-01   4.6799995e+01   2.7318600e+01
   5.9354730e-01   5.1600006e+01   2.5176100e+01
   5.9354730e-01   5.6400017e+01   2.3429800e+01
   5.9354730e-01   6.1199914e+01   2.2023700e+01
   5.9354730e-01   6.6000154e+01   2.0902900e+01
   5.9354730e-01   7.0799822e+01   2.0015900e+01
   5.9354730e-01   7.5600062e+01   1.9316700e+01
   5.9354730e-01   8.0399730e+01   1.8766500e+01
   5.9354730e-01   8.5199970e+01   1.8335600e+01
   5.9354730e-01   9.0000210e+01   1.8004500e+01
   5.9354730e-01   9.4799878e+01   1.7764700e+01
   5.9354730e-01   9.9600118e+01   1.7619900e+01
   5.9354730e-01   1.0439979e+02   1.7585600e+01
   5.9354730e-01   1.0920003e+02   1.7689300e+01
   5.9354730e-01   1.1400027e+02   1.7969800e+01
   5.9354730e-01   1.1879993e+02   1.8476200e+01
   5.9354730e-01   1.2360017e+02   1.9266300e+01
   5.9354730e-01   1.2839984e+02   2.0405000e+01
   5.9354730e-01   1.3320008e+02   2.1961600e+01
   5.9354730e-01   1.3799975e+02   2.4007000e+01
   5.9354730e-01   1.4279999e+02   2.6610800e+01
   5.9354730e-01   1.4760023e+02   2.9837500e+01
   5.9354730e-01   1.5239990e+02   3.3743500e+01
   5.9354730e-01   1.5720014e+02   3.8373200e+01
   5.9354730e-01   1.6199981e+02   4.3755900e+01
   5.9526582e-01   1.7999985e+01   5.4991200e+01
   5.9526582e-01   2.2799996e+01   4.9515800e+01
   5.9526582e-01   2.7600007e+01   4.4662700e+01
   5.9526582e-01   3.2400018e+01   4.0417200e+01
   5.9526582e-01   3.7199972e+01   3.6752500e+01
   5.9526582e-01   4.1999984e+01   3.3632000e+01
   5.9526582e-01   4.6799995e+01   3.1011100e+01
   5.9526582e-01   5.1600006e+01   2.8839200e+01
   5.9526582e-01   5.6400017e+01   2.7062100e+01
   5.9526582e-01   6.1199914e+01   2.5624500e+01
   5.9526582e-01   6.6000154e+01   2.4472100e+01
   5.9526582e-01   7.0799822e+01   2.3553900e+01
   5.9526582e-01   7.5600062e+01   2.2824500e+01
   5.9526582e-01   8.0399730e+01   2.2245500e+01
   5.9526582e-01   8.5199970e+01   2.1787600e+01
   5.9526582e-01   9.0000210e+01   2.1431700e+01
   5.9526582e-01   9.4799878e+01   2.1169600e+01
   5.9526582e-01   9.9600118e+01   2.1005100e+01
   5.9526582e-01   1.0439979e+02   2.0953800e+01
   5.9526582e-01   1.0920003e+02   2.1043100e+01
   5.9526582e-01   1.1400027e+02   2.1311900e+01
   5.9526582e-01   1.1879993e+02   2.1809100e+01
   5.9526582e-01   1.2360017e+02   2.2592200e+01
   5.9526582e-01   1.2839984e+02   2.3725900e+01
   5.9526582e-01   1.3320008e+02   2.5278800e+01
   5.9526582e-01   1.3799975e+02   2.7321700e+01
   5.9526582e-01   1.4279999e+02   2.9923600e+01
   5.9526582e-01   1.4760023e+02   3.3148500e+01
   5.9526582e-01   1.5239990e+02   3.7052400e+01
   5.9526582e-01   1.5720014e+02   4.1679100e+01
   5.9526582e-01   1.6199981e+02   4.7057700e+01
   5.9698317e-01   1.7999985e+01   5.9133800e+01
   5.9698317e-01   2.2799996e+01   5.3648800e+01
   5.9698317e-01   2.7600007e+01   4.8781800e+01
   5.9698317e-01   3.2400018e+01   4.4518200e+01
   5.9698317e-01   3.7199972e+01   4.0831800e+01
   5.9698317e-01   4.1999984e+01   3.7686600e+01
   5.9698317e-01   4.6799995e+01   3.5038400e+01
   5.9698317e-01   5.1600006e+01   3.2837200e+01
   5.9698317e-01   5.6400017e+01   3.1029500e+01
   5.9698317e-01   6.1199914e+01   2.9560500e+01
   5.9698317e-01   6.6000154e+01   2.8376600e+01
   5.9698317e-01   7.0799822e+01   2.7427400e+01
   5.9698317e-01   7.5600062e+01   2.6667800e+01
   5.9698317e-01   8.0399730e+01   2.6060100e+01
   5.9698317e-01   8.5199970e+01   2.5575400e+01
   5.9698317e-01   9.0000210e+01   2.5194800e+01
   5.9698317e-01   9.4799878e+01   2.4910400e+01
   5.9698317e-01   9.9600118e+01   2.4726200e+01
   5.9698317e-01   1.0439979e+02   2.4657900e+01
   5.9698317e-01   1.0920003e+02   2.4733100e+01
   5.9698317e-01   1.1400027e+02   2.4990200e+01
   5.9698317e-01   1.1879993e+02   2.5478100e+01
   5.9698317e-01   1.2360017e+02   2.6254300e+01
   5.9698317e-01   1.2839984e+02   2.7382800e+01
   5.9698317e-01   1.3320008e+02   2.8932200e+01
   5.9698317e-01   1.3799975e+02   3.0972500e+01
   5.9698317e-01   1.4279999e+02   3.3572400e+01
   5.9698317e-01   1.4760023e+02   3.6795500e+01
   5.9698317e-01   1.5239990e+02   4.0697100e+01
   5.9698317e-01   1.5720014e+02   4.5320800e+01
   5.9698317e-01   1.6199981e+02   5.0695300e+01
   5.9869934e-01   1.7999985e+01   6.3617000e+01
   5.9869934e-01   2.2799996e+01   5.8122600e+01
   5.9869934e-01   2.7600007e+01   5.3241700e+01
   5.9869934e-01   3.2400018e+01   4.8960200e+01
   5.9869934e-01   3.7199972e+01   4.5252400e+01
   5.9869934e-01   4.1999984e+01   4.2082500e+01
   5.9869934e-01   4.6799995e+01   3.9407100e+01
   5.9869934e-01   5.1600006e+01   3.7176800e+01
   5.9869934e-01   5.6400017e+01   3.5338700e+01
   5.9869934e-01   6.1199914e+01   3.3838500e+01
   5.9869934e-01   6.6000154e+01   3.2623200e+01
   5.9869934e-01   7.0799822e+01   3.1643100e+01
   5.9869934e-01   7.5600062e+01   3.0853500e+01
   5.9869934e-01   8.0399730e+01   3.0217300e+01
   5.9869934e-01   8.5199970e+01   2.9705800e+01
   5.9869934e-01   9.0000210e+01   2.9300600e+01
   5.9869934e-01   9.4799878e+01   2.8994100e+01
   5.9869934e-01   9.9600118e+01   2.8790300e+01
   5.9869934e-01   1.0439979e+02   2.8705100e+01
   5.9869934e-01   1.0920003e+02   2.8765900e+01
   5.9869934e-01   1.1400027e+02   2.9011500e+01
   5.9869934e-01   1.1879993e+02   2.9490200e+01
   5.9869934e-01   1.2360017e+02   3.0259400e+01
   5.9869934e-01   1.2839984e+02   3.1382800e+01
   5.9869934e-01   1.3320008e+02   3.2928500e+01
   5.9869934e-01   1.3799975e+02   3.4966300e+01
   5.9869934e-01   1.4279999e+02   3.7564200e+01
   5.9869934e-01   1.4760023e+02   4.0785400e+01
   5.9869934e-01   1.5239990e+02   4.4684700e+01
   5.9869934e-01   1.5720014e+02   4.9305300e+01
   5.9869934e-01   1.6199981e+02   5.4675500e+01
   6.0041430e-01   1.7999985e+01   6.8447300e+01
   6.0041430e-01   2.2799996e+01   6.2943600e+01
   6.0041430e-01   2.7600007e+01   5.8049000e+01
   6.0041430e-01   3.2400018e+01   5.3749700e+01
   6.0041430e-01   3.7199972e+01   5.0020500e+01
   6.0041430e-01   4.1999984e+01   4.6826100e+01
   6.0041430e-01   4.6799995e+01   4.4123800e+01
   6.0041430e-01   5.1600006e+01   4.1864500e+01
   6.0041430e-01   5.6400017e+01   3.9996000e+01
   6.0041430e-01   6.1199914e+01   3.8464800e+01
   6.0041430e-01   6.6000154e+01   3.7218300e+01
   6.0041430e-01   7.0799822e+01   3.6207400e+01
   6.0041430e-01   7.5600062e+01   3.5388000e+01
   6.0041430e-01   8.0399730e+01   3.4723300e+01
   6.0041430e-01   8.5199970e+01   3.4185200e+01
   6.0041430e-01   9.0000210e+01   3.3755500e+01
   6.0041430e-01   9.4799878e+01   3.3426900e+01
   6.0041430e-01   9.9600118e+01   3.3203600e+01
   6.0041430e-01   1.0439979e+02   3.3101600e+01
   6.0041430e-01   1.0920003e+02   3.3148300e+01
   6.0041430e-01   1.1400027e+02   3.3382200e+01
   6.0041430e-01   1.1879993e+02   3.3851800e+01
   6.0041430e-01   1.2360017e+02   3.4614000e+01
   6.0041430e-01   1.2839984e+02   3.5732300e+01
   6.0041430e-01   1.3320008e+02   3.7274400e+01
   6.0041430e-01   1.3799975e+02   3.9309500e+01
   6.0041430e-01   1.4279999e+02   4.1905300e+01
   6.0041430e-01   1.4760023e+02   4.5124600e+01
   6.0041430e-01   1.5239990e+02   4.9021600e+01
   6.0041430e-01   1.5720014e+02   5.3639100e+01
   6.0041430e-01   1.6199981e+02   5.9004800e+01
   6.0212802e-01   1.7999985e+01   7.3630400e+01
   6.0212802e-01   2.2799996e+01   6.8117500e+01
   6.0212802e-01   2.7600007e+01   6.3209400e+01
   6.0212802e-01   3.2400018e+01   5.8892500e+01
   6.0212802e-01   3.7199972e+01   5.5142000e+01
   6.0212802e-01   4.1999984e+01   5.1923400e+01
   6.0212802e-01   4.6799995e+01   4.9194200e+01
   6.0212802e-01   5.1600006e+01   4.6906100e+01
   6.0212802e-01   5.6400017e+01   4.5007500e+01
   6.0212802e-01   6.1199914e+01   4.3445400e+01
   6.0212802e-01   6.6000154e+01   4.2167900e+01
   6.0212802e-01   7.0799822e+01   4.1126300e+01
   6.0212802e-01   7.5600062e+01   4.0277200e+01
   6.0212802e-01   8.0399730e+01   3.9584200e+01
   6.0212802e-01   8.5199970e+01   3.9019600e+01
   6.0212802e-01   9.0000210e+01   3.8565600e+01
   6.0212802e-01   9.4799878e+01   3.8215000e+01
   6.0212802e-01   9.9600118e+01   3.7972300e+01
   6.0212802e-01   1.0439979e+02   3.7853400e+01
   6.0212802e-01   1.0920003e+02   3.7886000e+01
   6.0212802e-01   1.1400027e+02   3.8108500e+01
   6.0212802e-01   1.1879993e+02   3.8568900e+01
   6.0212802e-01   1.2360017e+02   3.9324100e+01
   6.0212802e-01   1.2839984e+02   4.0437300e+01
   6.0212802e-01   1.3320008e+02   4.1975700e+01
   6.0212802e-01   1.3799975e+02   4.4008200e+01
   6.0212802e-01   1.4279999e+02   4.6601900e+01
   6.0212802e-01   1.4760023e+02   4.9819200e+01
   6.0212802e-01   1.5239990e+02   5.3713800e+01
   6.0212802e-01   1.5720014e+02   5.8328000e+01
   6.0212802e-01   1.6199981e+02   6.3689400e+01
