#sin^2(theta23) Delta_CP/deg Delta_chi^2
   5.3457422e-01  -7.2000168e+01   8.1418600e+01
   5.3457422e-01  -6.7199928e+01   7.7546600e+01
   5.3457422e-01  -6.2400261e+01   7.3279000e+01
   5.3457422e-01  -5.7600020e+01   6.8709700e+01
   5.3457422e-01  -5.2800009e+01   6.3941600e+01
   5.3457422e-01  -4.7999998e+01   5.9085600e+01
   5.3457422e-01  -4.3199986e+01   5.4256100e+01
   5.3457422e-01  -3.8399975e+01   4.9569800e+01
   5.3457422e-01  -3.3600021e+01   4.5141600e+01
   5.3457422e-01  -2.8800010e+01   4.1082100e+01
   5.3457422e-01  -2.3999999e+01   3.7494400e+01
   5.3457422e-01  -1.9199988e+01   3.4470800e+01
   5.3457422e-01  -1.4399976e+01   3.2091100e+01
   5.3457422e-01  -9.6000224e+00   3.0419300e+01
   5.3457422e-01  -4.7999998e+00   2.9502500e+01
   5.3457422e-01  -1.4312486e-14   2.9369200e+01
   5.3457422e-01   4.7999998e+00   3.0028300e+01
   5.3457422e-01   9.6000224e+00   3.1468900e+01
   5.3457422e-01   1.4399976e+01   3.3660600e+01
   5.3457422e-01   1.9199988e+01   3.6553900e+01
   5.3457422e-01   2.3999999e+01   4.0082100e+01
   5.3457422e-01   2.8800010e+01   4.4162700e+01
   5.3457422e-01   3.3600021e+01   4.8699700e+01
   5.3457422e-01   3.8399975e+01   5.3586500e+01
   5.3457422e-01   4.3199986e+01   5.8708900e+01
   5.3457422e-01   4.7999998e+01   6.3948100e+01
   5.3457422e-01   5.2800009e+01   6.9183900e+01
   5.3457422e-01   5.7600020e+01   7.4297800e+01
   5.3457422e-01   6.2400261e+01   7.9176400e+01
   5.3457422e-01   6.7199928e+01   8.3713600e+01
   5.3457422e-01   7.2000168e+01   8.7813200e+01
   5.3631982e-01  -7.2000168e+01   7.9437800e+01
   5.3631982e-01  -6.7199928e+01   7.5598000e+01
   5.3631982e-01  -6.2400261e+01   7.1363300e+01
   5.3631982e-01  -5.7600020e+01   6.6827000e+01
   5.3631982e-01  -5.2800009e+01   6.2091700e+01
   5.3631982e-01  -4.7999998e+01   5.7266900e+01
   5.3631982e-01  -4.3199986e+01   5.2467300e+01
   5.3631982e-01  -3.8399975e+01   4.7808500e+01
   5.3631982e-01  -3.3600021e+01   4.3404900e+01
   5.3631982e-01  -2.8800010e+01   3.9366400e+01
   5.3631982e-01  -2.3999999e+01   3.5795600e+01
   5.3631982e-01  -1.9199988e+01   3.2784500e+01
   5.3631982e-01  -1.4399976e+01   3.0412200e+01
   5.3631982e-01  -9.6000224e+00   2.8742600e+01
   5.3631982e-01  -4.7999998e+00   2.7822500e+01
   5.3631982e-01  -1.4312486e-14   2.7680300e+01
   5.3631982e-01   4.7999998e+00   2.8324900e+01
   5.3631982e-01   9.6000224e+00   2.9745600e+01
   5.3631982e-01   1.4399976e+01   3.1912200e+01
   5.3631982e-01   1.9199988e+01   3.4775600e+01
   5.3631982e-01   2.3999999e+01   3.8269500e+01
   5.3631982e-01   2.8800010e+01   4.2311900e+01
   5.3631982e-01   3.3600021e+01   4.6807600e+01
   5.3631982e-01   3.8399975e+01   5.1650600e+01
   5.3631982e-01   4.3199986e+01   5.6727400e+01
   5.3631982e-01   4.7999998e+01   6.1919900e+01
   5.3631982e-01   5.2800009e+01   6.7108700e+01
   5.3631982e-01   5.7600020e+01   7.2176100e+01
   5.3631982e-01   6.2400261e+01   7.7009300e+01
   5.3631982e-01   6.7199928e+01   8.1502800e+01
   5.3631982e-01   7.2000168e+01   8.5561100e+01
   5.3806497e-01  -7.2000168e+01   7.7416200e+01
   5.3806497e-01  -6.7199928e+01   7.3608600e+01
   5.3806497e-01  -6.2400261e+01   6.9406700e+01
   5.3806497e-01  -5.7600020e+01   6.4903300e+01
   5.3806497e-01  -5.2800009e+01   6.0200500e+01
   5.3806497e-01  -4.7999998e+01   5.5407200e+01
   5.3806497e-01  -4.3199986e+01   5.0637400e+01
   5.3806497e-01  -3.8399975e+01   4.6006000e+01
   5.3806497e-01  -3.3600021e+01   4.1626900e+01
   5.3806497e-01  -2.8800010e+01   3.7609500e+01
   5.3806497e-01  -2.3999999e+01   3.4055500e+01
   5.3806497e-01  -1.9199988e+01   3.1056800e+01
   5.3806497e-01  -1.4399976e+01   2.8691900e+01
   5.3806497e-01  -9.6000224e+00   2.7024400e+01
   5.3806497e-01  -4.7999998e+00   2.6101000e+01
   5.3806497e-01  -1.4312486e-14   2.5949900e+01
   5.3806497e-01   4.7999998e+00   2.6580100e+01
   5.3806497e-01   9.6000224e+00   2.7980900e+01
   5.3806497e-01   1.4399976e+01   3.0122300e+01
   5.3806497e-01   1.9199988e+01   3.2955800e+01
   5.3806497e-01   2.3999999e+01   3.6415400e+01
   5.3806497e-01   2.8800010e+01   4.0419800e+01
   5.3806497e-01   3.3600021e+01   4.4874200e+01
   5.3806497e-01   3.8399975e+01   4.9673400e+01
   5.3806497e-01   4.3199986e+01   5.4704600e+01
   5.3806497e-01   4.7999998e+01   5.9850500e+01
   5.3806497e-01   5.2800009e+01   6.4992300e+01
   5.3806497e-01   5.7600020e+01   7.0013200e+01
   5.3806497e-01   6.2400261e+01   7.4801000e+01
   5.3806497e-01   6.7199928e+01   7.9250900e+01
   5.3806497e-01   7.2000168e+01   8.3268100e+01
   5.3980966e-01  -7.2000168e+01   7.5363300e+01
   5.3980966e-01  -6.7199928e+01   7.1587900e+01
   5.3980966e-01  -6.2400261e+01   6.7418800e+01
   5.3980966e-01  -5.7600020e+01   6.2948400e+01
   5.3980966e-01  -5.2800009e+01   5.8278000e+01
   5.3980966e-01  -4.7999998e+01   5.3516300e+01
   5.3980966e-01  -4.3199986e+01   4.8776000e+01
   5.3980966e-01  -3.8399975e+01   4.4172000e+01
   5.3980966e-01  -3.3600021e+01   3.9817400e+01
   5.3980966e-01  -2.8800010e+01   3.5820900e+01
   5.3980966e-01  -2.3999999e+01   3.2283800e+01
   5.3980966e-01  -1.9199988e+01   2.9297400e+01
   5.3980966e-01  -1.4399976e+01   2.6939900e+01
   5.3980966e-01  -9.6000224e+00   2.5274500e+01
   5.3980966e-01  -4.7999998e+00   2.4347800e+01
   5.3980966e-01  -1.4312486e-14   2.4187800e+01
   5.3980966e-01   4.7999998e+00   2.4803400e+01
   5.3980966e-01   9.6000224e+00   2.6184300e+01
   5.3980966e-01   1.4399976e+01   2.8300700e+01
   5.3980966e-01   1.9199988e+01   3.1104300e+01
   5.3980966e-01   2.3999999e+01   3.4529700e+01
   5.3980966e-01   2.8800010e+01   3.8496000e+01
   5.3980966e-01   3.3600021e+01   4.2909100e+01
   5.3980966e-01   3.8399975e+01   4.7664500e+01
   5.3980966e-01   4.3199986e+01   5.2650200e+01
   5.3980966e-01   4.7999998e+01   5.7749500e+01
   5.3980966e-01   5.2800009e+01   6.2844400e+01
   5.3980966e-01   5.7600020e+01   6.7818900e+01
   5.3980966e-01   6.2400261e+01   7.2561300e+01
   5.3980966e-01   6.7199928e+01   7.6967700e+01
   5.3980966e-01   7.2000168e+01   8.0943400e+01
   5.4155385e-01  -7.2000168e+01   7.3289400e+01
   5.4155385e-01  -6.7199928e+01   6.9546100e+01
   5.4155385e-01  -6.2400261e+01   6.5409800e+01
   5.4155385e-01  -5.7600020e+01   6.0972300e+01
   5.4155385e-01  -5.2800009e+01   5.6334400e+01
   5.4155385e-01  -4.7999998e+01   5.1604000e+01
   5.4155385e-01  -4.3199986e+01   4.6893400e+01
   5.4155385e-01  -3.8399975e+01   4.2316700e+01
   5.4155385e-01  -3.3600021e+01   3.7986500e+01
   5.4155385e-01  -2.8800010e+01   3.4010900e+01
   5.4155385e-01  -2.3999999e+01   3.0490700e+01
   5.4155385e-01  -1.9199988e+01   2.7516500e+01
   5.4155385e-01  -1.4399976e+01   2.5166400e+01
   5.4155385e-01  -9.6000224e+00   2.3503100e+01
   5.4155385e-01  -4.7999998e+00   2.2573000e+01
   5.4155385e-01  -1.4312486e-14   2.2404000e+01
   5.4155385e-01   4.7999998e+00   2.3005200e+01
   5.4155385e-01   9.6000224e+00   2.4366200e+01
   5.4155385e-01   1.4399976e+01   2.6457500e+01
   5.4155385e-01   1.9199988e+01   2.9231200e+01
   5.4155385e-01   2.3999999e+01   3.2622400e+01
   5.4155385e-01   2.8800010e+01   3.6550600e+01
   5.4155385e-01   3.3600021e+01   4.0922500e+01
   5.4155385e-01   3.8399975e+01   4.5634200e+01
   5.4155385e-01   4.3199986e+01   5.0574300e+01
   5.4155385e-01   4.7999998e+01   5.5627000e+01
   5.4155385e-01   5.2800009e+01   6.0675100e+01
   5.4155385e-01   5.7600020e+01   6.5603100e+01
   5.4155385e-01   6.2400261e+01   7.0300100e+01
   5.4155385e-01   6.7199928e+01   7.4662900e+01
   5.4155385e-01   7.2000168e+01   7.8597300e+01
   5.4329754e-01  -7.2000168e+01   7.1204900e+01
   5.4329754e-01  -6.7199928e+01   6.7493800e+01
   5.4329754e-01  -6.2400261e+01   6.3390300e+01
   5.4329754e-01  -5.7600020e+01   5.8985700e+01
   5.4329754e-01  -5.2800009e+01   5.4380100e+01
   5.4329754e-01  -4.7999998e+01   4.9681100e+01
   5.4329754e-01  -4.3199986e+01   4.5000200e+01
   5.4329754e-01  -3.8399975e+01   4.0450800e+01
   5.4329754e-01  -3.3600021e+01   3.6144900e+01
   5.4329754e-01  -2.8800010e+01   3.2190200e+01
   5.4329754e-01  -2.3999999e+01   2.8686700e+01
   5.4329754e-01  -1.9199988e+01   2.5724800e+01
   5.4329754e-01  -1.4399976e+01   2.3381900e+01
   5.4329754e-01  -9.6000224e+00   2.1720700e+01
   5.4329754e-01  -4.7999998e+00   2.0787200e+01
   5.4329754e-01  -1.4312486e-14   2.0609300e+01
   5.4329754e-01   4.7999998e+00   2.1196000e+01
   5.4329754e-01   9.6000224e+00   2.2537100e+01
   5.4329754e-01   1.4399976e+01   2.4603300e+01
   5.4329754e-01   1.9199988e+01   2.7347200e+01
   5.4329754e-01   2.3999999e+01   3.0704100e+01
   5.4329754e-01   2.8800010e+01   3.4594300e+01
   5.4329754e-01   3.3600021e+01   3.8924900e+01
   5.4329754e-01   3.8399975e+01   4.3592900e+01
   5.4329754e-01   4.3199986e+01   4.8487500e+01
   5.4329754e-01   4.7999998e+01   5.3493700e+01
   5.4329754e-01   5.2800009e+01   5.8494800e+01
   5.4329754e-01   5.7600020e+01   6.3376300e+01
   5.4329754e-01   6.2400261e+01   6.8028100e+01
   5.4329754e-01   6.7199928e+01   7.2347100e+01
   5.4329754e-01   7.2000168e+01   7.6240300e+01
   5.4504070e-01  -7.2000168e+01   6.9120900e+01
   5.4504070e-01  -6.7199928e+01   6.5441900e+01
   5.4504070e-01  -6.2400261e+01   6.1371200e+01
   5.4504070e-01  -5.7600020e+01   5.6999400e+01
   5.4504070e-01  -5.2800009e+01   5.2426300e+01
   5.4504070e-01  -4.7999998e+01   4.7758500e+01
   5.4504070e-01  -4.3199986e+01   4.3107200e+01
   5.4504070e-01  -3.8399975e+01   3.8585100e+01
   5.4504070e-01  -3.3600021e+01   3.4303600e+01
   5.4504070e-01  -2.8800010e+01   3.0369600e+01
   5.4504070e-01  -2.3999999e+01   2.6882900e+01
   5.4504070e-01  -1.9199988e+01   2.3933200e+01
   5.4504070e-01  -1.4399976e+01   2.1597600e+01
   5.4504070e-01  -9.6000224e+00   1.9938400e+01
   5.4504070e-01  -4.7999998e+00   1.9001500e+01
   5.4504070e-01  -1.4312486e-14   1.8814600e+01
   5.4504070e-01   4.7999998e+00   1.9386700e+01
   5.4504070e-01   9.6000224e+00   2.0707900e+01
   5.4504070e-01   1.4399976e+01   2.2749100e+01
   5.4504070e-01   1.9199988e+01   2.5463100e+01
   5.4504070e-01   2.3999999e+01   2.8785800e+01
   5.4504070e-01   2.8800010e+01   3.2637900e+01
   5.4504070e-01   3.3600021e+01   3.6927400e+01
   5.4504070e-01   3.8399975e+01   4.1551600e+01
   5.4504070e-01   4.3199986e+01   4.6400700e+01
   5.4504070e-01   4.7999998e+01   5.1360300e+01
   5.4504070e-01   5.2800009e+01   5.6314600e+01
   5.4504070e-01   5.7600020e+01   6.1149700e+01
   5.4504070e-01   6.2400261e+01   6.5756000e+01
   5.4504070e-01   6.7199928e+01   7.0031400e+01
   5.4504070e-01   7.2000168e+01   7.3883200e+01
   5.4678330e-01  -7.2000168e+01   6.7048600e+01
   5.4678330e-01  -6.7199928e+01   6.3401800e+01
   5.4678330e-01  -6.2400261e+01   5.9363900e+01
   5.4678330e-01  -5.7600020e+01   5.5024900e+01
   5.4678330e-01  -5.2800009e+01   5.0484200e+01
   5.4678330e-01  -4.7999998e+01   4.5847700e+01
   5.4678330e-01  -4.3199986e+01   4.1226000e+01
   5.4678330e-01  -3.8399975e+01   3.6731100e+01
   5.4678330e-01  -3.3600021e+01   3.2473900e+01
   5.4678330e-01  -2.8800010e+01   2.8560700e+01
   5.4678330e-01  -2.3999999e+01   2.5090700e+01
   5.4678330e-01  -1.9199988e+01   2.2153100e+01
   5.4678330e-01  -1.4399976e+01   1.9824700e+01
   5.4678330e-01  -9.6000224e+00   1.8167600e+01
   5.4678330e-01  -4.7999998e+00   1.7227100e+01
   5.4678330e-01  -1.4312486e-14   1.7031200e+01
   5.4678330e-01   4.7999998e+00   1.7588900e+01
   5.4678330e-01   9.6000224e+00   1.8890100e+01
   5.4678330e-01   1.4399976e+01   2.0906200e+01
   5.4678330e-01   1.9199988e+01   2.3590300e+01
   5.4678330e-01   2.3999999e+01   2.6878800e+01
   5.4678330e-01   2.8800010e+01   3.0692900e+01
   5.4678330e-01   3.3600021e+01   3.4941200e+01
   5.4678330e-01   3.8399975e+01   3.9521700e+01
   5.4678330e-01   4.3199986e+01   4.4325300e+01
   5.4678330e-01   4.7999998e+01   4.9238300e+01
   5.4678330e-01   5.2800009e+01   5.4145700e+01
   5.4678330e-01   5.7600020e+01   5.8934300e+01
   5.4678330e-01   6.2400261e+01   6.3495200e+01
   5.4678330e-01   6.7199928e+01   6.7726900e+01
   5.4678330e-01   7.2000168e+01   7.1537400e+01
   5.4852534e-01  -7.2000168e+01   6.4999700e+01
   5.4852534e-01  -6.7199928e+01   6.1385100e+01
   5.4852534e-01  -6.2400261e+01   5.7380000e+01
   5.4852534e-01  -5.7600020e+01   5.3073900e+01
   5.4852534e-01  -5.2800009e+01   4.8565400e+01
   5.4852534e-01  -4.7999998e+01   4.3960200e+01
   5.4852534e-01  -4.3199986e+01   3.9368000e+01
   5.4852534e-01  -3.8399975e+01   3.4900400e+01
   5.4852534e-01  -3.3600021e+01   3.0667400e+01
   5.4852534e-01  -2.8800010e+01   2.6774900e+01
   5.4852534e-01  -2.3999999e+01   2.3321600e+01
   5.4852534e-01  -1.9199988e+01   2.0396200e+01
   5.4852534e-01  -1.4399976e+01   1.8075000e+01
   5.4852534e-01  -9.6000224e+00   1.6419800e+01
   5.4852534e-01  -4.7999998e+00   1.5475900e+01
   5.4852534e-01  -1.4312486e-14   1.5271000e+01
   5.4852534e-01   4.7999998e+00   1.5814100e+01
   5.4852534e-01   9.6000224e+00   1.7095400e+01
   5.4852534e-01   1.4399976e+01   1.9086400e+01
   5.4852534e-01   1.9199988e+01   2.1740600e+01
   5.4852534e-01   2.3999999e+01   2.4994800e+01
   5.4852534e-01   2.8800010e+01   2.8770900e+01
   5.4852534e-01   3.3600021e+01   3.2977900e+01
   5.4852534e-01   3.8399975e+01   3.7514800e+01
   5.4852534e-01   4.3199986e+01   4.2272800e+01
   5.4852534e-01   4.7999998e+01   4.7139200e+01
   5.4852534e-01   5.2800009e+01   5.1999800e+01
   5.4852534e-01   5.7600020e+01   5.6741800e+01
   5.4852534e-01   6.2400261e+01   6.1257300e+01
   5.4852534e-01   6.7199928e+01   6.5445300e+01
   5.4852534e-01   7.2000168e+01   6.9214400e+01
   5.5026677e-01  -7.2000168e+01   6.2986200e+01
   5.5026677e-01  -6.7199928e+01   5.9403700e+01
   5.5026677e-01  -6.2400261e+01   5.5431400e+01
   5.5026677e-01  -5.7600020e+01   5.1158100e+01
   5.5026677e-01  -5.2800009e+01   4.6682000e+01
   5.5026677e-01  -4.7999998e+01   4.2108000e+01
   5.5026677e-01  -4.3199986e+01   3.7545400e+01
   5.5026677e-01  -3.8399975e+01   3.3105000e+01
   5.5026677e-01  -3.3600021e+01   2.8896200e+01
   5.5026677e-01  -2.8800010e+01   2.5024400e+01
   5.5026677e-01  -2.3999999e+01   2.1587700e+01
   5.5026677e-01  -1.9199988e+01   1.8674400e+01
   5.5026677e-01  -1.4399976e+01   1.6360400e+01
   5.5026677e-01  -9.6000224e+00   1.4707100e+01
   5.5026677e-01  -4.7999998e+00   1.3759700e+01
   5.5026677e-01  -1.4312486e-14   1.3545700e+01
   5.5026677e-01   4.7999998e+00   1.4074200e+01
   5.5026677e-01   9.6000224e+00   1.5335600e+01
   5.5026677e-01   1.4399976e+01   1.7301500e+01
   5.5026677e-01   1.9199988e+01   1.9925800e+01
   5.5026677e-01   2.3999999e+01   2.3145800e+01
   5.5026677e-01   2.8800010e+01   2.6883800e+01
   5.5026677e-01   3.3600021e+01   3.1049600e+01
   5.5026677e-01   3.8399975e+01   3.5542700e+01
   5.5026677e-01   4.3199986e+01   4.0255200e+01
   5.5026677e-01   4.7999998e+01   4.5075100e+01
   5.5026677e-01   5.2800009e+01   4.9888700e+01
   5.5026677e-01   5.7600020e+01   5.4584200e+01
   5.5026677e-01   6.2400261e+01   5.9054200e+01
   5.5026677e-01   6.7199928e+01   6.3198500e+01
   5.5026677e-01   7.2000168e+01   6.6926200e+01
   5.5200760e-01  -7.2000168e+01   6.1020200e+01
   5.5200760e-01  -6.7199928e+01   5.7469900e+01
   5.5200760e-01  -6.2400261e+01   5.3530400e+01
   5.5200760e-01  -5.7600020e+01   4.9289900e+01
   5.5200760e-01  -5.2800009e+01   4.4846100e+01
   5.5200760e-01  -4.7999998e+01   4.0303300e+01
   5.5200760e-01  -4.3199986e+01   3.5770200e+01
   5.5200760e-01  -3.8399975e+01   3.1356900e+01
   5.5200760e-01  -3.3600021e+01   2.7172400e+01
   5.5200760e-01  -2.8800010e+01   2.3321300e+01
   5.5200760e-01  -2.3999999e+01   1.9901200e+01
   5.5200760e-01  -1.9199988e+01   1.6999900e+01
   5.5200760e-01  -1.4399976e+01   1.4693000e+01
   5.5200760e-01  -9.6000224e+00   1.3041600e+01
   5.5200760e-01  -4.7999998e+00   1.2090700e+01
   5.5200760e-01  -1.4312486e-14   1.1867600e+01
   5.5200760e-01   4.7999998e+00   1.2381500e+01
   5.5200760e-01   9.6000224e+00   1.3622900e+01
   5.5200760e-01   1.4399976e+01   1.5563700e+01
   5.5200760e-01   1.9199988e+01   1.8158100e+01
   5.5200760e-01   2.3999999e+01   2.1343800e+01
   5.5200760e-01   2.8800010e+01   2.5043800e+01
   5.5200760e-01   3.3600021e+01   2.9168300e+01
   5.5200760e-01   3.8399975e+01   3.3617700e+01
   5.5200760e-01   4.3199986e+01   3.8284600e+01
   5.5200760e-01   4.7999998e+01   4.3057900e+01
   5.5200760e-01   5.2800009e+01   4.7824600e+01
   5.5200760e-01   5.7600020e+01   5.2473500e+01
   5.5200760e-01   6.2400261e+01   5.6898000e+01
   5.5200760e-01   6.7199928e+01   6.0998600e+01
   5.5200760e-01   7.2000168e+01   6.4684800e+01
   5.5374778e-01  -7.2000168e+01   5.9114000e+01
   5.5374778e-01  -6.7199928e+01   5.5595900e+01
   5.5374778e-01  -6.2400261e+01   5.1689200e+01
   5.5374778e-01  -5.7600020e+01   4.7481600e+01
   5.5374778e-01  -5.2800009e+01   4.3070100e+01
   5.5374778e-01  -4.7999998e+01   3.8558500e+01
   5.5374778e-01  -4.3199986e+01   3.4054800e+01
   5.5374778e-01  -3.8399975e+01   2.9668700e+01
   5.5374778e-01  -3.3600021e+01   2.5508400e+01
   5.5374778e-01  -2.8800010e+01   2.1677800e+01
   5.5374778e-01  -2.3999999e+01   1.8274300e+01
   5.5374778e-01  -1.9199988e+01   1.5385100e+01
   5.5374778e-01  -1.4399976e+01   1.3085300e+01
   5.5374778e-01  -9.6000224e+00   1.1435800e+01
   5.5374778e-01  -4.7999998e+00   1.0481200e+01
   5.5374778e-01  -1.4312486e-14   1.0249100e+01
   5.5374778e-01   4.7999998e+00   1.0748400e+01
   5.5374778e-01   9.6000224e+00   1.1969800e+01
   5.5374778e-01   1.4399976e+01   1.3885400e+01
   5.5374778e-01   1.9199988e+01   1.6449900e+01
   5.5374778e-01   2.3999999e+01   1.9601300e+01
   5.5374778e-01   2.8800010e+01   2.3263200e+01
   5.5374778e-01   3.3600021e+01   2.7346600e+01
   5.5374778e-01   3.8399975e+01   3.1752100e+01
   5.5374778e-01   4.3199986e+01   3.6373500e+01
   5.5374778e-01   4.7999998e+01   4.1100100e+01
   5.5374778e-01   5.2800009e+01   4.5819800e+01
   5.5374778e-01   5.7600020e+01   5.0422100e+01
   5.5374778e-01   6.2400261e+01   5.4801200e+01
   5.5374778e-01   6.7199928e+01   5.8857900e+01
   5.5374778e-01   7.2000168e+01   6.2502700e+01
   5.5548731e-01  -7.2000168e+01   5.7280200e+01
   5.5548731e-01  -6.7199928e+01   5.3794400e+01
   5.5548731e-01  -6.2400261e+01   4.9920400e+01
   5.5548731e-01  -5.7600020e+01   4.5745600e+01
   5.5548731e-01  -5.2800009e+01   4.1366400e+01
   5.5548731e-01  -4.7999998e+01   3.6886000e+01
   5.5548731e-01  -4.3199986e+01   3.2411900e+01
   5.5548731e-01  -3.8399975e+01   2.8052800e+01
   5.5548731e-01  -3.3600021e+01   2.3916600e+01
   5.5548731e-01  -2.8800010e+01   2.0106800e+01
   5.5548731e-01  -2.3999999e+01   1.6719800e+01
   5.5548731e-01  -1.9199988e+01   1.3842500e+01
   5.5548731e-01  -1.4399976e+01   1.1549800e+01
   5.5548731e-01  -9.6000224e+00   9.9020900e+00
   5.5548731e-01  -4.7999998e+00   8.9439600e+00
   5.5548731e-01  -1.4312486e-14   8.7026600e+00
   5.5548731e-01   4.7999998e+00   9.1873300e+00
   5.5548731e-01   9.6000224e+00   1.0388700e+01
   5.5548731e-01   1.4399976e+01   1.2279100e+01
   5.5548731e-01   1.9199988e+01   1.4813700e+01
   5.5548731e-01   2.3999999e+01   1.7930800e+01
   5.5548731e-01   2.8800010e+01   2.1554600e+01
   5.5548731e-01   3.3600021e+01   2.5596700e+01
   5.5548731e-01   3.8399975e+01   2.9958400e+01
   5.5548731e-01   4.3199986e+01   3.4534300e+01
   5.5548731e-01   4.7999998e+01   3.9214200e+01
   5.5548731e-01   5.2800009e+01   4.3886900e+01
   5.5548731e-01   5.7600020e+01   4.8442600e+01
   5.5548731e-01   6.2400261e+01   5.2776100e+01
   5.5548731e-01   6.7199928e+01   5.6789000e+01
   5.5548731e-01   7.2000168e+01   6.0392300e+01
   5.5722616e-01  -7.2000168e+01   5.5531400e+01
   5.5722616e-01  -6.7199928e+01   5.2077800e+01
   5.5722616e-01  -6.2400261e+01   4.8236600e+01
   5.5722616e-01  -5.7600020e+01   4.4094700e+01
   5.5722616e-01  -5.2800009e+01   3.9747800e+01
   5.5722616e-01  -4.7999998e+01   3.5298600e+01
   5.5722616e-01  -4.3199986e+01   3.0853900e+01
   5.5722616e-01  -3.8399975e+01   2.6521900e+01
   5.5722616e-01  -3.3600021e+01   2.2409800e+01
   5.5722616e-01  -2.8800010e+01   1.8620600e+01
   5.5722616e-01  -2.3999999e+01   1.5250100e+01
   5.5722616e-01  -1.9199988e+01   1.2384800e+01
   5.5722616e-01  -1.4399976e+01   1.0099100e+01
   5.5722616e-01  -9.6000224e+00   8.4532300e+00
   5.5722616e-01  -4.7999998e+00   7.4914700e+00
   5.5722616e-01  -1.4312486e-14   7.2410100e+00
   5.5722616e-01   4.7999998e+00   7.7110100e+00
   5.5722616e-01   9.6000224e+00   8.8923000e+00
   5.5722616e-01   1.4399976e+01   1.0757600e+01
   5.5722616e-01   1.9199988e+01   1.3262100e+01
   5.5722616e-01   2.3999999e+01   1.6345000e+01
   5.5722616e-01   2.8800010e+01   1.9930700e+01
   5.5722616e-01   3.3600021e+01   2.3931400e+01
   5.5722616e-01   3.8399975e+01   2.8249400e+01
   5.5722616e-01   4.3199986e+01   3.2779600e+01
   5.5722616e-01   4.7999998e+01   3.7412800e+01
   5.5722616e-01   5.2800009e+01   4.2038500e+01
   5.5722616e-01   5.7600020e+01   4.6547600e+01
   5.5722616e-01   6.2400261e+01   5.0835500e+01
   5.5722616e-01   6.7199928e+01   5.4804600e+01
   5.5722616e-01   7.2000168e+01   5.8366200e+01
   5.5896430e-01  -7.2000168e+01   5.3880400e+01
   5.5896430e-01  -6.7199928e+01   5.0459100e+01
   5.5896430e-01  -6.2400261e+01   4.6650700e+01
   5.5896430e-01  -5.7600020e+01   4.2541600e+01
   5.5896430e-01  -5.2800009e+01   3.8227000e+01
   5.5896430e-01  -4.7999998e+01   3.3809000e+01
   5.5896430e-01  -4.3199986e+01   2.9393600e+01
   5.5896430e-01  -3.8399975e+01   2.5088800e+01
   5.5896430e-01  -3.3600021e+01   2.1000800e+01
   5.5896430e-01  -2.8800010e+01   1.7232100e+01
   5.5896430e-01  -2.3999999e+01   1.3878100e+01
   5.5896430e-01  -1.9199988e+01   1.1024700e+01
   5.5896430e-01  -1.4399976e+01   8.7460600e+00
   5.5896430e-01  -9.6000224e+00   7.1019300e+00
   5.5896430e-01  -4.7999998e+00   6.1365100e+00
   5.5896430e-01  -1.4312486e-14   5.8768600e+00
   5.5896430e-01   4.7999998e+00   6.3321700e+00
   5.5896430e-01   9.6000224e+00   7.4933900e+00
   5.5896430e-01   1.4399976e+01   9.3334600e+00
   5.5896430e-01   1.9199988e+01   1.1808000e+01
   5.5896430e-01   2.3999999e+01   1.4856600e+01
   5.5896430e-01   2.8800010e+01   1.8404100e+01
   5.5896430e-01   3.3600021e+01   2.2363500e+01
   5.5896430e-01   3.8399975e+01   2.6637600e+01
   5.5896430e-01   4.3199986e+01   3.1122200e+01
   5.5896430e-01   4.7999998e+01   3.5708700e+01
   5.5896430e-01   5.2800009e+01   4.0287300e+01
   5.5896430e-01   5.7600020e+01   4.4749800e+01
   5.5896430e-01   6.2400261e+01   4.8992100e+01
   5.5896430e-01   6.7199928e+01   5.2917300e+01
   5.5896430e-01   7.2000168e+01   5.6437300e+01
   5.6070173e-01  -7.2000168e+01   5.2339900e+01
   5.6070173e-01  -6.7199928e+01   4.8950900e+01
   5.6070173e-01  -6.2400261e+01   4.5175300e+01
   5.6070173e-01  -5.7600020e+01   4.1099000e+01
   5.6070173e-01  -5.2800009e+01   3.6816700e+01
   5.6070173e-01  -4.7999998e+01   3.2429800e+01
   5.6070173e-01  -4.3199986e+01   2.8043900e+01
   5.6070173e-01  -3.8399975e+01   2.3766100e+01
   5.6070173e-01  -3.3600021e+01   1.9702200e+01
   5.6070173e-01  -2.8800010e+01   1.5954000e+01
   5.6070173e-01  -2.3999999e+01   1.2616500e+01
   5.6070173e-01  -1.9199988e+01   9.7750600e+00
   5.6070173e-01  -1.4399976e+01   7.5033600e+00
   5.6070173e-01  -9.6000224e+00   5.8609800e+00
   5.6070173e-01  -4.7999998e+00   4.8918700e+00
   5.6070173e-01  -1.4312486e-14   4.6230100e+00
   5.6070173e-01   4.7999998e+00   5.0636000e+00
   5.6070173e-01   9.6000224e+00   6.2047200e+00
   5.6070173e-01   1.4399976e+01   8.0195600e+00
   5.6070173e-01   1.9199988e+01   1.0464100e+01
   5.6070173e-01   2.3999999e+01   1.3478300e+01
   5.6070173e-01   2.8800010e+01   1.6987700e+01
   5.6070173e-01   3.3600021e+01   2.0905800e+01
   5.6070173e-01   3.8399975e+01   2.5136000e+01
   5.6070173e-01   4.3199986e+01   2.9575000e+01
   5.6070173e-01   4.7999998e+01   3.4114700e+01
   5.6070173e-01   5.2800009e+01   3.8646300e+01
   5.6070173e-01   5.7600020e+01   4.3062000e+01
   5.6070173e-01   6.2400261e+01   4.7258700e+01
   5.6070173e-01   6.7199928e+01   5.1139900e+01
   5.6070173e-01   7.2000168e+01   5.4618400e+01
   5.6243841e-01  -7.2000168e+01   5.0922800e+01
   5.6243841e-01  -6.7199928e+01   4.7566000e+01
   5.6243841e-01  -6.2400261e+01   4.3823200e+01
   5.6243841e-01  -5.7600020e+01   3.9779800e+01
   5.6243841e-01  -5.2800009e+01   3.5529800e+01
   5.6243841e-01  -4.7999998e+01   3.1174100e+01
   5.6243841e-01  -4.3199986e+01   2.6817600e+01
   5.6243841e-01  -3.8399975e+01   2.2566700e+01
   5.6243841e-01  -3.3600021e+01   1.8526900e+01
   5.6243841e-01  -2.8800010e+01   1.4799200e+01
   5.6243841e-01  -2.3999999e+01   1.1478100e+01
   5.6243841e-01  -1.9199988e+01   8.6485900e+00
   5.6243841e-01  -1.4399976e+01   6.3838200e+00
   5.6243841e-01  -9.6000224e+00   4.7431700e+00
   5.6243841e-01  -4.7999998e+00   3.7703500e+00
   5.6243841e-01  -1.4312486e-14   3.4922500e+00
   5.6243841e-01   4.7999998e+00   3.9180900e+00
   5.6243841e-01   9.6000224e+00   5.0391000e+00
   5.6243841e-01   1.4399976e+01   6.8286900e+00
   5.6243841e-01   1.9199988e+01   9.2432000e+00
   5.6243841e-01   2.3999999e+01   1.2223000e+01
   5.6243841e-01   2.8800010e+01   1.5694300e+01
   5.6243841e-01   3.3600021e+01   1.9571000e+01
   5.6243841e-01   3.8399975e+01   2.3757400e+01
   5.6243841e-01   4.3199986e+01   2.8150600e+01
   5.6243841e-01   4.7999998e+01   3.2643600e+01
   5.6243841e-01   5.2800009e+01   3.7128100e+01
   5.6243841e-01   5.7600020e+01   4.1497100e+01
   5.6243841e-01   6.2400261e+01   4.5648100e+01
   5.6243841e-01   6.7199928e+01   4.9485400e+01
   5.6243841e-01   7.2000168e+01   5.2922100e+01
   5.6417432e-01  -7.2000168e+01   4.9641700e+01
   5.6417432e-01  -6.7199928e+01   4.6317200e+01
   5.6417432e-01  -6.2400261e+01   4.2607300e+01
   5.6417432e-01  -5.7600020e+01   3.8596700e+01
   5.6417432e-01  -5.2800009e+01   3.4379000e+01
   5.6417432e-01  -4.7999998e+01   3.0054400e+01
   5.6417432e-01  -4.3199986e+01   2.5727300e+01
   5.6417432e-01  -3.8399975e+01   2.1503500e+01
   5.6417432e-01  -3.3600021e+01   1.7487600e+01
   5.6417432e-01  -2.8800010e+01   1.3780400e+01
   5.6417432e-01  -2.3999999e+01   1.0475700e+01
   5.6417432e-01  -1.9199988e+01   7.6580600e+00
   5.6417432e-01  -1.4399976e+01   5.4002200e+00
   5.6417432e-01  -9.6000224e+00   3.7612600e+00
   5.6417432e-01  -4.7999998e+00   2.7847000e+00
   5.6417432e-01  -1.4312486e-14   2.4973400e+00
   5.6417432e-01   4.7999998e+00   2.9084200e+00
   5.6417432e-01   9.6000224e+00   4.0092900e+00
   5.6417432e-01   1.4399976e+01   5.7736000e+00
   5.6417432e-01   1.9199988e+01   8.1580600e+00
   5.6417432e-01   2.3999999e+01   1.1103500e+01
   5.6417432e-01   2.8800010e+01   1.4536600e+01
   5.6417432e-01   3.3600021e+01   1.8371900e+01
   5.6417432e-01   3.8399975e+01   2.2514400e+01
   5.6417432e-01   4.3199986e+01   2.6862000e+01
   5.6417432e-01   4.7999998e+01   3.1308200e+01
   5.6417432e-01   5.2800009e+01   3.5745500e+01
   5.6417432e-01   5.7600020e+01   4.0067800e+01
   5.6417432e-01   6.2400261e+01   4.4173100e+01
   5.6417432e-01   6.7199928e+01   4.7966400e+01
   5.6417432e-01   7.2000168e+01   5.1361500e+01
   5.6590945e-01  -7.2000168e+01   4.8509600e+01
   5.6590945e-01  -6.7199928e+01   4.5217300e+01
   5.6590945e-01  -6.2400261e+01   4.1540200e+01
   5.6590945e-01  -5.7600020e+01   3.7562400e+01
   5.6590945e-01  -5.2800009e+01   3.3377000e+01
   5.6590945e-01  -4.7999998e+01   2.9083500e+01
   5.6590945e-01  -4.3199986e+01   2.4785700e+01
   5.6590945e-01  -3.8399975e+01   2.0588900e+01
   5.6590945e-01  -3.3600021e+01   1.6597100e+01
   5.6590945e-01  -2.8800010e+01   1.2910400e+01
   5.6590945e-01  -2.3999999e+01   9.6220400e+00
   5.6590945e-01  -1.9199988e+01   6.8162000e+00
   5.6590945e-01  -1.4399976e+01   4.5652600e+00
   5.6590945e-01  -9.6000224e+00   2.9279600e+00
   5.6590945e-01  -4.7999998e+00   1.9476400e+00
   5.6590945e-01  -1.4312486e-14   1.6510000e+00
   5.6590945e-01   4.7999998e+00   2.0472900e+00
   5.6590945e-01   9.6000224e+00   3.1280000e+00
   5.6590945e-01   1.4399976e+01   4.8670400e+00
   5.6590945e-01   1.9199988e+01   7.2214100e+00
   5.6590945e-01   2.3999999e+01   1.0132400e+01
   5.6590945e-01   2.8800010e+01   1.3527300e+01
   5.6590945e-01   3.3600021e+01   1.7321300e+01
   5.6590945e-01   3.8399975e+01   2.1419900e+01
   5.6590945e-01   4.3199986e+01   2.5721700e+01
   5.6590945e-01   4.7999998e+01   3.0121200e+01
   5.6590945e-01   5.2800009e+01   3.4511400e+01
   5.6590945e-01   5.7600020e+01   3.8786800e+01
   5.6590945e-01   6.2400261e+01   4.2846500e+01
   5.6590945e-01   6.7199928e+01   4.6595700e+01
   5.6590945e-01   7.2000168e+01   4.9949100e+01
   5.6764377e-01  -7.2000168e+01   4.7538800e+01
   5.6764377e-01  -6.7199928e+01   4.4278900e+01
   5.6764377e-01  -6.2400261e+01   4.0634500e+01
   5.6764377e-01  -5.7600020e+01   3.6689600e+01
   5.6764377e-01  -5.2800009e+01   3.2536400e+01
   5.6764377e-01  -4.7999998e+01   2.8274100e+01
   5.6764377e-01  -4.3199986e+01   2.4005600e+01
   5.6764377e-01  -3.8399975e+01   1.9835800e+01
   5.6764377e-01  -3.3600021e+01   1.5867900e+01
   5.6764377e-01  -2.8800010e+01   1.2201600e+01
   5.6764377e-01  -2.3999999e+01   8.9296400e+00
   5.6764377e-01  -1.9199988e+01   6.1356000e+00
   5.6764377e-01  -1.4399976e+01   3.8915400e+00
   5.6764377e-01  -9.6000224e+00   2.2558800e+00
   5.6764377e-01  -4.7999998e+00   1.2717700e+00
   5.6764377e-01  -1.4312486e-14   9.6582600e-01
   5.6764377e-01   4.7999998e+00   1.3473100e+00
   5.6764377e-01   9.6000224e+00   2.4078500e+00
   5.6764377e-01   1.4399976e+01   4.1215900e+00
   5.6764377e-01   1.9199988e+01   6.4458800e+00
   5.6764377e-01   2.3999999e+01   9.3224900e+00
   5.6764377e-01   2.8800010e+01   1.2679200e+01
   5.6764377e-01   3.3600021e+01   1.6431700e+01
   5.6764377e-01   3.8399975e+01   2.0486500e+01
   5.6764377e-01   4.3199986e+01   2.4742600e+01
   5.6764377e-01   4.7999998e+01   2.9095200e+01
   5.6764377e-01   5.2800009e+01   3.3438300e+01
   5.6764377e-01   5.7600020e+01   3.7667000e+01
   5.6764377e-01   6.2400261e+01   4.1680900e+01
   5.6764377e-01   6.7199928e+01   4.5386100e+01
   5.6764377e-01   7.2000168e+01   4.8697700e+01
   5.6937727e-01  -7.2000168e+01   4.6741900e+01
   5.6937727e-01  -6.7199928e+01   4.3514300e+01
   5.6937727e-01  -6.2400261e+01   3.9902800e+01
   5.6937727e-01  -5.7600020e+01   3.5990600e+01
   5.6937727e-01  -5.2800009e+01   3.1869700e+01
   5.6937727e-01  -4.7999998e+01   2.7638500e+01
   5.6937727e-01  -4.3199986e+01   2.3399400e+01
   5.6937727e-01  -3.8399975e+01   1.9256500e+01
   5.6937727e-01  -3.3600021e+01   1.5312600e+01
   5.6937727e-01  -2.8800010e+01   1.1666700e+01
   5.6937727e-01  -2.3999999e+01   8.4110100e+00
   5.6937727e-01  -1.9199988e+01   5.6287500e+00
   5.6937727e-01  -1.4399976e+01   3.3915300e+00
   5.6937727e-01  -9.6000224e+00   1.7575000e+00
   5.6937727e-01  -4.7999998e+00   7.6958300e-01
   5.6937727e-01  -1.4312486e-14   4.5431600e-01
   5.6937727e-01   4.7999998e+00   8.2098100e-01
   5.6937727e-01   9.6000224e+00   1.8613300e+00
   5.6937727e-01   1.4399976e+01   3.5497500e+00
   5.6937727e-01   1.9199988e+01   5.8439600e+00
   5.6937727e-01   2.3999999e+01   8.6861500e+00
   5.6937727e-01   2.8800010e+01   1.2004600e+01
   5.6937727e-01   3.3600021e+01   1.5715800e+01
   5.6937727e-01   3.8399975e+01   1.9726600e+01
   5.6937727e-01   4.3199986e+01   2.3937000e+01
   5.6937727e-01   4.7999998e+01   2.8242900e+01
   5.6937727e-01   5.2800009e+01   3.2538700e+01
   5.6937727e-01   5.7600020e+01   3.6720600e+01
   5.6937727e-01   6.2400261e+01   4.0688800e+01
   5.6937727e-01   6.7199928e+01   4.4350000e+01
   5.6937727e-01   7.2000168e+01   4.7619800e+01
   5.7110991e-01  -7.2000168e+01   4.6131300e+01
   5.7110991e-01  -6.7199928e+01   4.2936000e+01
   5.7110991e-01  -6.2400261e+01   3.9357300e+01
   5.7110991e-01  -5.7600020e+01   3.5478000e+01
   5.7110991e-01  -5.2800009e+01   3.1389300e+01
   5.7110991e-01  -4.7999998e+01   2.7189100e+01
   5.7110991e-01  -4.3199986e+01   2.2979300e+01
   5.7110991e-01  -3.8399975e+01   1.8863300e+01
   5.7110991e-01  -3.3600021e+01   1.4943400e+01
   5.7110991e-01  -2.8800010e+01   1.1317800e+01
   5.7110991e-01  -2.3999999e+01   8.0784700e+00
   5.7110991e-01  -1.9199988e+01   5.3079700e+00
   5.7110991e-01  -1.4399976e+01   3.0775800e+00
   5.7110991e-01  -9.6000224e+00   1.4451400e+00
   5.7110991e-01  -4.7999998e+00   4.5340200e-01
   5.7110991e-01  -1.4312486e-14   1.2879500e-01
   5.7110991e-01   4.7999998e+00   4.8062600e-01
   5.7110991e-01   9.6000224e+00   1.5007700e+00
   5.7110991e-01   1.4399976e+01   3.1638800e+00
   5.7110991e-01   1.9199988e+01   5.4280000e+00
   5.7110991e-01   2.3999999e+01   8.2357700e+00
   5.7110991e-01   2.8800010e+01   1.1516000e+01
   5.7110991e-01   3.3600021e+01   1.5185800e+01
   5.7110991e-01   3.8399975e+01   1.9152700e+01
   5.7110991e-01   4.3199986e+01   2.3317400e+01
   5.7110991e-01   4.7999998e+01   2.7576400e+01
   5.7110991e-01   5.2800009e+01   3.1825100e+01
   5.7110991e-01   5.7600020e+01   3.5960200e+01
   5.7110991e-01   6.2400261e+01   3.9882600e+01
   5.7110991e-01   6.7199928e+01   4.3499700e+01
   5.7110991e-01   7.2000168e+01   4.6727800e+01
   5.7284168e-01  -7.2000168e+01   4.5719100e+01
   5.7284168e-01  -6.7199928e+01   4.2556100e+01
   5.7284168e-01  -6.2400261e+01   3.9010200e+01
   5.7284168e-01  -5.7600020e+01   3.5163600e+01
   5.7284168e-01  -5.2800009e+01   3.1107200e+01
   5.7284168e-01  -4.7999998e+01   2.6938000e+01
   5.7284168e-01  -4.3199986e+01   2.2757500e+01
   5.7284168e-01  -3.8399975e+01   1.8668500e+01
   5.7284168e-01  -3.3600021e+01   1.4772400e+01
   5.7284168e-01  -2.8800010e+01   1.1167300e+01
   5.7284168e-01  -2.3999999e+01   7.9441700e+00
   5.7284168e-01  -1.9199988e+01   5.1853900e+00
   5.7284168e-01  -1.4399976e+01   2.9618000e+00
   5.7284168e-01  -9.6000224e+00   1.3309400e+00
   5.7284168e-01  -4.7999998e+00   3.3536600e-01
   5.7284168e-01  -1.4312486e-14   1.4055800e-03
   5.7284168e-01   4.7999998e+00   3.3839100e-01
   5.7284168e-01   9.6000224e+00   1.3383400e+00
   5.7284168e-01   1.4399976e+01   2.9761100e+00
   5.7284168e-01   1.9199988e+01   5.2101400e+00
   5.7284168e-01   2.3999999e+01   7.9834900e+00
   5.7284168e-01   2.8800010e+01   1.1225600e+01
   5.7284168e-01   3.3600021e+01   1.4854000e+01
   5.7284168e-01   3.8399975e+01   1.8776900e+01
   5.7284168e-01   4.3199986e+01   2.2895800e+01
   5.7284168e-01   4.7999998e+01   2.7108100e+01
   5.7284168e-01   5.2800009e+01   3.1309600e+01
   5.7284168e-01   5.7600020e+01   3.5397900e+01
   5.7284168e-01   6.2400261e+01   3.9274600e+01
   5.7284168e-01   6.7199928e+01   4.2847600e+01
   5.7284168e-01   7.2000168e+01   4.6033900e+01
   5.7457256e-01  -7.2000168e+01   4.5517400e+01
   5.7457256e-01  -6.7199928e+01   4.2386600e+01
   5.7457256e-01  -6.2400261e+01   3.8873500e+01
   5.7457256e-01  -5.7600020e+01   3.5059700e+01
   5.7457256e-01  -5.2800009e+01   3.1035400e+01
   5.7457256e-01  -4.7999998e+01   2.6897300e+01
   5.7457256e-01  -4.3199986e+01   2.2746100e+01
   5.7457256e-01  -3.8399975e+01   1.8683900e+01
   5.7457256e-01  -3.3600021e+01   1.4811700e+01
   5.7457256e-01  -2.8800010e+01   1.1226900e+01
   5.7457256e-01  -2.3999999e+01   8.0200200e+00
   5.7457256e-01  -1.9199988e+01   5.2729400e+00
   5.7457256e-01  -1.4399976e+01   3.0561400e+00
   5.7457256e-01  -9.6000224e+00   1.4268400e+00
   5.7457256e-01  -4.7999998e+00   4.2740200e-01
   5.7457256e-01  -1.4312486e-14   8.4076800e-02
   5.7457256e-01   4.7999998e+00   4.0621000e-01
   5.7457256e-01   9.6000224e+00   1.3859400e+00
   5.7457256e-01   1.4399976e+01   2.9984000e+00
   5.7457256e-01   1.9199988e+01   5.2023300e+00
   5.7457256e-01   2.3999999e+01   7.9412700e+00
   5.7457256e-01   2.8800010e+01   1.1145100e+01
   5.7457256e-01   3.3600021e+01   1.4732100e+01
   5.7457256e-01   3.8399975e+01   1.8611200e+01
   5.7457256e-01   4.3199986e+01   2.2684400e+01
   5.7457256e-01   4.7999998e+01   2.6849900e+01
   5.7457256e-01   5.2800009e+01   3.1004300e+01
   5.7457256e-01   5.7600020e+01   3.5045800e+01
   5.7457256e-01   6.2400261e+01   3.8876700e+01
   5.7457256e-01   6.7199928e+01   4.2405700e+01
   5.7457256e-01   7.2000168e+01   4.5550200e+01
   5.7630253e-01  -7.2000168e+01   4.5537600e+01
   5.7630253e-01  -6.7199928e+01   4.2439200e+01
   5.7630253e-01  -6.2400261e+01   3.8958800e+01
   5.7630253e-01  -5.7600020e+01   3.5177700e+01
   5.7630253e-01  -5.2800009e+01   3.1185600e+01
   5.7630253e-01  -4.7999998e+01   2.7078600e+01
   5.7630253e-01  -4.3199986e+01   2.2956500e+01
   5.7630253e-01  -3.8399975e+01   1.8921200e+01
   5.7630253e-01  -3.3600021e+01   1.5072900e+01
   5.7630253e-01  -2.8800010e+01   1.1508300e+01
   5.7630253e-01  -2.3999999e+01   8.3177000e+00
   5.7630253e-01  -1.9199988e+01   5.5823000e+00
   5.7630253e-01  -1.4399976e+01   3.3722500e+00
   5.7630253e-01  -9.6000224e+00   1.7445000e+00
   5.7630253e-01  -4.7999998e+00   7.4119400e-01
   5.7630253e-01  -1.4312486e-14   3.8849700e-01
   5.7630253e-01   4.7999998e+00   6.9577300e-01
   5.7630253e-01   9.6000224e+00   1.6553000e+00
   5.7630253e-01   1.4399976e+01   3.2424300e+00
   5.7630253e-01   1.9199988e+01   5.4162800e+00
   5.7630253e-01   2.3999999e+01   8.1208200e+00
   5.7630253e-01   2.8800010e+01   1.1286500e+01
   5.7630253e-01   3.3600021e+01   1.4832200e+01
   5.7630253e-01   3.8399975e+01   1.8667400e+01
   5.7630253e-01   4.3199986e+01   2.2694900e+01
   5.7630253e-01   4.7999998e+01   2.6813500e+01
   5.7630253e-01   5.2800009e+01   3.0920800e+01
   5.7630253e-01   5.7600020e+01   3.4915500e+01
   5.7630253e-01   6.2400261e+01   3.8700700e+01
   5.7630253e-01   6.7199928e+01   4.2185700e+01
   5.7630253e-01   7.2000168e+01   4.5288400e+01
   5.7803156e-01  -7.2000168e+01   4.5791500e+01
   5.7803156e-01  -6.7199928e+01   4.2725200e+01
   5.7803156e-01  -6.2400261e+01   3.9277600e+01
   5.7803156e-01  -5.7600020e+01   3.5529300e+01
   5.7803156e-01  -5.2800009e+01   3.1569300e+01
   5.7803156e-01  -4.7999998e+01   2.7493200e+01
   5.7803156e-01  -4.3199986e+01   2.3400400e+01
   5.7803156e-01  -3.8399975e+01   1.9391800e+01
   5.7803156e-01  -3.3600021e+01   1.5567300e+01
   5.7803156e-01  -2.8800010e+01   1.2023000e+01
   5.7803156e-01  -2.3999999e+01   8.8486200e+00
   5.7803156e-01  -1.9199988e+01   6.1248800e+00
   5.7803156e-01  -1.4399976e+01   3.9215800e+00
   5.7803156e-01  -9.6000224e+00   2.2953500e+00
   5.7803156e-01  -4.7999998e+00   1.2881700e+00
   5.7803156e-01  -1.4312486e-14   9.2608900e-01
   5.7803156e-01   4.7999998e+00   1.2185100e+00
   5.7803156e-01   9.6000224e+00   2.1578300e+00
   5.7803156e-01   1.4399976e+01   3.7196600e+00
   5.7803156e-01   1.9199988e+01   5.8634300e+00
   5.7803156e-01   2.3999999e+01   8.5336000e+00
   5.7803156e-01   2.8800010e+01   1.1661100e+01
   5.7803156e-01   3.3600021e+01   1.5165400e+01
   5.7803156e-01   3.8399975e+01   1.8956700e+01
   5.7803156e-01   4.3199986e+01   2.2938700e+01
   5.7803156e-01   4.7999998e+01   2.7010600e+01
   5.7803156e-01   5.2800009e+01   3.1070700e+01
   5.7803156e-01   5.7600020e+01   3.5018700e+01
   5.7803156e-01   6.2400261e+01   3.8758100e+01
   5.7803156e-01   6.7199928e+01   4.2199100e+01
   5.7803156e-01   7.2000168e+01   4.5260100e+01
   5.7975964e-01  -7.2000168e+01   4.6290000e+01
   5.7975964e-01  -6.7199928e+01   4.3255900e+01
   5.7975964e-01  -6.2400261e+01   3.9841000e+01
   5.7975964e-01  -5.7600020e+01   3.6125300e+01
   5.7975964e-01  -5.2800009e+01   3.2197500e+01
   5.7975964e-01  -4.7999998e+01   2.8152300e+01
   5.7975964e-01  -4.3199986e+01   2.4088700e+01
   5.7975964e-01  -3.8399975e+01   2.0106900e+01
   5.7975964e-01  -3.3600021e+01   1.6306200e+01
   5.7975964e-01  -2.8800010e+01   1.2782200e+01
   5.7975964e-01  -2.3999999e+01   9.6239100e+00
   5.7975964e-01  -1.9199988e+01   6.9118200e+00
   5.7975964e-01  -1.4399976e+01   4.7152300e+00
   5.7975964e-01  -9.6000224e+00   3.0905200e+00
   5.7975964e-01  -4.7999998e+00   2.0794500e+00
   5.7975964e-01  -1.4312486e-14   1.7079900e+00
   5.7975964e-01   4.7999998e+00   1.9855500e+00
   5.7975964e-01   9.6000224e+00   2.9046800e+00
   5.7975964e-01   1.4399976e+01   4.4412100e+00
   5.7975964e-01   1.9199988e+01   6.5549500e+00
   5.7975964e-01   2.3999999e+01   9.1907500e+00
   5.7975964e-01   2.8800010e+01   1.2280100e+01
   5.7975964e-01   3.3600021e+01   1.5743100e+01
   5.7975964e-01   3.8399975e+01   1.9490600e+01
   5.7975964e-01   4.3199986e+01   2.3426900e+01
   5.7975964e-01   4.7999998e+01   2.7452000e+01
   5.7975964e-01   5.2800009e+01   3.1465100e+01
   5.7975964e-01   5.7600020e+01   3.5366400e+01
   5.7975964e-01   6.2400261e+01   3.9060200e+01
   5.7975964e-01   6.7199928e+01   4.2457200e+01
   5.7975964e-01   7.2000168e+01   4.5476500e+01
   5.8148674e-01  -7.2000168e+01   4.7043900e+01
   5.8148674e-01  -6.7199928e+01   4.4042100e+01
   5.8148674e-01  -6.2400261e+01   4.0659800e+01
   5.8148674e-01  -5.7600020e+01   3.6976800e+01
   5.8148674e-01  -5.2800009e+01   3.3081100e+01
   5.8148674e-01  -4.7999998e+01   2.9066800e+01
   5.8148674e-01  -4.3199986e+01   2.5032300e+01
   5.8148674e-01  -3.8399975e+01   2.1077200e+01
   5.8148674e-01  -3.3600021e+01   1.7300300e+01
   5.8148674e-01  -2.8800010e+01   1.3796500e+01
   5.8148674e-01  -2.3999999e+01   1.0654400e+01
   5.8148674e-01  -1.9199988e+01   7.9539100e+00
   5.8148674e-01  -1.4399976e+01   5.7640300e+00
   5.8148674e-01  -9.6000224e+00   4.1408200e+00
   5.8148674e-01  -4.7999998e+00   3.1258600e+00
   5.8148674e-01  -1.4312486e-14   2.7450200e+00
   5.8148674e-01   4.7999998e+00   3.0077400e+00
   5.8148674e-01   9.6000224e+00   3.9066800e+00
   5.8148674e-01   1.4399976e+01   5.4179300e+00
   5.8148674e-01   1.9199988e+01   7.5016400e+00
   5.8148674e-01   2.3999999e+01   1.0103100e+01
   5.8148674e-01   2.8800010e+01   1.3154400e+01
   5.8148674e-01   3.3600021e+01   1.6576100e+01
   5.8148674e-01   3.8399975e+01   2.0279800e+01
   5.8148674e-01   4.3199986e+01   2.4170500e+01
   5.8148674e-01   4.7999998e+01   2.8149000e+01
   5.8148674e-01   5.2800009e+01   3.2115000e+01
   5.8148674e-01   5.7600020e+01   3.5969600e+01
   5.8148674e-01   6.2400261e+01   3.9617800e+01
   5.8148674e-01   6.7199928e+01   4.2970800e+01
   5.8148674e-01   7.2000168e+01   4.5948400e+01
   5.8321284e-01  -7.2000168e+01   4.8064000e+01
   5.8321284e-01  -6.7199928e+01   4.5094300e+01
   5.8321284e-01  -6.2400261e+01   4.1744700e+01
   5.8321284e-01  -5.7600020e+01   3.8094300e+01
   5.8321284e-01  -5.2800009e+01   3.4230500e+01
   5.8321284e-01  -4.7999998e+01   3.0247100e+01
   5.8321284e-01  -4.3199986e+01   2.6241700e+01
   5.8321284e-01  -3.8399975e+01   2.2313400e+01
   5.8321284e-01  -3.3600021e+01   1.8560200e+01
   5.8321284e-01  -2.8800010e+01   1.5076500e+01
   5.8321284e-01  -2.3999999e+01   1.1950500e+01
   5.8321284e-01  -1.9199988e+01   9.2616400e+00
   5.8321284e-01  -1.4399976e+01   7.0784600e+00
   5.8321284e-01  -9.6000224e+00   5.4567500e+00
   5.8321284e-01  -4.7999998e+00   4.4378900e+00
   5.8321284e-01  -1.4312486e-14   4.0476800e+00
   5.8321284e-01   4.7999998e+00   4.2955700e+00
   5.8321284e-01   9.6000224e+00   5.1743400e+00
   5.8321284e-01   1.4399976e+01   6.6603400e+00
   5.8321284e-01   1.9199988e+01   8.7140500e+00
   5.8321284e-01   2.3999999e+01   1.1281200e+01
   5.8321284e-01   2.8800010e+01   1.4294500e+01
   5.8321284e-01   3.3600021e+01   1.7675000e+01
   5.8321284e-01   3.8399975e+01   2.1334900e+01
   5.8321284e-01   4.3199986e+01   2.5180100e+01
   5.8321284e-01   4.7999998e+01   2.9111900e+01
   5.8321284e-01   5.2800009e+01   3.3031000e+01
   5.8321284e-01   5.7600020e+01   3.6838900e+01
   5.8321284e-01   6.2400261e+01   4.0441500e+01
   5.8321284e-01   6.7199928e+01   4.3750600e+01
   5.8321284e-01   7.2000168e+01   4.6686600e+01
   5.8493792e-01  -7.2000168e+01   4.9360200e+01
   5.8493792e-01  -6.7199928e+01   4.6422600e+01
   5.8493792e-01  -6.2400261e+01   4.3105600e+01
   5.8493792e-01  -5.7600020e+01   3.9487800e+01
   5.8493792e-01  -5.2800009e+01   3.5656000e+01
   5.8493792e-01  -4.7999998e+01   3.1703500e+01
   5.8493792e-01  -4.3199986e+01   2.7727100e+01
   5.8493792e-01  -3.8399975e+01   2.3825400e+01
   5.8493792e-01  -3.3600021e+01   2.0095900e+01
   5.8493792e-01  -2.8800010e+01   1.6632400e+01
   5.8493792e-01  -2.3999999e+01   1.3522500e+01
   5.8493792e-01  -1.9199988e+01   1.0845200e+01
   5.8493792e-01  -1.4399976e+01   8.6686700e+00
   5.8493792e-01  -9.6000224e+00   7.0484400e+00
   5.8493792e-01  -4.7999998e+00   6.0256900e+00
   5.8493792e-01  -1.4312486e-14   5.6261200e+00
   5.8493792e-01   4.7999998e+00   5.8591800e+00
   5.8493792e-01   9.6000224e+00   6.7178200e+00
   5.8493792e-01   1.4399976e+01   8.1786000e+00
   5.8493792e-01   1.9199988e+01   1.0202400e+01
   5.8493792e-01   2.3999999e+01   1.2735300e+01
   5.8493792e-01   2.8800010e+01   1.5710500e+01
   5.8493792e-01   3.3600021e+01   1.9049800e+01
   5.8493792e-01   3.8399975e+01   2.2666200e+01
   5.8493792e-01   4.3199986e+01   2.6465800e+01
   5.8493792e-01   4.7999998e+01   3.0351100e+01
   5.8493792e-01   5.2800009e+01   3.4223200e+01
   5.8493792e-01   5.7600020e+01   3.7984600e+01
   5.8493792e-01   6.2400261e+01   4.1541600e+01
   5.8493792e-01   6.7199928e+01   4.4806800e+01
   5.8493792e-01   7.2000168e+01   4.7701200e+01
   5.8666196e-01  -7.2000168e+01   5.0942500e+01
   5.8666196e-01  -6.7199928e+01   4.8036900e+01
   5.8666196e-01  -6.2400261e+01   4.4752500e+01
   5.8666196e-01  -5.7600020e+01   4.1167200e+01
   5.8666196e-01  -5.2800009e+01   3.7367400e+01
   5.8666196e-01  -4.7999998e+01   3.3445600e+01
   5.8666196e-01  -4.3199986e+01   2.9498200e+01
   5.8666196e-01  -3.8399975e+01   2.5623100e+01
   5.8666196e-01  -3.3600021e+01   2.1917300e+01
   5.8666196e-01  -2.8800010e+01   1.8473900e+01
   5.8666196e-01  -2.3999999e+01   1.5380000e+01
   5.8666196e-01  -1.9199988e+01   1.2714300e+01
   5.8666196e-01  -1.4399976e+01   1.0544400e+01
   5.8666196e-01  -9.6000224e+00   8.9256800e+00
   5.8666196e-01  -4.7999998e+00   7.8990400e+00
   5.8666196e-01  -1.4312486e-14   7.4901100e+00
   5.8666196e-01   4.7999998e+00   7.7083700e+00
   5.8666196e-01   9.6000224e+00   8.5469000e+00
   5.8666196e-01   1.4399976e+01   9.9825000e+00
   5.8666196e-01   1.9199988e+01   1.1976300e+01
   5.8666196e-01   2.3999999e+01   1.4475100e+01
   5.8666196e-01   2.8800010e+01   1.7412300e+01
   5.8666196e-01   3.3600021e+01   2.0710500e+01
   5.8666196e-01   3.8399975e+01   2.4283200e+01
   5.8666196e-01   4.3199986e+01   2.8037500e+01
   5.8666196e-01   4.7999998e+01   3.1876300e+01
   5.8666196e-01   5.2800009e+01   3.5701600e+01
   5.8666196e-01   5.7600020e+01   3.9416400e+01
   5.8666196e-01   6.2400261e+01   4.2928000e+01
   5.8666196e-01   6.7199928e+01   4.6149400e+01
   5.8666196e-01   7.2000168e+01   4.9002300e+01
   5.8838494e-01  -7.2000168e+01   5.2820200e+01
   5.8838494e-01  -6.7199928e+01   4.9946600e+01
   5.8838494e-01  -6.2400261e+01   4.6694600e+01
   5.8838494e-01  -5.7600020e+01   4.3141800e+01
   5.8838494e-01  -5.2800009e+01   3.9373900e+01
   5.8838494e-01  -4.7999998e+01   3.5482800e+01
   5.8838494e-01  -4.3199986e+01   3.1564400e+01
   5.8838494e-01  -3.8399975e+01   2.7715900e+01
   5.8838494e-01  -3.3600021e+01   2.4033600e+01
   5.8838494e-01  -2.8800010e+01   2.0610300e+01
   5.8838494e-01  -2.3999999e+01   1.7532500e+01
   5.8838494e-01  -1.9199988e+01   1.4878300e+01
   5.8838494e-01  -1.4399976e+01   1.2715100e+01
   5.8838494e-01  -9.6000224e+00   1.1097800e+01
   5.8838494e-01  -4.7999998e+00   1.0067300e+01
   5.8838494e-01  -1.4312486e-14   9.6490500e+00
   5.8838494e-01   4.7999998e+00   9.8525500e+00
   5.8838494e-01   9.6000224e+00   1.0671000e+01
   5.8838494e-01   1.4399976e+01   1.2081400e+01
   5.8838494e-01   1.9199988e+01   1.4045400e+01
   5.8838494e-01   2.3999999e+01   1.6510000e+01
   5.8838494e-01   2.8800010e+01   1.9409400e+01
   5.8838494e-01   3.3600021e+01   2.2666500e+01
   5.8838494e-01   3.8399975e+01   2.6195700e+01
   5.8838494e-01   4.3199986e+01   2.9904600e+01
   5.8838494e-01   4.7999998e+01   3.3697000e+01
   5.8838494e-01   5.2800009e+01   3.7475500e+01
   5.8838494e-01   5.7600020e+01   4.1144000e+01
   5.8838494e-01   6.2400261e+01   4.4610100e+01
   5.8838494e-01   6.7199928e+01   4.7787800e+01
   5.8838494e-01   7.2000168e+01   5.0599200e+01
   5.9010683e-01  -7.2000168e+01   5.5002300e+01
   5.9010683e-01  -6.7199928e+01   5.2160700e+01
   5.9010683e-01  -6.2400261e+01   4.8941200e+01
   5.9010683e-01  -5.7600020e+01   4.5420700e+01
   5.9010683e-01  -5.2800009e+01   4.1684600e+01
   5.9010683e-01  -4.7999998e+01   3.7824200e+01
   5.9010683e-01  -4.3199986e+01   3.3934700e+01
   5.9010683e-01  -3.8399975e+01   3.0112700e+01
   5.9010683e-01  -3.3600021e+01   2.6454100e+01
   5.9010683e-01  -2.8800010e+01   2.3050800e+01
   5.9010683e-01  -2.3999999e+01   1.9989000e+01
   5.9010683e-01  -1.9199988e+01   1.7346300e+01
   5.9010683e-01  -1.4399976e+01   1.5189700e+01
   5.9010683e-01  -9.6000224e+00   1.3573900e+01
   5.9010683e-01  -4.7999998e+00   1.2539500e+01
   5.9010683e-01  -1.4312486e-14   1.2112000e+01
   5.9010683e-01   4.7999998e+00   1.2300700e+01
   5.9010683e-01   9.6000224e+00   1.3099100e+01
   5.9010683e-01   1.4399976e+01   1.4484500e+01
   5.9010683e-01   1.9199988e+01   1.6418700e+01
   5.9010683e-01   2.3999999e+01   1.8849200e+01
   5.9010683e-01   2.8800010e+01   2.1710700e+01
   5.9010683e-01   3.3600021e+01   2.4926900e+01
   5.9010683e-01   3.8399975e+01   2.8412600e+01
   5.9010683e-01   4.3199986e+01   3.2076200e+01
   5.9010683e-01   4.7999998e+01   3.5822300e+01
   5.9010683e-01   5.2800009e+01   3.9554100e+01
   5.9010683e-01   5.7600020e+01   4.3176300e+01
   5.9010683e-01   6.2400261e+01   4.6597100e+01
   5.9010683e-01   6.7199928e+01   4.9731200e+01
   5.9010683e-01   7.2000168e+01   5.2501200e+01
   5.9182763e-01  -7.2000168e+01   5.7497600e+01
   5.9182763e-01  -6.7199928e+01   5.4687800e+01
   5.9182763e-01  -6.2400261e+01   5.1500600e+01
   5.9182763e-01  -5.7600020e+01   4.8012500e+01
   5.9182763e-01  -5.2800009e+01   4.4308200e+01
   5.9182763e-01  -4.7999998e+01   4.0478400e+01
   5.9182763e-01  -4.3199986e+01   3.6617700e+01
   5.9182763e-01  -3.8399975e+01   3.2822200e+01
   5.9182763e-01  -3.3600021e+01   2.9187100e+01
   5.9182763e-01  -2.8800010e+01   2.5803800e+01
   5.9182763e-01  -2.3999999e+01   2.2758000e+01
   5.9182763e-01  -1.9199988e+01   2.0126800e+01
   5.9182763e-01  -1.4399976e+01   1.7976900e+01
   5.9182763e-01  -9.6000224e+00   1.6362600e+01
   5.9182763e-01  -4.7999998e+00   1.5324300e+01
   5.9182763e-01  -1.4312486e-14   1.4887400e+01
   5.9182763e-01   4.7999998e+00   1.5061500e+01
   5.9182763e-01   9.6000224e+00   1.5839900e+01
   5.9182763e-01   1.4399976e+01   1.7200200e+01
   5.9182763e-01   1.9199988e+01   1.9104600e+01
   5.9182763e-01   2.3999999e+01   2.1501200e+01
   5.9182763e-01   2.8800010e+01   2.4324900e+01
   5.9182763e-01   3.3600021e+01   2.7500300e+01
   5.9182763e-01   3.8399975e+01   3.0942600e+01
   5.9182763e-01   4.3199986e+01   3.4561100e+01
   5.9182763e-01   4.7999998e+01   3.8260900e+01
   5.9182763e-01   5.2800009e+01   4.1946100e+01
   5.9182763e-01   5.7600020e+01   4.5522000e+01
   5.9182763e-01   6.2400261e+01   4.8897600e+01
   5.9182763e-01   6.7199928e+01   5.1988300e+01
   5.9182763e-01   7.2000168e+01   5.4717000e+01
   5.9354730e-01  -7.2000168e+01   6.0314100e+01
   5.9354730e-01  -6.7199928e+01   5.7536200e+01
   5.9354730e-01  -6.2400261e+01   5.4381200e+01
   5.9354730e-01  -5.7600020e+01   5.0925400e+01
   5.9354730e-01  -5.2800009e+01   4.7252800e+01
   5.9354730e-01  -4.7999998e+01   4.3453400e+01
   5.9354730e-01  -4.3199986e+01   3.9621500e+01
   5.9354730e-01  -3.8399975e+01   3.5852500e+01
   5.9354730e-01  -3.3600021e+01   3.2240900e+01
   5.9354730e-01  -2.8800010e+01   2.8877600e+01
   5.9354730e-01  -2.3999999e+01   2.5847700e+01
   5.9354730e-01  -1.9199988e+01   2.3228000e+01
   5.9354730e-01  -1.4399976e+01   2.1084700e+01
   5.9354730e-01  -9.6000224e+00   1.9471900e+01
   5.9354730e-01  -4.7999998e+00   1.8429800e+01
   5.9354730e-01  -1.4312486e-14   1.7983600e+01
   5.9354730e-01   4.7999998e+00   1.8143000e+01
   5.9354730e-01   9.6000224e+00   1.8901500e+01
   5.9354730e-01   1.4399976e+01   2.0236800e+01
   5.9354730e-01   1.9199988e+01   2.2111600e+01
   5.9354730e-01   2.3999999e+01   2.4474200e+01
   5.9354730e-01   2.8800010e+01   2.7260300e+01
   5.9354730e-01   3.3600021e+01   3.0394900e+01
   5.9354730e-01   3.8399975e+01   3.3793900e+01
   5.9354730e-01   4.3199986e+01   3.7367300e+01
   5.9354730e-01   4.7999998e+01   4.1021000e+01
   5.9354730e-01   5.2800009e+01   4.4659700e+01
   5.9354730e-01   5.7600020e+01   4.8189500e+01
   5.9354730e-01   6.2400261e+01   5.1520000e+01
   5.9354730e-01   6.7199928e+01   5.4567100e+01
   5.9354730e-01   7.2000168e+01   5.7254700e+01
   5.9526582e-01  -7.2000168e+01   6.3459700e+01
   5.9526582e-01  -6.7199928e+01   6.0713500e+01
   5.9526582e-01  -6.2400261e+01   5.7590800e+01
   5.9526582e-01  -5.7600020e+01   5.4167100e+01
   5.9526582e-01  -5.2800009e+01   5.0526000e+01
   5.9526582e-01  -4.7999998e+01   4.6757200e+01
   5.9526582e-01  -4.3199986e+01   4.2954100e+01
   5.9526582e-01  -3.8399975e+01   3.9211400e+01
   5.9526582e-01  -3.3600021e+01   3.5623200e+01
   5.9526582e-01  -2.8800010e+01   3.2279800e+01
   5.9526582e-01  -2.3999999e+01   2.9265900e+01
   5.9526582e-01  -1.9199988e+01   2.6657600e+01
   5.9526582e-01  -1.4399976e+01   2.4520900e+01
   5.9526582e-01  -9.6000224e+00   2.2909600e+01
   5.9526582e-01  -4.7999998e+00   2.1863700e+01
   5.9526582e-01  -1.4312486e-14   2.1408300e+01
   5.9526582e-01   4.7999998e+00   2.1553100e+01
   5.9526582e-01   9.6000224e+00   2.2291600e+01
   5.9526582e-01   1.4399976e+01   2.3602100e+01
   5.9526582e-01   1.9199988e+01   2.5447300e+01
   5.9526582e-01   2.3999999e+01   2.7776000e+01
   5.9526582e-01   2.8800010e+01   3.0524600e+01
   5.9526582e-01   3.3600021e+01   3.3618500e+01
   5.9526582e-01   3.8399975e+01   3.6974400e+01
   5.9526582e-01   4.3199986e+01   4.0502900e+01
   5.9526582e-01   4.7999998e+01   4.4110500e+01
   5.9526582e-01   5.2800009e+01   4.7702900e+01
   5.9526582e-01   5.7600020e+01   5.1186600e+01
   5.9526582e-01   6.2400261e+01   5.4472200e+01
   5.9526582e-01   6.7199928e+01   5.7476000e+01
   5.9526582e-01   7.2000168e+01   6.0122400e+01
   5.9698317e-01  -7.2000168e+01   6.6941700e+01
   5.9698317e-01  -6.7199928e+01   6.4227100e+01
   5.9698317e-01  -6.2400261e+01   6.1136400e+01
   5.9698317e-01  -5.7600020e+01   5.7744900e+01
   5.9698317e-01  -5.2800009e+01   5.4135400e+01
   5.9698317e-01  -4.7999998e+01   5.0397000e+01
   5.9698317e-01  -4.3199986e+01   4.6622500e+01
   5.9698317e-01  -3.8399975e+01   4.2906200e+01
   5.9698317e-01  -3.3600021e+01   3.9341300e+01
   5.9698317e-01  -2.8800010e+01   3.6017900e+01
   5.9698317e-01  -2.3999999e+01   3.3019800e+01
   5.9698317e-01  -1.9199988e+01   3.0423000e+01
   5.9698317e-01  -1.4399976e+01   2.8292900e+01
   5.9698317e-01  -9.6000224e+00   2.6683100e+01
   5.9698317e-01  -4.7999998e+00   2.5633400e+01
   5.9698317e-01  -1.4312486e-14   2.5168800e+01
   5.9698317e-01   4.7999998e+00   2.5299000e+01
   5.9698317e-01   9.6000224e+00   2.6017700e+01
   5.9698317e-01   1.4399976e+01   2.7303300e+01
   5.9698317e-01   1.9199988e+01   2.9119000e+01
   5.9698317e-01   2.3999999e+01   3.1414100e+01
   5.9698317e-01   2.8800010e+01   3.4125200e+01
   5.9698317e-01   3.3600021e+01   3.7178500e+01
   5.9698317e-01   3.8399975e+01   4.0491400e+01
   5.9698317e-01   4.3199986e+01   4.3975000e+01
   5.9698317e-01   4.7999998e+01   4.7536800e+01
   5.9698317e-01   5.2800009e+01   5.1082900e+01
   5.9698317e-01   5.7600020e+01   5.4520800e+01
   5.9698317e-01   6.2400261e+01   5.7761400e+01
   5.9698317e-01   6.7199928e+01   6.0722000e+01
   5.9698317e-01   7.2000168e+01   6.3327600e+01
   5.9869934e-01  -7.2000168e+01   7.0766900e+01
   5.9869934e-01  -6.7199928e+01   6.8083800e+01
   5.9869934e-01  -6.2400261e+01   6.5025300e+01
   5.9869934e-01  -5.7600020e+01   6.1665800e+01
   5.9869934e-01  -5.2800009e+01   5.8087800e+01
   5.9869934e-01  -4.7999998e+01   5.4379700e+01
   5.9869934e-01  -4.3199986e+01   5.0633800e+01
   5.9869934e-01  -3.8399975e+01   4.6943700e+01
   5.9869934e-01  -3.3600021e+01   4.3402200e+01
   5.9869934e-01  -2.8800010e+01   4.0098600e+01
   5.9869934e-01  -2.3999999e+01   3.7116400e+01
   5.9869934e-01  -1.9199988e+01   3.4531000e+01
   5.9869934e-01  -1.4399976e+01   3.2407500e+01
   5.9869934e-01  -9.6000224e+00   3.0799200e+01
   5.9869934e-01  -4.7999998e+00   2.9745700e+01
   5.9869934e-01  -1.4312486e-14   2.9272000e+01
   5.9869934e-01   4.7999998e+00   2.9387600e+01
   5.9869934e-01   9.6000224e+00   3.0086600e+01
   5.9869934e-01   1.4399976e+01   3.1347500e+01
   5.9869934e-01   1.9199988e+01   3.3133700e+01
   5.9869934e-01   2.3999999e+01   3.5395100e+01
   5.9869934e-01   2.8800010e+01   3.8069000e+01
   5.9869934e-01   3.3600021e+01   4.1081800e+01
   5.9869934e-01   3.8399975e+01   4.4351800e+01
   5.9869934e-01   4.3199986e+01   4.7790700e+01
   5.9869934e-01   4.7999998e+01   5.1306800e+01
   5.9869934e-01   5.2800009e+01   5.4806800e+01
   5.9869934e-01   5.7600020e+01   5.8198900e+01
   5.9869934e-01   6.2400261e+01   6.1394900e+01
   5.9869934e-01   6.7199928e+01   6.4312400e+01
   5.9869934e-01   7.2000168e+01   6.6877100e+01
   6.0041430e-01  -7.2000168e+01   7.4941900e+01
   6.0041430e-01  -6.7199928e+01   7.2290300e+01
   6.0041430e-01  -6.2400261e+01   6.9263700e+01
   6.0041430e-01  -5.7600020e+01   6.5936100e+01
   6.0041430e-01  -5.2800009e+01   6.2389500e+01
   6.0041430e-01  -4.7999998e+01   5.8711700e+01
   6.0041430e-01  -4.3199986e+01   5.4994200e+01
   6.0041430e-01  -3.8399975e+01   5.1330300e+01
   6.0041430e-01  -3.3600021e+01   4.7812100e+01
   6.0041430e-01  -2.8800010e+01   4.4528300e+01
   6.0041430e-01  -2.3999999e+01   4.1562000e+01
   6.0041430e-01  -1.9199988e+01   3.8988000e+01
   6.0041430e-01  -1.4399976e+01   3.6871100e+01
   6.0041430e-01  -9.6000224e+00   3.5264400e+01
   6.0041430e-01  -4.7999998e+00   3.4207100e+01
   6.0041430e-01  -1.4312486e-14   3.3724200e+01
   6.0041430e-01   4.7999998e+00   3.3825400e+01
   6.0041430e-01   9.6000224e+00   3.4504700e+01
   6.0041430e-01   1.4399976e+01   3.5740900e+01
   6.0041430e-01   1.9199988e+01   3.7497900e+01
   6.0041430e-01   2.3999999e+01   3.9725800e+01
   6.0041430e-01   2.8800010e+01   4.2362400e+01
   6.0041430e-01   3.3600021e+01   4.5334900e+01
   6.0041430e-01   3.8399975e+01   4.8562100e+01
   6.0041430e-01   4.3199986e+01   5.1956500e+01
   6.0041430e-01   4.7999998e+01   5.5427000e+01
   6.0041430e-01   5.2800009e+01   5.8881100e+01
   6.0041430e-01   5.7600020e+01   6.2227500e+01
   6.0041430e-01   6.2400261e+01   6.5378900e+01
   6.0041430e-01   6.7199928e+01   6.8253500e+01
   6.0041430e-01   7.2000168e+01   7.0777500e+01
   6.0212802e-01  -7.2000168e+01   7.9472600e+01
   6.0212802e-01  -6.7199928e+01   7.6852300e+01
   6.0212802e-01  -6.2400261e+01   7.3857600e+01
   6.0212802e-01  -5.7600020e+01   7.0561900e+01
   6.0212802e-01  -5.2800009e+01   6.7046500e+01
   6.0212802e-01  -4.7999998e+01   6.3398900e+01
   6.0212802e-01  -4.3199986e+01   5.9709900e+01
   6.0212802e-01  -3.8399975e+01   5.6072100e+01
   6.0212802e-01  -3.3600021e+01   5.2577100e+01
   6.0212802e-01  -2.8800010e+01   4.9313100e+01
   6.0212802e-01  -2.3999999e+01   4.6362500e+01
   6.0212802e-01  -1.9199988e+01   4.3799900e+01
   6.0212802e-01  -1.4399976e+01   4.1689700e+01
   6.0212802e-01  -9.6000224e+00   4.0084500e+01
   6.0212802e-01  -4.7999998e+00   3.9023500e+01
   6.0212802e-01  -1.4312486e-14   3.8531500e+01
   6.0212802e-01   4.7999998e+00   3.8618300e+01
   6.0212802e-01   9.6000224e+00   3.9278100e+01
   6.0212802e-01   1.4399976e+01   4.0489700e+01
   6.0212802e-01   1.9199988e+01   4.2217400e+01
   6.0212802e-01   2.3999999e+01   4.4411900e+01
   6.0212802e-01   2.8800010e+01   4.7011400e+01
   6.0212802e-01   3.3600021e+01   4.9943800e+01
   6.0212802e-01   3.8399975e+01   5.3128400e+01
   6.0212802e-01   4.3199986e+01   5.6478400e+01
   6.0212802e-01   4.7999998e+01   5.9903500e+01
   6.0212802e-01   5.2800009e+01   6.3311700e+01
   6.0212802e-01   5.7600020e+01   6.6612800e+01
   6.0212802e-01   6.2400261e+01   6.9719700e+01
   6.0212802e-01   6.7199928e+01   7.2551500e+01
   6.0212802e-01   7.2000168e+01   7.5035000e+01
