#sin^2(theta23) Delta_CP/deg Delta_chi^2
   4.1501643e-01   1.8599986e+02   1.2292100e+02
   4.1501643e-01   1.9199988e+02   1.1194300e+02
   4.1501643e-01   1.9799989e+02   1.0252300e+02
   4.1501643e-01   2.0399990e+02   9.4659300e+01
   4.1501643e-01   2.0999992e+02   8.8300400e+01
   4.1501643e-01   2.1599993e+02   8.3347800e+01
   4.1501643e-01   2.2199995e+02   7.9666400e+01
   4.1501643e-01   2.2799996e+02   7.7093700e+01
   4.1501643e-01   2.3399997e+02   7.5450400e+01
   4.1501643e-01   2.3999999e+02   7.4551300e+01
   4.1501643e-01   2.4600000e+02   7.4216000e+01
   4.1501643e-01   2.5200002e+02   7.4279300e+01
   4.1501643e-01   2.5800003e+02   7.4599100e+01
   4.1501643e-01   2.6400004e+02   7.5064800e+01
   4.1501643e-01   2.7000006e+02   7.5602400e+01
   4.1501643e-01   2.7600007e+02   7.6178600e+01
   4.1501643e-01   2.8200009e+02   7.6803500e+01
   4.1501643e-01   2.8800010e+02   7.7530700e+01
   4.1501643e-01   2.9400011e+02   7.8456500e+01
   4.1501643e-01   3.0000013e+02   7.9716200e+01
   4.1501643e-01   3.0600014e+02   8.1478700e+01
   4.1501643e-01   3.1200016e+02   8.3938800e+01
   4.1501643e-01   3.1800017e+02   8.7306200e+01
   4.1501643e-01   3.2400018e+02   9.1792600e+01
   4.1501643e-01   3.3000020e+02   9.7595700e+01
   4.1501643e-01   3.3600021e+02   1.0488300e+02
   4.1501643e-01   3.4200023e+02   1.1377500e+02
   4.1501643e-01   3.4800024e+02   1.2432900e+02
   4.1501643e-01   3.5400025e+02   1.3652700e+02
   4.1501643e-01   3.6000027e+02   1.5026900e+02
   4.1748110e-01   1.7999985e+02   1.2560400e+02
   4.1748110e-01   1.8599986e+02   1.1318100e+02
   4.1748110e-01   1.9199988e+02   1.0224300e+02
   4.1748110e-01   1.9799989e+02   9.2845100e+01
   4.1748110e-01   2.0399990e+02   8.4988900e+01
   4.1748110e-01   2.0999992e+02   7.8622600e+01
   4.1748110e-01   2.1599993e+02   7.3649500e+01
   4.1748110e-01   2.2199995e+02   6.9936300e+01
   4.1748110e-01   2.2799996e+02   6.7322400e+01
   4.1748110e-01   2.3399997e+02   6.5630500e+01
   4.1748110e-01   2.3999999e+02   6.4677600e+01
   4.1748110e-01   2.4600000e+02   6.4285300e+01
   4.1748110e-01   2.5200002e+02   6.4290200e+01
   4.1748110e-01   2.5800003e+02   6.4552000e+01
   4.1748110e-01   2.6400004e+02   6.4961100e+01
   4.1748110e-01   2.7000006e+02   6.5444800e+01
   4.1748110e-01   2.7600007e+02   6.5970500e+01
   4.1748110e-01   2.8200009e+02   6.6548600e+01
   4.1748110e-01   2.8800010e+02   6.7232800e+01
   4.1748110e-01   2.9400011e+02   6.8119300e+01
   4.1748110e-01   3.0000013e+02   6.9342600e+01
   4.1748110e-01   3.0600014e+02   7.1071100e+01
   4.1748110e-01   3.1200016e+02   7.3498400e+01
   4.1748110e-01   3.1800017e+02   7.6833000e+01
   4.1748110e-01   3.2400018e+02   8.1285100e+01
   4.1748110e-01   3.3000020e+02   8.7051400e+01
   4.1748110e-01   3.3600021e+02   9.4298000e+01
   4.1748110e-01   3.4200023e+02   1.0314400e+02
   4.1748110e-01   3.4800024e+02   1.1364600e+02
   4.1748110e-01   3.5400025e+02   1.2578600e+02
   4.1748110e-01   3.6000027e+02   1.3946600e+02
   4.1994784e-01   1.7999985e+02   1.1662500e+02
   4.1994784e-01   1.8599986e+02   1.0425700e+02
   4.1994784e-01   1.9199988e+02   9.3357600e+01
   4.1994784e-01   1.9799989e+02   8.3982700e+01
   4.1994784e-01   2.0399990e+02   7.6133800e+01
   4.1994784e-01   2.0999992e+02   6.9760500e+01
   4.1994784e-01   2.1599993e+02   6.4767300e+01
   4.1994784e-01   2.2199995e+02   6.1022800e+01
   4.1994784e-01   2.2799996e+02   5.8368100e+01
   4.1994784e-01   2.3399997e+02   5.6628200e+01
   4.1994784e-01   2.3999999e+02   5.5622100e+01
   4.1994784e-01   2.4600000e+02   5.5173500e+01
   4.1994784e-01   2.5200002e+02   5.5120600e+01
   4.1994784e-01   2.5800003e+02   5.5324800e+01
   4.1994784e-01   2.6400004e+02   5.5678000e+01
   4.1994784e-01   2.7000006e+02   5.6108300e+01
   4.1994784e-01   2.7600007e+02   5.6584000e+01
   4.1994784e-01   2.8200009e+02   5.7115700e+01
   4.1994784e-01   2.8800010e+02   5.7757500e+01
   4.1994784e-01   2.9400011e+02   5.8604900e+01
   4.1994784e-01   3.0000013e+02   5.9792300e+01
   4.1994784e-01   3.0600014e+02   6.1487100e+01
   4.1994784e-01   3.1200016e+02   6.3881900e+01
   4.1994784e-01   3.1800017e+02   6.7183900e+01
   4.1994784e-01   3.2400018e+02   7.1602100e+01
   4.1994784e-01   3.3000020e+02   7.7331700e+01
   4.1994784e-01   3.3600021e+02   8.4537700e+01
   4.1994784e-01   3.4200023e+02   9.3338000e+01
   4.1994784e-01   3.4800024e+02   1.0378900e+02
   4.1994784e-01   3.5400025e+02   1.1587200e+02
   4.1994784e-01   3.6000027e+02   1.2948800e+02
   4.2241658e-01   1.7999985e+02   1.0844900e+02
   4.2241658e-01   1.8599986e+02   9.6135100e+01
   4.2241658e-01   1.9199988e+02   8.5273800e+01
   4.2241658e-01   1.9799989e+02   7.5921800e+01
   4.2241658e-01   2.0399990e+02   6.8080400e+01
   4.2241658e-01   2.0999992e+02   6.1700300e+01
   4.2241658e-01   2.1599993e+02   5.6687400e+01
   4.2241658e-01   2.2199995e+02   5.2911900e+01
   4.2241658e-01   2.2799996e+02   5.0217100e+01
   4.2241658e-01   2.3399997e+02   4.8429700e+01
   4.2241658e-01   2.3999999e+02   4.7371000e+01
   4.2241658e-01   2.4600000e+02   4.6866600e+01
   4.2241658e-01   2.5200002e+02   4.6756600e+01
   4.2241658e-01   2.5800003e+02   4.6903900e+01
   4.2241658e-01   2.6400004e+02   4.7201700e+01
   4.2241658e-01   2.7000006e+02   4.7579200e+01
   4.2241658e-01   2.7600007e+02   4.8005300e+01
   4.2241658e-01   2.8200009e+02   4.8491200e+01
   4.2241658e-01   2.8800010e+02   4.9090900e+01
   4.2241658e-01   2.9400011e+02   4.9899700e+01
   4.2241658e-01   3.0000013e+02   5.1051500e+01
   4.2241658e-01   3.0600014e+02   5.2712900e+01
   4.2241658e-01   3.1200016e+02   5.5075500e+01
   4.2241658e-01   3.1800017e+02   5.8345300e+01
   4.2241658e-01   3.2400018e+02   6.2729900e+01
   4.2241658e-01   3.3000020e+02   6.8423000e+01
   4.2241658e-01   3.3600021e+02   7.5588500e+01
   4.2241658e-01   3.4200023e+02   8.4343500e+01
   4.2241658e-01   3.4800024e+02   9.4743100e+01
   4.2241658e-01   3.5400025e+02   1.0676900e+02
   4.2241658e-01   3.6000027e+02   1.2032300e+02
   4.2488727e-01   1.7999985e+02   1.0105700e+02
   4.2488727e-01   1.8599986e+02   8.8798300e+01
   4.2488727e-01   1.9199988e+02   7.7975600e+01
   4.2488727e-01   1.9799989e+02   6.8646500e+01
   4.2488727e-01   2.0399990e+02   6.0812800e+01
   4.2488727e-01   2.0999992e+02   5.4426100e+01
   4.2488727e-01   2.1599993e+02   4.9393900e+01
   4.2488727e-01   2.2199995e+02   4.5587900e+01
   4.2488727e-01   2.2799996e+02   4.2853400e+01
   4.2488727e-01   2.3399997e+02   4.1019200e+01
   4.2488727e-01   2.3999999e+02   3.9908500e+01
   4.2488727e-01   2.4600000e+02   3.9348900e+01
   4.2488727e-01   2.5200002e+02   3.9182300e+01
   4.2488727e-01   2.5800003e+02   3.9273300e+01
   4.2488727e-01   2.6400004e+02   3.9516400e+01
   4.2488727e-01   2.7000006e+02   3.9841600e+01
   4.2488727e-01   2.7600007e+02   4.0218700e+01
   4.2488727e-01   2.8200009e+02   4.0659200e+01
   4.2488727e-01   2.8800010e+02   4.1217200e+01
   4.2488727e-01   2.9400011e+02   4.1987900e+01
   4.2488727e-01   3.0000013e+02   4.3104500e+01
   4.2488727e-01   3.0600014e+02   4.4732900e+01
   4.2488727e-01   3.1200016e+02   4.7063600e+01
   4.2488727e-01   3.1800017e+02   5.0301400e+01
   4.2488727e-01   3.2400018e+02   5.4652500e+01
   4.2488727e-01   3.3000020e+02   6.0309600e+01
   4.2488727e-01   3.3600021e+02   6.7434900e+01
   4.2488727e-01   3.4200023e+02   7.6144700e+01
   4.2488727e-01   3.4800024e+02   8.6493500e+01
   4.2488727e-01   3.5400025e+02   9.8463100e+01
   4.2488727e-01   3.6000027e+02   1.1195500e+02
   4.2735982e-01   1.7999985e+02   9.4434500e+01
   4.2735982e-01   1.8599986e+02   8.2229300e+01
   4.2735982e-01   1.9199988e+02   7.1445100e+01
   4.2735982e-01   1.9799989e+02   6.2138800e+01
   4.2735982e-01   2.0399990e+02   5.4312900e+01
   4.2735982e-01   2.0999992e+02   4.7919900e+01
   4.2735982e-01   2.1599993e+02   4.2868800e+01
   4.2735982e-01   2.2199995e+02   3.9032800e+01
   4.2735982e-01   2.2799996e+02   3.6259100e+01
   4.2735982e-01   2.3399997e+02   3.4378600e+01
   4.2735982e-01   2.3999999e+02   3.3216500e+01
   4.2735982e-01   2.4600000e+02   3.2602400e+01
   4.2735982e-01   2.5200002e+02   3.2379900e+01
   4.2735982e-01   2.5800003e+02   3.2415200e+01
   4.2735982e-01   2.6400004e+02   3.2604000e+01
   4.2735982e-01   2.7000006e+02   3.2877500e+01
   4.2735982e-01   2.7600007e+02   3.3206200e+01
   4.2735982e-01   2.8200009e+02   3.3601800e+01
   4.2735982e-01   2.8800010e+02   3.4118600e+01
   4.2735982e-01   2.9400011e+02   3.4851500e+01
   4.2735982e-01   3.0000013e+02   3.5933300e+01
   4.2735982e-01   3.0600014e+02   3.7529000e+01
   4.2735982e-01   3.1200016e+02   3.9828100e+01
   4.2735982e-01   3.1800017e+02   4.3034200e+01
   4.2735982e-01   3.2400018e+02   4.7352300e+01
   4.2735982e-01   3.3000020e+02   5.2973500e+01
   4.2735982e-01   3.3600021e+02   6.0059000e+01
   4.2735982e-01   3.4200023e+02   6.8723900e+01
   4.2735982e-01   3.4800024e+02   7.9022200e+01
   4.2735982e-01   3.5400025e+02   9.0935500e+01
   4.2735982e-01   3.6000027e+02   1.0436600e+02
   4.2983420e-01   1.7999985e+02   8.8559600e+01
   4.2983420e-01   1.8599986e+02   7.6408100e+01
   4.2983420e-01   1.9199988e+02   6.5662100e+01
   4.2983420e-01   1.9799989e+02   5.6378700e+01
   4.2983420e-01   2.0399990e+02   4.8560700e+01
   4.2983420e-01   2.0999992e+02   4.2161700e+01
   4.2983420e-01   2.1599993e+02   3.7091900e+01
   4.2983420e-01   2.2199995e+02   3.3226400e+01
   4.2983420e-01   2.2799996e+02   3.0414100e+01
   4.2983420e-01   2.3399997e+02   2.8487900e+01
   4.2983420e-01   2.3999999e+02   2.7275000e+01
   4.2983420e-01   2.4600000e+02   2.6607000e+01
   4.2983420e-01   2.5200002e+02   2.6329200e+01
   4.2983420e-01   2.5800003e+02   2.6309400e+01
   4.2983420e-01   2.6400004e+02   2.6444600e+01
   4.2983420e-01   2.7000006e+02   2.6667000e+01
   4.2983420e-01   2.7600007e+02   2.6947700e+01
   4.2983420e-01   2.8200009e+02   2.7299000e+01
   4.2983420e-01   2.8800010e+02   2.7775000e+01
   4.2983420e-01   2.9400011e+02   2.8470600e+01
   4.2983420e-01   3.0000013e+02   2.9518000e+01
   4.2983420e-01   3.0600014e+02   3.1081300e+01
   4.2983420e-01   3.1200016e+02   3.3349200e+01
   4.2983420e-01   3.1800017e+02   3.6524000e+01
   4.2983420e-01   3.2400018e+02   4.0809300e+01
   4.2983420e-01   3.3000020e+02   4.6394800e+01
   4.2983420e-01   3.3600021e+02   5.3440800e+01
   4.2983420e-01   3.4200023e+02   6.2061200e+01
   4.2983420e-01   3.4800024e+02   7.2309400e+01
   4.2983420e-01   3.5400025e+02   8.4166700e+01
   4.2983420e-01   3.6000027e+02   9.7535800e+01
   4.3231033e-01   1.7999985e+02   8.3410700e+01
   4.3231033e-01   1.8599986e+02   7.1312600e+01
   4.3231033e-01   1.9199988e+02   6.0604800e+01
   4.3231033e-01   1.9799989e+02   5.1344100e+01
   4.3231033e-01   2.0399990e+02   4.3534200e+01
   4.3231033e-01   2.0999992e+02   3.7129400e+01
   4.3231033e-01   2.1599993e+02   3.2041400e+01
   4.3231033e-01   2.2199995e+02   2.8146700e+01
   4.3231033e-01   2.2799996e+02   2.5296300e+01
   4.3231033e-01   2.3399997e+02   2.3325000e+01
   4.3231033e-01   2.3999999e+02   2.2061900e+01
   4.3231033e-01   2.4600000e+02   2.1340600e+01
   4.3231033e-01   2.5200002e+02   2.1008200e+01
   4.3231033e-01   2.5800003e+02   2.0933900e+01
   4.3231033e-01   2.6400004e+02   2.1016200e+01
   4.3231033e-01   2.7000006e+02   2.1188000e+01
   4.3231033e-01   2.7600007e+02   2.1421300e+01
   4.3231033e-01   2.8200009e+02   2.1728700e+01
   4.3231033e-01   2.8800010e+02   2.2164500e+01
   4.3231033e-01   2.9400011e+02   2.2823200e+01
   4.3231033e-01   3.0000013e+02   2.3836500e+01
   4.3231033e-01   3.0600014e+02   2.5368000e+01
   4.3231033e-01   3.1200016e+02   2.7604900e+01
   4.3231033e-01   3.1800017e+02   3.0748700e+01
   4.3231033e-01   3.2400018e+02   3.5001500e+01
   4.3231033e-01   3.3000020e+02   4.0551800e+01
   4.3231033e-01   3.3600021e+02   4.7558500e+01
   4.3231033e-01   3.4200023e+02   5.6134700e+01
   4.3231033e-01   3.4800024e+02   6.6333000e+01
   4.3231033e-01   3.5400025e+02   7.8134800e+01
   4.3231033e-01   3.6000027e+02   9.1443000e+01
   4.3478815e-01   1.7999985e+02   7.8963900e+01
   4.3478815e-01   1.8599986e+02   6.6918800e+01
   4.3478815e-01   1.9199988e+02   5.6248900e+01
   4.3478815e-01   1.9799989e+02   4.7011000e+01
   4.3478815e-01   2.0399990e+02   3.9209300e+01
   4.3478815e-01   2.0999992e+02   3.2798900e+01
   4.3478815e-01   2.1599993e+02   2.7692900e+01
   4.3478815e-01   2.2199995e+02   2.3769600e+01
   4.3478815e-01   2.2799996e+02   2.0881600e+01
   4.3478815e-01   2.3399997e+02   1.8865800e+01
   4.3478815e-01   2.3999999e+02   1.7553200e+01
   4.3478815e-01   2.4600000e+02   1.6779300e+01
   4.3478815e-01   2.5200002e+02   1.6392900e+01
   4.3478815e-01   2.5800003e+02   1.6264800e+01
   4.3478815e-01   2.6400004e+02   1.6294600e+01
   4.3478815e-01   2.7000006e+02   1.6416600e+01
   4.3478815e-01   2.7600007e+02   1.6603000e+01
   4.3478815e-01   2.8200009e+02   1.6867100e+01
   4.3478815e-01   2.8800010e+02   1.7263100e+01
   4.3478815e-01   2.9400011e+02   1.7885400e+01
   4.3478815e-01   3.0000013e+02   1.8865100e+01
   4.3478815e-01   3.0600014e+02   2.0364900e+01
   4.3478815e-01   3.1200016e+02   2.2571400e+01
   4.3478815e-01   3.1800017e+02   2.5684400e+01
   4.3478815e-01   3.2400018e+02   2.9905000e+01
   4.3478815e-01   3.3000020e+02   3.5420400e+01
   4.3478815e-01   3.3600021e+02   4.2388200e+01
   4.3478815e-01   3.4200023e+02   5.0920500e+01
   4.3478815e-01   3.4800024e+02   6.1069400e+01
   4.3478815e-01   3.5400025e+02   7.2816100e+01
   4.3478815e-01   3.6000027e+02   8.6063700e+01
   4.3726760e-01   1.7999985e+02   7.5193200e+01
   4.3726760e-01   1.8599986e+02   6.3200800e+01
   4.3726760e-01   1.9199988e+02   5.2568500e+01
   4.3726760e-01   1.9799989e+02   4.3353400e+01
   4.3726760e-01   2.0399990e+02   3.5559900e+01
   4.3726760e-01   2.0999992e+02   2.9144200e+01
   4.3726760e-01   2.1599993e+02   2.4020700e+01
   4.3726760e-01   2.2199995e+02   2.0069100e+01
   4.3726760e-01   2.2799996e+02   1.7144100e+01
   4.3726760e-01   2.3399997e+02   1.5084300e+01
   4.3726760e-01   2.3999999e+02   1.3722800e+01
   4.3726760e-01   2.4600000e+02   1.2896900e+01
   4.3726760e-01   2.5200002e+02   1.2457200e+01
   4.3726760e-01   2.5800003e+02   1.2275900e+01
   4.3726760e-01   2.6400004e+02   1.2254000e+01
   4.3726760e-01   2.7000006e+02   1.2326600e+01
   4.3726760e-01   2.7600007e+02   1.2466800e+01
   4.3726760e-01   2.8200009e+02   1.2688100e+01
   4.3726760e-01   2.8800010e+02   1.3044800e+01
   4.3726760e-01   2.9400011e+02   1.3631100e+01
   4.3726760e-01   3.0000013e+02   1.4577600e+01
   4.3726760e-01   3.0600014e+02   1.6046300e+01
   4.3726760e-01   3.1200016e+02   1.8222600e+01
   4.3726760e-01   3.1800017e+02   2.1305300e+01
   4.3726760e-01   3.2400018e+02   2.5494100e+01
   4.3726760e-01   3.3000020e+02   3.0974900e+01
   4.3726760e-01   3.3600021e+02   3.7904100e+01
   4.3726760e-01   3.4200023e+02   4.6392900e+01
   4.3726760e-01   3.4800024e+02   5.6492800e+01
   4.3726760e-01   3.5400025e+02   6.8184600e+01
   4.3726760e-01   3.6000027e+02   8.1372100e+01
   4.3974862e-01   1.7999985e+02   7.2070800e+01
   4.3974862e-01   1.8599986e+02   6.0130600e+01
   4.3974862e-01   1.9199988e+02   4.9535800e+01
   4.3974862e-01   1.9799989e+02   4.0343400e+01
   4.3974862e-01   2.0399990e+02   3.2558200e+01
   4.3974862e-01   2.0999992e+02   2.6137400e+01
   4.3974862e-01   2.1599993e+02   2.0996600e+01
   4.3974862e-01   2.2199995e+02   1.7017300e+01
   4.3974862e-01   2.2799996e+02   1.4055700e+01
   4.3974862e-01   2.3399997e+02   1.1952600e+01
   4.3974862e-01   2.3999999e+02   1.0542900e+01
   4.3974862e-01   2.4600000e+02   9.6657000e+00
   4.3974862e-01   2.5200002e+02   9.1732900e+00
   4.3974862e-01   2.5800003e+02   8.9395000e+00
   4.3974862e-01   2.6400004e+02   8.8665200e+00
   4.3974862e-01   2.7000006e+02   8.8903900e+00
   4.3974862e-01   2.7600007e+02   8.9849200e+00
   4.3974862e-01   2.8200009e+02   9.1639400e+00
   4.3974862e-01   2.8800010e+02   9.4819000e+00
   4.3974862e-01   2.9400011e+02   1.0032700e+01
   4.3974862e-01   3.0000013e+02   1.0946500e+01
   4.3974862e-01   3.0600014e+02   1.2384400e+01
   4.3974862e-01   3.1200016e+02   1.4530900e+01
   4.3974862e-01   3.1800017e+02   1.7583600e+01
   4.3974862e-01   3.2400018e+02   2.1741000e+01
   4.3974862e-01   3.3000020e+02   2.7187500e+01
   4.3974862e-01   3.3600021e+02   3.4078500e+01
   4.3974862e-01   3.4200023e+02   4.2524200e+01
   4.3974862e-01   3.4800024e+02   5.2575400e+01
   4.3974862e-01   3.5400025e+02   6.4212900e+01
   4.3974862e-01   3.6000027e+02   7.7340700e+01
   4.4223114e-01   1.7999985e+02   6.9567100e+01
   4.4223114e-01   1.8599986e+02   5.7678800e+01
   4.4223114e-01   1.9199988e+02   4.7121200e+01
   4.4223114e-01   1.9799989e+02   3.7951300e+01
   4.4223114e-01   2.0399990e+02   3.0174500e+01
   4.4223114e-01   2.0999992e+02   2.3748800e+01
   4.4223114e-01   2.1599993e+02   1.8591200e+01
   4.4223114e-01   2.2199995e+02   1.4584500e+01
   4.4223114e-01   2.2799996e+02   1.1587000e+01
   4.4223114e-01   2.3399997e+02   9.4411300e+00
   4.4223114e-01   2.3999999e+02   7.9838100e+00
   4.4223114e-01   2.4600000e+02   7.0559400e+00
   4.4223114e-01   2.5200002e+02   6.5115600e+00
   4.4223114e-01   2.5800003e+02   6.2259400e+00
   4.4223114e-01   2.6400004e+02   6.1025100e+00
   4.4223114e-01   2.7000006e+02   6.0782900e+00
   4.4223114e-01   2.7600007e+02   6.1277400e+00
   4.4223114e-01   2.8200009e+02   6.2650700e+00
   4.4223114e-01   2.8800010e+02   6.5447900e+00
   4.4223114e-01   2.9400011e+02   7.0605700e+00
   4.4223114e-01   3.0000013e+02   7.9420600e+00
   4.4223114e-01   3.0600014e+02   9.3496400e+00
   4.4223114e-01   3.1200016e+02   1.1466800e+01
   4.4223114e-01   3.1800017e+02   1.4489900e+01
   4.4223114e-01   3.2400018e+02   1.8616200e+01
   4.4223114e-01   3.3000020e+02   2.4028900e+01
   4.4223114e-01   3.3600021e+02   3.0882000e+01
   4.4223114e-01   3.4200023e+02   3.9284900e+01
   4.4223114e-01   3.4800024e+02   4.9287900e+01
   4.4223114e-01   3.5400025e+02   6.0871400e+01
   4.4223114e-01   3.6000027e+02   7.3940000e+01
   4.4471511e-01   1.7999985e+02   6.7650800e+01
   4.4471511e-01   1.8599986e+02   5.5814000e+01
   4.4471511e-01   1.9199988e+02   4.5293300e+01
   4.4471511e-01   1.9799989e+02   3.6145900e+01
   4.4471511e-01   2.0399990e+02   2.8377500e+01
   4.4471511e-01   2.0999992e+02   2.1947200e+01
   4.4471511e-01   2.1599993e+02   1.6772900e+01
   4.4471511e-01   2.2199995e+02   1.2739400e+01
   4.4471511e-01   2.2799996e+02   9.7064600e+00
   4.4471511e-01   2.3399997e+02   7.5184500e+00
   4.4471511e-01   2.3999999e+02   6.0141700e+00
   4.4471511e-01   2.4600000e+02   5.0363500e+00
   4.4471511e-01   2.5200002e+02   4.4406700e+00
   4.4471511e-01   2.5800003e+02   4.1039000e+00
   4.4471511e-01   2.6400004e+02   3.9307000e+00
   4.4471511e-01   2.7000006e+02   3.8590200e+00
   4.4471511e-01   2.7600007e+02   3.8640100e+00
   4.4471511e-01   2.8200009e+02   3.9602200e+00
   4.4471511e-01   2.8800010e+02   4.2022400e+00
   4.4471511e-01   2.9400011e+02   4.6835100e+00
   4.4471511e-01   3.0000013e+02   5.5331800e+00
   4.4471511e-01   3.0600014e+02   6.9108600e+00
   4.4471511e-01   3.1200016e+02   8.9990100e+00
   4.4471511e-01   3.1800017e+02   1.1993000e+01
   4.4471511e-01   3.2400018e+02   1.6088500e+01
   4.4471511e-01   3.3000020e+02   2.1467700e+01
   4.4471511e-01   3.3600021e+02   2.8283500e+01
   4.4471511e-01   3.4200023e+02   3.6644000e+01
   4.4471511e-01   3.4800024e+02   4.6599100e+01
   4.4471511e-01   3.5400025e+02   5.8129100e+01
   4.4471511e-01   3.6000027e+02   7.1138900e+01
   4.4720046e-01   1.7999985e+02   6.6289100e+01
   4.4720046e-01   1.8599986e+02   5.4503200e+01
   4.4720046e-01   1.9199988e+02   4.4019300e+01
   4.4720046e-01   1.9799989e+02   3.4894200e+01
   4.4720046e-01   2.0399990e+02   2.7134300e+01
   4.4720046e-01   2.0999992e+02   2.0699500e+01
   4.4720046e-01   2.1599993e+02   1.5509000e+01
   4.4720046e-01   2.2199995e+02   1.1449100e+01
   4.4720046e-01   2.2799996e+02   8.3812300e+00
   4.4720046e-01   2.3399997e+02   6.1516900e+00
   4.4720046e-01   2.3999999e+02   4.6011100e+00
   4.4720046e-01   2.4600000e+02   3.5740100e+00
   4.4720046e-01   2.5200002e+02   2.9277400e+00
   4.4720046e-01   2.5800003e+02   2.5405100e+00
   4.4720046e-01   2.6400004e+02   2.3182100e+00
   4.4720046e-01   2.7000006e+02   2.1997400e+00
   4.4720046e-01   2.7600007e+02   2.1608800e+00
   4.4720046e-01   2.8200009e+02   2.2165600e+00
   4.4720046e-01   2.8800010e+02   2.4214400e+00
   4.4720046e-01   2.9400011e+02   2.8687100e+00
   4.4720046e-01   3.0000013e+02   3.6870400e+00
   4.4720046e-01   3.0600014e+02   5.0352700e+00
   4.4720046e-01   3.1200016e+02   7.0948800e+00
   4.4720046e-01   3.1800017e+02   1.0060000e+01
   4.4720046e-01   3.2400018e+02   1.4125300e+01
   4.4720046e-01   3.3000020e+02   1.9471400e+01
   4.4720046e-01   3.3600021e+02   2.6250100e+01
   4.4720046e-01   3.4200023e+02   3.4568700e+01
   4.4720046e-01   3.4800024e+02   4.4476400e+01
   4.4720046e-01   3.5400025e+02   5.5953400e+01
   4.4720046e-01   3.6000027e+02   6.8904900e+01
   4.4968713e-01   1.7999985e+02   6.5447700e+01
   4.4968713e-01   1.8599986e+02   5.3712300e+01
   4.4968713e-01   1.9199988e+02   4.3264700e+01
   4.4968713e-01   1.9799989e+02   3.4161900e+01
   4.4968713e-01   2.0399990e+02   2.6410500e+01
   4.4968713e-01   2.0999992e+02   1.9971400e+01
   4.4968713e-01   2.1599993e+02   1.4765100e+01
   4.4968713e-01   2.2199995e+02   1.0679200e+01
   4.4968713e-01   2.2799996e+02   7.5769600e+00
   4.4968713e-01   2.3399997e+02   5.3065000e+00
   4.4968713e-01   2.3999999e+02   3.7102900e+00
   4.4968713e-01   2.4600000e+02   2.6346000e+00
   4.4968713e-01   2.5200002e+02   1.9384400e+00
   4.4968713e-01   2.5800003e+02   1.5014700e+00
   4.4968713e-01   2.6400004e+02   1.2307600e+00
   4.4968713e-01   2.7000006e+02   1.0661500e+00
   4.4968713e-01   2.7600007e+02   9.8408600e-01
   4.4968713e-01   2.8200009e+02   9.9983500e-01
   4.4968713e-01   2.8800010e+02   1.1681200e+00
   4.4968713e-01   2.9400011e+02   1.5819300e+00
   4.4968713e-01   3.0000013e+02   2.3694200e+00
   4.4968713e-01   3.0600014e+02   3.6886600e+00
   4.4968713e-01   3.1200016e+02   5.7201600e+00
   4.4968713e-01   3.1800017e+02   8.6569500e+00
   4.4968713e-01   3.2400018e+02   1.2692300e+01
   4.4968713e-01   3.3000020e+02   1.8005700e+01
   4.4968713e-01   3.3600021e+02   2.4747800e+01
   4.4968713e-01   3.4200023e+02   3.3024900e+01
   4.4968713e-01   3.4800024e+02   4.2885600e+01
   4.4968713e-01   3.5400025e+02   5.4310100e+01
   4.4968713e-01   3.6000027e+02   6.7203800e+01
   4.5217506e-01   1.7999985e+02   6.5091000e+01
   4.5217506e-01   1.8599986e+02   5.3405600e+01
   4.5217506e-01   1.9199988e+02   4.2994100e+01
   4.5217506e-01   1.9799989e+02   3.3913400e+01
   4.5217506e-01   2.0399990e+02   2.6170600e+01
   4.5217506e-01   2.0999992e+02   1.9727400e+01
   4.5217506e-01   2.1599993e+02   1.4505500e+01
   4.5217506e-01   2.2199995e+02   1.0394000e+01
   4.5217506e-01   2.2799996e+02   7.2580000e+00
   4.5217506e-01   2.3399997e+02   4.9472500e+00
   4.5217506e-01   2.3999999e+02   3.3060700e+00
   4.5217506e-01   2.4600000e+02   2.1825000e+00
   4.5217506e-01   2.5200002e+02   1.4371600e+00
   4.5217506e-01   2.5800003e+02   9.5115500e-01
   4.5217506e-01   2.6400004e+02   6.3273600e-01
   4.5217506e-01   2.7000006e+02   4.2267100e-01
   4.5217506e-01   2.7600007e+02   2.9803800e-01
   4.5217506e-01   2.8200009e+02   2.7446900e-01
   4.5217506e-01   2.8800010e+02   4.0674700e-01
   4.5217506e-01   2.9400011e+02   7.8763100e-01
   4.5217506e-01   3.0000013e+02   1.5447700e+00
   4.5217506e-01   3.0600014e+02   2.8355100e+00
   4.5217506e-01   3.1200016e+02   4.8393600e+00
   4.5217506e-01   3.1800017e+02   7.7482100e+00
   4.5217506e-01   3.2400018e+02   1.1754100e+01
   4.5217506e-01   3.3000020e+02   1.7035300e+01
   4.5217506e-01   3.3600021e+02   2.3741200e+01
   4.5217506e-01   3.4200023e+02   3.1977200e+01
   4.5217506e-01   3.4800024e+02   4.1791500e+01
   4.5217506e-01   3.5400025e+02   5.3163900e+01
   4.5217506e-01   3.6000027e+02   6.6000200e+01
   4.5466419e-01   1.7999985e+02   6.5182300e+01
   4.5466419e-01   1.8599986e+02   5.3546400e+01
   4.5466419e-01   1.9199988e+02   4.3170700e+01
   4.5466419e-01   1.9799989e+02   3.4111900e+01
   4.5466419e-01   2.0399990e+02   2.6377700e+01
   4.5466419e-01   2.0999992e+02   1.9930600e+01
   4.5466419e-01   2.1599993e+02   1.4693400e+01
   4.5466419e-01   2.2199995e+02   1.0556900e+01
   4.5466419e-01   2.2799996e+02   7.3875800e+00
   4.5466419e-01   2.3399997e+02   5.0371400e+00
   4.5466419e-01   2.3999999e+02   3.3516700e+00
   4.5466419e-01   2.4600000e+02   2.1809300e+00
   4.5466419e-01   2.5200002e+02   1.3871500e+00
   4.5466419e-01   2.5800003e+02   8.5282300e-01
   4.5466419e-01   2.6400004e+02   4.8740200e-01
   4.5466419e-01   2.7000006e+02   2.3256400e-01
   4.5466419e-01   2.7600007e+02   6.6022000e-02
   4.5466419e-01   2.8200009e+02   3.7578400e-03
   4.5466419e-01   2.8800010e+02   1.0061300e-01
   4.5466419e-01   2.9400011e+02   4.4912400e-01
   4.5466419e-01   3.0000013e+02   1.1764400e+00
   4.5466419e-01   3.0600014e+02   2.4391600e+00
   4.5466419e-01   3.1200016e+02   4.4158300e+00
   4.5466419e-01   3.1800017e+02   7.2971800e+00
   4.5466419e-01   3.2400018e+02   1.1274000e+01
   4.5466419e-01   3.3000020e+02   1.6523400e+01
   4.5466419e-01   3.3600021e+02   2.3193600e+01
   4.5466419e-01   3.4200023e+02   3.1389000e+01
   4.5466419e-01   3.4800024e+02   4.1157300e+01
   4.5466419e-01   3.5400025e+02   5.2478100e+01
   4.5466419e-01   3.6000027e+02   6.5257700e+01
   4.5715445e-01   1.7999985e+02   6.5683900e+01
   4.5715445e-01   1.8599986e+02   5.4097100e+01
   4.5715445e-01   1.9199988e+02   4.3756700e+01
   4.5715445e-01   1.9799989e+02   3.4719700e+01
   4.5715445e-01   2.0399990e+02   2.6994100e+01
   4.5715445e-01   2.0999992e+02   2.0543200e+01
   4.5715445e-01   2.1599993e+02   1.5291200e+01
   4.5715445e-01   2.2199995e+02   1.1130000e+01
   4.5715445e-01   2.2799996e+02   7.9279600e+00
   4.5715445e-01   2.3399997e+02   5.5384700e+00
   4.5715445e-01   2.3999999e+02   3.8093800e+00
   4.5715445e-01   2.4600000e+02   2.5921800e+00
   4.5715445e-01   2.5200002e+02   1.7506700e+00
   4.5715445e-01   2.5800003e+02   1.1687600e+00
   4.5715445e-01   2.6400004e+02   7.5705400e-01
   4.5715445e-01   2.7000006e+02   4.5813700e-01
   4.5715445e-01   2.7600007e+02   2.5035300e-01
   4.5715445e-01   2.8200009e+02   1.5002600e-01
   4.5715445e-01   2.8800010e+02   2.1205600e-01
   4.5715445e-01   2.9400011e+02   5.2875600e-01
   4.5715445e-01   3.0000013e+02   1.2267800e+00
   4.5715445e-01   3.0600014e+02   2.4619800e+00
   4.5715445e-01   3.1200016e+02   4.4119500e+00
   4.5715445e-01   3.1800017e+02   7.2662700e+00
   4.5715445e-01   3.2400018e+02   1.1214500e+01
   4.5715445e-01   3.3000020e+02   1.6432600e+01
   4.5715445e-01   3.3600021e+02   2.3067400e+01
   4.5715445e-01   3.4200023e+02   3.1222800e+01
   4.5715445e-01   3.4800024e+02   4.0945500e+01
   4.5715445e-01   3.5400025e+02   5.2215300e+01
   4.5715445e-01   3.6000027e+02   6.4938600e+01
   4.5964578e-01   1.7999985e+02   6.6557400e+01
   4.5964578e-01   1.8599986e+02   5.5019000e+01
   4.5964578e-01   1.9199988e+02   4.4713700e+01
   4.5964578e-01   1.9799989e+02   3.5698400e+01
   4.5964578e-01   2.0399990e+02   2.7981400e+01
   4.5964578e-01   2.0999992e+02   2.1526900e+01
   4.5964578e-01   2.1599993e+02   1.6260200e+01
   4.5964578e-01   2.2199995e+02   1.2074900e+01
   4.5964578e-01   2.2799996e+02   8.8406300e+00
   4.5964578e-01   2.3399997e+02   6.4127000e+00
   4.5964578e-01   2.3999999e+02   4.6406700e+00
   4.5964578e-01   2.4600000e+02   3.3777300e+00
   4.5964578e-01   2.5200002e+02   2.4892400e+00
   4.5964578e-01   2.5800003e+02   1.8604700e+00
   4.5964578e-01   2.6400004e+02   1.4032100e+00
   4.5964578e-01   2.7000006e+02   1.0609100e+00
   4.5964578e-01   2.7600007e+02   8.1256100e-01
   4.5964578e-01   2.8200009e+02   6.7481500e-01
   4.5964578e-01   2.8800010e+02   7.0262800e-01
   4.5964578e-01   2.9400011e+02   9.8809000e-01
   4.5964578e-01   3.0000013e+02   1.6573700e+00
   4.5964578e-01   3.0600014e+02   2.8655600e+00
   4.5964578e-01   3.1200016e+02   4.7893000e+00
   4.5964578e-01   3.1800017e+02   7.6170800e+00
   4.5964578e-01   3.2400018e+02   1.1537200e+01
   4.5964578e-01   3.3000020e+02   1.6724400e+01
   4.5964578e-01   3.3600021e+02   2.3324400e+01
   4.5964578e-01   3.4200023e+02   3.1440100e+01
   4.5964578e-01   3.4800024e+02   4.1117800e+01
   4.5964578e-01   3.5400025e+02   5.2337000e+01
   4.5964578e-01   3.6000027e+02   6.5004600e+01
   4.6213811e-01   1.7999985e+02   6.7763700e+01
   4.6213811e-01   1.8599986e+02   5.6273300e+01
   4.6213811e-01   1.9199988e+02   4.6002700e+01
   4.6213811e-01   1.9799989e+02   3.7008800e+01
   4.6213811e-01   2.0399990e+02   2.9300400e+01
   4.6213811e-01   2.0999992e+02   2.2842500e+01
   4.6213811e-01   2.1599993e+02   1.7561500e+01
   4.6213811e-01   2.2199995e+02   1.3352400e+01
   4.6213811e-01   2.2799996e+02   1.0086500e+01
   4.6213811e-01   2.3399997e+02   7.6207500e+00
   4.6213811e-01   2.3999999e+02   5.8064700e+00
   4.6213811e-01   2.4600000e+02   4.4985100e+00
   4.6213811e-01   2.5200002e+02   3.5637700e+00
   4.6213811e-01   2.5800003e+02   2.8888900e+00
   4.6213811e-01   2.6400004e+02   2.3867900e+00
   4.6213811e-01   2.7000006e+02   2.0018300e+00
   4.6213811e-01   2.7600007e+02   1.7136000e+00
   4.6213811e-01   2.8200009e+02   1.5390800e+00
   4.6213811e-01   2.8800010e+02   1.5332900e+00
   4.6213811e-01   2.9400011e+02   1.7881000e+00
   4.6213811e-01   3.0000013e+02   2.4291800e+00
   4.6213811e-01   3.0600014e+02   3.6108800e+00
   4.6213811e-01   3.1200016e+02   5.5089100e+00
   4.6213811e-01   3.1800017e+02   8.3106000e+00
   4.6213811e-01   3.2400018e+02   1.2203100e+01
   4.6213811e-01   3.3000020e+02   1.7359800e+01
   4.6213811e-01   3.3600021e+02   2.3925500e+01
   4.6213811e-01   3.4200023e+02   3.2002100e+01
   4.6213811e-01   3.4800024e+02   4.1635300e+01
   4.6213811e-01   3.5400025e+02   5.2804500e+01
   4.6213811e-01   3.6000027e+02   6.5416800e+01
   4.6463140e-01   1.7999985e+02   6.9263400e+01
   4.6463140e-01   1.8599986e+02   5.7820400e+01
   4.6463140e-01   1.9199988e+02   4.7584100e+01
   4.6463140e-01   1.9799989e+02   3.8611500e+01
   4.6463140e-01   2.0399990e+02   3.0911700e+01
   4.6463140e-01   2.0999992e+02   2.4450600e+01
   4.6463140e-01   2.1599993e+02   1.9155600e+01
   4.6463140e-01   2.2199995e+02   1.4923100e+01
   4.6463140e-01   2.2799996e+02   1.1626100e+01
   4.6463140e-01   2.3399997e+02   9.1231900e+00
   4.6463140e-01   2.3999999e+02   7.2673400e+00
   4.6463140e-01   2.4600000e+02   5.9150700e+00
   4.6463140e-01   2.5200002e+02   4.9348200e+00
   4.6463140e-01   2.5800003e+02   4.2145800e+00
   4.6463140e-01   2.6400004e+02   3.6683800e+00
   4.6463140e-01   2.7000006e+02   3.2414700e+00
   4.6463140e-01   2.7600007e+02   2.9140400e+00
   4.6463140e-01   2.8200009e+02   2.7034100e+00
   4.6463140e-01   2.8800010e+02   2.6646400e+00
   4.6463140e-01   2.9400011e+02   2.8893800e+00
   4.6463140e-01   3.0000013e+02   3.5028200e+00
   4.6463140e-01   3.0600014e+02   4.6585700e+00
   4.6463140e-01   3.1200016e+02   6.5313800e+00
   4.6463140e-01   3.1800017e+02   9.3074900e+00
   4.6463140e-01   3.2400018e+02   1.3172800e+01
   4.6463140e-01   3.3000020e+02   1.8299600e+01
   4.6463140e-01   3.3600021e+02   2.4831500e+01
   4.6463140e-01   3.4200023e+02   3.2869400e+01
   4.6463140e-01   3.4800024e+02   4.2458600e+01
   4.6463140e-01   3.5400025e+02   5.3578300e+01
   4.6463140e-01   3.6000027e+02   6.6136000e+01
   4.6712557e-01   1.7999985e+02   7.1017000e+01
   4.6712557e-01   1.8599986e+02   5.9620800e+01
   4.6712557e-01   1.9199988e+02   4.9418600e+01
   4.6712557e-01   1.9799989e+02   4.0467000e+01
   4.6712557e-01   2.0399990e+02   3.2775800e+01
   4.6712557e-01   2.0999992e+02   2.6311600e+01
   4.6712557e-01   2.1599993e+02   2.1002900e+01
   4.6712557e-01   2.2199995e+02   1.6747500e+01
   4.6712557e-01   2.2799996e+02   1.3419900e+01
   4.6712557e-01   2.3399997e+02   1.0880400e+01
   4.6712557e-01   2.3999999e+02   8.9836800e+00
   4.6712557e-01   2.4600000e+02   7.5878300e+00
   4.6712557e-01   2.5200002e+02   6.5628100e+00
   4.6712557e-01   2.5800003e+02   5.7979500e+00
   4.6712557e-01   2.6400004e+02   5.2083900e+00
   4.6712557e-01   2.7000006e+02   4.7402500e+00
   4.6712557e-01   2.7600007e+02   4.3743100e+00
   4.6712557e-01   2.8200009e+02   4.1282300e+00
   4.6712557e-01   2.8800010e+02   4.0571100e+00
   4.6712557e-01   2.9400011e+02   4.2523900e+00
   4.6712557e-01   3.0000013e+02   4.8387500e+00
   4.6712557e-01   3.0600014e+02   5.9690800e+00
   4.6712557e-01   3.1200016e+02   7.8172000e+00
   4.6712557e-01   3.1800017e+02   1.0568200e+01
   4.6712557e-01   3.2400018e+02   1.4406900e+01
   4.6712557e-01   3.3000020e+02   1.9504200e+01
   4.6712557e-01   3.3600021e+02   2.6002700e+01
   4.6712557e-01   3.4200023e+02   3.4002500e+01
   4.6712557e-01   3.4800024e+02   4.3548200e+01
   4.6712557e-01   3.5400025e+02   5.4618900e+01
   4.6712557e-01   3.6000027e+02   6.7122500e+01
   4.6962056e-01   1.7999985e+02   7.2985000e+01
   4.6962056e-01   1.8599986e+02   6.1635100e+01
   4.6962056e-01   1.9199988e+02   5.1466500e+01
   4.6962056e-01   1.9799989e+02   4.2535700e+01
   4.6962056e-01   2.0399990e+02   3.4853200e+01
   4.6962056e-01   2.0999992e+02   2.8386000e+01
   4.6962056e-01   2.1599993e+02   2.3063900e+01
   4.6962056e-01   2.2199995e+02   1.8786000e+01
   4.6962056e-01   2.2799996e+02   1.5428400e+01
   4.6962056e-01   2.3399997e+02   1.2853000e+01
   4.6962056e-01   2.3999999e+02   1.0916000e+01
   4.6962056e-01   2.4600000e+02   9.4772900e+00
   4.6962056e-01   2.5200002e+02   8.4082500e+00
   4.6962056e-01   2.5800003e+02   7.5995100e+00
   4.6962056e-01   2.6400004e+02   6.9673300e+00
   4.6962056e-01   2.7000006e+02   6.4586800e+00
   4.6962056e-01   2.7600007e+02   6.0549200e+00
   4.6962056e-01   2.8200009e+02   5.7740600e+00
   4.6962056e-01   2.8800010e+02   5.6712300e+00
   4.6962056e-01   2.9400011e+02   5.8376400e+00
   4.6962056e-01   3.0000013e+02   6.3974900e+00
   4.6962056e-01   3.0600014e+02   7.5029500e+00
   4.6962056e-01   3.1200016e+02   9.3268800e+00
   4.6962056e-01   3.1800017e+02   1.2053300e+01
   4.6962056e-01   3.2400018e+02   1.5865800e+01
   4.6962056e-01   3.3000020e+02   2.0934100e+01
   4.6962056e-01   3.3600021e+02   2.7399700e+01
   4.6962056e-01   3.4200023e+02   3.5361900e+01
   4.6962056e-01   3.4800024e+02   4.4864700e+01
   4.6962056e-01   3.5400025e+02   5.5886900e+01
   4.6962056e-01   3.6000027e+02   6.8336900e+01
   4.7211631e-01   1.7999985e+02   7.5128400e+01
   4.7211631e-01   1.8599986e+02   6.3824100e+01
   4.7211631e-01   1.9199988e+02   5.3688700e+01
   4.7211631e-01   1.9799989e+02   4.4778700e+01
   4.7211631e-01   2.0399990e+02   3.7104700e+01
   4.7211631e-01   2.0999992e+02   3.0634700e+01
   4.7211631e-01   2.1599993e+02   2.5299500e+01
   4.7211631e-01   2.2199995e+02   2.0999500e+01
   4.7211631e-01   2.2799996e+02   1.7612500e+01
   4.7211631e-01   2.3399997e+02   1.5001700e+01
   4.7211631e-01   2.3999999e+02   1.3025200e+01
   4.7211631e-01   2.4600000e+02   1.1544300e+01
   4.7211631e-01   2.5200002e+02   1.0432000e+01
   4.7211631e-01   2.5800003e+02   9.5801100e+00
   4.7211631e-01   2.6400004e+02   8.9060400e+00
   4.7211631e-01   2.7000006e+02   8.3575900e+00
   4.7211631e-01   2.7600007e+02   7.9167200e+00
   4.7211631e-01   2.8200009e+02   7.6017400e+00
   4.7211631e-01   2.8800010e+02   7.4678300e+00
   4.7211631e-01   2.9400011e+02   7.6059800e+00
   4.7211631e-01   3.0000013e+02   8.1398900e+00
   4.7211631e-01   3.0600014e+02   9.2210200e+00
   4.7211631e-01   3.1200016e+02   1.1021300e+01
   4.7211631e-01   3.1800017e+02   1.3723700e+01
   4.7211631e-01   3.2400018e+02   1.7510500e+01
   4.7211631e-01   3.3000020e+02   2.2550300e+01
   4.7211631e-01   3.3600021e+02   2.8983500e+01
   4.7211631e-01   3.4200023e+02   3.6908600e+01
   4.7211631e-01   3.4800024e+02   4.6368800e+01
   4.7211631e-01   3.5400025e+02   5.7343300e+01
   4.7211631e-01   3.6000027e+02   6.9740200e+01
   4.7461276e-01   1.7999985e+02   7.7408400e+01
   4.7461276e-01   1.8599986e+02   6.6149400e+01
   4.7461276e-01   1.9199988e+02   5.6046800e+01
   4.7461276e-01   1.9799989e+02   4.7157300e+01
   4.7461276e-01   2.0399990e+02   3.9491900e+01
   4.7461276e-01   2.0999992e+02   3.3019200e+01
   4.7461276e-01   2.1599993e+02   2.7671200e+01
   4.7461276e-01   2.2199995e+02   2.3349600e+01
   4.7461276e-01   2.2799996e+02   1.9933500e+01
   4.7461276e-01   2.3399997e+02   1.7288000e+01
   4.7461276e-01   2.3999999e+02   1.5272600e+01
   4.7461276e-01   2.4600000e+02   1.3750300e+01
   4.7461276e-01   2.5200002e+02   1.2595400e+01
   4.7461276e-01   2.5800003e+02   1.1701100e+01
   4.7461276e-01   2.6400004e+02   1.0985900e+01
   4.7461276e-01   2.7000006e+02   1.0398400e+01
   4.7461276e-01   2.7600007e+02   9.9211200e+00
   4.7461276e-01   2.8200009e+02   9.5726800e+00
   4.7461276e-01   2.8800010e+02   9.4083300e+00
   4.7461276e-01   2.9400011e+02   9.5188100e+00
   4.7461276e-01   3.0000013e+02   1.0027400e+01
   4.7461276e-01   3.0600014e+02   1.1084700e+01
   4.7461276e-01   3.1200016e+02   1.2861900e+01
   4.7461276e-01   3.1800017e+02   1.5540600e+01
   4.7461276e-01   3.2400018e+02   1.9302300e+01
   4.7461276e-01   3.3000020e+02   2.4314100e+01
   4.7461276e-01   3.3600021e+02   3.0715500e+01
   4.7461276e-01   3.4200023e+02   3.8603900e+01
   4.7461276e-01   3.4800024e+02   4.8022200e+01
   4.7461276e-01   3.5400025e+02   5.8949200e+01
   4.7461276e-01   3.6000027e+02   7.1293800e+01
   4.7710984e-01   1.7999985e+02   7.9787600e+01
   4.7710984e-01   1.8599986e+02   6.8573200e+01
   4.7710984e-01   1.9199988e+02   5.8503100e+01
   4.7710984e-01   1.9799989e+02   4.9633900e+01
   4.7710984e-01   2.0399990e+02   4.1976900e+01
   4.7710984e-01   2.0999992e+02   3.5501700e+01
   4.7710984e-01   2.1599993e+02   3.0141200e+01
   4.7710984e-01   2.2199995e+02   2.5798300e+01
   4.7710984e-01   2.2799996e+02   2.2353800e+01
   4.7710984e-01   2.3399997e+02   1.9674100e+01
   4.7710984e-01   2.3999999e+02   1.7620500e+01
   4.7710984e-01   2.4600000e+02   1.6057500e+01
   4.7710984e-01   2.5200002e+02   1.4860800e+01
   4.7710984e-01   2.5800003e+02   1.3924900e+01
   4.7710984e-01   2.6400004e+02   1.3169200e+01
   4.7710984e-01   2.7000006e+02   1.2543400e+01
   4.7710984e-01   2.7600007e+02   1.2030300e+01
   4.7710984e-01   2.8200009e+02   1.1649100e+01
   4.7710984e-01   2.8800010e+02   1.1455000e+01
   4.7710984e-01   2.9400011e+02   1.1538400e+01
   4.7710984e-01   3.0000013e+02   1.2022200e+01
   4.7710984e-01   3.0600014e+02   1.3056300e+01
   4.7710984e-01   3.1200016e+02   1.4810800e+01
   4.7710984e-01   3.1800017e+02   1.7466500e+01
   4.7710984e-01   3.2400018e+02   2.1203400e+01
   4.7710984e-01   3.3000020e+02   2.6187800e+01
   4.7710984e-01   3.3600021e+02   3.2557800e+01
   4.7710984e-01   3.4200023e+02   4.0410100e+01
   4.7710984e-01   3.4800024e+02   4.9787000e+01
   4.7710984e-01   3.5400025e+02   6.0667100e+01
   4.7710984e-01   3.6000027e+02   7.2959600e+01
   4.7960749e-01   1.7999985e+02   8.2229300e+01
   4.7960749e-01   1.8599986e+02   7.1059000e+01
   4.7960749e-01   1.9199988e+02   6.1021000e+01
   4.7960749e-01   1.9799989e+02   5.2171800e+01
   4.7960749e-01   2.0399990e+02   4.4523300e+01
   4.7960749e-01   2.0999992e+02   3.8045700e+01
   4.7960749e-01   2.1599993e+02   3.2672900e+01
   4.7960749e-01   2.2199995e+02   2.8309200e+01
   4.7960749e-01   2.2799996e+02   2.4836700e+01
   4.7960749e-01   2.3399997e+02   2.2123500e+01
   4.7960749e-01   2.3999999e+02   2.0032400e+01
   4.7960749e-01   2.4600000e+02   1.8429300e+01
   4.7960749e-01   2.5200002e+02   1.7191500e+01
   4.7960749e-01   2.5800003e+02   1.6214600e+01
   4.7960749e-01   2.6400004e+02   1.5419300e+01
   4.7960749e-01   2.7000006e+02   1.4755800e+01
   4.7960749e-01   2.7600007e+02   1.4207700e+01
   4.7960749e-01   2.8200009e+02   1.3794300e+01
   4.7960749e-01   2.8800010e+02   1.3571000e+01
   4.7960749e-01   2.9400011e+02   1.3628000e+01
   4.7960749e-01   3.0000013e+02   1.4087500e+01
   4.7960749e-01   3.0600014e+02   1.5099000e+01
   4.7960749e-01   3.1200016e+02   1.6831400e+01
   4.7960749e-01   3.1800017e+02   1.9464600e+01
   4.7960749e-01   3.2400018e+02   2.3177300e+01
   4.7960749e-01   3.3000020e+02   2.8134600e+01
   4.7960749e-01   3.3600021e+02   3.4473700e+01
   4.7960749e-01   3.4200023e+02   4.2290400e+01
   4.7960749e-01   3.4800024e+02   5.1626400e+01
   4.7960749e-01   3.5400025e+02   6.2460200e+01
   4.7960749e-01   3.6000027e+02   7.4701300e+01
   4.8210566e-01   1.7999985e+02   8.4698200e+01
   4.8210566e-01   1.8599986e+02   7.3571400e+01
   4.8210566e-01   1.9199988e+02   6.3565100e+01
   4.8210566e-01   1.9799989e+02   5.4735900e+01
   4.8210566e-01   2.0399990e+02   4.7095800e+01
   4.8210566e-01   2.0999992e+02   4.0615900e+01
   4.8210566e-01   2.1599993e+02   3.5231100e+01
   4.8210566e-01   2.2199995e+02   3.0847000e+01
   4.8210566e-01   2.2799996e+02   2.7347000e+01
   4.8210566e-01   2.3399997e+02   2.4600800e+01
   4.8210566e-01   2.3999999e+02   2.2472800e+01
   4.8210566e-01   2.4600000e+02   2.0830400e+01
   4.8210566e-01   2.5200002e+02   1.9552200e+01
   4.8210566e-01   2.5800003e+02   1.8535100e+01
   4.8210566e-01   2.6400004e+02   1.7700800e+01
   4.8210566e-01   2.7000006e+02   1.7000300e+01
   4.8210566e-01   2.7600007e+02   1.6417900e+01
   4.8210566e-01   2.8200009e+02   1.5973000e+01
   4.8210566e-01   2.8800010e+02   1.5721100e+01
   4.8210566e-01   2.9400011e+02   1.5752200e+01
   4.8210566e-01   3.0000013e+02   1.6188100e+01
   4.8210566e-01   3.0600014e+02   1.7177400e+01
   4.8210566e-01   3.1200016e+02   1.8888300e+01
   4.8210566e-01   3.1800017e+02   2.1499400e+01
   4.8210566e-01   3.2400018e+02   2.5188400e+01
   4.8210566e-01   3.3000020e+02   3.0119200e+01
   4.8210566e-01   3.3600021e+02   3.6427900e+01
   4.8210566e-01   3.4200023e+02   4.4209500e+01
   4.8210566e-01   3.4800024e+02   5.3505100e+01
   4.8210566e-01   3.5400025e+02   6.4293100e+01
   4.8210566e-01   3.6000027e+02   7.6483200e+01
   4.8460427e-01   1.7999985e+02   8.7160600e+01
   4.8460427e-01   1.8599986e+02   7.6076900e+01
   4.8460427e-01   1.9199988e+02   6.6101900e+01
   4.8460427e-01   1.9799989e+02   5.7292400e+01
   4.8460427e-01   2.0399990e+02   4.9660700e+01
   4.8460427e-01   2.0999992e+02   4.3178600e+01
   4.8460427e-01   2.1599993e+02   3.7782100e+01
   4.8460427e-01   2.2199995e+02   3.3378000e+01
   4.8460427e-01   2.2799996e+02   2.9851000e+01
   4.8460427e-01   2.3399997e+02   2.7072500e+01
   4.8460427e-01   2.3999999e+02   2.4908200e+01
   4.8460427e-01   2.4600000e+02   2.3227100e+01
   4.8460427e-01   2.5200002e+02   2.1909100e+01
   4.8460427e-01   2.5800003e+02   2.0852600e+01
   4.8460427e-01   2.6400004e+02   1.9979900e+01
   4.8460427e-01   2.7000006e+02   1.9243200e+01
   4.8460427e-01   2.7600007e+02   1.8627100e+01
   4.8460427e-01   2.8200009e+02   1.8151400e+01
   4.8460427e-01   2.8800010e+02   1.7871500e+01
   4.8460427e-01   2.9400011e+02   1.7877400e+01
   4.8460427e-01   3.0000013e+02   1.8290200e+01
   4.8460427e-01   3.0600014e+02   1.9257800e+01
   4.8460427e-01   3.1200016e+02   2.0947700e+01
   4.8460427e-01   3.1800017e+02   2.3537200e+01
   4.8460427e-01   3.2400018e+02   2.7203000e+01
   4.8460427e-01   3.3000020e+02   3.2107700e+01
   4.8460427e-01   3.3600021e+02   3.8386500e+01
   4.8460427e-01   3.4200023e+02   4.6133400e+01
   4.8460427e-01   3.4800024e+02   5.5389100e+01
   4.8460427e-01   3.5400025e+02   6.6131800e+01
   4.8460427e-01   3.6000027e+02   7.8271500e+01
   4.8710327e-01   1.7999985e+02   8.9584800e+01
   4.8710327e-01   1.8599986e+02   7.8543500e+01
   4.8710327e-01   1.9199988e+02   6.8599500e+01
   4.8710327e-01   1.9799989e+02   5.9809500e+01
   4.8710327e-01   2.0399990e+02   5.2186300e+01
   4.8710327e-01   2.0999992e+02   4.5702200e+01
   4.8710327e-01   2.1599993e+02   4.0294200e+01
   4.8710327e-01   2.2199995e+02   3.5870300e+01
   4.8710327e-01   2.2799996e+02   3.2316900e+01
   4.8710327e-01   2.3399997e+02   2.9506500e+01
   4.8710327e-01   2.3999999e+02   2.7306500e+01
   4.8710327e-01   2.4600000e+02   2.5587400e+01
   4.8710327e-01   2.5200002e+02   2.4230500e+01
   4.8710327e-01   2.5800003e+02   2.3135100e+01
   4.8710327e-01   2.6400004e+02   2.2224900e+01
   4.8710327e-01   2.7000006e+02   2.1452500e+01
   4.8710327e-01   2.7600007e+02   2.0803300e+01
   4.8710327e-01   2.8200009e+02   2.0297400e+01
   4.8710327e-01   2.8800010e+02   1.9990300e+01
   4.8710327e-01   2.9400011e+02   1.9971400e+01
   4.8710327e-01   3.0000013e+02   2.0361700e+01
   4.8710327e-01   3.0600014e+02   2.1308200e+01
   4.8710327e-01   3.1200016e+02   2.2977500e+01
   4.8710327e-01   3.1800017e+02   2.5545900e+01
   4.8710327e-01   3.2400018e+02   2.9189000e+01
   4.8710327e-01   3.3000020e+02   3.4068100e+01
   4.8710327e-01   3.3600021e+02   4.0317500e+01
   4.8710327e-01   3.4200023e+02   4.8030200e+01
   4.8710327e-01   3.4800024e+02   5.7246400e+01
   4.8710327e-01   3.5400025e+02   6.7944200e+01
   4.8710327e-01   3.6000027e+02   8.0034000e+01
   4.8960259e-01   1.7999985e+02   9.1941000e+01
   4.8960259e-01   1.8599986e+02   8.0941600e+01
   4.8960259e-01   1.9199988e+02   7.1028300e+01
   4.8960259e-01   1.9799989e+02   6.2257600e+01
   4.8960259e-01   2.0399990e+02   5.4642700e+01
   4.8960259e-01   2.0999992e+02   4.8156700e+01
   4.8960259e-01   2.1599993e+02   4.2737500e+01
   4.8960259e-01   2.2199995e+02   3.8294300e+01
   4.8960259e-01   2.2799996e+02   3.4714900e+01
   4.8960259e-01   2.3399997e+02   3.1873200e+01
   4.8960259e-01   2.3999999e+02   2.9638200e+01
   4.8960259e-01   2.4600000e+02   2.7881700e+01
   4.8960259e-01   2.5200002e+02   2.6486400e+01
   4.8960259e-01   2.5800003e+02   2.5352800e+01
   4.8960259e-01   2.6400004e+02   2.4405700e+01
   4.8960259e-01   2.7000006e+02   2.3598400e+01
   4.8960259e-01   2.7600007e+02   2.2916800e+01
   4.8960259e-01   2.8200009e+02   2.2381300e+01
   4.8960259e-01   2.8800010e+02   2.2047400e+01
   4.8960259e-01   2.9400011e+02   2.2004400e+01
   4.8960259e-01   3.0000013e+02   2.2372700e+01
   4.8960259e-01   3.0600014e+02   2.3298700e+01
   4.8960259e-01   3.1200016e+02   2.4947900e+01
   4.8960259e-01   3.1800017e+02   2.7495700e+01
   4.8960259e-01   3.2400018e+02   3.1116400e+01
   4.8960259e-01   3.3000020e+02   3.5970500e+01
   4.8960259e-01   3.3600021e+02   4.2190800e+01
   4.8960259e-01   3.4200023e+02   4.9869800e+01
   4.8960259e-01   3.4800024e+02   5.9047000e+01
   4.8960259e-01   3.5400025e+02   6.9700500e+01
   4.8960259e-01   3.6000027e+02   8.1740800e+01
   4.9210217e-01   1.7999985e+02   9.4201700e+01
   4.9210217e-01   1.8599986e+02   8.3243800e+01
   4.9210217e-01   1.9199988e+02   7.3360800e+01
   4.9210217e-01   1.9799989e+02   6.4609300e+01
   4.9210217e-01   2.0399990e+02   5.7002700e+01
   4.9210217e-01   2.0999992e+02   5.0514900e+01
   4.9210217e-01   2.1599993e+02   4.5084700e+01
   4.9210217e-01   2.2199995e+02   4.0622600e+01
   4.9210217e-01   2.2799996e+02   3.7017500e+01
   4.9210217e-01   2.3399997e+02   3.4145100e+01
   4.9210217e-01   2.3999999e+02   3.1875600e+01
   4.9210217e-01   2.4600000e+02   3.0082400e+01
   4.9210217e-01   2.5200002e+02   2.8649300e+01
   4.9210217e-01   2.5800003e+02   2.7478300e+01
   4.9210217e-01   2.6400004e+02   2.6494900e+01
   4.9210217e-01   2.7000006e+02   2.5653300e+01
   4.9210217e-01   2.7600007e+02   2.4940000e+01
   4.9210217e-01   2.8200009e+02   2.4375500e+01
   4.9210217e-01   2.8800010e+02   2.4015400e+01
   4.9210217e-01   2.9400011e+02   2.3948800e+01
   4.9210217e-01   3.0000013e+02   2.4295600e+01
   4.9210217e-01   3.0600014e+02   2.5201500e+01
   4.9210217e-01   3.1200016e+02   2.6831100e+01
   4.9210217e-01   3.1800017e+02   2.9358800e+01
   4.9210217e-01   3.2400018e+02   3.2957700e+01
   4.9210217e-01   3.3000020e+02   3.7787000e+01
   4.9210217e-01   3.3600021e+02   4.3978800e+01
   4.9210217e-01   3.4200023e+02   5.1624500e+01
   4.9210217e-01   3.4800024e+02   6.0763200e+01
   4.9210217e-01   3.5400025e+02   7.1372700e+01
   4.9210217e-01   3.6000027e+02   8.3364000e+01
   4.9460194e-01   1.7999985e+02   9.6342000e+01
   4.9460194e-01   1.8599986e+02   8.5425200e+01
   4.9460194e-01   1.9199988e+02   7.5572100e+01
   4.9460194e-01   1.9799989e+02   6.6839600e+01
   4.9460194e-01   2.0399990e+02   5.9241300e+01
   4.9460194e-01   2.0999992e+02   5.2751800e+01
   4.9460194e-01   2.1599993e+02   4.7310900e+01
   4.9460194e-01   2.2199995e+02   4.2830200e+01
   4.9460194e-01   2.2799996e+02   3.9200000e+01
   4.9460194e-01   2.3399997e+02   3.6297300e+01
   4.9460194e-01   2.3999999e+02   3.3993900e+01
   4.9460194e-01   2.4600000e+02   3.2164500e+01
   4.9460194e-01   2.5200002e+02   3.0694400e+01
   4.9460194e-01   2.5800003e+02   2.9486600e+01
   4.9460194e-01   2.6400004e+02   2.8467500e+01
   4.9460194e-01   2.7000006e+02   2.7592300e+01
   4.9460194e-01   2.7600007e+02   2.6847700e+01
   4.9460194e-01   2.8200009e+02   2.6254800e+01
   4.9460194e-01   2.8800010e+02   2.5869100e+01
   4.9460194e-01   2.9400011e+02   2.5779500e+01
   4.9460194e-01   3.0000013e+02   2.6105300e+01
   4.9460194e-01   3.0600014e+02   2.6991600e+01
   4.9460194e-01   3.1200016e+02   2.8602000e+01
   4.9460194e-01   3.1800017e+02   3.1110000e+01
   4.9460194e-01   3.2400018e+02   3.4687500e+01
   4.9460194e-01   3.3000020e+02   3.9492600e+01
   4.9460194e-01   3.3600021e+02   4.5656200e+01
   4.9460194e-01   3.4200023e+02   5.3269000e+01
   4.9460194e-01   3.4800024e+02   6.2369700e+01
   4.9460194e-01   3.5400025e+02   7.2935600e+01
   4.9460194e-01   3.6000027e+02   8.4878300e+01
   4.9710185e-01   1.7999985e+02   9.8339800e+01
   4.9710185e-01   1.8599986e+02   8.7463500e+01
   4.9710185e-01   1.9199988e+02   7.7640100e+01
   4.9710185e-01   1.9799989e+02   6.8926400e+01
   4.9710185e-01   2.0399990e+02   6.1336400e+01
   4.9710185e-01   2.0999992e+02   5.4845300e+01
   4.9710185e-01   2.1599993e+02   4.9393900e+01
   4.9710185e-01   2.2199995e+02   4.4894900e+01
   4.9710185e-01   2.2799996e+02   4.1240000e+01
   4.9710185e-01   2.3399997e+02   3.8307600e+01
   4.9710185e-01   2.3999999e+02   3.5970900e+01
   4.9710185e-01   2.4600000e+02   3.4105900e+01
   4.9710185e-01   2.5200002e+02   3.2599300e+01
   4.9710185e-01   2.5800003e+02   3.1355300e+01
   4.9710185e-01   2.6400004e+02   3.0301200e+01
   4.9710185e-01   2.7000006e+02   2.9392800e+01
   4.9710185e-01   2.7600007e+02   2.8617700e+01
   4.9710185e-01   2.8200009e+02   2.7997000e+01
   4.9710185e-01   2.8800010e+02   2.7586200e+01
   4.9710185e-01   2.9400011e+02   2.7474000e+01
   4.9710185e-01   3.0000013e+02   2.7779300e+01
   4.9710185e-01   3.0600014e+02   2.8646400e+01
   4.9710185e-01   3.1200016e+02   3.0238200e+01
   4.9710185e-01   3.1800017e+02   3.2727000e+01
   4.9710185e-01   3.2400018e+02   3.6283500e+01
   4.9710185e-01   3.3000020e+02   4.1064700e+01
   4.9710185e-01   3.3600021e+02   4.7200600e+01
   4.9710185e-01   3.4200023e+02   5.4780900e+01
   4.9710185e-01   3.4800024e+02   6.3843800e+01
   4.9710185e-01   3.5400025e+02   7.4366700e+01
   4.9710185e-01   3.6000027e+02   8.6261100e+01
   4.9960184e-01   1.7999985e+02   1.0017600e+02
   4.9960184e-01   1.8599986e+02   8.9339500e+01
   4.9960184e-01   1.9199988e+02   7.9545500e+01
   4.9960184e-01   1.9799989e+02   7.0850400e+01
   4.9960184e-01   2.0399990e+02   6.3268700e+01
   4.9960184e-01   2.0999992e+02   5.6776100e+01
   4.9960184e-01   2.1599993e+02   5.1314500e+01
   4.9960184e-01   2.2199995e+02   4.6797600e+01
   4.9960184e-01   2.2799996e+02   4.3118400e+01
   4.9960184e-01   2.3399997e+02   4.0156700e+01
   4.9960184e-01   2.3999999e+02   3.7787100e+01
   4.9960184e-01   2.4600000e+02   3.5887200e+01
   4.9960184e-01   2.5200002e+02   3.4344700e+01
   4.9960184e-01   2.5800003e+02   3.3065000e+01
   4.9960184e-01   2.6400004e+02   3.1976400e+01
   4.9960184e-01   2.7000006e+02   3.1035600e+01
   4.9960184e-01   2.7600007e+02   3.0230400e+01
   4.9960184e-01   2.8200009e+02   2.9582400e+01
   4.9960184e-01   2.8800010e+02   2.9147100e+01
   4.9960184e-01   2.9400011e+02   2.9012800e+01
   4.9960184e-01   3.0000013e+02   2.9298100e+01
   4.9960184e-01   3.0600014e+02   3.0146600e+01
   4.9960184e-01   3.1200016e+02   3.1720100e+01
   4.9960184e-01   3.1800017e+02   3.4190000e+01
   4.9960184e-01   3.2400018e+02   3.7725800e+01
   4.9960184e-01   3.3000020e+02   4.2483600e+01
   4.9960184e-01   3.3600021e+02   4.8592100e+01
   4.9960184e-01   3.4200023e+02   5.6140400e+01
   4.9960184e-01   3.4800024e+02   6.5165900e+01
   4.9960184e-01   3.5400025e+02   7.5646100e+01
   4.9960184e-01   3.6000027e+02   8.7492700e+01
   5.0210183e-01   1.7999985e+02   1.0183300e+02
   5.0210183e-01   1.8599986e+02   9.1036900e+01
   5.0210183e-01   1.9199988e+02   8.1272100e+01
   5.0210183e-01   1.9799989e+02   7.2595500e+01
   5.0210183e-01   2.0399990e+02   6.5022000e+01
   5.0210183e-01   2.0999992e+02   5.8528100e+01
   5.0210183e-01   2.1599993e+02   5.3056400e+01
   5.0210183e-01   2.2199995e+02   4.8521800e+01
   5.0210183e-01   2.2799996e+02   4.4818800e+01
   5.0210183e-01   2.3399997e+02   4.1828300e+01
   5.0210183e-01   2.3999999e+02   3.9426400e+01
   5.0210183e-01   2.4600000e+02   3.7492000e+01
   5.0210183e-01   2.5200002e+02   3.5914200e+01
   5.0210183e-01   2.5800003e+02   3.4599400e+01
   5.0210183e-01   2.6400004e+02   3.3477000e+01
   5.0210183e-01   2.7000006e+02   3.2504200e+01
   5.0210183e-01   2.7600007e+02   3.1669500e+01
   5.0210183e-01   2.8200009e+02   3.0994700e+01
   5.0210183e-01   2.8800010e+02   3.0535300e+01
   5.0210183e-01   2.9400011e+02   3.0379400e+01
   5.0210183e-01   3.0000013e+02   3.0645200e+01
   5.0210183e-01   3.0600014e+02   3.1475400e+01
   5.0210183e-01   3.1200016e+02   3.3031100e+01
   5.0210183e-01   3.1800017e+02   3.5482500e+01
   5.0210183e-01   3.2400018e+02   3.8998100e+01
   5.0210183e-01   3.3000020e+02   4.3732800e+01
   5.0210183e-01   3.3600021e+02   4.9814300e+01
   5.0210183e-01   3.4200023e+02   5.7330800e+01
   5.0210183e-01   3.4800024e+02   6.6319400e+01
   5.0210183e-01   3.5400025e+02   7.6757100e+01
   5.0210183e-01   3.6000027e+02   8.8556300e+01
   5.0460177e-01   1.7999985e+02   1.0330000e+02
   5.0460177e-01   1.8599986e+02   9.2542700e+01
   5.0460177e-01   1.9199988e+02   8.2806700e+01
   5.0460177e-01   1.9799989e+02   7.4148500e+01
   5.0460177e-01   2.0399990e+02   6.6583300e+01
   5.0460177e-01   2.0999992e+02   6.0088100e+01
   5.0460177e-01   2.1599993e+02   5.4606600e+01
   5.0460177e-01   2.2199995e+02   5.0054700e+01
   5.0460177e-01   2.2799996e+02   4.6328200e+01
   5.0460177e-01   2.3399997e+02   4.3309300e+01
   5.0460177e-01   2.3999999e+02   4.0875600e+01
   5.0460177e-01   2.4600000e+02   3.8907300e+01
   5.0460177e-01   2.5200002e+02   3.7294700e+01
   5.0460177e-01   2.5800003e+02   3.5945300e+01
   5.0460177e-01   2.6400004e+02   3.4789600e+01
   5.0460177e-01   2.7000006e+02   3.3785400e+01
   5.0460177e-01   2.7600007e+02   3.2921700e+01
   5.0460177e-01   2.8200009e+02   3.2220600e+01
   5.0460177e-01   2.8800010e+02   3.1737600e+01
   5.0460177e-01   2.9400011e+02   3.1560600e+01
   5.0460177e-01   3.0000013e+02   3.1807200e+01
   5.0460177e-01   3.0600014e+02   3.2619500e+01
   5.0460177e-01   3.1200016e+02   3.4157800e+01
   5.0460177e-01   3.1800017e+02   3.6591000e+01
   5.0460177e-01   3.2400018e+02   4.0086800e+01
   5.0460177e-01   3.3000020e+02   4.4798700e+01
   5.0460177e-01   3.3600021e+02   5.0853500e+01
   5.0460177e-01   3.4200023e+02   5.8338600e+01
   5.0460177e-01   3.4800024e+02   6.7290500e+01
   5.0460177e-01   3.5400025e+02   7.7686300e+01
   5.0460177e-01   3.6000027e+02   8.9438300e+01
   5.0710160e-01   1.7999985e+02   1.0456500e+02
   5.0710160e-01   1.8599986e+02   9.3847100e+01
   5.0710160e-01   1.9199988e+02   8.4139700e+01
   5.0710160e-01   1.9799989e+02   7.5499800e+01
   5.0710160e-01   2.0399990e+02   6.7942900e+01
   5.0710160e-01   2.0999992e+02   6.1446500e+01
   5.0710160e-01   2.1599993e+02   5.5955400e+01
   5.0710160e-01   2.2199995e+02   5.1386500e+01
   5.0710160e-01   2.2799996e+02   4.7636800e+01
   5.0710160e-01   2.3399997e+02   4.4590000e+01
   5.0710160e-01   2.3999999e+02   4.2124900e+01
   5.0710160e-01   2.4600000e+02   4.0123100e+01
   5.0710160e-01   2.5200002e+02   3.8476300e+01
   5.0710160e-01   2.5800003e+02   3.7092900e+01
   5.0710160e-01   2.6400004e+02   3.5904300e+01
   5.0710160e-01   2.7000006e+02   3.4869200e+01
   5.0710160e-01   2.7600007e+02   3.3977000e+01
   5.0710160e-01   2.8200009e+02   3.3250100e+01
   5.0710160e-01   2.8800010e+02   3.2743900e+01
   5.0710160e-01   2.9400011e+02   3.2546200e+01
   5.0710160e-01   3.0000013e+02   3.2774000e+01
   5.0710160e-01   3.0600014e+02   3.3568900e+01
   5.0710160e-01   3.1200016e+02   3.5090000e+01
   5.0710160e-01   3.1800017e+02   3.7505500e+01
   5.0710160e-01   3.2400018e+02   4.0981700e+01
   5.0710160e-01   3.3000020e+02   4.5671200e+01
   5.0710160e-01   3.3600021e+02   5.1699600e+01
   5.0710160e-01   3.4200023e+02   5.9153600e+01
   5.0710160e-01   3.4800024e+02   6.8069200e+01
   5.0710160e-01   3.5400025e+02   7.8423200e+01
   5.0710160e-01   3.6000027e+02   9.0128400e+01
   5.0960125e-01   1.7999985e+02   1.0562300e+02
   5.0960125e-01   1.8599986e+02   9.4943700e+01
   5.0960125e-01   1.9199988e+02   8.5264700e+01
   5.0960125e-01   1.9799989e+02   7.6643000e+01
   5.0960125e-01   2.0399990e+02   6.9094300e+01
   5.0960125e-01   2.0999992e+02   6.2596900e+01
   5.0960125e-01   2.1599993e+02   5.7096300e+01
   5.0960125e-01   2.2199995e+02   5.2510700e+01
   5.0960125e-01   2.2799996e+02   4.8738200e+01
   5.0960125e-01   2.3399997e+02   4.5663900e+01
   5.0960125e-01   2.3999999e+02   4.3167900e+01
   5.0960125e-01   2.4600000e+02   4.1133100e+01
   5.0960125e-01   2.5200002e+02   3.9452500e+01
   5.0960125e-01   2.5800003e+02   3.8035500e+01
   5.0960125e-01   2.6400004e+02   3.6814600e+01
   5.0960125e-01   2.7000006e+02   3.5749100e+01
   5.0960125e-01   2.7600007e+02   3.4828900e+01
   5.0960125e-01   2.8200009e+02   3.4076500e+01
   5.0960125e-01   2.8800010e+02   3.3547600e+01
   5.0960125e-01   2.9400011e+02   3.3329600e+01
   5.0960125e-01   3.0000013e+02   3.3539100e+01
   5.0960125e-01   3.0600014e+02   3.4316800e+01
   5.0960125e-01   3.1200016e+02   3.5821200e+01
   5.0960125e-01   3.1800017e+02   3.8219200e+01
   5.0960125e-01   3.2400018e+02   4.1676200e+01
   5.0960125e-01   3.3000020e+02   4.6343400e+01
   5.0960125e-01   3.3600021e+02   5.2345800e+01
   5.0960125e-01   3.4200023e+02   5.9769000e+01
   5.0960125e-01   3.4800024e+02   6.8648500e+01
   5.0960125e-01   3.5400025e+02   7.8961000e+01
   5.0960125e-01   3.6000027e+02   9.0619600e+01
   5.1210066e-01   1.7999985e+02   1.0647100e+02
   5.1210066e-01   1.8599986e+02   9.5829400e+01
   5.1210066e-01   1.9199988e+02   8.6178700e+01
   5.1210066e-01   1.9799989e+02   7.7575100e+01
   5.1210066e-01   2.0399990e+02   7.0034600e+01
   5.1210066e-01   2.0999992e+02   6.3536400e+01
   5.1210066e-01   2.1599993e+02   5.8026500e+01
   5.1210066e-01   2.2199995e+02   5.3424500e+01
   5.1210066e-01   2.2799996e+02   4.9629500e+01
   5.1210066e-01   2.3399997e+02   4.6528000e+01
   5.1210066e-01   2.3999999e+02   4.4001600e+01
   5.1210066e-01   2.4600000e+02   4.1934200e+01
   5.1210066e-01   2.5200002e+02   4.0220200e+01
   5.1210066e-01   2.5800003e+02   3.8770200e+01
   5.1210066e-01   2.6400004e+02   3.7517400e+01
   5.1210066e-01   2.7000006e+02   3.6421900e+01
   5.1210066e-01   2.7600007e+02   3.5474100e+01
   5.1210066e-01   2.8200009e+02   3.4696700e+01
   5.1210066e-01   2.8800010e+02   3.4145500e+01
   5.1210066e-01   2.9400011e+02   3.3907500e+01
   5.1210066e-01   3.0000013e+02   3.4099000e+01
   5.1210066e-01   3.0600014e+02   3.4859900e+01
   5.1210066e-01   3.1200016e+02   3.6347800e+01
   5.1210066e-01   3.1800017e+02   3.8728700e+01
   5.1210066e-01   3.2400018e+02   4.2166700e+01
   5.1210066e-01   3.3000020e+02   4.6812000e+01
   5.1210066e-01   3.3600021e+02   5.2788600e+01
   5.1210066e-01   3.4200023e+02   6.0181200e+01
   5.1210066e-01   3.4800024e+02   6.9024800e+01
   5.1210066e-01   3.5400025e+02   7.9296100e+01
   5.1210066e-01   3.6000027e+02   9.0908400e+01
   5.1459976e-01   1.7999985e+02   1.0710800e+02
   5.1459976e-01   1.8599986e+02   9.6504900e+01
   5.1459976e-01   1.9199988e+02   8.6882200e+01
   5.1459976e-01   1.9799989e+02   7.8296500e+01
   5.1459976e-01   2.0399990e+02   7.0764400e+01
   5.1459976e-01   2.0999992e+02   6.4265300e+01
   5.1459976e-01   2.1599993e+02   5.8746500e+01
   5.1459976e-01   2.2199995e+02   5.4128200e+01
   5.1459976e-01   2.2799996e+02   5.0311100e+01
   5.1459976e-01   2.3399997e+02   4.7182800e+01
   5.1459976e-01   2.3999999e+02   4.4626300e+01
   5.1459976e-01   2.4600000e+02   4.2526800e+01
   5.1459976e-01   2.5200002e+02   4.0779900e+01
   5.1459976e-01   2.5800003e+02   3.9297300e+01
   5.1459976e-01   2.6400004e+02   3.8013000e+01
   5.1459976e-01   2.7000006e+02   3.6887900e+01
   5.1459976e-01   2.7600007e+02   3.5912800e+01
   5.1459976e-01   2.8200009e+02   3.5110900e+01
   5.1459976e-01   2.8800010e+02   3.4537700e+01
   5.1459976e-01   2.9400011e+02   3.4280200e+01
   5.1459976e-01   3.0000013e+02   3.4453900e+01
   5.1459976e-01   3.0600014e+02   3.5198300e+01
   5.1459976e-01   3.1200016e+02   3.6670000e+01
   5.1459976e-01   3.1800017e+02   3.9034000e+01
   5.1459976e-01   3.2400018e+02   4.2453300e+01
   5.1459976e-01   3.3000020e+02   4.7077000e+01
   5.1459976e-01   3.3600021e+02   5.3027900e+01
   5.1459976e-01   3.4200023e+02   6.0390200e+01
   5.1459976e-01   3.4800024e+02   6.9198200e+01
   5.1459976e-01   3.5400025e+02   7.9428400e+01
   5.1459976e-01   3.6000027e+02   9.0994600e+01
