#sin^2(theta23) Delta_CP/deg Delta_chi^2
   4.5466419e-01   1.3139985e+02   9.8421100e+01
   4.5466419e-01   1.3679998e+02   9.0557100e+01
   4.5466419e-01   1.4220010e+02   8.2377300e+01
   4.5466419e-01   1.4760023e+02   7.4104400e+01
   4.5466419e-01   1.5299978e+02   6.5966600e+01
   4.5466419e-01   1.5839991e+02   5.8189200e+01
   4.5466419e-01   1.6380004e+02   5.0984000e+01
   4.5466419e-01   1.6920017e+02   4.4540300e+01
   4.5466419e-01   1.7459972e+02   3.9015300e+01
   4.5466419e-01   1.7999985e+02   3.4526300e+01
   4.5466419e-01   1.8539998e+02   3.1145500e+01
   4.5466419e-01   1.9080010e+02   2.8896400e+01
   4.5466419e-01   1.9620023e+02   2.7754500e+01
   4.5466419e-01   2.0159978e+02   2.7649800e+01
   4.5466419e-01   2.0699991e+02   2.8473000e+01
   4.5466419e-01   2.1240004e+02   3.0082500e+01
   4.5466419e-01   2.1780017e+02   3.2314000e+01
   4.5466419e-01   2.2319972e+02   3.4988800e+01
   4.5466419e-01   2.2859985e+02   3.7923900e+01
   4.5466419e-01   2.3399997e+02   4.0939400e+01
   4.5466419e-01   2.3940010e+02   4.3866300e+01
   4.5466419e-01   2.4480023e+02   4.6552500e+01
   4.5466419e-01   2.5019978e+02   4.8866900e+01
   4.5466419e-01   2.5559991e+02   5.0703500e+01
   4.5466419e-01   2.6100004e+02   5.1983600e+01
   4.5466419e-01   2.6640016e+02   5.2656700e+01
   4.5466419e-01   2.7179972e+02   5.2702400e+01
   4.5466419e-01   2.7719985e+02   5.2129200e+01
   4.5466419e-01   2.8259997e+02   5.0973900e+01
   4.5765263e-01   1.2599972e+02   1.0017700e+02
   4.5765263e-01   1.3139985e+02   9.2860400e+01
   4.5765263e-01   1.3679998e+02   8.5027000e+01
   4.5765263e-01   1.4220010e+02   7.6885500e+01
   4.5765263e-01   1.4760023e+02   6.8657300e+01
   4.5765263e-01   1.5299978e+02   6.0569000e+01
   4.5765263e-01   1.5839991e+02   5.2844200e+01
   4.5765263e-01   1.6380004e+02   4.5693000e+01
   4.5765263e-01   1.6920017e+02   3.9303100e+01
   4.5765263e-01   1.7459972e+02   3.3830300e+01
   4.5765263e-01   1.7999985e+02   2.9391000e+01
   4.5765263e-01   1.8539998e+02   2.6056200e+01
   4.5765263e-01   1.9080010e+02   2.3849200e+01
   4.5765263e-01   1.9620023e+02   2.2745200e+01
   4.5765263e-01   2.0159978e+02   2.2674700e+01
   4.5765263e-01   2.0699991e+02   2.3528800e+01
   4.5765263e-01   2.1240004e+02   2.5166800e+01
   4.5765263e-01   2.1780017e+02   2.7425200e+01
   4.5765263e-01   2.2319972e+02   3.0126600e+01
   4.5765263e-01   2.2859985e+02   3.3088800e+01
   4.5765263e-01   2.3399997e+02   3.6133000e+01
   4.5765263e-01   2.3940010e+02   3.9091200e+01
   4.5765263e-01   2.4480023e+02   4.1811700e+01
   4.5765263e-01   2.5019978e+02   4.4164300e+01
   4.5765263e-01   2.5559991e+02   4.6043200e+01
   4.5765263e-01   2.6100004e+02   4.7369800e+01
   4.5765263e-01   2.6640016e+02   4.8094000e+01
   4.5765263e-01   2.7179972e+02   4.8194900e+01
   4.5765263e-01   2.7719985e+02   4.7680600e+01
   4.5765263e-01   2.8259997e+02   4.6587400e+01
   4.6064259e-01   1.2599972e+02   9.5266500e+01
   4.6064259e-01   1.3139985e+02   8.7971300e+01
   4.6064259e-01   1.3679998e+02   8.0168300e+01
   4.6064259e-01   1.4220010e+02   7.2065100e+01
   4.6064259e-01   1.4760023e+02   6.3881200e+01
   4.6064259e-01   1.5299978e+02   5.5842000e+01
   4.6064259e-01   1.5839991e+02   4.8169000e+01
   4.6064259e-01   1.6380004e+02   4.1071200e+01
   4.6064259e-01   1.6920017e+02   3.4734500e+01
   4.6064259e-01   1.7459972e+02   2.9313400e+01
   4.6064259e-01   1.7999985e+02   2.4922900e+01
   4.6064259e-01   1.8539998e+02   2.1633400e+01
   4.6064259e-01   1.9080010e+02   1.9467600e+01
   4.6064259e-01   1.9620023e+02   1.8400800e+01
   4.6064259e-01   2.0159978e+02   1.8363600e+01
   4.6064259e-01   2.0699991e+02   1.9247700e+01
   4.6064259e-01   2.1240004e+02   2.0913400e+01
   4.6064259e-01   2.1780017e+02   2.3198000e+01
   4.6064259e-01   2.2319972e+02   2.5925100e+01
   4.6064259e-01   2.2859985e+02   2.8913600e+01
   4.6064259e-01   2.3399997e+02   3.1985700e+01
   4.6064259e-01   2.3940010e+02   3.4974100e+01
   4.6064259e-01   2.4480023e+02   3.7728100e+01
   4.6064259e-01   2.5019978e+02   4.0117900e+01
   4.6064259e-01   2.5559991e+02   4.2038100e+01
   4.6064259e-01   2.6100004e+02   4.3410400e+01
   4.6064259e-01   2.6640016e+02   4.4184600e+01
   4.6064259e-01   2.7179972e+02   4.4339700e+01
   4.6064259e-01   2.7719985e+02   4.3883300e+01
   4.6064259e-01   2.8259997e+02   4.2851100e+01
   4.6363398e-01   1.2599972e+02   9.0976500e+01
   4.6363398e-01   1.3139985e+02   8.3703000e+01
   4.6363398e-01   1.3679998e+02   7.5930600e+01
   4.6363398e-01   1.4220010e+02   6.7865100e+01
   4.6363398e-01   1.4760023e+02   5.9725300e+01
   4.6363398e-01   1.5299978e+02   5.1734600e+01
   4.6363398e-01   1.5839991e+02   4.4113300e+01
   4.6363398e-01   1.6380004e+02   3.7068300e+01
   4.6363398e-01   1.6920017e+02   3.0784100e+01
   4.6363398e-01   1.7459972e+02   2.5413700e+01
   4.6363398e-01   1.7999985e+02   2.1071300e+01
   4.6363398e-01   1.8539998e+02   1.7826300e+01
   4.6363398e-01   1.9080010e+02   1.5701000e+01
   4.6363398e-01   1.9620023e+02   1.4670600e+01
   4.6363398e-01   2.0159978e+02   1.4665900e+01
   4.6363398e-01   2.0699991e+02   1.5579300e+01
   4.6363398e-01   2.1240004e+02   1.7271800e+01
   4.6363398e-01   2.1780017e+02   1.9581700e+01
   4.6363398e-01   2.2319972e+02   2.2333700e+01
   4.6363398e-01   2.2859985e+02   2.5347600e+01
   4.6363398e-01   2.3399997e+02   2.8446600e+01
   4.6363398e-01   2.3940010e+02   3.1464500e+01
   4.6363398e-01   2.4480023e+02   3.4251100e+01
   4.6363398e-01   2.5019978e+02   3.6677100e+01
   4.6363398e-01   2.5559991e+02   3.8637700e+01
   4.6363398e-01   2.6100004e+02   4.0054600e+01
   4.6363398e-01   2.6640016e+02   4.0877900e+01
   4.6363398e-01   2.7179972e+02   4.1086100e+01
   4.6363398e-01   2.7719985e+02   4.0686600e+01
   4.6363398e-01   2.8259997e+02   3.9714300e+01
   4.6662667e-01   1.2599972e+02   8.7256100e+01
   4.6662667e-01   1.3139985e+02   8.0004500e+01
   4.6662667e-01   1.3679998e+02   7.2262300e+01
   4.6662667e-01   1.4220010e+02   6.4234600e+01
   4.6662667e-01   1.4760023e+02   5.6138500e+01
   4.6662667e-01   1.5299978e+02   4.8196000e+01
   4.6662667e-01   1.5839991e+02   4.0625700e+01
   4.6662667e-01   1.6380004e+02   3.3632900e+01
   4.6662667e-01   1.6920017e+02   2.7400600e+01
   4.6662667e-01   1.7459972e+02   2.2080400e+01
   4.6662667e-01   1.7999985e+02   1.7785300e+01
   4.6662667e-01   1.8539998e+02   1.4584000e+01
   4.6662667e-01   1.9080010e+02   1.2498400e+01
   4.6662667e-01   1.9620023e+02   1.1503500e+01
   4.6662667e-01   2.0159978e+02   1.1530500e+01
   4.6662667e-01   2.0699991e+02   1.2472400e+01
   4.6662667e-01   2.1240004e+02   1.4190900e+01
   4.6662667e-01   2.1780017e+02   1.6525300e+01
   4.6662667e-01   2.2319972e+02   1.9301300e+01
   4.6662667e-01   2.2859985e+02   2.2339800e+01
   4.6662667e-01   2.3399997e+02   2.5465000e+01
   4.6662667e-01   2.3940010e+02   2.8511300e+01
   4.6662667e-01   2.4480023e+02   3.1329500e+01
   4.6662667e-01   2.5019978e+02   3.3790800e+01
   4.6662667e-01   2.5559991e+02   3.5790800e+01
   4.6662667e-01   2.6100004e+02   3.7251500e+01
   4.6662667e-01   2.6640016e+02   3.8122800e+01
   4.6662667e-01   2.7179972e+02   3.8383100e+01
   4.6662667e-01   2.7719985e+02   3.8039400e+01
   4.6662667e-01   2.8259997e+02   3.7126100e+01
   4.6962056e-01   1.2599972e+02   8.4053900e+01
   4.6962056e-01   1.3139985e+02   7.6824100e+01
   4.6962056e-01   1.3679998e+02   6.9112300e+01
   4.6962056e-01   1.4220010e+02   6.1122100e+01
   4.6962056e-01   1.4760023e+02   5.3069400e+01
   4.6962056e-01   1.5299978e+02   4.5174700e+01
   4.6962056e-01   1.5839991e+02   3.7654900e+01
   4.6962056e-01   1.6380004e+02   3.0713700e+01
   4.6962056e-01   1.6920017e+02   2.4532600e+01
   4.6962056e-01   1.7459972e+02   1.9262000e+01
   4.6962056e-01   1.7999985e+02   1.5013500e+01
   4.6962056e-01   1.8539998e+02   1.1855200e+01
   4.6962056e-01   1.9080010e+02   9.8084400e+00
   4.6962056e-01   1.9620023e+02   8.8483000e+00
   4.6962056e-01   2.0159978e+02   8.9062700e+00
   4.6962056e-01   2.0699991e+02   9.8757900e+00
   4.6962056e-01   2.1240004e+02   1.1619500e+01
   4.6962056e-01   2.1780017e+02   1.3977500e+01
   4.6962056e-01   2.2319972e+02   1.6776700e+01
   4.6962056e-01   2.2859985e+02   1.9839000e+01
   4.6962056e-01   2.3399997e+02   2.2989300e+01
   4.6962056e-01   2.3940010e+02   2.6063300e+01
   4.6962056e-01   2.4480023e+02   2.8912200e+01
   4.6962056e-01   2.5019978e+02   3.1407900e+01
   4.6962056e-01   2.5559991e+02   3.3446400e+01
   4.6962056e-01   2.6100004e+02   3.4949800e+01
   4.6962056e-01   2.6640016e+02   3.5868100e+01
   4.6962056e-01   2.7179972e+02   3.6179500e+01
   4.6962056e-01   2.7719985e+02   3.5890500e+01
   4.6962056e-01   2.8259997e+02   3.5035000e+01
   4.7261555e-01   1.2599972e+02   8.1318800e+01
   4.7261555e-01   1.3139985e+02   7.4110900e+01
   4.7261555e-01   1.3679998e+02   6.6429300e+01
   4.7261555e-01   1.4220010e+02   5.8476600e+01
   4.7261555e-01   1.4760023e+02   5.0467000e+01
   4.7261555e-01   1.5299978e+02   4.2619700e+01
   4.7261555e-01   1.5839991e+02   3.5149900e+01
   4.7261555e-01   1.6380004e+02   2.8259800e+01
   4.7261555e-01   1.6920017e+02   2.2129400e+01
   4.7261555e-01   1.7459972e+02   1.6907500e+01
   4.7261555e-01   1.7999985e+02   1.2705000e+01
   4.7261555e-01   1.8539998e+02   9.5888700e+00
   4.7261555e-01   1.9080010e+02   7.5802800e+00
   4.7261555e-01   1.9620023e+02   6.6541300e+00
   4.7261555e-01   2.0159978e+02   6.7422300e+00
   4.7261555e-01   2.0699991e+02   7.7386100e+00
   4.7261555e-01   2.1240004e+02   9.5066800e+00
   4.7261555e-01   2.1780017e+02   1.1887600e+01
   4.7261555e-01   2.2319972e+02   1.4709100e+01
   4.7261555e-01   2.2859985e+02   1.7794200e+01
   4.7261555e-01   2.3399997e+02   2.0969000e+01
   4.7261555e-01   2.3940010e+02   2.4069600e+01
   4.7261555e-01   2.4480023e+02   2.6948300e+01
   4.7261555e-01   2.5019978e+02   2.9477500e+01
   4.7261555e-01   2.5559991e+02   3.1553500e+01
   4.7261555e-01   2.6100004e+02   3.3098600e+01
   4.7261555e-01   2.6640016e+02   3.4062900e+01
   4.7261555e-01   2.7179972e+02   3.4424400e+01
   4.7261555e-01   2.7719985e+02   3.4189100e+01
   4.7261555e-01   2.8259997e+02   3.3390400e+01
   4.7561152e-01   1.2599972e+02   7.9000300e+01
   4.7561152e-01   1.3139985e+02   7.1814500e+01
   4.7561152e-01   1.3679998e+02   6.4163200e+01
   4.7561152e-01   1.4220010e+02   5.6247700e+01
   4.7561152e-01   1.4760023e+02   4.8280900e+01
   4.7561152e-01   1.5299978e+02   4.0480700e+01
   4.7561152e-01   1.5839991e+02   3.3060500e+01
   4.7561152e-01   1.6380004e+02   2.6220900e+01
   4.7561152e-01   1.6920017e+02   2.0140500e+01
   4.7561152e-01   1.7459972e+02   1.4966800e+01
   4.7561152e-01   1.7999985e+02   1.0809500e+01
   4.7561152e-01   1.8539998e+02   7.7349300e+00
   4.7561152e-01   1.9080010e+02   5.7637500e+00
   4.7561152e-01   1.9620023e+02   4.8708300e+00
   4.7561152e-01   2.0159978e+02   4.9883000e+00
   4.7561152e-01   2.0699991e+02   6.0107500e+00
   4.7561152e-01   2.1240004e+02   7.8024100e+00
   4.7561152e-01   2.1780017e+02   1.0205400e+01
   4.7561152e-01   2.2319972e+02   1.3048400e+01
   4.7561152e-01   2.2859985e+02   1.6155500e+01
   4.7561152e-01   2.3399997e+02   1.9353800e+01
   4.7561152e-01   2.3940010e+02   2.2480300e+01
   4.7561152e-01   2.4480023e+02   2.5387900e+01
   4.7561152e-01   2.5019978e+02   2.7949600e+01
   4.7561152e-01   2.5559991e+02   3.0062100e+01
   4.7561152e-01   2.6100004e+02   3.1648000e+01
   4.7561152e-01   2.6640016e+02   3.2657200e+01
   4.7561152e-01   2.7179972e+02   3.3067800e+01
   4.7561152e-01   2.7719985e+02   3.2885200e+01
   4.7561152e-01   2.8259997e+02   3.2142100e+01
   4.7860837e-01   1.2599972e+02   7.7049300e+01
   4.7860837e-01   1.3139985e+02   6.9885700e+01
   4.7860837e-01   1.3679998e+02   6.2264600e+01
   4.7860837e-01   1.4220010e+02   5.4386200e+01
   4.7860837e-01   1.4760023e+02   4.6462200e+01
   4.7860837e-01   1.5299978e+02   3.8708600e+01
   4.7860837e-01   1.5839991e+02   3.1337500e+01
   4.7860837e-01   1.6380004e+02   2.4548100e+01
   4.7860837e-01   1.6920017e+02   1.8517100e+01
   4.7860837e-01   1.7459972e+02   1.3391000e+01
   4.7860837e-01   1.7999985e+02   9.2781900e+00
   4.7860837e-01   1.8539998e+02   6.2444600e+00
   4.7860837e-01   1.9080010e+02   4.3099500e+00
   4.7860837e-01   1.9620023e+02   3.4495400e+00
   4.7860837e-01   2.0159978e+02   3.5956200e+00
   4.7860837e-01   2.0699991e+02   4.6433700e+00
   4.7860837e-01   2.1240004e+02   6.4578200e+00
   4.7860837e-01   2.1780017e+02   8.8820400e+00
   4.7860837e-01   2.2319972e+02   1.1745800e+01
   4.7860837e-01   2.2859985e+02   1.4874100e+01
   4.7860837e-01   2.3399997e+02   1.8095000e+01
   4.7860837e-01   2.3940010e+02   2.1246500e+01
   4.7860837e-01   2.4480023e+02   2.4182100e+01
   4.7860837e-01   2.5019978e+02   2.6775400e+01
   4.7860837e-01   2.5559991e+02   2.8923500e+01
   4.7860837e-01   2.6100004e+02   3.0549200e+01
   4.7860837e-01   2.6640016e+02   3.1602400e+01
   4.7860837e-01   2.7179972e+02   3.2060900e+01
   4.7860837e-01   2.7719985e+02   3.1929900e+01
   4.7860837e-01   2.8259997e+02   3.1241500e+01
   4.8160599e-01   1.2599972e+02   7.5418500e+01
   4.8160599e-01   1.3139985e+02   6.8277100e+01
   4.8160599e-01   1.3679998e+02   6.0686300e+01
   4.8160599e-01   1.4220010e+02   5.2844900e+01
   4.8160599e-01   1.4760023e+02   4.4963300e+01
   4.8160599e-01   1.5299978e+02   3.7256100e+01
   4.8160599e-01   1.5839991e+02   2.9933800e+01
   4.8160599e-01   1.6380004e+02   2.3193900e+01
   4.8160599e-01   1.6920017e+02   1.7211900e+01
   4.8160599e-01   1.7459972e+02   1.2132700e+01
   4.8160599e-01   1.7999985e+02   8.0638200e+00
   4.8160599e-01   1.8539998e+02   5.0702400e+00
   4.8160599e-01   1.9080010e+02   3.1717200e+00
   4.8160599e-01   1.9620023e+02   2.3430900e+00
   4.8160599e-01   2.0159978e+02   2.5170500e+00
   4.8160599e-01   2.0699991e+02   3.5893700e+00
   4.8160599e-01   2.1240004e+02   5.4258600e+00
   4.8160599e-01   2.1780017e+02   7.8705400e+00
   4.8160599e-01   2.2319972e+02   1.0754200e+01
   4.8160599e-01   2.2859985e+02   1.3902900e+01
   4.8160599e-01   2.3399997e+02   1.7145600e+01
   4.8160599e-01   2.3940010e+02   2.0321200e+01
   4.8160599e-01   2.4480023e+02   2.3284000e+01
   4.8160599e-01   2.5019978e+02   2.5908000e+01
   4.8160599e-01   2.5559991e+02   2.8090700e+01
   4.8160599e-01   2.6100004e+02   2.9755200e+01
   4.8160599e-01   2.6640016e+02   3.0851500e+01
   4.8160599e-01   2.7179972e+02   3.1357000e+01
   4.8160599e-01   2.7719985e+02   3.1276600e+01
   4.8160599e-01   2.8259997e+02   3.0641800e+01
   4.8460427e-01   1.2599972e+02   7.4062600e+01
   4.8460427e-01   1.3139985e+02   6.6943600e+01
   4.8460427e-01   1.3679998e+02   5.9383000e+01
   4.8460427e-01   1.4220010e+02   5.1578500e+01
   4.8460427e-01   1.4760023e+02   4.3739100e+01
   4.8460427e-01   1.5299978e+02   3.6078000e+01
   4.8460427e-01   1.5839991e+02   2.8804100e+01
   4.8460427e-01   1.6380004e+02   2.2113400e+01
   4.8460427e-01   1.6920017e+02   1.6179700e+01
   4.8460427e-01   1.7459972e+02   1.1146900e+01
   4.8460427e-01   1.7999985e+02   7.1213800e+00
   4.8460427e-01   1.8539998e+02   4.1673000e+00
   4.8460427e-01   1.9080010e+02   2.3041000e+00
   4.8460427e-01   1.9620023e+02   1.5065600e+00
   4.8460427e-01   2.0159978e+02   1.7077000e+00
   4.8460427e-01   2.0699991e+02   2.8038500e+00
   4.8460427e-01   2.1240004e+02   4.6616400e+00
   4.8460427e-01   2.1780017e+02   7.1260400e+00
   4.8460427e-01   2.2319972e+02   1.0028900e+01
   4.8460427e-01   2.2859985e+02   1.3197200e+01
   4.8460427e-01   2.3399997e+02   1.6460900e+01
   4.8460427e-01   2.3940010e+02   1.9659800e+01
   4.8460427e-01   2.4480023e+02   2.2648700e+01
   4.8460427e-01   2.5019978e+02   2.5302600e+01
   4.8460427e-01   2.5559991e+02   2.7519100e+01
   4.8460427e-01   2.6100004e+02   2.9221500e+01
   4.8460427e-01   2.6640016e+02   3.0359800e+01
   4.8460427e-01   2.7179972e+02   3.0911300e+01
   4.8460427e-01   2.7719985e+02   3.0880500e+01
   4.8460427e-01   2.8259997e+02   3.0298300e+01
   4.8760311e-01   1.2599972e+02   7.2939200e+01
   4.8760311e-01   1.3139985e+02   6.5842700e+01
   4.8760311e-01   1.3679998e+02   5.8312200e+01
   4.8760311e-01   1.4220010e+02   5.0544500e+01
   4.8760311e-01   1.4760023e+02   4.2747200e+01
   4.8760311e-01   1.5299978e+02   3.5131900e+01
   4.8760311e-01   1.5839991e+02   2.7906100e+01
   4.8760311e-01   1.6380004e+02   2.1264000e+01
   4.8760311e-01   1.6920017e+02   1.5378300e+01
   4.8760311e-01   1.7459972e+02   1.0391300e+01
   4.8760311e-01   1.7999985e+02   6.4085000e+00
   4.8760311e-01   1.8539998e+02   3.4933100e+00
   4.8760311e-01   1.9080010e+02   1.6647900e+00
   4.8760311e-01   1.9620023e+02   8.9768700e-01
   4.8760311e-01   2.0159978e+02   1.1253200e+00
   4.8760311e-01   2.0699991e+02   2.2446100e+00
   4.8760311e-01   2.1240004e+02   4.1230000e+00
   4.8760311e-01   2.1780017e+02   6.6063800e+00
   4.8760311e-01   2.2319972e+02   9.5276200e+00
   4.8760311e-01   2.2859985e+02   1.2714700e+01
   4.8760311e-01   2.3399997e+02   1.5998700e+01
   4.8760311e-01   2.3940010e+02   1.9220000e+01
   4.8760311e-01   2.4480023e+02   2.2234400e+01
   4.8760311e-01   2.5019978e+02   2.4917200e+01
   4.8760311e-01   2.5559991e+02   2.7166600e+01
   4.8760311e-01   2.6100004e+02   2.8905900e+01
   4.8760311e-01   2.6640016e+02   3.0085300e+01
   4.8760311e-01   2.7179972e+02   3.0681900e+01
   4.8760311e-01   2.7719985e+02   3.0699700e+01
   4.8760311e-01   2.8259997e+02   3.0169100e+01
   4.9060239e-01   1.2599972e+02   7.2008500e+01
   4.9060239e-01   1.3139985e+02   6.4934600e+01
   4.9060239e-01   1.3679998e+02   5.7434500e+01
   4.9060239e-01   1.4220010e+02   4.9703600e+01
   4.9060239e-01   1.4760023e+02   4.1948200e+01
   4.9060239e-01   1.5299978e+02   3.4378500e+01
   4.9060239e-01   1.5839991e+02   2.7200300e+01
   4.9060239e-01   1.6380004e+02   2.0606500e+01
   4.9060239e-01   1.6920017e+02   1.4768300e+01
   4.9060239e-01   1.7459972e+02   9.8266000e+00
   4.9060239e-01   1.7999985e+02   5.8859700e+00
   4.9060239e-01   1.8539998e+02   3.0090800e+00
   4.9060239e-01   1.9080010e+02   1.2146300e+00
   4.9060239e-01   1.9620023e+02   4.7733500e-01
   4.9060239e-01   2.0159978e+02   7.3081600e-01
   4.9060239e-01   2.0699991e+02   1.8725900e+00
   4.9060239e-01   2.1240004e+02   3.7708800e+00
   4.9060239e-01   2.1780017e+02   6.2725700e+00
   4.9060239e-01   2.2319972e+02   9.2114800e+00
   4.9060239e-01   2.2859985e+02   1.2416700e+01
   4.9060239e-01   2.3399997e+02   1.5720100e+01
   4.9060239e-01   2.3940010e+02   1.8963100e+01
   4.9060239e-01   2.4480023e+02   2.2002100e+01
   4.9060239e-01   2.5019978e+02   2.4713000e+01
   4.9060239e-01   2.5559991e+02   2.6994300e+01
   4.9060239e-01   2.6100004e+02   2.8769800e+01
   4.9060239e-01   2.6640016e+02   2.9989400e+01
   4.9060239e-01   2.7179972e+02   3.0630000e+01
   4.9060239e-01   2.7719985e+02   3.0695500e+01
   4.9060239e-01   2.8259997e+02   3.0215500e+01
   4.9360201e-01   1.2599972e+02   7.1234800e+01
   4.9360201e-01   1.3139985e+02   6.4183700e+01
   4.9360201e-01   1.3679998e+02   5.6714000e+01
   4.9360201e-01   1.4220010e+02   4.9019700e+01
   4.9360201e-01   1.4760023e+02   4.1306100e+01
   4.9360201e-01   1.5299978e+02   3.3781700e+01
   4.9360201e-01   1.5839991e+02   2.6650900e+01
   4.9360201e-01   1.6380004e+02   2.0105100e+01
   4.9360201e-01   1.6920017e+02   1.4313900e+01
   4.9360201e-01   1.7459972e+02   9.4170600e+00
   4.9360201e-01   1.7999985e+02   5.5180800e+00
   4.9360201e-01   1.8539998e+02   2.6789700e+00
   4.9360201e-01   1.9080010e+02   9.1800600e-01
   4.9360201e-01   1.9620023e+02   2.0992600e-01
   4.9360201e-01   2.0159978e+02   4.8864400e-01
   4.9360201e-01   2.0699991e+02   1.6522700e+00
   4.9360201e-01   2.1240004e+02   3.5698300e+00
   4.9360201e-01   2.1780017e+02   6.0891300e+00
   4.9360201e-01   2.2319972e+02   9.0450300e+00
   4.9360201e-01   2.2859985e+02   1.2267600e+01
   4.9360201e-01   2.3399997e+02   1.5589800e+01
   4.9360201e-01   2.3940010e+02   1.8853700e+01
   4.9360201e-01   2.4480023e+02   2.1916500e+01
   4.9360201e-01   2.5019978e+02   2.4654700e+01
   4.9360201e-01   2.5559991e+02   2.6967200e+01
   4.9360201e-01   2.6100004e+02   2.8777900e+01
   4.9360201e-01   2.6640016e+02   3.0036800e+01
   4.9360201e-01   2.7179972e+02   3.0720700e+01
   4.9360201e-01   2.7719985e+02   3.0832900e+01
   4.9360201e-01   2.8259997e+02   3.0402600e+01
   4.9660186e-01   1.2599972e+02   7.0586200e+01
   4.9660186e-01   1.3139985e+02   6.3558100e+01
   4.9660186e-01   1.3679998e+02   5.6118600e+01
   4.9660186e-01   1.4220010e+02   4.8461100e+01
   4.9660186e-01   1.4760023e+02   4.0789000e+01
   4.9660186e-01   1.5299978e+02   3.3309800e+01
   4.9660186e-01   1.5839991e+02   2.6226200e+01
   4.9660186e-01   1.6380004e+02   1.9727900e+01
   4.9660186e-01   1.6920017e+02   1.3983300e+01
   4.9660186e-01   1.7459972e+02   9.1309400e+00
   4.9660186e-01   1.7999985e+02   5.2731400e+00
   4.9660186e-01   1.8539998e+02   2.4712700e+00
   4.9660186e-01   1.9080010e+02   7.4327000e-01
   4.9660186e-01   1.9620023e+02   6.3844000e-02
   4.9660186e-01   2.0159978e+02   3.6722200e-01
   4.9660186e-01   2.0699991e+02   1.5521000e+00
   4.9660186e-01   2.1240004e+02   3.4883100e+00
   4.9660186e-01   2.1780017e+02   6.0246100e+00
   4.9660186e-01   2.2319972e+02   8.9968600e+00
   4.9660186e-01   2.2859985e+02   1.2236200e+01
   4.9660186e-01   2.3399997e+02   1.5576300e+01
   4.9660186e-01   2.3940010e+02   1.8860500e+01
   4.9660186e-01   2.4480023e+02   2.1946400e+01
   4.9660186e-01   2.5019978e+02   2.4711100e+01
   4.9660186e-01   2.5559991e+02   2.7054000e+01
   4.9660186e-01   2.6100004e+02   2.8899100e+01
   4.9660186e-01   2.6640016e+02   3.0196500e+01
   4.9660186e-01   2.7179972e+02   3.0922700e+01
   4.9660186e-01   2.7719985e+02   3.1080700e+01
   4.9660186e-01   2.8259997e+02   3.0699300e+01
   4.9960184e-01   1.2599972e+02   7.0035000e+01
   4.9960184e-01   1.3139985e+02   6.3029900e+01
   4.9960184e-01   1.3679998e+02   5.5620900e+01
   4.9960184e-01   1.4220010e+02   4.8000000e+01
   4.9960184e-01   1.4760023e+02   4.0369500e+01
   4.9960184e-01   1.5299978e+02   3.2935200e+01
   4.9960184e-01   1.5839991e+02   2.5898500e+01
   4.9960184e-01   1.6380004e+02   1.9447500e+01
   4.9960184e-01   1.6920017e+02   1.3749200e+01
   4.9960184e-01   1.7459972e+02   8.9407600e+00
   4.9960184e-01   1.7999985e+02   5.1237000e+00
   4.9960184e-01   1.8539998e+02   2.3586200e+00
   4.9960184e-01   1.9080010e+02   6.6307600e-01
   4.9960184e-01   1.9620023e+02   1.1784900e-02
   4.9960184e-01   2.0159978e+02   3.3928600e-01
   4.9960184e-01   2.0699991e+02   1.5448600e+00
   4.9960184e-01   2.1240004e+02   3.4991500e+00
   4.9960184e-01   2.1780017e+02   6.0518500e+00
   4.9960184e-01   2.2319972e+02   9.0398400e+00
   4.9960184e-01   2.2859985e+02   1.2295200e+01
   4.9960184e-01   2.3399997e+02   1.5652800e+01
   4.9960184e-01   2.3940010e+02   1.8956400e+01
   4.9960184e-01   2.4480023e+02   2.2064700e+01
   4.9960184e-01   2.5019978e+02   2.4855300e+01
   4.9960184e-01   2.5559991e+02   2.7227800e+01
   4.9960184e-01   2.6100004e+02   2.9106500e+01
   4.9960184e-01   2.6640016e+02   3.0441600e+01
   4.9960184e-01   2.7179972e+02   3.1209300e+01
   4.9960184e-01   2.7719985e+02   3.1412300e+01
   4.9960184e-01   2.8259997e+02   3.1078800e+01
   5.0260182e-01   1.2599972e+02   6.9558200e+01
   5.0260182e-01   1.3139985e+02   6.2576300e+01
   5.0260182e-01   1.3679998e+02   5.5197800e+01
   5.0260182e-01   1.4220010e+02   4.7613500e+01
   5.0260182e-01   1.4760023e+02   4.0024400e+01
   5.0260182e-01   1.5299978e+02   3.2635000e+01
   5.0260182e-01   1.5839991e+02   2.5644900e+01
   5.0260182e-01   1.6380004e+02   1.9240900e+01
   5.0260182e-01   1.6920017e+02   1.3588500e+01
   5.0260182e-01   1.7459972e+02   8.8237300e+00
   5.0260182e-01   1.7999985e+02   5.0470000e+00
   5.0260182e-01   1.8539998e+02   2.3182500e+00
   5.0260182e-01   1.9080010e+02   6.5471300e-01
   5.0260182e-01   1.9620023e+02   3.1078900e-02
   5.0260182e-01   2.0159978e+02   3.8220600e-01
   5.0260182e-01   2.0699991e+02   1.6079700e+00
   5.0260182e-01   2.1240004e+02   3.5798100e+00
   5.0260182e-01   2.1780017e+02   6.1483500e+00
   5.0260182e-01   2.2319972e+02   9.1515100e+00
   5.0260182e-01   2.2859985e+02   1.2422400e+01
   5.0260182e-01   2.3399997e+02   1.5796700e+01
   5.0260182e-01   2.3940010e+02   1.9119200e+01
   5.0260182e-01   2.4480023e+02   2.2249300e+01
   5.0260182e-01   2.5019978e+02   2.5064900e+01
   5.0260182e-01   2.5559991e+02   2.7466400e+01
   5.0260182e-01   2.6100004e+02   2.9378000e+01
   5.0260182e-01   2.6640016e+02   3.0749900e+01
   5.0260182e-01   2.7179972e+02   3.1558400e+01
   5.0260182e-01   2.7719985e+02   3.1805700e+01
   5.0260182e-01   2.8259997e+02   3.1519300e+01
   5.0560172e-01   1.2599972e+02   6.9137600e+01
   5.0560172e-01   1.3139985e+02   6.2179100e+01
   5.0560172e-01   1.3679998e+02   5.4831200e+01
   5.0560172e-01   1.4220010e+02   4.7283500e+01
   5.0560172e-01   1.4760023e+02   3.9735800e+01
   5.0560172e-01   1.5299978e+02   3.2391000e+01
   5.0560172e-01   1.5839991e+02   2.5447300e+01
   5.0560172e-01   1.6380004e+02   1.9090100e+01
   5.0560172e-01   1.6920017e+02   1.3483400e+01
   5.0560172e-01   1.7459972e+02   8.7618900e+00
   5.0560172e-01   1.7999985e+02   5.0251200e+00
   5.0560172e-01   1.8539998e+02   2.3323200e+00
   5.0560172e-01   1.9080010e+02   7.0036800e-01
   5.0560172e-01   1.9620023e+02   1.0395400e-01
   5.0560172e-01   2.0159978e+02   4.7825200e-01
   5.0560172e-01   2.0699991e+02   1.7237300e+00
   5.0560172e-01   2.1240004e+02   3.7126200e+00
   5.0560172e-01   2.1780017e+02   6.2965100e+00
   5.0560172e-01   2.2319972e+02   9.3143000e+00
   5.0560172e-01   2.2859985e+02   1.2600100e+01
   5.0560172e-01   2.3399997e+02   1.5990600e+01
   5.0560172e-01   2.3940010e+02   1.9331400e+01
   5.0560172e-01   2.4480023e+02   2.2482600e+01
   5.0560172e-01   2.5019978e+02   2.5322800e+01
   5.0560172e-01   2.5559991e+02   2.7752500e+01
   5.0560172e-01   2.6100004e+02   2.9696300e+01
   5.0560172e-01   2.6640016e+02   3.1104400e+01
   5.0560172e-01   2.7179972e+02   3.1952900e+01
   5.0560172e-01   2.7719985e+02   3.2243600e+01
   5.0560172e-01   2.8259997e+02   3.2003600e+01
   5.0860141e-01   1.2599972e+02   6.8760300e+01
   5.0860141e-01   1.3139985e+02   6.1825300e+01
   5.0860141e-01   1.3679998e+02   5.4508000e+01
   5.0860141e-01   1.4220010e+02   4.6997000e+01
   5.0860141e-01   1.4760023e+02   3.9490600e+01
   5.0860141e-01   1.5299978e+02   3.2190300e+01
   5.0860141e-01   1.5839991e+02   2.5292900e+01
   5.0860141e-01   1.6380004e+02   1.8982300e+01
   5.0860141e-01   1.6920017e+02   1.3420900e+01
   5.0860141e-01   1.7459972e+02   8.7424200e+00
   5.0860141e-01   1.7999985e+02   5.0452800e+00
   5.0860141e-01   1.8539998e+02   2.3880700e+00
   5.0860141e-01   1.9080010e+02   7.8732900e-01
   5.0860141e-01   1.9620023e+02   2.1774200e-01
   5.0860141e-01   2.0159978e+02   6.1480200e-01
   5.0860141e-01   2.0699991e+02   1.8795600e+00
   5.0860141e-01   2.1240004e+02   3.8850700e+00
   5.0860141e-01   2.1780017e+02   6.4838400e+00
   5.0860141e-01   2.2319972e+02   9.5157800e+00
   5.0860141e-01   2.2859985e+02   1.2816000e+01
   5.0860141e-01   2.3399997e+02   1.6222200e+01
   5.0860141e-01   2.3940010e+02   1.9580800e+01
   5.0860141e-01   2.4480023e+02   2.2752500e+01
   5.0860141e-01   2.5019978e+02   2.5616500e+01
   5.0860141e-01   2.5559991e+02   2.8073900e+01
   5.0860141e-01   2.6100004e+02   3.0049300e+01
   5.0860141e-01   2.6640016e+02   3.1493000e+01
   5.0860141e-01   2.7179972e+02   3.2380700e+01
   5.0860141e-01   2.7719985e+02   3.2714200e+01
   5.0860141e-01   2.8259997e+02   3.2519800e+01
   5.1160080e-01   1.2599972e+02   6.8418500e+01
   5.1160080e-01   1.3139985e+02   6.1507100e+01
   5.1160080e-01   1.3679998e+02   5.4220600e+01
   5.1160080e-01   1.4220010e+02   4.6746200e+01
   5.1160080e-01   1.4760023e+02   3.9281100e+01
   5.1160080e-01   1.5299978e+02   3.2025200e+01
   5.1160080e-01   1.5839991e+02   2.5174000e+01
   5.1160080e-01   1.6380004e+02   1.8909700e+01
   5.1160080e-01   1.6920017e+02   1.3393500e+01
   5.1160080e-01   1.7459972e+02   8.7577300e+00
   5.1160080e-01   1.7999985e+02   5.0999300e+00
   5.1160080e-01   1.8539998e+02   2.4780100e+00
   5.1160080e-01   1.9080010e+02   9.0814400e-01
   5.1160080e-01   1.9620023e+02   3.6503300e-01
   5.1160080e-01   2.0159978e+02   7.8448600e-01
   5.1160080e-01   2.0699991e+02   2.0681500e+00
   5.1160080e-01   2.1240004e+02   4.0898700e+00
   5.1160080e-01   2.1780017e+02   6.7031100e+00
   5.1160080e-01   2.2319972e+02   9.7487700e+00
   5.1160080e-01   2.2859985e+02   1.3063000e+01
   5.1160080e-01   2.3399997e+02   1.6484400e+01
   5.1160080e-01   2.3940010e+02   1.9860200e+01
   5.1160080e-01   2.4480023e+02   2.3051900e+01
   5.1160080e-01   2.5019978e+02   2.5939300e+01
   5.1160080e-01   2.5559991e+02   2.8423700e+01
   5.1160080e-01   2.6100004e+02   3.0430200e+01
   5.1160080e-01   2.6640016e+02   3.1908700e+01
   5.1160080e-01   2.7179972e+02   3.2835200e+01
   5.1160080e-01   2.7719985e+02   3.3210800e+01
   5.1160080e-01   2.8259997e+02   3.3061400e+01
   5.1459976e-01   1.2599972e+02   6.8109800e+01
   5.1459976e-01   1.3139985e+02   6.1222200e+01
   5.1459976e-01   1.3679998e+02   5.3966400e+01
   5.1459976e-01   1.4220010e+02   4.6528700e+01
   5.1459976e-01   1.4760023e+02   3.9104800e+01
   5.1459976e-01   1.5299978e+02   3.1893400e+01
   5.1459976e-01   1.5839991e+02   2.5088200e+01
   5.1459976e-01   1.6380004e+02   1.8870100e+01
   5.1459976e-01   1.6920017e+02   1.3398800e+01
   5.1459976e-01   1.7459972e+02   8.8055900e+00
   5.1459976e-01   1.7999985e+02   5.1868900e+00
   5.1459976e-01   1.8539998e+02   2.5999700e+00
   5.1459976e-01   1.9080010e+02   1.0606900e+00
   5.1459976e-01   1.9620023e+02   5.4375000e-01
   5.1459976e-01   2.0159978e+02   9.8527600e-01
   5.1459976e-01   2.0699991e+02   2.2875100e+00
   5.1459976e-01   2.1240004e+02   4.3250900e+00
   5.1459976e-01   2.1780017e+02   6.9524100e+00
   5.1459976e-01   2.2319972e+02   1.0011400e+01
   5.1459976e-01   2.2859985e+02   1.3339200e+01
   5.1459976e-01   2.3399997e+02   1.6775300e+01
   5.1459976e-01   2.3940010e+02   2.0168000e+01
   5.1459976e-01   2.4480023e+02   2.3379200e+01
   5.1459976e-01   2.5019978e+02   2.6289500e+01
   5.1459976e-01   2.5559991e+02   2.8800500e+01
   5.1459976e-01   2.6100004e+02   3.0837300e+01
   5.1459976e-01   2.6640016e+02   3.2350300e+01
   5.1459976e-01   2.7179972e+02   3.3314900e+01
   5.1459976e-01   2.7719985e+02   3.3732000e+01
   5.1459976e-01   2.8259997e+02   3.3626900e+01
   5.1759820e-01   1.2599972e+02   6.7837100e+01
   5.1759820e-01   1.3139985e+02   6.0973400e+01
   5.1759820e-01   1.3679998e+02   5.3748600e+01
   5.1759820e-01   1.4220010e+02   4.6347600e+01
   5.1759820e-01   1.4760023e+02   3.8965000e+01
   5.1759820e-01   1.5299978e+02   3.1797900e+01
   5.1759820e-01   1.5839991e+02   2.5038600e+01
   5.1759820e-01   1.6380004e+02   1.8866500e+01
   5.1759820e-01   1.6920017e+02   1.3440000e+01
   5.1759820e-01   1.7459972e+02   8.8891200e+00
   5.1759820e-01   1.7999985e+02   5.3093000e+00
   5.1759820e-01   1.8539998e+02   2.7571500e+00
   5.1759820e-01   1.9080010e+02   1.2482100e+00
   5.1759820e-01   1.9620023e+02   7.5717400e-01
   5.1759820e-01   2.0159978e+02   1.2204900e+00
   5.1759820e-01   2.0699991e+02   2.5409900e+00
   5.1759820e-01   2.1240004e+02   4.5941300e+00
   5.1759820e-01   2.1780017e+02   7.2352200e+00
   5.1759820e-01   2.2319972e+02   1.0307200e+01
   5.1759820e-01   2.2859985e+02   1.3648200e+01
   5.1759820e-01   2.3399997e+02   1.7098700e+01
   5.1759820e-01   2.3940010e+02   2.0507700e+01
   5.1759820e-01   2.4480023e+02   2.3738200e+01
   5.1759820e-01   2.5019978e+02   2.6670900e+01
   5.1759820e-01   2.5559991e+02   2.9207900e+01
   5.1759820e-01   2.6100004e+02   3.1274700e+01
   5.1759820e-01   2.6640016e+02   3.2821500e+01
   5.1759820e-01   2.7179972e+02   3.3823700e+01
   5.1759820e-01   2.7719985e+02   3.4281700e+01
   5.1759820e-01   2.8259997e+02   3.4220400e+01
   5.2059601e-01   1.2599972e+02   6.7608700e+01
   5.2059601e-01   1.3139985e+02   6.0769200e+01
   5.2059601e-01   1.3679998e+02   5.3575300e+01
   5.2059601e-01   1.4220010e+02   4.6211100e+01
   5.2059601e-01   1.4760023e+02   3.8869700e+01
   5.2059601e-01   1.5299978e+02   3.1746900e+01
   5.2059601e-01   1.5839991e+02   2.5033500e+01
   5.2059601e-01   1.6380004e+02   1.8907300e+01
   5.2059601e-01   1.6920017e+02   1.3525500e+01
   5.2059601e-01   1.7459972e+02   9.0167500e+00
   5.2059601e-01   1.7999985e+02   5.4756300e+00
   5.2059601e-01   1.8539998e+02   2.9580700e+00
   5.2059601e-01   1.9080010e+02   1.4792500e+00
   5.2059601e-01   1.9620023e+02   1.0138900e+00
   5.2059601e-01   2.0159978e+02   1.4987700e+00
   5.2059601e-01   2.0699991e+02   2.8372900e+00
   5.2059601e-01   2.1240004e+02   4.9057100e+00
   5.2059601e-01   2.1780017e+02   7.5602800e+00
   5.2059601e-01   2.2319972e+02   1.0644900e+01
   5.2059601e-01   2.2859985e+02   1.3998900e+01
   5.2059601e-01   2.3399997e+02   1.7463400e+01
   5.2059601e-01   2.3940010e+02   2.0888500e+01
   5.2059601e-01   2.4480023e+02   2.4137700e+01
   5.2059601e-01   2.5019978e+02   2.7092400e+01
   5.2059601e-01   2.5559991e+02   2.9655100e+01
   5.2059601e-01   2.6100004e+02   3.1751500e+01
   5.2059601e-01   2.6640016e+02   3.3331600e+01
   5.2059601e-01   2.7179972e+02   3.4370900e+01
   5.2059601e-01   2.7719985e+02   3.4869400e+01
   5.2059601e-01   2.8259997e+02   3.4851400e+01
   5.2359307e-01   1.2599972e+02   6.7438300e+01
   5.2359307e-01   1.3139985e+02   6.0622900e+01
   5.2359307e-01   1.3679998e+02   5.3460100e+01
   5.2359307e-01   1.4220010e+02   4.6132600e+01
   5.2359307e-01   1.4760023e+02   3.8832500e+01
   5.2359307e-01   1.5299978e+02   3.1754000e+01
   5.2359307e-01   1.5839991e+02   2.5086400e+01
   5.2359307e-01   1.6380004e+02   1.9006100e+01
   5.2359307e-01   1.6920017e+02   1.3668800e+01
   5.2359307e-01   1.7459972e+02   9.2021200e+00
   5.2359307e-01   1.7999985e+02   5.6995600e+00
   5.2359307e-01   1.8539998e+02   3.2164100e+00
   5.2359307e-01   1.9080010e+02   1.7675500e+00
   5.2359307e-01   1.9620023e+02   1.3276900e+00
   5.2359307e-01   2.0159978e+02   1.8339200e+00
   5.2359307e-01   2.0699991e+02   3.1902500e+00
   5.2359307e-01   2.1240004e+02   5.2737300e+00
   5.2359307e-01   2.1780017e+02   7.9415600e+00
   5.2359307e-01   2.2319972e+02   1.1038700e+01
   5.2359307e-01   2.2859985e+02   1.4405200e+01
   5.2359307e-01   2.3399997e+02   1.7883500e+01
   5.2359307e-01   2.3940010e+02   2.1324300e+01
   5.2359307e-01   2.4480023e+02   2.4591900e+01
   5.2359307e-01   2.5019978e+02   2.7568300e+01
   5.2359307e-01   2.5559991e+02   3.0156400e+01
   5.2359307e-01   2.6100004e+02   3.2281800e+01
   5.2359307e-01   2.6640016e+02   3.3895000e+01
   5.2359307e-01   2.7179972e+02   3.4971000e+01
   5.2359307e-01   2.7719985e+02   3.5509500e+01
   5.2359307e-01   2.8259997e+02   3.5534300e+01
   5.2658929e-01   1.2599972e+02   6.7344200e+01
   5.2658929e-01   1.3139985e+02   6.0553100e+01
   5.2658929e-01   1.3679998e+02   5.3421400e+01
   5.2658929e-01   1.4220010e+02   4.6130900e+01
   5.2658929e-01   1.4760023e+02   3.8872000e+01
   5.2658929e-01   1.5299978e+02   3.1837800e+01
   5.2658929e-01   1.5839991e+02   2.5215900e+01
   5.2658929e-01   1.6380004e+02   1.9181500e+01
   5.2658929e-01   1.6920017e+02   1.3888700e+01
   5.2658929e-01   1.7459972e+02   9.4638900e+00
   5.2658929e-01   1.7999985e+02   5.9997700e+00
   5.2658929e-01   1.8539998e+02   3.5509200e+00
   5.2658929e-01   1.9080010e+02   2.1318700e+00
   5.2658929e-01   1.9620023e+02   1.7173500e+00
   5.2658929e-01   2.0159978e+02   2.2447900e+00
   5.2658929e-01   2.0699991e+02   3.6187600e+00
   5.2658929e-01   2.1240004e+02   5.7171300e+00
   5.2658929e-01   2.1780017e+02   8.3980100e+00
   5.2658929e-01   2.2319972e+02   1.1507300e+01
   5.2658929e-01   2.2859985e+02   1.4886300e+01
   5.2658929e-01   2.3399997e+02   1.8378100e+01
   5.2658929e-01   2.3940010e+02   2.1834400e+01
   5.2658929e-01   2.4480023e+02   2.5120200e+01
   5.2658929e-01   2.5019978e+02   2.8117900e+01
   5.2658929e-01   2.5559991e+02   3.0730900e+01
   5.2658929e-01   2.6100004e+02   3.2885200e+01
   5.2658929e-01   2.6640016e+02   3.4531000e+01
   5.2658929e-01   2.7179972e+02   3.5643300e+01
   5.2658929e-01   2.7719985e+02   3.6221400e+01
   5.2658929e-01   2.8259997e+02   3.6288600e+01
   5.2958455e-01   1.2599972e+02   6.7349800e+01
   5.2958455e-01   1.3139985e+02   6.0583100e+01
   5.2958455e-01   1.3679998e+02   5.3482700e+01
   5.2958455e-01   1.4220010e+02   4.6229100e+01
   5.2958455e-01   1.4760023e+02   3.9011600e+01
   5.2958455e-01   1.5299978e+02   3.2021600e+01
   5.2958455e-01   1.5839991e+02   2.5445500e+01
   5.2958455e-01   1.6380004e+02   1.9456800e+01
   5.2958455e-01   1.6920017e+02   1.4208400e+01
   5.2958455e-01   1.7459972e+02   9.8255100e+00
   5.2958455e-01   1.7999985e+02   6.3997500e+00
   5.2958455e-01   1.8539998e+02   3.9850900e+00
   5.2958455e-01   1.9080010e+02   2.5957500e+00
   5.2958455e-01   1.9620023e+02   2.2064700e+00
   5.2958455e-01   2.0159978e+02   2.7549800e+00
   5.2958455e-01   2.0699991e+02   4.1464700e+00
   5.2958455e-01   2.1240004e+02   6.2595700e+00
   5.2958455e-01   2.1780017e+02   8.9533500e+00
   5.2958455e-01   2.2319972e+02   1.2074700e+01
   5.2958455e-01   2.2859985e+02   1.5465900e+01
   5.2958455e-01   2.3399997e+02   1.8971000e+01
   5.2958455e-01   2.3940010e+02   2.2442600e+01
   5.2958455e-01   2.4480023e+02   2.5746300e+01
   5.2958455e-01   2.5019978e+02   2.8765200e+01
   5.2958455e-01   2.5559991e+02   3.1402900e+01
   5.2958455e-01   2.6100004e+02   3.3585700e+01
   5.2958455e-01   2.6640016e+02   3.5263800e+01
   5.2958455e-01   2.7179972e+02   3.6412000e+01
   5.2958455e-01   2.7719985e+02   3.7029400e+01
   5.2958455e-01   2.8259997e+02   3.7138600e+01
   5.3257874e-01   1.2599972e+02   6.7482900e+01
   5.3257874e-01   1.3139985e+02   6.0740800e+01
   5.3257874e-01   1.3679998e+02   5.3671700e+01
   5.3257874e-01   1.4220010e+02   4.6455100e+01
   5.3257874e-01   1.4760023e+02   3.9279000e+01
   5.3257874e-01   1.5299978e+02   3.2333300e+01
   5.3257874e-01   1.5839991e+02   2.5803000e+01
   5.3257874e-01   1.6380004e+02   1.9860000e+01
   5.3257874e-01   1.6920017e+02   1.4656000e+01
   5.3257874e-01   1.7459972e+02   1.0314900e+01
   5.3257874e-01   1.7999985e+02   6.9274600e+00
   5.3257874e-01   1.8539998e+02   4.5469300e+00
   5.3257874e-01   1.9080010e+02   3.1872300e+00
   5.3257874e-01   1.9620023e+02   2.8231100e+00
   5.3257874e-01   2.0159978e+02   3.3926100e+00
   5.3257874e-01   2.0699991e+02   4.8015100e+00
   5.3257874e-01   2.1240004e+02   6.9292500e+00
   5.3257874e-01   2.1780017e+02   9.6358000e+00
   5.3257874e-01   2.2319972e+02   1.2769100e+01
   5.3257874e-01   2.2859985e+02   1.6172300e+01
   5.3257874e-01   2.3399997e+02   1.9690600e+01
   5.3257874e-01   2.3940010e+02   2.3177300e+01
   5.3257874e-01   2.4480023e+02   2.6498700e+01
   5.3257874e-01   2.5019978e+02   2.9538400e+01
   5.3257874e-01   2.5559991e+02   3.2200600e+01
   5.3257874e-01   2.6100004e+02   3.4411700e+01
   5.3257874e-01   2.6640016e+02   3.6121800e+01
   5.3257874e-01   2.7179972e+02   3.7305700e+01
   5.3257874e-01   2.7719985e+02   3.7962000e+01
   5.3257874e-01   2.8259997e+02   3.8113000e+01
   5.3557176e-01   1.2599972e+02   6.7775700e+01
   5.3557176e-01   1.3139985e+02   6.1058200e+01
   5.3557176e-01   1.3679998e+02   5.4020600e+01
   5.3557176e-01   1.4220010e+02   4.6841100e+01
   5.3557176e-01   1.4760023e+02   3.9706300e+01
   5.3557176e-01   1.5299978e+02   3.2804900e+01
   5.3557176e-01   1.5839991e+02   2.6320400e+01
   5.3557176e-01   1.6380004e+02   2.0423200e+01
   5.3557176e-01   1.6920017e+02   1.5263500e+01
   5.3557176e-01   1.7459972e+02   1.0964200e+01
   5.3557176e-01   1.7999985e+02   7.6150400e+00
   5.3557176e-01   1.8539998e+02   5.2686000e+00
   5.3557176e-01   1.9080010e+02   3.9384900e+00
   5.3557176e-01   1.9620023e+02   3.5994700e+00
   5.3557176e-01   2.0159978e+02   4.1899100e+00
   5.3557176e-01   2.0699991e+02   5.6161600e+00
   5.3557176e-01   2.1240004e+02   7.7584500e+00
   5.3557176e-01   2.1780017e+02   1.0477700e+01
   5.3557176e-01   2.2319972e+02   1.3622800e+01
   5.3557176e-01   2.2859985e+02   1.7038000e+01
   5.3557176e-01   2.3399997e+02   2.0569300e+01
   5.3557176e-01   2.3940010e+02   2.4070900e+01
   5.3557176e-01   2.4480023e+02   2.7409800e+01
   5.3557176e-01   2.5019978e+02   3.0470300e+01
   5.3557176e-01   2.5559991e+02   3.3156800e+01
   5.3557176e-01   2.6100004e+02   3.5395900e+01
   5.3557176e-01   2.6640016e+02   3.7137800e+01
   5.3557176e-01   2.7179972e+02   3.8357100e+01
   5.3557176e-01   2.7719985e+02   3.9052100e+01
   5.3557176e-01   2.8259997e+02   3.9244500e+01
   5.3856350e-01   1.2599972e+02   6.8263900e+01
   5.3856350e-01   1.3139985e+02   6.1571200e+01
   5.3856350e-01   1.3679998e+02   5.4565100e+01
   5.3856350e-01   1.4220010e+02   4.7422700e+01
   5.3856350e-01   1.4760023e+02   4.0329400e+01
   5.3856350e-01   1.5299978e+02   3.3472400e+01
   5.3856350e-01   1.5839991e+02   2.7033600e+01
   5.3856350e-01   1.6380004e+02   2.1182200e+01
   5.3856350e-01   1.6920017e+02   1.6066900e+01
   5.3856350e-01   1.7459972e+02   1.1809300e+01
   5.3856350e-01   1.7999985e+02   8.4984000e+00
   5.3856350e-01   1.8539998e+02   6.1860400e+00
   5.3856350e-01   1.9080010e+02   4.8855000e+00
   5.3856350e-01   1.9620023e+02   4.5715500e+00
   5.3856350e-01   2.0159978e+02   5.1828900e+00
   5.3856350e-01   2.0699991e+02   6.6264500e+00
   5.3856350e-01   2.1240004e+02   8.7832400e+00
   5.3856350e-01   2.1780017e+02   1.1515100e+01
   5.3856350e-01   2.2319972e+02   1.4672000e+01
   5.3856350e-01   2.2859985e+02   1.8099000e+01
   5.3856350e-01   2.3399997e+02   2.1643300e+01
   5.3856350e-01   2.3940010e+02   2.5159600e+01
   5.3856350e-01   2.4480023e+02   2.8516000e+01
   5.3856350e-01   2.5019978e+02   3.1597100e+01
   5.3856350e-01   2.5559991e+02   3.4307700e+01
   5.3856350e-01   2.6100004e+02   3.6574600e+01
   5.3856350e-01   2.6640016e+02   3.8348100e+01
   5.3856350e-01   2.7179972e+02   3.9602600e+01
   5.3856350e-01   2.7719985e+02   4.0336000e+01
   5.3856350e-01   2.8259997e+02   4.0569600e+01
   5.4155385e-01   1.2599972e+02   6.8986800e+01
   5.4155385e-01   1.3139985e+02   6.2318900e+01
   5.4155385e-01   1.3679998e+02   5.5344400e+01
   5.4155385e-01   1.4220010e+02   4.8239100e+01
   5.4155385e-01   1.4760023e+02   4.1187300e+01
   5.4155385e-01   1.5299978e+02   3.4374700e+01
   5.4155385e-01   1.5839991e+02   2.7981800e+01
   5.4155385e-01   1.6380004e+02   2.2176200e+01
   5.4155385e-01   1.6920017e+02   1.7105200e+01
   5.4155385e-01   1.7459972e+02   1.2889500e+01
   5.4155385e-01   1.7999985e+02   9.6168200e+00
   5.4155385e-01   1.8539998e+02   7.3385200e+00
   5.4155385e-01   1.9080010e+02   6.0675300e+00
   5.4155385e-01   1.9620023e+02   5.7786500e+00
   5.4155385e-01   2.0159978e+02   6.4108800e+00
   5.4155385e-01   2.0699991e+02   7.8717400e+00
   5.4155385e-01   2.1240004e+02   1.0043000e+01
   5.4155385e-01   2.1780017e+02   1.2787500e+01
   5.4155385e-01   2.2319972e+02   1.5956100e+01
   5.4155385e-01   2.2859985e+02   1.9394900e+01
   5.4155385e-01   2.3399997e+02   2.2952000e+01
   5.4155385e-01   2.3940010e+02   2.6483100e+01
   5.4155385e-01   2.4480023e+02   2.9856800e+01
   5.4155385e-01   2.5019978e+02   3.2958300e+01
   5.4155385e-01   2.5559991e+02   3.5692900e+01
   5.4155385e-01   2.6100004e+02   3.7987500e+01
   5.4155385e-01   2.6640016e+02   3.9792500e+01
   5.4155385e-01   2.7179972e+02   4.1082000e+01
   5.4155385e-01   2.7719985e+02   4.1853600e+01
   5.4155385e-01   2.8259997e+02   4.2128100e+01
   5.4454271e-01   1.2599972e+02   6.9986300e+01
   5.4454271e-01   1.3139985e+02   6.3343300e+01
   5.4454271e-01   1.3679998e+02   5.6400500e+01
   5.4454271e-01   1.4220010e+02   4.9332600e+01
   5.4454271e-01   1.4760023e+02   4.2322400e+01
   5.4454271e-01   1.5299978e+02   3.5554300e+01
   5.4454271e-01   1.5839991e+02   2.9207200e+01
   5.4454271e-01   1.6380004e+02   2.3447300e+01
   5.4454271e-01   1.6920017e+02   1.8420800e+01
   5.4454271e-01   1.7459972e+02   1.4246900e+01
   5.4454271e-01   1.7999985e+02   1.1012500e+01
   5.4454271e-01   1.8539998e+02   8.7682300e+00
   5.4454271e-01   1.9080010e+02   7.5268300e+00
   5.4454271e-01   1.9620023e+02   7.2630300e+00
   5.4454271e-01   2.0159978e+02   7.9161500e+00
   5.4454271e-01   2.0699991e+02   9.3943000e+00
   5.4454271e-01   2.1240004e+02   1.1580100e+01
   5.4454271e-01   2.1780017e+02   1.4337100e+01
   5.4454271e-01   2.2319972e+02   1.7517400e+01
   5.4454271e-01   2.2859985e+02   2.0968000e+01
   5.4454271e-01   2.3399997e+02   2.4537900e+01
   5.4454271e-01   2.3940010e+02   2.8083700e+01
   5.4454271e-01   2.4480023e+02   3.1474600e+01
   5.4454271e-01   2.5019978e+02   3.4596500e+01
   5.4454271e-01   2.5559991e+02   3.7354900e+01
   5.4454271e-01   2.6100004e+02   3.9677100e+01
   5.4454271e-01   2.6640016e+02   4.1513400e+01
   5.4454271e-01   2.7179972e+02   4.2837700e+01
   5.4454271e-01   2.7719985e+02   4.3647400e+01
   5.4454271e-01   2.8259997e+02   4.3962600e+01
   5.4752996e-01   1.2599972e+02   7.1307300e+01
   5.4752996e-01   1.3139985e+02   6.4689300e+01
   5.4752996e-01   1.3679998e+02   5.7778200e+01
   5.4752996e-01   1.4220010e+02   5.0747700e+01
   5.4752996e-01   1.4760023e+02   4.3779100e+01
   5.4752996e-01   1.5299978e+02   3.7055500e+01
   5.4752996e-01   1.5839991e+02   3.0754300e+01
   5.4752996e-01   1.6380004e+02   2.5040300e+01
   5.4752996e-01   1.6920017e+02   2.0058200e+01
   5.4752996e-01   1.7459972e+02   1.5926100e+01
   5.4752996e-01   1.7999985e+02   1.2729900e+01
   5.4752996e-01   1.8539998e+02   1.0519800e+01
   5.4752996e-01   1.9080010e+02   9.3080200e+00
   5.4752996e-01   1.9620023e+02   9.0693300e+00
   5.4752996e-01   2.0159978e+02   9.7433700e+00
   5.4752996e-01   2.0699991e+02   1.1238800e+01
   5.4752996e-01   2.1240004e+02   1.3439100e+01
   5.4752996e-01   2.1780017e+02   1.6208800e+01
   5.4752996e-01   2.2319972e+02   1.9400700e+01
   5.4752996e-01   2.2859985e+02   2.2863100e+01
   5.4752996e-01   2.3399997e+02   2.6445700e+01
   5.4752996e-01   2.3940010e+02   3.0006100e+01
   5.4752996e-01   2.4480023e+02   3.3414200e+01
   5.4752996e-01   2.5019978e+02   3.6556400e+01
   5.4752996e-01   2.5559991e+02   3.9338600e+01
   5.4752996e-01   2.6100004e+02   4.1688300e+01
   5.4752996e-01   2.6640016e+02   4.3555700e+01
   5.4752996e-01   2.7179972e+02   4.4914800e+01
   5.4752996e-01   2.7719985e+02   4.5762400e+01
   5.4752996e-01   2.8259997e+02   4.6118100e+01
   5.5051550e-01   1.2599972e+02   7.2996200e+01
   5.5051550e-01   1.3139985e+02   6.6403300e+01
   5.5051550e-01   1.3679998e+02   5.9524100e+01
   5.5051550e-01   1.4220010e+02   5.2530900e+01
   5.5051550e-01   1.4760023e+02   4.5604100e+01
   5.5051550e-01   1.5299978e+02   3.8925000e+01
   5.5051550e-01   1.5839991e+02   3.2669700e+01
   5.5051550e-01   1.6380004e+02   2.7001600e+01
   5.5051550e-01   1.6920017e+02   2.2064000e+01
   5.5051550e-01   1.7459972e+02   1.7973700e+01
   5.5051550e-01   1.7999985e+02   1.4815900e+01
   5.5051550e-01   1.8539998e+02   1.2639900e+01
   5.5051550e-01   1.9080010e+02   1.1457700e+01
   5.5051550e-01   1.9620023e+02   1.1244200e+01
   5.5051550e-01   2.0159978e+02   1.1939100e+01
   5.5051550e-01   2.0699991e+02   1.3452000e+01
   5.5051550e-01   2.1240004e+02   1.5666700e+01
   5.5051550e-01   2.1780017e+02   1.8449000e+01
   5.5051550e-01   2.2319972e+02   2.1652600e+01
   5.5051550e-01   2.2859985e+02   2.5126800e+01
   5.5051550e-01   2.3399997e+02   2.8722200e+01
   5.5051550e-01   2.3940010e+02   3.2297200e+01
   5.5051550e-01   2.4480023e+02   3.5722400e+01
   5.5051550e-01   2.5019978e+02   3.8884900e+01
   5.5051550e-01   2.5559991e+02   4.1690800e+01
   5.5051550e-01   2.6100004e+02   4.4067800e+01
   5.5051550e-01   2.6640016e+02   4.5966300e+01
   5.5051550e-01   2.7179972e+02   4.7359900e+01
   5.5051550e-01   2.7719985e+02   4.8245200e+01
   5.5051550e-01   2.8259997e+02   4.8641400e+01
   5.5349922e-01   1.2599972e+02   7.5101100e+01
   5.5349922e-01   1.3139985e+02   6.8533400e+01
   5.5349922e-01   1.3679998e+02   6.1686100e+01
   5.5349922e-01   1.4220010e+02   5.4730400e+01
   5.5349922e-01   1.4760023e+02   4.7845300e+01
   5.5349922e-01   1.5299978e+02   4.1210800e+01
   5.5349922e-01   1.5839991e+02   3.5001500e+01
   5.5349922e-01   1.6380004e+02   2.9379300e+01
   5.5349922e-01   1.6920017e+02   2.4486100e+01
   5.5349922e-01   1.7459972e+02   2.0437800e+01
   5.5349922e-01   1.7999985e+02   1.7318300e+01
   5.5349922e-01   1.8539998e+02   1.5176500e+01
   5.5349922e-01   1.9080010e+02   1.4024000e+01
   5.5349922e-01   1.9620023e+02   1.3835600e+01
   5.5349922e-01   2.0159978e+02   1.4551600e+01
   5.5349922e-01   2.0699991e+02   1.6081800e+01
   5.5349922e-01   2.1240004e+02   1.8311100e+01
   5.5349922e-01   2.1780017e+02   2.1106000e+01
   5.5349922e-01   2.2319972e+02   2.4321300e+01
   5.5349922e-01   2.2859985e+02   2.7807200e+01
   5.5349922e-01   2.3399997e+02   3.1415400e+01
   5.5349922e-01   2.3940010e+02   3.5005000e+01
   5.5349922e-01   2.4480023e+02   3.8447300e+01
   5.5349922e-01   2.5019978e+02   4.1630000e+01
   5.5349922e-01   2.5559991e+02   4.4459500e+01
   5.5349922e-01   2.6100004e+02   4.6863800e+01
   5.5349922e-01   2.6640016e+02   4.8793300e+01
   5.5349922e-01   2.7179972e+02   5.0221300e+01
   5.5349922e-01   2.7719985e+02   5.1144300e+01
   5.5349922e-01   2.8259997e+02   5.1580700e+01
   5.5648102e-01   1.2599972e+02   7.7671200e+01
   5.5648102e-01   1.3139985e+02   7.1128700e+01
   5.5648102e-01   1.3679998e+02   6.4313400e+01
   5.5648102e-01   1.4220010e+02   5.7395200e+01
   5.5648102e-01   1.4760023e+02   5.0551900e+01
   5.5648102e-01   1.5299978e+02   4.3962100e+01
   5.5648102e-01   1.5839991e+02   3.7798700e+01
   5.5648102e-01   1.6380004e+02   3.2222500e+01
   5.5648102e-01   1.6920017e+02   2.7373800e+01
   5.5648102e-01   1.7459972e+02   2.3367400e+01
   5.5648102e-01   1.7999985e+02   2.0286300e+01
   5.5648102e-01   1.8539998e+02   1.8178700e+01
   5.5648102e-01   1.9080010e+02   1.7055900e+01
   5.5648102e-01   1.9620023e+02   1.6892700e+01
   5.5648102e-01   2.0159978e+02   1.7629700e+01
   5.5648102e-01   2.0699991e+02   1.9177300e+01
   5.5648102e-01   2.1240004e+02   2.1421300e+01
   5.5648102e-01   2.1780017e+02   2.4228800e+01
   5.5648102e-01   2.2319972e+02   2.7455900e+01
   5.5648102e-01   2.2859985e+02   3.0953500e+01
   5.5648102e-01   2.3399997e+02   3.4574400e+01
   5.5648102e-01   2.3940010e+02   3.8178600e+01
   5.5648102e-01   2.4480023e+02   4.1638100e+01
   5.5648102e-01   2.5019978e+02   4.4840800e+01
   5.5648102e-01   2.5559991e+02   4.7693900e+01
   5.5648102e-01   2.6100004e+02   5.0125500e+01
   5.5648102e-01   2.6640016e+02   5.2085800e+01
   5.5648102e-01   2.7179972e+02   5.3548300e+01
   5.5648102e-01   2.7719985e+02   5.4508700e+01
   5.5648102e-01   2.8259997e+02   5.4985200e+01
   5.5946078e-01   1.2599972e+02   8.0756000e+01
   5.5946078e-01   1.3139985e+02   7.4238900e+01
   5.5946078e-01   1.3679998e+02   6.7455500e+01
   5.5946078e-01   1.4220010e+02   6.0575000e+01
   5.5946078e-01   1.4760023e+02   5.3773500e+01
   5.5946078e-01   1.5299978e+02   4.7228300e+01
   5.5946078e-01   1.5839991e+02   4.1111000e+01
   5.5946078e-01   1.6380004e+02   3.5580700e+01
   5.5946078e-01   1.6920017e+02   3.0776700e+01
   5.5946078e-01   1.7459972e+02   2.6812200e+01
   5.5946078e-01   1.7999985e+02   2.3769500e+01
   5.5946078e-01   1.8539998e+02   2.1696100e+01
   5.5946078e-01   1.9080010e+02   2.0603000e+01
   5.5946078e-01   1.9620023e+02   2.0465100e+01
   5.5946078e-01   2.0159978e+02   2.1223200e+01
   5.5946078e-01   2.0699991e+02   2.2788200e+01
   5.5946078e-01   2.1240004e+02   2.5046800e+01
   5.5946078e-01   2.1780017e+02   2.7867000e+01
   5.5946078e-01   2.2319972e+02   3.1105900e+01
   5.5946078e-01   2.2859985e+02   3.4615300e+01
   5.5946078e-01   2.3399997e+02   3.8248900e+01
   5.5946078e-01   2.3940010e+02   4.1867600e+01
   5.5946078e-01   2.4480023e+02   4.5344100e+01
   5.5946078e-01   2.5019978e+02   4.8567000e+01
   5.5946078e-01   2.5559991e+02   5.1443600e+01
   5.5946078e-01   2.6100004e+02   5.3902400e+01
   5.5946078e-01   2.6640016e+02   5.5893500e+01
   5.5946078e-01   2.7179972e+02   5.7390200e+01
   5.5946078e-01   2.7719985e+02   5.8388100e+01
   5.5946078e-01   2.8259997e+02   5.8904600e+01
   5.6243841e-01   1.2599972e+02   8.4405300e+01
   5.6243841e-01   1.3139985e+02   7.7913500e+01
   5.6243841e-01   1.3679998e+02   7.1162300e+01
   5.6243841e-01   1.4220010e+02   6.4319400e+01
   5.6243841e-01   1.4760023e+02   5.7559700e+01
   5.6243841e-01   1.5299978e+02   5.1059200e+01
   5.6243841e-01   1.5839991e+02   4.4988100e+01
   5.6243841e-01   1.6380004e+02   3.9503800e+01
   5.6243841e-01   1.6920017e+02   3.4744200e+01
   5.6243841e-01   1.7459972e+02   3.0821700e+01
   5.6243841e-01   1.7999985e+02   2.7817400e+01
   5.6243841e-01   1.8539998e+02   2.5778300e+01
   5.6243841e-01   1.9080010e+02   2.4715000e+01
   5.6243841e-01   1.9620023e+02   2.4602400e+01
   5.6243841e-01   2.0159978e+02   2.5381500e+01
   5.6243841e-01   2.0699991e+02   2.6964100e+01
   5.6243841e-01   2.1240004e+02   2.9237300e+01
   5.6243841e-01   2.1780017e+02   3.2070200e+01
   5.6243841e-01   2.2319972e+02   3.5320800e+01
   5.6243841e-01   2.2859985e+02   3.8842000e+01
   5.6243841e-01   2.3399997e+02   4.2488500e+01
   5.6243841e-01   2.3940010e+02   4.6121700e+01
   5.6243841e-01   2.4480023e+02   4.9615200e+01
   5.6243841e-01   2.5019978e+02   5.2858100e+01
   5.6243841e-01   2.5559991e+02   5.5758200e+01
   5.6243841e-01   2.6100004e+02   5.8244000e+01
   5.6243841e-01   2.6640016e+02   6.0265800e+01
   5.6243841e-01   2.7179972e+02   6.1796700e+01
   5.6243841e-01   2.7719985e+02   6.2831800e+01
   5.6243841e-01   2.8259997e+02   6.3388200e+01
   5.6541378e-01   1.2599972e+02   8.8668300e+01
   5.6541378e-01   1.3139985e+02   8.2202000e+01
   5.6541378e-01   1.3679998e+02   7.5482800e+01
   5.6541378e-01   1.4220010e+02   6.8677600e+01
   5.6541378e-01   1.4760023e+02   6.1959900e+01
   5.6541378e-01   1.5299978e+02   5.5504200e+01
   5.6541378e-01   1.5839991e+02   4.9479100e+01
   5.6541378e-01   1.6380004e+02   4.4040800e+01
   5.6541378e-01   1.6920017e+02   3.9325800e+01
   5.6541378e-01   1.7459972e+02   3.5445300e+01
   5.6541378e-01   1.7999985e+02   3.2479400e+01
   5.6541378e-01   1.8539998e+02   3.0474600e+01
   5.6541378e-01   1.9080010e+02   2.9441100e+01
   5.6541378e-01   1.9620023e+02   2.9353700e+01
   5.6541378e-01   2.0159978e+02   3.0154000e+01
   5.6541378e-01   2.0699991e+02   3.1754100e+01
   5.6541378e-01   2.1240004e+02   3.4041900e+01
   5.6541378e-01   2.1780017e+02   3.6887600e+01
   5.6541378e-01   2.2319972e+02   4.0150000e+01
   5.6541378e-01   2.2859985e+02   4.3683000e+01
   5.6541378e-01   2.3399997e+02   4.7342200e+01
   5.6541378e-01   2.3940010e+02   5.0989900e+01
   5.6541378e-01   2.4480023e+02   5.4500400e+01
   5.6541378e-01   2.5019978e+02   5.7763300e+01
   5.6541378e-01   2.5559991e+02   6.0686800e+01
   5.6541378e-01   2.6100004e+02   6.3199600e+01
   5.6541378e-01   2.6640016e+02   6.5252100e+01
   5.6541378e-01   2.7179972e+02   6.6817000e+01
   5.6541378e-01   2.7719985e+02   6.7889300e+01
   5.6541378e-01   2.8259997e+02   6.8485400e+01
   5.6838680e-01   1.2599972e+02   9.3593500e+01
   5.6838680e-01   1.3139985e+02   8.7152800e+01
   5.6838680e-01   1.3679998e+02   8.0465900e+01
   5.6838680e-01   1.4220010e+02   7.3698400e+01
   5.6838680e-01   1.4760023e+02   6.7022700e+01
   5.6838680e-01   1.5299978e+02   6.0611700e+01
   5.6838680e-01   1.5839991e+02   5.4632700e+01
   5.6838680e-01   1.6380004e+02   4.9240400e+01
   5.6838680e-01   1.6920017e+02   4.4570000e+01
   5.6838680e-01   1.7459972e+02   4.0731300e+01
   5.6838680e-01   1.7999985e+02   3.7803900e+01
   5.6838680e-01   1.8539998e+02   3.5833300e+01
   5.6838680e-01   1.9080010e+02   3.4829600e+01
   5.6838680e-01   1.9620023e+02   3.4767500e+01
   5.6838680e-01   2.0159978e+02   3.5589000e+01
   5.6838680e-01   2.0699991e+02   3.7206600e+01
   5.6838680e-01   2.1240004e+02   3.9509100e+01
   5.6838680e-01   2.1780017e+02   4.2367600e+01
   5.6838680e-01   2.2319972e+02   4.5641700e+01
   5.6838680e-01   2.2859985e+02   4.9186500e+01
   5.6838680e-01   2.3399997e+02   5.2858400e+01
   5.6838680e-01   2.3940010e+02   5.6520600e+01
   5.6838680e-01   2.4480023e+02   6.0048000e+01
   5.6838680e-01   2.5019978e+02   6.3330900e+01
   5.6838680e-01   2.5559991e+02   6.6277800e+01
   5.6838680e-01   2.6100004e+02   6.8817500e+01
   5.6838680e-01   2.6640016e+02   7.0900500e+01
   5.6838680e-01   2.7179972e+02   7.2499400e+01
   5.6838680e-01   2.7719985e+02   7.3608700e+01
   5.6838680e-01   2.8259997e+02   7.4244400e+01
   5.7135736e-01   1.2599972e+02   9.9228500e+01
   5.7135736e-01   1.3139985e+02   9.2813400e+01
   5.7135736e-01   1.3679998e+02   8.6158700e+01
   5.7135736e-01   1.4220010e+02   7.9429000e+01
   5.7135736e-01   1.4760023e+02   7.2795300e+01
   5.7135736e-01   1.5299978e+02   6.6429000e+01
   5.7135736e-01   1.5839991e+02   6.0496100e+01
   5.7135736e-01   1.6380004e+02   5.5149700e+01
   5.7135736e-01   1.6920017e+02   5.0523900e+01
   5.7135736e-01   1.7459972e+02   4.6727100e+01
   5.7135736e-01   1.7999985e+02   4.3838100e+01
   5.7135736e-01   1.8539998e+02   4.1901800e+01
   5.7135736e-01   1.9080010e+02   4.0927800e+01
   5.7135736e-01   1.9620023e+02   4.0891000e+01
   5.7135736e-01   2.0159978e+02   4.1733600e+01
   5.7135736e-01   2.0699991e+02   4.3368700e+01
   5.7135736e-01   2.1240004e+02   4.5686000e+01
   5.7135736e-01   2.1780017e+02   4.8557200e+01
   5.7135736e-01   2.2319972e+02   5.1843100e+01
   5.7135736e-01   2.2859985e+02   5.5399600e+01
   5.7135736e-01   2.3399997e+02   5.9084200e+01
   5.7135736e-01   2.3940010e+02   6.2760900e+01
   5.7135736e-01   2.4480023e+02   6.6305200e+01
   5.7135736e-01   2.5019978e+02   6.9608000e+01
   5.7135736e-01   2.5559991e+02   7.2578100e+01
   5.7135736e-01   2.6100004e+02   7.5144700e+01
   5.7135736e-01   2.6640016e+02   7.7258100e+01
   5.7135736e-01   2.7179972e+02   7.8890800e+01
   5.7135736e-01   2.7719985e+02   8.0037000e+01
   5.7135736e-01   2.8259997e+02   8.0712200e+01
