#sin^2(theta23) Delta_CP/deg Delta_chi^2
   5.3457422e-01  -7.2000168e+01   5.9990800e+01
   5.3457422e-01  -6.7199928e+01   5.7057100e+01
   5.3457422e-01  -6.2400261e+01   5.3900400e+01
   5.3457422e-01  -5.7600020e+01   5.0583900e+01
   5.3457422e-01  -5.2800009e+01   4.7175300e+01
   5.3457422e-01  -4.7999998e+01   4.3746100e+01
   5.3457422e-01  -4.3199986e+01   4.0370000e+01
   5.3457422e-01  -3.8399975e+01   3.7121200e+01
   5.3457422e-01  -3.3600021e+01   3.4072800e+01
   5.3457422e-01  -2.8800010e+01   3.1295000e+01
   5.3457422e-01  -2.3999999e+01   2.8853500e+01
   5.3457422e-01  -1.9199988e+01   2.6807300e+01
   5.3457422e-01  -1.4399976e+01   2.5207100e+01
   5.3457422e-01  -9.6000224e+00   2.4093700e+01
   5.3457422e-01  -4.7999998e+00   2.3496100e+01
   5.3457422e-01  -1.4312486e-14   2.3430900e+01
   5.3457422e-01   4.7999998e+00   2.3900400e+01
   5.3457422e-01   9.6000224e+00   2.4893100e+01
   5.3457422e-01   1.4399976e+01   2.6382700e+01
   5.3457422e-01   1.9199988e+01   2.8328900e+01
   5.3457422e-01   2.3999999e+01   3.0678500e+01
   5.3457422e-01   2.8800010e+01   3.3366400e+01
   5.3457422e-01   3.3600021e+01   3.6317900e+01
   5.3457422e-01   3.8399975e+01   3.9450500e+01
   5.3457422e-01   4.3199986e+01   4.2677200e+01
   5.3457422e-01   4.7999998e+01   4.5908800e+01
   5.3457422e-01   5.2800009e+01   4.9056900e+01
   5.3457422e-01   5.7600020e+01   5.2036800e+01
   5.3457422e-01   6.2400261e+01   5.4769800e+01
   5.3457422e-01   6.7199928e+01   5.7186200e+01
   5.3457422e-01   7.2000168e+01   5.9226400e+01
   5.3631982e-01  -7.2000168e+01   5.8652700e+01
   5.3631982e-01  -6.7199928e+01   5.5725300e+01
   5.3631982e-01  -6.2400261e+01   5.2575700e+01
   5.3631982e-01  -5.7600020e+01   4.9266700e+01
   5.3631982e-01  -5.2800009e+01   4.5865900e+01
   5.3631982e-01  -4.7999998e+01   4.2444500e+01
   5.3631982e-01  -4.3199986e+01   3.9075700e+01
   5.3631982e-01  -3.8399975e+01   3.5833400e+01
   5.3631982e-01  -3.3600021e+01   3.2790500e+01
   5.3631982e-01  -2.8800010e+01   3.0017000e+01
   5.3631982e-01  -2.3999999e+01   2.7578100e+01
   5.3631982e-01  -1.9199988e+01   2.5532700e+01
   5.3631982e-01  -1.4399976e+01   2.3931200e+01
   5.3631982e-01  -9.6000224e+00   2.2814300e+01
   5.3631982e-01  -4.7999998e+00   2.2210900e+01
   5.3631982e-01  -1.4312486e-14   2.2137400e+01
   5.3631982e-01   4.7999998e+00   2.2596400e+01
   5.3631982e-01   9.6000224e+00   2.3576300e+01
   5.3631982e-01   1.4399976e+01   2.5051100e+01
   5.3631982e-01   1.9199988e+01   2.6980700e+01
   5.3631982e-01   2.3999999e+01   2.9312200e+01
   5.3631982e-01   2.8800010e+01   3.1981000e+01
   5.3631982e-01   3.3600021e+01   3.4912600e+01
   5.3631982e-01   3.8399975e+01   3.8025300e+01
   5.3631982e-01   4.3199986e+01   4.1232400e+01
   5.3631982e-01   4.7999998e+01   4.4445100e+01
   5.3631982e-01   5.2800009e+01   4.7575700e+01
   5.3631982e-01   5.7600020e+01   5.0539700e+01
   5.3631982e-01   6.2400261e+01   5.3259000e+01
   5.3631982e-01   6.7199928e+01   5.5664100e+01
   5.3631982e-01   7.2000168e+01   5.7696000e+01
   5.3806497e-01  -7.2000168e+01   5.7285300e+01
   5.3806497e-01  -6.7199928e+01   5.4364300e+01
   5.3806497e-01  -6.2400261e+01   5.1221700e+01
   5.3806497e-01  -5.7600020e+01   4.7920300e+01
   5.3806497e-01  -5.2800009e+01   4.4527200e+01
   5.3806497e-01  -4.7999998e+01   4.1113400e+01
   5.3806497e-01  -4.3199986e+01   3.7751800e+01
   5.3806497e-01  -3.8399975e+01   3.4516200e+01
   5.3806497e-01  -3.3600021e+01   3.1478900e+01
   5.3806497e-01  -2.8800010e+01   2.8709600e+01
   5.3806497e-01  -2.3999999e+01   2.6273400e+01
   5.3806497e-01  -1.9199988e+01   2.4228800e+01
   5.3806497e-01  -1.4399976e+01   2.2626100e+01
   5.3806497e-01  -9.6000224e+00   2.1505700e+01
   5.3806497e-01  -4.7999998e+00   2.0896500e+01
   5.3806497e-01  -1.4312486e-14   2.0814900e+01
   5.3806497e-01   4.7999998e+00   2.1263500e+01
   5.3806497e-01   9.6000224e+00   2.2230700e+01
   5.3806497e-01   1.4399976e+01   2.3690700e+01
   5.3806497e-01   1.9199988e+01   2.5603900e+01
   5.3806497e-01   2.3999999e+01   2.7917500e+01
   5.3806497e-01   2.8800010e+01   3.0567200e+01
   5.3806497e-01   3.3600021e+01   3.3479200e+01
   5.3806497e-01   3.8399975e+01   3.6572100e+01
   5.3806497e-01   4.3199986e+01   3.9759600e+01
   5.3806497e-01   4.7999998e+01   4.2953700e+01
   5.3806497e-01   5.2800009e+01   4.6066800e+01
   5.3806497e-01   5.7600020e+01   4.9015100e+01
   5.3806497e-01   6.2400261e+01   5.1720900e+01
   5.3806497e-01   6.7199928e+01   5.4114900e+01
   5.3806497e-01   7.2000168e+01   5.6138400e+01
   5.3980966e-01  -7.2000168e+01   5.5895300e+01
   5.3980966e-01  -6.7199928e+01   5.2980500e+01
   5.3980966e-01  -6.2400261e+01   4.9845000e+01
   5.3980966e-01  -5.7600020e+01   4.6551100e+01
   5.3980966e-01  -5.2800009e+01   4.3165700e+01
   5.3980966e-01  -4.7999998e+01   3.9759500e+01
   5.3980966e-01  -4.3199986e+01   3.6405200e+01
   5.3980966e-01  -3.8399975e+01   3.3176100e+01
   5.3980966e-01  -3.3600021e+01   3.0144400e+01
   5.3980966e-01  -2.8800010e+01   2.7379400e+01
   5.3980966e-01  -2.3999999e+01   2.4945900e+01
   5.3980966e-01  -1.9199988e+01   2.2902100e+01
   5.3980966e-01  -1.4399976e+01   2.1298200e+01
   5.3980966e-01  -9.6000224e+00   2.0174400e+01
   5.3980966e-01  -4.7999998e+00   1.9559600e+01
   5.3980966e-01  -1.4312486e-14   1.9469900e+01
   5.3980966e-01   4.7999998e+00   1.9908200e+01
   5.3980966e-01   9.6000224e+00   2.0862800e+01
   5.3980966e-01   1.4399976e+01   2.2308200e+01
   5.3980966e-01   1.9199988e+01   2.4205000e+01
   5.3980966e-01   2.3999999e+01   2.6500800e+01
   5.3980966e-01   2.8800010e+01   2.9131700e+01
   5.3980966e-01   3.3600021e+01   3.2024100e+01
   5.3980966e-01   3.8399975e+01   3.5097300e+01
   5.3980966e-01   4.3199986e+01   3.8265500e+01
   5.3980966e-01   4.7999998e+01   4.1441000e+01
   5.3980966e-01   5.2800009e+01   4.4536800e+01
   5.3980966e-01   5.7600020e+01   4.7469500e+01
   5.3980966e-01   6.2400261e+01   5.0161800e+01
   5.3980966e-01   6.7199928e+01   5.2544800e+01
   5.3980966e-01   7.2000168e+01   5.4560100e+01
   5.4155385e-01  -7.2000168e+01   5.4489600e+01
   5.4155385e-01  -6.7199928e+01   5.1581100e+01
   5.4155385e-01  -6.2400261e+01   4.8452600e+01
   5.4155385e-01  -5.7600020e+01   4.5166100e+01
   5.4155385e-01  -5.2800009e+01   4.1788400e+01
   5.4155385e-01  -4.7999998e+01   3.8389800e+01
   5.4155385e-01  -4.3199986e+01   3.5042800e+01
   5.4155385e-01  -3.8399975e+01   3.1820200e+01
   5.4155385e-01  -3.3600021e+01   2.8794100e+01
   5.4155385e-01  -2.8800010e+01   2.6033300e+01
   5.4155385e-01  -2.3999999e+01   2.3602500e+01
   5.4155385e-01  -1.9199988e+01   2.1559600e+01
   5.4155385e-01  -1.4399976e+01   1.9954600e+01
   5.4155385e-01  -9.6000224e+00   1.8827500e+01
   5.4155385e-01  -4.7999998e+00   1.8207000e+01
   5.4155385e-01  -1.4312486e-14   1.8109400e+01
   5.4155385e-01   4.7999998e+00   1.8537400e+01
   5.4155385e-01   9.6000224e+00   1.9479500e+01
   5.4155385e-01   1.4399976e+01   2.0910500e+01
   5.4155385e-01   1.9199988e+01   2.2791000e+01
   5.4155385e-01   2.3999999e+01   2.5069100e+01
   5.4155385e-01   2.8800010e+01   2.7681200e+01
   5.4155385e-01   3.3600021e+01   3.0554300e+01
   5.4155385e-01   3.8399975e+01   3.3607900e+01
   5.4155385e-01   4.3199986e+01   3.6756800e+01
   5.4155385e-01   4.7999998e+01   3.9913900e+01
   5.4155385e-01   5.2800009e+01   4.2992500e+01
   5.4155385e-01   5.7600020e+01   4.5909800e+01
   5.4155385e-01   6.2400261e+01   4.8588700e+01
   5.4155385e-01   6.7199928e+01   5.0960900e+01
   5.4155385e-01   7.2000168e+01   5.2968000e+01
   5.4329754e-01  -7.2000168e+01   5.3075500e+01
   5.4329754e-01  -6.7199928e+01   5.0173200e+01
   5.4329754e-01  -6.2400261e+01   4.7051600e+01
   5.4329754e-01  -5.7600020e+01   4.3772500e+01
   5.4329754e-01  -5.2800009e+01   4.0402500e+01
   5.4329754e-01  -4.7999998e+01   3.7011500e+01
   5.4329754e-01  -4.3199986e+01   3.3671700e+01
   5.4329754e-01  -3.8399975e+01   3.0455700e+01
   5.4329754e-01  -3.3600021e+01   2.7435000e+01
   5.4329754e-01  -2.8800010e+01   2.4678600e+01
   5.4329754e-01  -2.3999999e+01   2.2250500e+01
   5.4329754e-01  -1.9199988e+01   2.0208600e+01
   5.4329754e-01  -1.4399976e+01   1.8602400e+01
   5.4329754e-01  -9.6000224e+00   1.7472000e+01
   5.4329754e-01  -4.7999998e+00   1.6846000e+01
   5.4329754e-01  -1.4312486e-14   1.6740500e+01
   5.4329754e-01   4.7999998e+00   1.7158200e+01
   5.4329754e-01   9.6000224e+00   1.8088000e+01
   5.4329754e-01   1.4399976e+01   1.9504600e+01
   5.4329754e-01   1.9199988e+01   2.1369000e+01
   5.4329754e-01   2.3999999e+01   2.3629400e+01
   5.4329754e-01   2.8800010e+01   2.6222900e+01
   5.4329754e-01   3.3600021e+01   2.9076700e+01
   5.4329754e-01   3.8399975e+01   3.2110900e+01
   5.4329754e-01   4.3199986e+01   3.5240800e+01
   5.4329754e-01   4.7999998e+01   3.8379500e+01
   5.4329754e-01   5.2800009e+01   4.1441100e+01
   5.4329754e-01   5.7600020e+01   4.4343000e+01
   5.4329754e-01   6.2400261e+01   4.7008700e+01
   5.4329754e-01   6.7199928e+01   4.9370100e+01
   5.4329754e-01   7.2000168e+01   5.1369200e+01
   5.4504070e-01  -7.2000168e+01   5.1660400e+01
   5.4504070e-01  -6.7199928e+01   4.8764200e+01
   5.4504070e-01  -6.2400261e+01   4.5649500e+01
   5.4504070e-01  -5.7600020e+01   4.2377800e+01
   5.4504070e-01  -5.2800009e+01   3.9015400e+01
   5.4504070e-01  -4.7999998e+01   3.5632000e+01
   5.4504070e-01  -4.3199986e+01   3.2299400e+01
   5.4504070e-01  -3.8399975e+01   2.9089900e+01
   5.4504070e-01  -3.3600021e+01   2.6074800e+01
   5.4504070e-01  -2.8800010e+01   2.3322700e+01
   5.4504070e-01  -2.3999999e+01   2.0897300e+01
   5.4504070e-01  -1.9199988e+01   1.8856300e+01
   5.4504070e-01  -1.4399976e+01   1.7249100e+01
   5.4504070e-01  -9.6000224e+00   1.6115500e+01
   5.4504070e-01  -4.7999998e+00   1.5484000e+01
   5.4504070e-01  -1.4312486e-14   1.5370600e+01
   5.4504070e-01   4.7999998e+00   1.5778200e+01
   5.4504070e-01   9.6000224e+00   1.6695700e+01
   5.4504070e-01   1.4399976e+01   1.8098000e+01
   5.4504070e-01   1.9199988e+01   1.9946300e+01
   5.4504070e-01   2.3999999e+01   2.2189300e+01
   5.4504070e-01   2.8800010e+01   2.4764300e+01
   5.4504070e-01   3.3600021e+01   2.7598900e+01
   5.4504070e-01   3.8399975e+01   3.0613800e+01
   5.4504070e-01   4.3199986e+01   3.3724700e+01
   5.4504070e-01   4.7999998e+01   3.6845200e+01
   5.4504070e-01   5.2800009e+01   3.9889800e+01
   5.4504070e-01   5.7600020e+01   4.2776500e+01
   5.4504070e-01   6.2400261e+01   4.5429100e+01
   5.4504070e-01   6.7199928e+01   4.7779800e+01
   5.4504070e-01   7.2000168e+01   4.9771000e+01
   5.4678330e-01  -7.2000168e+01   5.0252000e+01
   5.4678330e-01  -6.7199928e+01   4.7362000e+01
   5.4678330e-01  -6.2400261e+01   4.4254100e+01
   5.4678330e-01  -5.7600020e+01   4.0989800e+01
   5.4678330e-01  -5.2800009e+01   3.7634900e+01
   5.4678330e-01  -4.7999998e+01   3.4259000e+01
   5.4678330e-01  -4.3199986e+01   3.0933600e+01
   5.4678330e-01  -3.8399975e+01   2.7730700e+01
   5.4678330e-01  -3.3600021e+01   2.4721200e+01
   5.4678330e-01  -2.8800010e+01   2.1973300e+01
   5.4678330e-01  -2.3999999e+01   1.9550700e+01
   5.4678330e-01  -1.9199988e+01   1.7510700e+01
   5.4678330e-01  -1.4399976e+01   1.5902400e+01
   5.4678330e-01  -9.6000224e+00   1.4765600e+01
   5.4678330e-01  -4.7999998e+00   1.4128600e+01
   5.4678330e-01  -1.4312486e-14   1.4007500e+01
   5.4678330e-01   4.7999998e+00   1.4405100e+01
   5.4678330e-01   9.6000224e+00   1.5310300e+01
   5.4678330e-01   1.4399976e+01   1.6698400e+01
   5.4678330e-01   1.9199988e+01   1.8530700e+01
   5.4678330e-01   2.3999999e+01   2.0756400e+01
   5.4678330e-01   2.8800010e+01   2.3312900e+01
   5.4678330e-01   3.3600021e+01   2.6128500e+01
   5.4678330e-01   3.8399975e+01   2.9124200e+01
   5.4678330e-01   4.3199986e+01   3.2216100e+01
   5.4678330e-01   4.7999998e+01   3.5318600e+01
   5.4678330e-01   5.2800009e+01   3.8346400e+01
   5.4678330e-01   5.7600020e+01   4.1217900e+01
   5.4678330e-01   6.2400261e+01   4.3857500e+01
   5.4678330e-01   6.7199928e+01   4.6197600e+01
   5.4678330e-01   7.2000168e+01   4.8180900e+01
   5.4852534e-01  -7.2000168e+01   4.8858400e+01
   5.4852534e-01  -6.7199928e+01   4.5974300e+01
   5.4852534e-01  -6.2400261e+01   4.2873300e+01
   5.4852534e-01  -5.7600020e+01   3.9616300e+01
   5.4852534e-01  -5.2800009e+01   3.6269000e+01
   5.4852534e-01  -4.7999998e+01   3.2900600e+01
   5.4852534e-01  -4.3199986e+01   2.9582300e+01
   5.4852534e-01  -3.8399975e+01   2.6385900e+01
   5.4852534e-01  -3.3600021e+01   2.3382000e+01
   5.4852534e-01  -2.8800010e+01   2.0638400e+01
   5.4852534e-01  -2.3999999e+01   1.8218600e+01
   5.4852534e-01  -1.9199988e+01   1.6179500e+01
   5.4852534e-01  -1.4399976e+01   1.4570300e+01
   5.4852534e-01  -9.6000224e+00   1.3430300e+01
   5.4852534e-01  -4.7999998e+00   1.2787800e+01
   5.4852534e-01  -1.4312486e-14   1.2659000e+01
   5.4852534e-01   4.7999998e+00   1.3046600e+01
   5.4852534e-01   9.6000224e+00   1.3939700e+01
   5.4852534e-01   1.4399976e+01   1.5313600e+01
   5.4852534e-01   1.9199988e+01   1.7130100e+01
   5.4852534e-01   2.3999999e+01   1.9338500e+01
   5.4852534e-01   2.8800010e+01   2.1876700e+01
   5.4852534e-01   3.3600021e+01   2.4673300e+01
   5.4852534e-01   3.8399975e+01   2.7649900e+01
   5.4852534e-01   4.3199986e+01   3.0723100e+01
   5.4852534e-01   4.7999998e+01   3.3807500e+01
   5.4852534e-01   5.2800009e+01   3.6818600e+01
   5.4852534e-01   5.7600020e+01   3.9675200e+01
   5.4852534e-01   6.2400261e+01   4.2301800e+01
   5.4852534e-01   6.7199928e+01   4.4631400e+01
   5.4852534e-01   7.2000168e+01   4.6606900e+01
   5.5026677e-01  -7.2000168e+01   4.7487500e+01
   5.5026677e-01  -6.7199928e+01   4.4609500e+01
   5.5026677e-01  -6.2400261e+01   4.1515200e+01
   5.5026677e-01  -5.7600020e+01   3.8265500e+01
   5.5026677e-01  -5.2800009e+01   3.4925700e+01
   5.5026677e-01  -4.7999998e+01   3.1564800e+01
   5.5026677e-01  -4.3199986e+01   2.8253700e+01
   5.5026677e-01  -3.8399975e+01   2.5063700e+01
   5.5026677e-01  -3.3600021e+01   2.2065300e+01
   5.5026677e-01  -2.8800010e+01   1.9326100e+01
   5.5026677e-01  -2.3999999e+01   1.6909000e+01
   5.5026677e-01  -1.9199988e+01   1.4870900e+01
   5.5026677e-01  -1.4399976e+01   1.3260700e+01
   5.5026677e-01  -9.6000224e+00   1.2117600e+01
   5.5026677e-01  -4.7999998e+00   1.1469800e+01
   5.5026677e-01  -1.4312486e-14   1.1333200e+01
   5.5026677e-01   4.7999998e+00   1.1710900e+01
   5.5026677e-01   9.6000224e+00   1.2591900e+01
   5.5026677e-01   1.4399976e+01   1.3951800e+01
   5.5026677e-01   1.9199988e+01   1.5752500e+01
   5.5026677e-01   2.3999999e+01   1.7943700e+01
   5.5026677e-01   2.8800010e+01   2.0463600e+01
   5.5026677e-01   3.3600021e+01   2.3241500e+01
   5.5026677e-01   3.8399975e+01   2.6199100e+01
   5.5026677e-01   4.3199986e+01   2.9253600e+01
   5.5026677e-01   4.7999998e+01   3.2320100e+01
   5.5026677e-01   5.2800009e+01   3.5314600e+01
   5.5026677e-01   5.7600020e+01   3.8156200e+01
   5.5026677e-01   6.2400261e+01   4.0769900e+01
   5.5026677e-01   6.7199928e+01   4.3089100e+01
   5.5026677e-01   7.2000168e+01   4.5057000e+01
   5.5200760e-01  -7.2000168e+01   4.6147800e+01
   5.5200760e-01  -6.7199928e+01   4.3275800e+01
   5.5200760e-01  -6.2400261e+01   4.0188200e+01
   5.5200760e-01  -5.7600020e+01   3.6945700e+01
   5.5200760e-01  -5.2800009e+01   3.3613400e+01
   5.5200760e-01  -4.7999998e+01   3.0260000e+01
   5.5200760e-01  -4.3199986e+01   2.6956000e+01
   5.5200760e-01  -3.8399975e+01   2.3772500e+01
   5.5200760e-01  -3.3600021e+01   2.0779600e+01
   5.5200760e-01  -2.8800010e+01   1.8044700e+01
   5.5200760e-01  -2.3999999e+01   1.5630300e+01
   5.5200760e-01  -1.9199988e+01   1.3593300e+01
   5.5200760e-01  -1.4399976e+01   1.1982100e+01
   5.5200760e-01  -9.6000224e+00   1.0835900e+01
   5.5200760e-01  -4.7999998e+00   1.0182700e+01
   5.5200760e-01  -1.4312486e-14   1.0038600e+01
   5.5200760e-01   4.7999998e+00   1.0406300e+01
   5.5200760e-01   9.6000224e+00   1.1275400e+01
   5.5200760e-01   1.4399976e+01   1.2621200e+01
   5.5200760e-01   1.9199988e+01   1.4406200e+01
   5.5200760e-01   2.3999999e+01   1.6580300e+01
   5.5200760e-01   2.8800010e+01   1.9082100e+01
   5.5200760e-01   3.3600021e+01   2.1841200e+01
   5.5200760e-01   3.8399975e+01   2.4779900e+01
   5.5200760e-01   4.3199986e+01   2.7815800e+01
   5.5200760e-01   4.7999998e+01   3.0864500e+01
   5.5200760e-01   5.2800009e+01   3.3842400e+01
   5.5200760e-01   5.7600020e+01   3.6669200e+01
   5.5200760e-01   6.2400261e+01   3.9270200e+01
   5.5200760e-01   6.7199928e+01   4.1579000e+01
   5.5200760e-01   7.2000168e+01   4.3539300e+01
   5.5374778e-01  -7.2000168e+01   4.4847700e+01
   5.5374778e-01  -6.7199928e+01   4.1981600e+01
   5.5374778e-01  -6.2400261e+01   3.8900700e+01
   5.5374778e-01  -5.7600020e+01   3.5665400e+01
   5.5374778e-01  -5.2800009e+01   3.2340600e+01
   5.5374778e-01  -4.7999998e+01   2.8994600e+01
   5.5374778e-01  -4.3199986e+01   2.5697700e+01
   5.5374778e-01  -3.8399975e+01   2.2520700e+01
   5.5374778e-01  -3.3600021e+01   1.9533300e+01
   5.5374778e-01  -2.8800010e+01   1.6802600e+01
   5.5374778e-01  -2.3999999e+01   1.4391100e+01
   5.5374778e-01  -1.9199988e+01   1.2355000e+01
   5.5374778e-01  -1.4399976e+01   1.0742900e+01
   5.5374778e-01  -9.6000224e+00   9.5935500e+00
   5.5374778e-01  -4.7999998e+00   8.9350800e+00
   5.5374778e-01  -1.4312486e-14   8.7833600e+00
   5.5374778e-01   4.7999998e+00   9.1413200e+00
   5.5374778e-01   9.6000224e+00   9.9983700e+00
   5.5374778e-01   1.4399976e+01   1.1330300e+01
   5.5374778e-01   1.9199988e+01   1.3099700e+01
   5.5374778e-01   2.3999999e+01   1.5256700e+01
   5.5374778e-01   2.8800010e+01   1.7740400e+01
   5.5374778e-01   3.3600021e+01   2.0480900e+01
   5.5374778e-01   3.8399975e+01   2.3400700e+01
   5.5374778e-01   4.3199986e+01   2.6418100e+01
   5.5374778e-01   4.7999998e+01   2.9449200e+01
   5.5374778e-01   5.2800009e+01   3.2410600e+01
   5.5374778e-01   5.7600020e+01   3.5222600e+01
   5.5374778e-01   6.2400261e+01   3.7810900e+01
   5.5374778e-01   6.7199928e+01   4.0109500e+01
   5.5374778e-01   7.2000168e+01   4.2062200e+01
   5.5548731e-01  -7.2000168e+01   4.3595900e+01
   5.5548731e-01  -6.7199928e+01   4.0735700e+01
   5.5548731e-01  -6.2400261e+01   3.7661400e+01
   5.5548731e-01  -5.7600020e+01   3.4433300e+01
   5.5548731e-01  -5.2800009e+01   3.1115900e+01
   5.5548731e-01  -4.7999998e+01   2.7777300e+01
   5.5548731e-01  -4.3199986e+01   2.4487400e+01
   5.5548731e-01  -3.8399975e+01   2.1316900e+01
   5.5548731e-01  -3.3600021e+01   1.8335000e+01
   5.5548731e-01  -2.8800010e+01   1.5608600e+01
   5.5548731e-01  -2.3999999e+01   1.3199800e+01
   5.5548731e-01  -1.9199988e+01   1.1164800e+01
   5.5548731e-01  -1.4399976e+01   9.5516600e+00
   5.5548731e-01  -9.6000224e+00   8.3992800e+00
   5.5548731e-01  -4.7999998e+00   7.7355100e+00
   5.5548731e-01  -1.4312486e-14   7.5762400e+00
   5.5548731e-01   4.7999998e+00   7.9244200e+00
   5.5548731e-01   9.6000224e+00   8.7695500e+00
   5.5548731e-01   1.4399976e+01   1.0087600e+01
   5.5548731e-01   1.9199988e+01   1.1841400e+01
   5.5548731e-01   2.3999999e+01   1.3981400e+01
   5.5548731e-01   2.8800010e+01   1.6447200e+01
   5.5548731e-01   3.3600021e+01   1.9169000e+01
   5.5548731e-01   3.8399975e+01   2.2070200e+01
   5.5548731e-01   4.3199986e+01   2.5069100e+01
   5.5548731e-01   4.7999998e+01   2.8082600e+01
   5.5548731e-01   5.2800009e+01   3.1027700e+01
   5.5548731e-01   5.7600020e+01   3.3825000e+01
   5.5548731e-01   6.2400261e+01   3.6400700e+01
   5.5548731e-01   6.7199928e+01   3.8689100e+01
   5.5548731e-01   7.2000168e+01   4.0634300e+01
   5.5722616e-01  -7.2000168e+01   4.2401000e+01
   5.5722616e-01  -6.7199928e+01   3.9546600e+01
   5.5722616e-01  -6.2400261e+01   3.6479000e+01
   5.5722616e-01  -5.7600020e+01   3.3258000e+01
   5.5722616e-01  -5.2800009e+01   2.9948000e+01
   5.5722616e-01  -4.7999998e+01   2.6616800e+01
   5.5722616e-01  -4.3199986e+01   2.3334000e+01
   5.5722616e-01  -3.8399975e+01   2.0169800e+01
   5.5722616e-01  -3.3600021e+01   1.7193400e+01
   5.5722616e-01  -2.8800010e+01   1.4471200e+01
   5.5722616e-01  -2.3999999e+01   1.2065200e+01
   5.5722616e-01  -1.9199988e+01   1.0031200e+01
   5.5722616e-01  -1.4399976e+01   8.4171600e+00
   5.5722616e-01  -9.6000224e+00   7.2617200e+00
   5.5722616e-01  -4.7999998e+00   6.5926900e+00
   5.5722616e-01  -1.4312486e-14   6.4259000e+00
   5.5722616e-01   4.7999998e+00   6.7643300e+00
   5.5722616e-01   9.6000224e+00   7.5975900e+00
   5.5722616e-01   1.4399976e+01   8.9018300e+00
   5.5722616e-01   1.9199988e+01   1.0640100e+01
   5.5722616e-01   2.3999999e+01   1.2763200e+01
   5.5722616e-01   2.8800010e+01   1.5211100e+01
   5.5722616e-01   3.3600021e+01   1.7914400e+01
   5.5722616e-01   3.8399975e+01   2.0796900e+01
   5.5722616e-01   4.3199986e+01   2.3777500e+01
   5.5722616e-01   4.7999998e+01   2.6773400e+01
   5.5722616e-01   5.2800009e+01   2.9702200e+01
   5.5722616e-01   5.7600020e+01   3.2484900e+01
   5.5722616e-01   6.2400261e+01   3.5048000e+01
   5.5722616e-01   6.7199928e+01   3.7326300e+01
   5.5722616e-01   7.2000168e+01   3.9264100e+01
   5.5896430e-01  -7.2000168e+01   4.1271900e+01
   5.5896430e-01  -6.7199928e+01   3.8423400e+01
   5.5896430e-01  -6.2400261e+01   3.5362300e+01
   5.5896430e-01  -5.7600020e+01   3.2148400e+01
   5.5896430e-01  -5.2800009e+01   2.8845800e+01
   5.5896430e-01  -4.7999998e+01   2.5521900e+01
   5.5896430e-01  -4.3199986e+01   2.2246000e+01
   5.5896430e-01  -3.8399975e+01   1.9088300e+01
   5.5896430e-01  -3.3600021e+01   1.6117400e+01
   5.5896430e-01  -2.8800010e+01   1.3399400e+01
   5.5896430e-01  -2.3999999e+01   1.0996200e+01
   5.5896430e-01  -1.9199988e+01   8.9631500e+00
   5.5896430e-01  -1.4399976e+01   7.3481800e+00
   5.5896430e-01  -9.6000224e+00   6.1897000e+00
   5.5896430e-01  -4.7999998e+00   5.5154200e+00
   5.5896430e-01  -1.4312486e-14   5.3411400e+00
   5.5896430e-01   4.7999998e+00   5.6698500e+00
   5.5896430e-01   9.6000224e+00   6.4912800e+00
   5.5896430e-01   1.4399976e+01   7.7817500e+00
   5.5896430e-01   1.9199988e+01   9.5045600e+00
   5.5896430e-01   2.3999999e+01   1.1610800e+01
   5.5896430e-01   2.8800010e+01   1.4040800e+01
   5.5896430e-01   3.3600021e+01   1.6725700e+01
   5.5896430e-01   3.8399975e+01   1.9589600e+01
   5.5896430e-01   4.3199986e+01   2.2551900e+01
   5.5896430e-01   4.7999998e+01   2.5530300e+01
   5.5896430e-01   5.2800009e+01   2.8442900e+01
   5.5896430e-01   5.7600020e+01   3.1211100e+01
   5.5896430e-01   6.2400261e+01   3.3761800e+01
   5.5896430e-01   6.7199928e+01   3.6030000e+01
   5.5896430e-01   7.2000168e+01   3.7960400e+01
   5.6070173e-01  -7.2000168e+01   4.0217500e+01
   5.6070173e-01  -6.7199928e+01   3.7374700e+01
   5.6070173e-01  -6.2400261e+01   3.4320200e+01
   5.6070173e-01  -5.7600020e+01   3.1113400e+01
   5.6070173e-01  -5.2800009e+01   2.7818100e+01
   5.6070173e-01  -4.7999998e+01   2.4501400e+01
   5.6070173e-01  -4.3199986e+01   2.1232600e+01
   5.6070173e-01  -3.8399975e+01   1.8081200e+01
   5.6070173e-01  -3.3600021e+01   1.5115700e+01
   5.6070173e-01  -2.8800010e+01   1.2402000e+01
   5.6070173e-01  -2.3999999e+01   1.0001500e+01
   5.6070173e-01  -1.9199988e+01   7.9694900e+00
   5.6070173e-01  -1.4399976e+01   6.3535900e+00
   5.6070173e-01  -9.6000224e+00   5.1920900e+00
   5.6070173e-01  -4.7999998e+00   4.5125800e+00
   5.6070173e-01  -1.4312486e-14   4.3308200e+00
   5.6070173e-01   4.7999998e+00   4.6498500e+00
   5.6070173e-01   9.6000224e+00   5.4594800e+00
   5.6070173e-01   1.4399976e+01   6.7362200e+00
   5.6070173e-01   1.9199988e+01   8.4436100e+00
   5.6070173e-01   2.3999999e+01   1.0533100e+01
   5.6070173e-01   2.8800010e+01   1.2945300e+01
   5.6070173e-01   3.3600021e+01   1.5611800e+01
   5.6070173e-01   3.8399975e+01   1.8457100e+01
   5.6070173e-01   4.3199986e+01   2.1401300e+01
   5.6070173e-01   4.7999998e+01   2.4362300e+01
   5.6070173e-01   5.2800009e+01   2.7258700e+01
   5.6070173e-01   5.7600020e+01   3.0012400e+01
   5.6070173e-01   6.2400261e+01   3.2550700e+01
   5.6070173e-01   6.7199928e+01   3.4808900e+01
   5.6070173e-01   7.2000168e+01   3.6732000e+01
   5.6243841e-01  -7.2000168e+01   3.9246700e+01
   5.6243841e-01  -6.7199928e+01   3.6409700e+01
   5.6243841e-01  -6.2400261e+01   3.3361700e+01
   5.6243841e-01  -5.7600020e+01   3.0161900e+01
   5.6243841e-01  -5.2800009e+01   2.6873800e+01
   5.6243841e-01  -4.7999998e+01   2.3564500e+01
   5.6243841e-01  -4.3199986e+01   2.0302600e+01
   5.6243841e-01  -3.8399975e+01   1.7157500e+01
   5.6243841e-01  -3.3600021e+01   1.4197500e+01
   5.6243841e-01  -2.8800010e+01   1.1488000e+01
   5.6243841e-01  -2.3999999e+01   9.0901800e+00
   5.6243841e-01  -1.9199988e+01   7.0591700e+00
   5.6243841e-01  -1.4399976e+01   5.4423400e+00
   5.6243841e-01  -9.6000224e+00   4.2778000e+00
   5.6243841e-01  -4.7999998e+00   3.5930700e+00
   5.6243841e-01  -1.4312486e-14   3.4038600e+00
   5.6243841e-01   4.7999998e+00   3.7132300e+00
   5.6243841e-01   9.6000224e+00   4.5111000e+00
   5.6243841e-01   1.4399976e+01   5.7741500e+00
   5.6243841e-01   1.9199988e+01   7.4661700e+00
   5.6243841e-01   2.3999999e+01   9.5389100e+00
   5.6243841e-01   2.8800010e+01   1.1933400e+01
   5.6243841e-01   3.3600021e+01   1.4581500e+01
   5.6243841e-01   3.8399975e+01   1.7408400e+01
   5.6243841e-01   4.3199986e+01   2.0334400e+01
   5.6243841e-01   4.7999998e+01   2.3278000e+01
   5.6243841e-01   5.2800009e+01   2.6158400e+01
   5.6243841e-01   5.7600020e+01   2.8897600e+01
   5.6243841e-01   6.2400261e+01   3.1423600e+01
   5.6243841e-01   6.7199928e+01   3.3671900e+01
   5.6243841e-01   7.2000168e+01   3.5587800e+01
   5.6417432e-01  -7.2000168e+01   3.8368500e+01
   5.6417432e-01  -6.7199928e+01   3.5537200e+01
   5.6417432e-01  -6.2400261e+01   3.2495700e+01
   5.6417432e-01  -5.7600020e+01   2.9302800e+01
   5.6417432e-01  -5.2800009e+01   2.6022100e+01
   5.6417432e-01  -4.7999998e+01   2.2720000e+01
   5.6417432e-01  -4.3199986e+01   1.9465000e+01
   5.6417432e-01  -3.8399975e+01   1.6326200e+01
   5.6417432e-01  -3.3600021e+01   1.3371600e+01
   5.6417432e-01  -2.8800010e+01   1.0666300e+01
   5.6417432e-01  -2.3999999e+01   8.2711700e+00
   5.6417432e-01  -1.9199988e+01   6.2411600e+00
   5.6417432e-01  -1.4399976e+01   4.6233800e+00
   5.6417432e-01  -9.6000224e+00   3.4558200e+00
   5.6417432e-01  -4.7999998e+00   2.7658800e+00
   5.6417432e-01  -1.4312486e-14   2.5692200e+00
   5.6417432e-01   4.7999998e+00   2.8689500e+00
   5.6417432e-01   9.6000224e+00   3.6550800e+00
   5.6417432e-01   1.4399976e+01   4.9044700e+00
   5.6417432e-01   1.9199988e+01   6.5811600e+00
   5.6417432e-01   2.3999999e+01   8.6372100e+00
   5.6417432e-01   2.8800010e+01   1.1014000e+01
   5.6417432e-01   3.3600021e+01   1.3643800e+01
   5.6417432e-01   3.8399975e+01   1.6452300e+01
   5.6417432e-01   4.3199986e+01   1.9360200e+01
   5.6417432e-01   4.7999998e+01   2.2286600e+01
   5.6417432e-01   5.2800009e+01   2.5150900e+01
   5.6417432e-01   5.7600020e+01   2.7875700e+01
   5.6417432e-01   6.2400261e+01   3.0389400e+01
   5.6417432e-01   6.7199928e+01   3.2627800e+01
   5.6417432e-01   7.2000168e+01   3.4536500e+01
   5.6590945e-01  -7.2000168e+01   3.7591900e+01
   5.6590945e-01  -6.7199928e+01   3.4766200e+01
   5.6590945e-01  -6.2400261e+01   3.1731200e+01
   5.6590945e-01  -5.7600020e+01   2.8545300e+01
   5.6590945e-01  -5.2800009e+01   2.5271800e+01
   5.6590945e-01  -4.7999998e+01   2.1976800e+01
   5.6590945e-01  -4.3199986e+01   1.8728800e+01
   5.6590945e-01  -3.8399975e+01   1.5596300e+01
   5.6590945e-01  -3.3600021e+01   1.2647000e+01
   5.6590945e-01  -2.8800010e+01   9.9458600e+00
   5.6590945e-01  -2.3999999e+01   7.5534700e+00
   5.6590945e-01  -1.9199988e+01   5.5244200e+00
   5.6590945e-01  -1.4399976e+01   3.9057000e+00
   5.6590945e-01  -9.6000224e+00   2.7351100e+00
   5.6590945e-01  -4.7999998e+00   2.0399600e+00
   5.6590945e-01  -1.4312486e-14   1.8358700e+00
   5.6590945e-01   4.7999998e+00   2.1259700e+00
   5.6590945e-01   9.6000224e+00   2.9003900e+00
   5.6590945e-01   1.4399976e+01   4.1361600e+00
   5.6590945e-01   1.9199988e+01   5.7975500e+00
   5.6590945e-01   2.3999999e+01   7.8369300e+00
   5.6590945e-01   2.8800010e+01   1.0196000e+01
   5.6590945e-01   3.3600021e+01   1.2807700e+01
   5.6590945e-01   3.8399975e+01   1.5597800e+01
   5.6590945e-01   4.3199986e+01   1.8487700e+01
   5.6590945e-01   4.7999998e+01   2.1396800e+01
   5.6590945e-01   5.2800009e+01   2.4245100e+01
   5.6590945e-01   5.7600020e+01   2.6955700e+01
   5.6590945e-01   6.2400261e+01   2.9457100e+01
   5.6590945e-01   6.7199928e+01   3.1685700e+01
   5.6590945e-01   7.2000168e+01   3.3587200e+01
   5.6764377e-01  -7.2000168e+01   3.6925800e+01
   5.6764377e-01  -6.7199928e+01   3.4105800e+01
   5.6764377e-01  -6.2400261e+01   3.1077200e+01
   5.6764377e-01  -5.7600020e+01   2.7898200e+01
   5.6764377e-01  -5.2800009e+01   2.4631900e+01
   5.6764377e-01  -4.7999998e+01   2.1344100e+01
   5.6764377e-01  -4.3199986e+01   1.8102900e+01
   5.6764377e-01  -3.8399975e+01   1.4976700e+01
   5.6764377e-01  -3.3600021e+01   1.2032800e+01
   5.6764377e-01  -2.8800010e+01   9.3357500e+00
   5.6764377e-01  -2.3999999e+01   6.9460300e+00
   5.6764377e-01  -1.9199988e+01   4.9179500e+00
   5.6764377e-01  -1.4399976e+01   3.2982600e+00
   5.6764377e-01  -9.6000224e+00   2.1246400e+00
   5.6764377e-01  -4.7999998e+00   1.4242800e+00
   5.6764377e-01  -1.4312486e-14   1.2127700e+00
   5.6764377e-01   4.7999998e+00   1.4932700e+00
   5.6764377e-01   9.6000224e+00   2.2559900e+00
   5.6764377e-01   1.4399976e+01   3.4781500e+00
   5.6764377e-01   1.9199988e+01   5.1242700e+00
   5.6764377e-01   2.3999999e+01   7.1470300e+00
   5.6764377e-01   2.8800010e+01   9.4885400e+00
   5.6764377e-01   3.3600021e+01   1.2082000e+01
   5.6764377e-01   3.8399975e+01   1.4853700e+01
   5.6764377e-01   4.3199986e+01   1.7725600e+01
   5.6764377e-01   4.7999998e+01   2.0617600e+01
   5.6764377e-01   5.2800009e+01   2.3449900e+01
   5.6764377e-01   5.7600020e+01   2.6146300e+01
   5.6764377e-01   6.2400261e+01   2.8635500e+01
   5.6764377e-01   6.7199928e+01   3.0854300e+01
   5.6764377e-01   7.2000168e+01   3.2748700e+01
   5.6937727e-01  -7.2000168e+01   3.6379300e+01
   5.6937727e-01  -6.7199928e+01   3.3564900e+01
   5.6937727e-01  -6.2400261e+01   3.0542600e+01
   5.6937727e-01  -5.7600020e+01   2.7370600e+01
   5.6937727e-01  -5.2800009e+01   2.4111400e+01
   5.6937727e-01  -4.7999998e+01   2.0830800e+01
   5.6937727e-01  -4.3199986e+01   1.7596400e+01
   5.6937727e-01  -3.8399975e+01   1.4476400e+01
   5.6937727e-01  -3.3600021e+01   1.1537800e+01
   5.6937727e-01  -2.8800010e+01   8.8449000e+00
   5.6937727e-01  -2.3999999e+01   6.4578200e+00
   5.6937727e-01  -1.9199988e+01   4.4306800e+00
   5.6937727e-01  -1.4399976e+01   2.8100300e+00
   5.6937727e-01  -9.6000224e+00   1.6333700e+00
   5.6937727e-01  -4.7999998e+00   9.2779500e-01
   5.6937727e-01  -1.4312486e-14   7.0886200e-01
   5.6937727e-01   4.7999998e+00   9.7975800e-01
   5.6937727e-01   9.6000224e+00   1.7308100e+00
   5.6937727e-01   1.4399976e+01   2.9393800e+00
   5.6937727e-01   1.9199988e+01   4.5702600e+00
   5.6937727e-01   2.3999999e+01   6.5764300e+00
   5.6937727e-01   2.8800010e+01   8.9003600e+00
   5.6937727e-01   3.3600021e+01   1.1475700e+01
   5.6937727e-01   3.8399975e+01   1.4229100e+01
   5.6937727e-01   4.3199986e+01   1.7083100e+01
   5.6937727e-01   4.7999998e+01   1.9957900e+01
   5.6937727e-01   5.2800009e+01   2.2774400e+01
   5.6937727e-01   5.7600020e+01   2.5456500e+01
   5.6937727e-01   6.2400261e+01   2.7933500e+01
   5.6937727e-01   6.7199928e+01   3.0142600e+01
   5.6937727e-01   7.2000168e+01   3.2029900e+01
   5.7110991e-01  -7.2000168e+01   3.5961200e+01
   5.7110991e-01  -6.7199928e+01   3.3152400e+01
   5.7110991e-01  -6.2400261e+01   3.0136500e+01
   5.7110991e-01  -5.7600020e+01   2.6971300e+01
   5.7110991e-01  -5.2800009e+01   2.3719200e+01
   5.7110991e-01  -4.7999998e+01   2.0445700e+01
   5.7110991e-01  -4.3199986e+01   1.7218200e+01
   5.7110991e-01  -3.8399975e+01   1.4104300e+01
   5.7110991e-01  -3.3600021e+01   1.1171000e+01
   5.7110991e-01  -2.8800010e+01   8.4822000e+00
   5.7110991e-01  -2.3999999e+01   6.0977600e+00
   5.7110991e-01  -1.9199988e+01   4.0715400e+00
   5.7110991e-01  -1.4399976e+01   2.4499000e+00
   5.7110991e-01  -9.6000224e+00   1.2701900e+00
   5.7110991e-01  -4.7999998e+00   5.5940000e-01
   5.7110991e-01  -1.4312486e-14   3.3304800e-01
   5.7110991e-01   4.7999998e+00   5.9435000e-01
   5.7110991e-01   9.6000224e+00   1.3337300e+00
   5.7110991e-01   1.4399976e+01   2.5287400e+00
   5.7110991e-01   1.9199988e+01   4.1444000e+00
   5.7110991e-01   2.3999999e+01   6.1340100e+00
   5.7110991e-01   2.8800010e+01   8.4403900e+00
   5.7110991e-01   3.3600021e+01   1.0997600e+01
   5.7110991e-01   3.8399975e+01   1.3732800e+01
   5.7110991e-01   4.3199986e+01   1.6568900e+01
   5.7110991e-01   4.7999998e+01   1.9426600e+01
   5.7110991e-01   5.2800009e+01   2.2227200e+01
   5.7110991e-01   5.7600020e+01   2.4895100e+01
   5.7110991e-01   6.2400261e+01   2.7360100e+01
   5.7110991e-01   6.7199928e+01   2.9559400e+01
   5.7110991e-01   7.2000168e+01   3.1439700e+01
   5.7284168e-01  -7.2000168e+01   3.5680400e+01
   5.7284168e-01  -6.7199928e+01   3.2877200e+01
   5.7284168e-01  -6.2400261e+01   2.9867500e+01
   5.7284168e-01  -5.7600020e+01   2.6709200e+01
   5.7284168e-01  -5.2800009e+01   2.3464200e+01
   5.7284168e-01  -4.7999998e+01   2.0197800e+01
   5.7284168e-01  -4.3199986e+01   1.6977000e+01
   5.7284168e-01  -3.8399975e+01   1.3869300e+01
   5.7284168e-01  -3.3600021e+01   1.0941300e+01
   5.7284168e-01  -2.8800010e+01   8.2565200e+00
   5.7284168e-01  -2.3999999e+01   5.8746800e+00
   5.7284168e-01  -1.9199988e+01   3.8493600e+00
   5.7284168e-01  -1.4399976e+01   2.2267300e+00
   5.7284168e-01  -9.6000224e+00   1.0439500e+00
   5.7284168e-01  -4.7999998e+00   3.2794000e-01
   5.7284168e-01  -1.4312486e-14   9.4165600e-02
   5.7284168e-01   4.7999998e+00   3.4587800e-01
   5.7284168e-01   9.6000224e+00   1.0736000e+00
   5.7284168e-01   1.4399976e+01   2.2550600e+00
   5.7284168e-01   1.9199988e+01   3.8555300e+00
   5.7284168e-01   2.3999999e+01   5.8285900e+00
   5.7284168e-01   2.8800010e+01   8.1174500e+00
   5.7284168e-01   3.3600021e+01   1.0656600e+01
   5.7284168e-01   3.8399975e+01   1.3373600e+01
   5.7284168e-01   4.3199986e+01   1.6191800e+01
   5.7284168e-01   4.7999998e+01   1.9032400e+01
   5.7284168e-01   5.2800009e+01   2.1817200e+01
   5.7284168e-01   5.7600020e+01   2.4471000e+01
   5.7284168e-01   6.2400261e+01   2.6923900e+01
   5.7284168e-01   6.7199928e+01   2.9113500e+01
   5.7284168e-01   7.2000168e+01   3.0986800e+01
   5.7457256e-01  -7.2000168e+01   3.5545700e+01
   5.7457256e-01  -6.7199928e+01   3.2748000e+01
   5.7457256e-01  -6.2400261e+01   2.9744600e+01
   5.7457256e-01  -5.7600020e+01   2.6593100e+01
   5.7457256e-01  -5.2800009e+01   2.3355100e+01
   5.7457256e-01  -4.7999998e+01   2.0095800e+01
   5.7457256e-01  -4.3199986e+01   1.6881700e+01
   5.7457256e-01  -3.8399975e+01   1.3780200e+01
   5.7457256e-01  -3.3600021e+01   1.0857300e+01
   5.7457256e-01  -2.8800010e+01   8.1766400e+00
   5.7457256e-01  -2.3999999e+01   5.7973800e+00
   5.7457256e-01  -1.9199988e+01   3.7729400e+00
   5.7457256e-01  -1.4399976e+01   2.1492800e+00
   5.7457256e-01  -9.6000224e+00   9.6343000e-01
   5.7457256e-01  -4.7999998e+00   2.4218300e-01
   5.7457256e-01  -1.4312486e-14   9.8229700e-04
   5.7457256e-01   4.7999998e+00   2.4310500e-01
   5.7457256e-01   9.6000224e+00   9.5918000e-01
   5.7457256e-01   1.4399976e+01   2.1271000e+00
   5.7457256e-01   1.9199988e+01   3.7123800e+00
   5.7457256e-01   2.3999999e+01   5.6689300e+00
   5.7457256e-01   2.8800010e+01   7.9403000e+00
   5.7457256e-01   3.3600021e+01   1.0461300e+01
   5.7457256e-01   3.8399975e+01   1.3160200e+01
   5.7457256e-01   4.3199986e+01   1.5960600e+01
   5.7457256e-01   4.7999998e+01   1.8784100e+01
   5.7457256e-01   5.2800009e+01   2.1553100e+01
   5.7457256e-01   5.7600020e+01   2.4192800e+01
   5.7457256e-01   6.2400261e+01   2.6633700e+01
   5.7457256e-01   6.7199928e+01   2.8813600e+01
   5.7457256e-01   7.2000168e+01   3.0679900e+01
   5.7630253e-01  -7.2000168e+01   3.5565700e+01
   5.7630253e-01  -6.7199928e+01   3.2773500e+01
   5.7630253e-01  -6.2400261e+01   2.9776400e+01
   5.7630253e-01  -5.7600020e+01   2.6631600e+01
   5.7630253e-01  -5.2800009e+01   2.3400700e+01
   5.7630253e-01  -4.7999998e+01   2.0148400e+01
   5.7630253e-01  -4.3199986e+01   1.6941000e+01
   5.7630253e-01  -3.8399975e+01   1.3845600e+01
   5.7630253e-01  -3.3600021e+01   1.0927900e+01
   5.7630253e-01  -2.8800010e+01   8.2512400e+00
   5.7630253e-01  -2.3999999e+01   5.8745200e+00
   5.7630253e-01  -1.9199988e+01   3.8509400e+00
   5.7630253e-01  -1.4399976e+01   2.2262400e+00
   5.7630253e-01  -9.6000224e+00   1.0373000e+00
   5.7630253e-01  -4.7999998e+00   3.1080700e-01
   5.7630253e-01  -1.4312486e-14   6.2173300e-02
   5.7630253e-01   4.7999998e+00   2.9470500e-01
   5.7630253e-01   9.6000224e+00   9.9913200e-01
   5.7630253e-01   1.4399976e+01   2.1535200e+00
   5.7630253e-01   1.9199988e+01   3.7236300e+00
   5.7630253e-01   2.3999999e+01   5.6636800e+00
   5.7630253e-01   2.8800010e+01   7.9175700e+00
   5.7630253e-01   3.3600021e+01   1.0420600e+01
   5.7630253e-01   3.8399975e+01   1.3101300e+01
   5.7630253e-01   4.3199986e+01   1.5883800e+01
   5.7630253e-01   4.7999998e+01   1.8690400e+01
   5.7630253e-01   5.2800009e+01   2.1443700e+01
   5.7630253e-01   5.7600020e+01   2.4069300e+01
   5.7630253e-01   6.2400261e+01   2.6498100e+01
   5.7630253e-01   6.7199928e+01   2.8668400e+01
   5.7630253e-01   7.2000168e+01   3.0527800e+01
   5.7803156e-01  -7.2000168e+01   3.5749100e+01
   5.7803156e-01  -6.7199928e+01   3.2962300e+01
   5.7803156e-01  -6.2400261e+01   2.9971400e+01
   5.7803156e-01  -5.7600020e+01   2.6833400e+01
   5.7803156e-01  -5.2800009e+01   2.3609500e+01
   5.7803156e-01  -4.7999998e+01   2.0364200e+01
   5.7803156e-01  -4.3199986e+01   1.7163500e+01
   5.7803156e-01  -3.8399975e+01   1.4074100e+01
   5.7803156e-01  -3.3600021e+01   1.1161600e+01
   5.7803156e-01  -2.8800010e+01   8.4889000e+00
   5.7803156e-01  -2.3999999e+01   6.1147100e+00
   5.7803156e-01  -1.9199988e+01   4.0919500e+00
   5.7803156e-01  -1.4399976e+01   2.4661900e+00
   5.7803156e-01  -9.6000224e+00   1.2741400e+00
   5.7803156e-01  -4.7999998e+00   5.4238500e-01
   5.7803156e-01  -1.4312486e-14   2.8630900e-01
   5.7803156e-01   4.7999998e+00   5.0924500e-01
   5.7803156e-01   9.6000224e+00   1.2020300e+00
   5.7803156e-01   1.4399976e+01   2.3428900e+00
   5.7803156e-01   1.9199988e+01   3.8978400e+00
   5.7803156e-01   2.3999999e+01   5.8214000e+00
   5.7803156e-01   2.8800010e+01   8.0578400e+00
   5.7803156e-01   3.3600021e+01   1.0542800e+01
   5.7803156e-01   3.8399975e+01   1.3205400e+01
   5.7803156e-01   4.3199986e+01   1.5970200e+01
   5.7803156e-01   4.7999998e+01   1.8759800e+01
   5.7803156e-01   5.2800009e+01   2.1497300e+01
   5.7803156e-01   5.7600020e+01   2.4108800e+01
   5.7803156e-01   6.2400261e+01   2.6525700e+01
   5.7803156e-01   6.7199928e+01   2.8686400e+01
   5.7803156e-01   7.2000168e+01   3.0538800e+01
   5.7975964e-01  -7.2000168e+01   3.6104200e+01
   5.7975964e-01  -6.7199928e+01   3.3322900e+01
   5.7975964e-01  -6.2400261e+01   3.0338200e+01
   5.7975964e-01  -5.7600020e+01   2.7206900e+01
   5.7975964e-01  -5.2800009e+01   2.3990000e+01
   5.7975964e-01  -4.7999998e+01   2.0751600e+01
   5.7975964e-01  -4.3199986e+01   1.7557500e+01
   5.7975964e-01  -3.8399975e+01   1.4474200e+01
   5.7975964e-01  -3.3600021e+01   1.1566800e+01
   5.7975964e-01  -2.8800010e+01   8.8980800e+00
   5.7975964e-01  -2.3999999e+01   6.5263800e+00
   5.7975964e-01  -1.9199988e+01   4.5044300e+00
   5.7975964e-01  -1.4399976e+01   2.8775800e+00
   5.7975964e-01  -9.6000224e+00   1.6823900e+00
   5.7975964e-01  -4.7999998e+00   9.4536900e-01
   5.7975964e-01  -1.4312486e-14   6.8183900e-01
   5.7975964e-01   4.7999998e+00   8.9517300e-01
   5.7975964e-01   9.6000224e+00   1.5763100e+00
   5.7975964e-01   1.4399976e+01   2.7036500e+00
   5.7975964e-01   1.9199988e+01   4.2434500e+00
   5.7975964e-01   2.3999999e+01   6.1505300e+00
   5.7975964e-01   2.8800010e+01   8.3695400e+00
   5.7975964e-01   3.3600021e+01   1.0836500e+01
   5.7975964e-01   3.8399975e+01   1.3481000e+01
   5.7975964e-01   4.3199986e+01   1.6228000e+01
   5.7975964e-01   4.7999998e+01   1.9000700e+01
   5.7975964e-01   5.2800009e+01   2.1722500e+01
   5.7975964e-01   5.7600020e+01   2.4320000e+01
   5.7975964e-01   6.2400261e+01   2.6724800e+01
   5.7975964e-01   6.7199928e+01   2.8876000e+01
   5.7975964e-01   7.2000168e+01   3.0721500e+01
   5.8148674e-01  -7.2000168e+01   3.6639500e+01
   5.8148674e-01  -6.7199928e+01   3.3863600e+01
   5.8148674e-01  -6.2400261e+01   3.0885100e+01
   5.8148674e-01  -5.7600020e+01   2.7760500e+01
   5.8148674e-01  -5.2800009e+01   2.4550500e+01
   5.8148674e-01  -4.7999998e+01   2.1319000e+01
   5.8148674e-01  -4.3199986e+01   1.8131600e+01
   5.8148674e-01  -3.8399975e+01   1.5054200e+01
   5.8148674e-01  -3.3600021e+01   1.2152000e+01
   5.8148674e-01  -2.8800010e+01   9.4871100e+00
   5.8148674e-01  -2.3999999e+01   7.1178700e+00
   5.8148674e-01  -1.9199988e+01   5.0967000e+00
   5.8148674e-01  -1.4399976e+01   3.4687300e+00
   5.8148674e-01  -9.6000224e+00   2.2704000e+00
   5.8148674e-01  -4.7999998e+00   1.5280800e+00
   5.8148674e-01  -1.4312486e-14   1.2570800e+00
   5.8148674e-01   4.7999998e+00   1.4608100e+00
   5.8148674e-01   9.6000224e+00   2.1302900e+00
   5.8148674e-01   1.4399976e+01   3.2441100e+00
   5.8148674e-01   1.9199988e+01   4.7687600e+00
   5.8148674e-01   2.3999999e+01   6.6593700e+00
   5.8148674e-01   2.8800010e+01   8.8609600e+00
   5.8148674e-01   3.3600021e+01   1.1310000e+01
   5.8148674e-01   3.8399975e+01   1.3936400e+01
   5.8148674e-01   4.3199986e+01   1.6665600e+01
   5.8148674e-01   4.7999998e+01   1.9421300e+01
   5.8148674e-01   5.2800009e+01   2.2127500e+01
   5.8148674e-01   5.7600020e+01   2.4711000e+01
   5.8148674e-01   6.2400261e+01   2.7103900e+01
   5.8148674e-01   6.7199928e+01   2.9245400e+01
   5.8148674e-01   7.2000168e+01   3.1084000e+01
   5.8321284e-01  -7.2000168e+01   3.7363000e+01
   5.8321284e-01  -6.7199928e+01   3.4592600e+01
   5.8321284e-01  -6.2400261e+01   3.1620200e+01
   5.8321284e-01  -5.7600020e+01   2.8502200e+01
   5.8321284e-01  -5.2800009e+01   2.5299200e+01
   5.8321284e-01  -4.7999998e+01   2.2074600e+01
   5.8321284e-01  -4.3199986e+01   1.8893700e+01
   5.8321284e-01  -3.8399975e+01   1.5822300e+01
   5.8321284e-01  -3.3600021e+01   1.2925100e+01
   5.8321284e-01  -2.8800010e+01   1.0264200e+01
   5.8321284e-01  -2.3999999e+01   7.8973600e+00
   5.8321284e-01  -1.9199988e+01   5.8769300e+00
   5.8321284e-01  -1.4399976e+01   4.2478300e+00
   5.8321284e-01  -9.6000224e+00   3.0463100e+00
   5.8321284e-01  -4.7999998e+00   2.2986900e+00
   5.8321284e-01  -1.4312486e-14   2.0202100e+00
   5.8321284e-01   4.7999998e+00   2.2143100e+00
   5.8321284e-01   9.6000224e+00   2.8721400e+00
   5.8321284e-01   1.4399976e+01   3.9724400e+00
   5.8321284e-01   1.9199988e+01   5.4819500e+00
   5.8321284e-01   2.3999999e+01   7.3561000e+00
   5.8321284e-01   2.8800010e+01   9.5402700e+00
   5.8321284e-01   3.3600021e+01   1.1971300e+01
   5.8321284e-01   3.8399975e+01   1.4579700e+01
   5.8321284e-01   4.3199986e+01   1.7291200e+01
   5.8321284e-01   4.7999998e+01   2.0030000e+01
   5.8321284e-01   5.2800009e+01   2.2720400e+01
   5.8321284e-01   5.7600020e+01   2.5289900e+01
   5.8321284e-01   6.2400261e+01   2.7670900e+01
   5.8321284e-01   6.7199928e+01   2.9802900e+01
   5.8321284e-01   7.2000168e+01   3.1634600e+01
   5.8493792e-01  -7.2000168e+01   3.8282900e+01
   5.8493792e-01  -6.7199928e+01   3.5517800e+01
   5.8493792e-01  -6.2400261e+01   3.2551600e+01
   5.8493792e-01  -5.7600020e+01   2.9440200e+01
   5.8493792e-01  -5.2800009e+01   2.6244100e+01
   5.8493792e-01  -4.7999998e+01   2.3026300e+01
   5.8493792e-01  -4.3199986e+01   1.9852000e+01
   5.8493792e-01  -3.8399975e+01   1.6786600e+01
   5.8493792e-01  -3.3600021e+01   1.3894400e+01
   5.8493792e-01  -2.8800010e+01   1.1237300e+01
   5.8493792e-01  -2.3999999e+01   8.8728600e+00
   5.8493792e-01  -1.9199988e+01   6.8531500e+00
   5.8493792e-01  -1.4399976e+01   5.2228800e+00
   5.8493792e-01  -9.6000224e+00   4.0181700e+00
   5.8493792e-01  -4.7999998e+00   3.2652100e+00
   5.8493792e-01  -1.4312486e-14   2.9792300e+00
   5.8493792e-01   4.7999998e+00   3.1637100e+00
   5.8493792e-01   9.6000224e+00   3.8098600e+00
   5.8493792e-01   1.4399976e+01   4.8966400e+00
   5.8493792e-01   1.9199988e+01   6.3910100e+00
   5.8493792e-01   2.3999999e+01   8.2487100e+00
   5.8493792e-01   2.8800010e+01   1.0415500e+01
   5.8493792e-01   3.3600021e+01   1.2828600e+01
   5.8493792e-01   3.8399975e+01   1.5418800e+01
   5.8493792e-01   4.3199986e+01   1.8112700e+01
   5.8493792e-01   4.7999998e+01   2.0834500e+01
   5.8493792e-01   5.2800009e+01   2.3509400e+01
   5.8493792e-01   5.7600020e+01   2.6064900e+01
   5.8493792e-01   6.2400261e+01   2.8433900e+01
   5.8493792e-01   6.7199928e+01   3.0556400e+01
   5.8493792e-01   7.2000168e+01   3.2381200e+01
   5.8666196e-01  -7.2000168e+01   3.9406900e+01
   5.8666196e-01  -6.7199928e+01   3.6647200e+01
   5.8666196e-01  -6.2400261e+01   3.3687000e+01
   5.8666196e-01  -5.7600020e+01   3.0582300e+01
   5.8666196e-01  -5.2800009e+01   2.7393000e+01
   5.8666196e-01  -4.7999998e+01   2.4182100e+01
   5.8666196e-01  -4.3199986e+01   2.1014300e+01
   5.8666196e-01  -3.8399975e+01   1.7954700e+01
   5.8666196e-01  -3.3600021e+01   1.5067600e+01
   5.8666196e-01  -2.8800010e+01   1.2414300e+01
   5.8666196e-01  -2.3999999e+01   1.0052200e+01
   5.8666196e-01  -1.9199988e+01   8.0332000e+00
   5.8666196e-01  -1.4399976e+01   6.4017400e+00
   5.8666196e-01  -9.6000224e+00   5.1938000e+00
   5.8666196e-01  -4.7999998e+00   4.4354900e+00
   5.8666196e-01  -1.4312486e-14   4.1420000e+00
   5.8666196e-01   4.7999998e+00   4.3168300e+00
   5.8666196e-01   9.6000224e+00   4.9513100e+00
   5.8666196e-01   1.4399976e+01   6.0245600e+00
   5.8666196e-01   1.9199988e+01   7.5037900e+00
   5.8666196e-01   2.3999999e+01   9.3450300e+00
   5.8666196e-01   2.8800010e+01   1.1494400e+01
   5.8666196e-01   3.3600021e+01   1.3889600e+01
   5.8666196e-01   3.8399975e+01   1.6461800e+01
   5.8666196e-01   4.3199986e+01   1.9137900e+01
   5.8666196e-01   4.7999998e+01   2.1842900e+01
   5.8666196e-01   5.2800009e+01   2.4502100e+01
   5.8666196e-01   5.7600020e+01   2.7043600e+01
   5.8666196e-01   6.2400261e+01   2.9400700e+01
   5.8666196e-01   6.7199928e+01   3.1513700e+01
   5.8666196e-01   7.2000168e+01   3.3331600e+01
   5.8838494e-01  -7.2000168e+01   4.0742700e+01
   5.8838494e-01  -6.7199928e+01   3.7988300e+01
   5.8838494e-01  -6.2400261e+01   3.5034300e+01
   5.8838494e-01  -5.7600020e+01   3.1936200e+01
   5.8838494e-01  -5.2800009e+01   2.8753700e+01
   5.8838494e-01  -4.7999998e+01   2.5549500e+01
   5.8838494e-01  -4.3199986e+01   2.2388200e+01
   5.8838494e-01  -3.8399975e+01   1.9334600e+01
   5.8838494e-01  -3.3600021e+01   1.6452300e+01
   5.8838494e-01  -2.8800010e+01   1.3802800e+01
   5.8838494e-01  -2.3999999e+01   1.1443100e+01
   5.8838494e-01  -1.9199988e+01   9.4247600e+00
   5.8838494e-01  -1.4399976e+01   7.7920800e+00
   5.8838494e-01  -9.6000224e+00   6.5808900e+00
   5.8838494e-01  -4.7999998e+00   5.8172000e+00
   5.8838494e-01  -1.4312486e-14   5.5161800e+00
   5.8838494e-01   4.7999998e+00   5.6813500e+00
   5.8838494e-01   9.6000224e+00   6.3041500e+00
   5.8838494e-01   1.4399976e+01   7.3638600e+00
   5.8838494e-01   1.9199988e+01   8.8279400e+00
   5.8838494e-01   2.3999999e+01   1.0652700e+01
   5.8838494e-01   2.8800010e+01   1.2784700e+01
   5.8838494e-01   3.3600021e+01   1.5162000e+01
   5.8838494e-01   3.8399975e+01   1.7716100e+01
   5.8838494e-01   4.3199986e+01   2.0374600e+01
   5.8838494e-01   4.7999998e+01   2.3062700e+01
   5.8838494e-01   5.2800009e+01   2.5706200e+01
   5.8838494e-01   5.7600020e+01   2.8233800e+01
   5.8838494e-01   6.2400261e+01   3.0579000e+01
   5.8838494e-01   6.7199928e+01   3.2682500e+01
   5.8838494e-01   7.2000168e+01   3.4493500e+01
   5.9010683e-01  -7.2000168e+01   4.2297800e+01
   5.9010683e-01  -6.7199928e+01   3.9548800e+01
   5.9010683e-01  -6.2400261e+01   3.6600800e+01
   5.9010683e-01  -5.7600020e+01   3.3509200e+01
   5.9010683e-01  -5.2800009e+01   3.0333500e+01
   5.9010683e-01  -4.7999998e+01   2.7136200e+01
   5.9010683e-01  -4.3199986e+01   2.3981300e+01
   5.9010683e-01  -3.8399975e+01   2.0933500e+01
   5.9010683e-01  -3.3600021e+01   1.8056200e+01
   5.9010683e-01  -2.8800010e+01   1.5410400e+01
   5.9010683e-01  -2.3999999e+01   1.3053000e+01
   5.9010683e-01  -1.9199988e+01   1.1035300e+01
   5.9010683e-01  -1.4399976e+01   9.4013700e+00
   5.9010683e-01  -9.6000224e+00   8.1869000e+00
   5.9010683e-01  -4.7999998e+00   7.4178200e+00
   5.9010683e-01  -1.4312486e-14   7.1092500e+00
   5.9010683e-01   4.7999998e+00   7.2647400e+00
   5.9010683e-01   9.6000224e+00   7.8758400e+00
   5.9010683e-01   1.4399976e+01   8.9220200e+00
   5.9010683e-01   1.9199988e+01   1.0370900e+01
   5.9010683e-01   2.3999999e+01   1.2179300e+01
   5.9010683e-01   2.8800010e+01   1.4293900e+01
   5.9010683e-01   3.3600021e+01   1.6653200e+01
   5.9010683e-01   3.8399975e+01   1.9189300e+01
   5.9010683e-01   4.3199986e+01   2.1830100e+01
   5.9010683e-01   4.7999998e+01   2.4501300e+01
   5.9010683e-01   5.2800009e+01   2.7129200e+01
   5.9010683e-01   5.7600020e+01   2.9642900e+01
   5.9010683e-01   6.2400261e+01   3.1976200e+01
   5.9010683e-01   6.7199928e+01   3.4070100e+01
   5.9010683e-01   7.2000168e+01   3.5874300e+01
   5.9182763e-01  -7.2000168e+01   4.4079400e+01
   5.9182763e-01  -6.7199928e+01   4.1335800e+01
   5.9182763e-01  -6.2400261e+01   3.8393800e+01
   5.9182763e-01  -5.7600020e+01   3.5308800e+01
   5.9182763e-01  -5.2800009e+01   3.2139900e+01
   5.9182763e-01  -4.7999998e+01   2.8949300e+01
   5.9182763e-01  -4.3199986e+01   2.5800800e+01
   5.9182763e-01  -3.8399975e+01   2.2758800e+01
   5.9182763e-01  -3.3600021e+01   1.9886400e+01
   5.9182763e-01  -2.8800010e+01   1.7244400e+01
   5.9182763e-01  -2.3999999e+01   1.4889300e+01
   5.9182763e-01  -1.9199988e+01   1.2872100e+01
   5.9182763e-01  -1.4399976e+01   1.1236900e+01
   5.9182763e-01  -9.6000224e+00   1.0019100e+01
   5.9182763e-01  -4.7999998e+00   9.2446300e+00
   5.9182763e-01  -1.4312486e-14   8.9284800e+00
   5.9182763e-01   4.7999998e+00   9.0742800e+00
   5.9182763e-01   9.6000224e+00   9.6736800e+00
   5.9182763e-01   1.4399976e+01   1.0706300e+01
   5.9182763e-01   1.9199988e+01   1.2140100e+01
   5.9182763e-01   2.3999999e+01   1.3932000e+01
   5.9182763e-01   2.8800010e+01   1.6029200e+01
   5.9182763e-01   3.3600021e+01   1.8370600e+01
   5.9182763e-01   3.8399975e+01   2.0888700e+01
   5.9182763e-01   4.3199986e+01   2.3511800e+01
   5.9182763e-01   4.7999998e+01   2.6166100e+01
   5.9182763e-01   5.2800009e+01   2.8778400e+01
   5.9182763e-01   5.7600020e+01   3.1278100e+01
   5.9182763e-01   6.2400261e+01   3.3599500e+01
   5.9182763e-01   6.7199928e+01   3.5683900e+01
   5.9182763e-01   7.2000168e+01   3.7481300e+01
   5.9354730e-01  -7.2000168e+01   4.6094700e+01
   5.9354730e-01  -6.7199928e+01   4.3356400e+01
   5.9354730e-01  -6.2400261e+01   4.0420500e+01
   5.9354730e-01  -5.7600020e+01   3.7342000e+01
   5.9354730e-01  -5.2800009e+01   3.4179800e+01
   5.9354730e-01  -4.7999998e+01   3.0995900e+01
   5.9354730e-01  -4.3199986e+01   2.7853900e+01
   5.9354730e-01  -3.8399975e+01   2.4817600e+01
   5.9354730e-01  -3.3600021e+01   2.1950100e+01
   5.9354730e-01  -2.8800010e+01   1.9311700e+01
   5.9354730e-01  -2.3999999e+01   1.6958900e+01
   5.9354730e-01  -1.9199988e+01   1.4942300e+01
   5.9354730e-01  -1.4399976e+01   1.3305700e+01
   5.9354730e-01  -9.6000224e+00   1.2084600e+01
   5.9354730e-01  -4.7999998e+00   1.1304700e+01
   5.9354730e-01  -1.4312486e-14   1.0981000e+01
   5.9354730e-01   4.7999998e+00   1.1117000e+01
   5.9354730e-01   9.6000224e+00   1.1704700e+01
   5.9354730e-01   1.4399976e+01   1.2723800e+01
   5.9354730e-01   1.9199988e+01   1.4142400e+01
   5.9354730e-01   2.3999999e+01   1.5917900e+01
   5.9354730e-01   2.8800010e+01   1.7997700e+01
   5.9354730e-01   3.3600021e+01   2.0321100e+01
   5.9354730e-01   3.8399975e+01   2.2821200e+01
   5.9354730e-01   4.3199986e+01   2.5426600e+01
   5.9354730e-01   4.7999998e+01   2.8064100e+01
   5.9354730e-01   5.2800009e+01   3.0660800e+01
   5.9354730e-01   5.7600020e+01   3.3146600e+01
   5.9354730e-01   6.2400261e+01   3.5456100e+01
   5.9354730e-01   6.7199928e+01   3.7531000e+01
   5.9354730e-01   7.2000168e+01   3.9321500e+01
   5.9526582e-01  -7.2000168e+01   4.8350500e+01
   5.9526582e-01  -6.7199928e+01   4.5617500e+01
   5.9526582e-01  -6.2400261e+01   4.2687600e+01
   5.9526582e-01  -5.7600020e+01   3.9615600e+01
   5.9526582e-01  -5.2800009e+01   3.6460200e+01
   5.9526582e-01  -4.7999998e+01   3.3283000e+01
   5.9526582e-01  -4.3199986e+01   3.0147300e+01
   5.9526582e-01  -3.8399975e+01   2.7116800e+01
   5.9526582e-01  -3.3600021e+01   2.4254100e+01
   5.9526582e-01  -2.8800010e+01   2.1619400e+01
   5.9526582e-01  -2.3999999e+01   1.9268700e+01
   5.9526582e-01  -1.9199988e+01   1.7252600e+01
   5.9526582e-01  -1.4399976e+01   1.5614800e+01
   5.9526582e-01  -9.6000224e+00   1.4390300e+01
   5.9526582e-01  -4.7999998e+00   1.3604900e+01
   5.9526582e-01  -1.4312486e-14   1.3273500e+01
   5.9526582e-01   4.7999998e+00   1.3399900e+01
   5.9526582e-01   9.6000224e+00   1.3975800e+01
   5.9526582e-01   1.4399976e+01   1.4981300e+01
   5.9526582e-01   1.9199988e+01   1.6384800e+01
   5.9526582e-01   2.3999999e+01   1.8143800e+01
   5.9526582e-01   2.8800010e+01   2.0206200e+01
   5.9526582e-01   3.3600021e+01   2.2511700e+01
   5.9526582e-01   3.8399975e+01   2.4993800e+01
   5.9526582e-01   4.3199986e+01   2.7581600e+01
   5.9526582e-01   4.7999998e+01   3.0202200e+01
   5.9526582e-01   5.2800009e+01   3.2783300e+01
   5.9526582e-01   5.7600020e+01   3.5255100e+01
   5.9526582e-01   6.2400261e+01   3.7552800e+01
   5.9526582e-01   6.7199928e+01   3.9618100e+01
   5.9526582e-01   7.2000168e+01   4.1401700e+01
   5.9698317e-01  -7.2000168e+01   5.0853500e+01
   5.9698317e-01  -6.7199928e+01   4.8125700e+01
   5.9698317e-01  -6.2400261e+01   4.5201800e+01
   5.9698317e-01  -5.7600020e+01   4.2136300e+01
   5.9698317e-01  -5.2800009e+01   3.8987600e+01
   5.9698317e-01  -4.7999998e+01   3.5817000e+01
   5.9698317e-01  -4.3199986e+01   3.2687700e+01
   5.9698317e-01  -3.8399975e+01   2.9662900e+01
   5.9698317e-01  -3.3600021e+01   2.6805000e+01
   5.9698317e-01  -2.8800010e+01   2.4173900e+01
   5.9698317e-01  -2.3999999e+01   2.1825400e+01
   5.9698317e-01  -1.9199988e+01   1.9809900e+01
   5.9698317e-01  -1.4399976e+01   1.8170600e+01
   5.9698317e-01  -9.6000224e+00   1.6942800e+01
   5.9698317e-01  -4.7999998e+00   1.6151900e+01
   5.9698317e-01  -1.4312486e-14   1.5812900e+01
   5.9698317e-01   4.7999998e+00   1.5929500e+01
   5.9698317e-01   9.6000224e+00   1.6493700e+01
   5.9698317e-01   1.4399976e+01   1.7485600e+01
   5.9698317e-01   1.9199988e+01   1.8873900e+01
   5.9698317e-01   2.3999999e+01   2.0616400e+01
   5.9698317e-01   2.8800010e+01   2.2661400e+01
   5.9698317e-01   3.3600021e+01   2.4949100e+01
   5.9698317e-01   3.8399975e+01   2.7413100e+01
   5.9698317e-01   4.3199986e+01   2.9983200e+01
   5.9698317e-01   4.7999998e+01   3.2587000e+01
   5.9698317e-01   5.2800009e+01   3.5152500e+01
   5.9698317e-01   5.7600020e+01   3.7610400e+01
   5.9698317e-01   6.2400261e+01   3.9896100e+01
   5.9698317e-01   6.7199928e+01   4.1952000e+01
   5.9698317e-01   7.2000168e+01   4.3728700e+01
   5.9869934e-01  -7.2000168e+01   5.3609900e+01
   5.9869934e-01  -6.7199928e+01   5.0887500e+01
   5.9869934e-01  -6.2400261e+01   4.7969600e+01
   5.9869934e-01  -5.7600020e+01   4.4910500e+01
   5.9869934e-01  -5.2800009e+01   4.1768500e+01
   5.9869934e-01  -4.7999998e+01   3.8604600e+01
   5.9869934e-01  -4.3199986e+01   3.5481500e+01
   5.9869934e-01  -3.8399975e+01   3.2462400e+01
   5.9869934e-01  -3.3600021e+01   2.9609300e+01
   5.9869934e-01  -2.8800010e+01   2.6981800e+01
   5.9869934e-01  -2.3999999e+01   2.4635400e+01
   5.9869934e-01  -1.9199988e+01   2.2620300e+01
   5.9869934e-01  -1.4399976e+01   2.0979700e+01
   5.9869934e-01  -9.6000224e+00   1.9748400e+01
   5.9869934e-01  -4.7999998e+00   1.8952000e+01
   5.9869934e-01  -1.4312486e-14   1.8605400e+01
   5.9869934e-01   4.7999998e+00   1.8712200e+01
   5.9869934e-01   9.6000224e+00   1.9264700e+01
   5.9869934e-01   1.4399976e+01   2.0243000e+01
   5.9869934e-01   1.9199988e+01   2.1616100e+01
   5.9869934e-01   2.3999999e+01   2.3342200e+01
   5.9869934e-01   2.8800010e+01   2.5369800e+01
   5.9869934e-01   3.3600021e+01   2.7639500e+01
   5.9869934e-01   3.8399975e+01   3.0085500e+01
   5.9869934e-01   4.3199986e+01   3.2638000e+01
   5.9869934e-01   4.7999998e+01   3.5224900e+01
   5.9869934e-01   5.2800009e+01   3.7774800e+01
   5.9869934e-01   5.7600020e+01   4.0218700e+01
   5.9869934e-01   6.2400261e+01   4.2492600e+01
   5.9869934e-01   6.7199928e+01   4.4538900e+01
   5.9869934e-01   7.2000168e+01   4.6308800e+01
   6.0041430e-01  -7.2000168e+01   5.6626100e+01
   6.0041430e-01  -6.7199928e+01   5.3908900e+01
   6.0041430e-01  -6.2400261e+01   5.0997000e+01
   6.0041430e-01  -5.7600020e+01   4.7944400e+01
   6.0041430e-01  -5.2800009e+01   4.4809100e+01
   6.0041430e-01  -4.7999998e+01   4.1651800e+01
   6.0041430e-01  -4.3199986e+01   3.8535000e+01
   6.0041430e-01  -3.8399975e+01   3.5521500e+01
   6.0041430e-01  -3.3600021e+01   3.2673200e+01
   6.0041430e-01  -2.8800010e+01   3.0049200e+01
   6.0041430e-01  -2.3999999e+01   2.7704900e+01
   6.0041430e-01  -1.9199988e+01   2.5690300e+01
   6.0041430e-01  -1.4399976e+01   2.4048200e+01
   6.0041430e-01  -9.6000224e+00   2.2813500e+01
   6.0041430e-01  -4.7999998e+00   2.2011500e+01
   6.0041430e-01  -1.4312486e-14   2.1657200e+01
   6.0041430e-01   4.7999998e+00   2.1754300e+01
   6.0041430e-01   9.6000224e+00   2.2294900e+01
   6.0041430e-01   1.4399976e+01   2.3259700e+01
   6.0041430e-01   1.9199988e+01   2.4617600e+01
   6.0041430e-01   2.3999999e+01   2.6327200e+01
   6.0041430e-01   2.8800010e+01   2.8337400e+01
   6.0041430e-01   3.3600021e+01   3.0589200e+01
   6.0041430e-01   3.8399975e+01   3.3017200e+01
   6.0041430e-01   4.3199986e+01   3.5552000e+01
   6.0041430e-01   4.7999998e+01   3.8122100e+01
   6.0041430e-01   5.2800009e+01   4.0656400e+01
   6.0041430e-01   5.7600020e+01   4.3086400e+01
   6.0041430e-01   6.2400261e+01   4.5348300e+01
   6.0041430e-01   6.7199928e+01   4.7385100e+01
   6.0041430e-01   7.2000168e+01   4.9148100e+01
   6.0212802e-01  -7.2000168e+01   5.9908000e+01
   6.0212802e-01  -6.7199928e+01   5.7196100e+01
   6.0212802e-01  -6.2400261e+01   5.4290100e+01
   6.0212802e-01  -5.7600020e+01   5.1244000e+01
   6.0212802e-01  -5.2800009e+01   4.8115200e+01
   6.0212802e-01  -4.7999998e+01   4.4964500e+01
   6.0212802e-01  -4.3199986e+01   4.1854000e+01
   6.0212802e-01  -3.8399975e+01   3.8846200e+01
   6.0212802e-01  -3.3600021e+01   3.6002500e+01
   6.0212802e-01  -2.8800010e+01   3.3382100e+01
   6.0212802e-01  -2.3999999e+01   3.1039900e+01
   6.0212802e-01  -1.9199988e+01   2.9025600e+01
   6.0212802e-01  -1.4399976e+01   2.7382100e+01
   6.0212802e-01  -9.6000224e+00   2.6143900e+01
   6.0212802e-01  -4.7999998e+00   2.5336400e+01
   6.0212802e-01  -1.4312486e-14   2.4974400e+01
   6.0212802e-01   4.7999998e+00   2.5061600e+01
   6.0212802e-01   9.6000224e+00   2.5590500e+01
   6.0212802e-01   1.4399976e+01   2.6541600e+01
   6.0212802e-01   1.9199988e+01   2.7884400e+01
   6.0212802e-01   2.3999999e+01   2.9577500e+01
   6.0212802e-01   2.8800010e+01   3.1570300e+01
   6.0212802e-01   3.3600021e+01   3.3804200e+01
   6.0212802e-01   3.8399975e+01   3.6214200e+01
   6.0212802e-01   4.3199986e+01   3.8731300e+01
   6.0212802e-01   4.7999998e+01   4.1284500e+01
   6.0212802e-01   5.2800009e+01   4.3803200e+01
   6.0212802e-01   5.7600020e+01   4.6219300e+01
   6.0212802e-01   6.2400261e+01   4.8469300e+01
   6.0212802e-01   6.7199928e+01   5.0496600e+01
   6.0212802e-01   7.2000168e+01   5.2252600e+01
