#sin^2(theta23) Delta_CP/deg Delta_chi^2
   5.3457422e-01  -7.2000168e+01   4.4009100e+01
   5.3457422e-01  -6.7199928e+01   4.1220000e+01
   5.3457422e-01  -6.2400261e+01   3.8317200e+01
   5.3457422e-01  -5.7600020e+01   3.5356900e+01
   5.3457422e-01  -5.2800009e+01   3.2399500e+01
   5.3457422e-01  -4.7999998e+01   2.9507700e+01
   5.3457422e-01  -4.3199986e+01   2.6745500e+01
   5.3457422e-01  -3.8399975e+01   2.4176700e+01
   5.3457422e-01  -3.3600021e+01   2.1863000e+01
   5.3457422e-01  -2.8800010e+01   1.9862100e+01
   5.3457422e-01  -2.3999999e+01   1.8226500e+01
   5.3457422e-01  -1.9199988e+01   1.7000900e+01
   5.3457422e-01  -1.4399976e+01   1.6221200e+01
   5.3457422e-01  -9.6000224e+00   1.5912900e+01
   5.3457422e-01  -4.7999998e+00   1.6089600e+01
   5.3457422e-01  -1.4312486e-14   1.6752300e+01
   5.3457422e-01   4.7999998e+00   1.7889200e+01
   5.3457422e-01   9.6000224e+00   1.9475300e+01
   5.3457422e-01   1.4399976e+01   2.1473100e+01
   5.3457422e-01   1.9199988e+01   2.3833900e+01
   5.3457422e-01   2.3999999e+01   2.6499100e+01
   5.3457422e-01   2.8800010e+01   2.9402000e+01
   5.3457422e-01   3.3600021e+01   3.2470400e+01
   5.3457422e-01   3.8399975e+01   3.5628900e+01
   5.3457422e-01   4.3199986e+01   3.8801200e+01
   5.3457422e-01   4.7999998e+01   4.1912800e+01
   5.3457422e-01   5.2800009e+01   4.4893300e+01
   5.3457422e-01   5.7600020e+01   4.7678600e+01
   5.3457422e-01   6.2400261e+01   5.0212200e+01
   5.3457422e-01   6.7199928e+01   5.2447000e+01
   5.3457422e-01   7.2000168e+01   5.4346000e+01
   5.3631982e-01  -7.2000168e+01   4.3327500e+01
   5.3631982e-01  -6.7199928e+01   4.0539600e+01
   5.3631982e-01  -6.2400261e+01   3.7636200e+01
   5.3631982e-01  -5.7600020e+01   3.4673200e+01
   5.3631982e-01  -5.2800009e+01   3.1710700e+01
   5.3631982e-01  -4.7999998e+01   2.8811300e+01
   5.3631982e-01  -4.3199986e+01   2.6038800e+01
   5.3631982e-01  -3.8399975e+01   2.3456600e+01
   5.3631982e-01  -3.3600021e+01   2.1126300e+01
   5.3631982e-01  -2.8800010e+01   1.9105400e+01
   5.3631982e-01  -2.3999999e+01   1.7446200e+01
   5.3631982e-01  -1.9199988e+01   1.6193500e+01
   5.3631982e-01  -1.4399976e+01   1.5383000e+01
   5.3631982e-01  -9.6000224e+00   1.5040300e+01
   5.3631982e-01  -4.7999998e+00   1.5179200e+01
   5.3631982e-01  -1.4312486e-14   1.5801000e+01
   5.3631982e-01   4.7999998e+00   1.6894000e+01
   5.3631982e-01   9.6000224e+00   1.8433700e+01
   5.3631982e-01   1.4399976e+01   2.0383200e+01
   5.3631982e-01   1.9199988e+01   2.2694400e+01
   5.3631982e-01   2.3999999e+01   2.5309200e+01
   5.3631982e-01   2.8800010e+01   2.8161700e+01
   5.3631982e-01   3.3600021e+01   3.1180300e+01
   5.3631982e-01   3.8399975e+01   3.4290200e+01
   5.3631982e-01   4.3199986e+01   3.7416000e+01
   5.3631982e-01   4.7999998e+01   4.0483700e+01
   5.3631982e-01   5.2800009e+01   4.3423700e+01
   5.3631982e-01   5.7600020e+01   4.6172300e+01
   5.3631982e-01   6.2400261e+01   4.8673400e+01
   5.3631982e-01   6.7199928e+01   5.0880300e+01
   5.3631982e-01   7.2000168e+01   5.2756600e+01
   5.3806497e-01  -7.2000168e+01   4.2621100e+01
   5.3806497e-01  -6.7199928e+01   3.9834400e+01
   5.3806497e-01  -6.2400261e+01   3.6930200e+01
   5.3806497e-01  -5.7600020e+01   3.3964600e+01
   5.3806497e-01  -5.2800009e+01   3.0997100e+01
   5.3806497e-01  -4.7999998e+01   2.8090200e+01
   5.3806497e-01  -4.3199986e+01   2.5307400e+01
   5.3806497e-01  -3.8399975e+01   2.2712000e+01
   5.3806497e-01  -3.3600021e+01   2.0365100e+01
   5.3806497e-01  -2.8800010e+01   1.8324400e+01
   5.3806497e-01  -2.3999999e+01   1.6641800e+01
   5.3806497e-01  -1.9199988e+01   1.5362000e+01
   5.3806497e-01  -1.4399976e+01   1.4520900e+01
   5.3806497e-01  -9.6000224e+00   1.4144100e+01
   5.3806497e-01  -4.7999998e+00   1.4245400e+01
   5.3806497e-01  -1.4312486e-14   1.4826400e+01
   5.3806497e-01   4.7999998e+00   1.5875700e+01
   5.3806497e-01   9.6000224e+00   1.7369400e+01
   5.3806497e-01   1.4399976e+01   1.9271000e+01
   5.3806497e-01   1.9199988e+01   2.1532700e+01
   5.3806497e-01   2.3999999e+01   2.4097400e+01
   5.3806497e-01   2.8800010e+01   2.6899600e+01
   5.3806497e-01   3.3600021e+01   2.9868600e+01
   5.3806497e-01   3.8399975e+01   3.2930300e+01
   5.3806497e-01   4.3199986e+01   3.6009800e+01
   5.3806497e-01   4.7999998e+01   3.9033900e+01
   5.3806497e-01   5.2800009e+01   4.1933500e+01
   5.3806497e-01   5.7600020e+01   4.4645400e+01
   5.3806497e-01   6.2400261e+01   4.7114100e+01
   5.3806497e-01   6.7199928e+01   4.9293400e+01
   5.3806497e-01   7.2000168e+01   5.1146900e+01
   5.3980966e-01  -7.2000168e+01   4.1894900e+01
   5.3980966e-01  -6.7199928e+01   3.9109300e+01
   5.3980966e-01  -6.2400261e+01   3.6204600e+01
   5.3980966e-01  -5.7600020e+01   3.3236300e+01
   5.3980966e-01  -5.2800009e+01   3.0263900e+01
   5.3980966e-01  -4.7999998e+01   2.7349500e+01
   5.3980966e-01  -4.3199986e+01   2.4556500e+01
   5.3980966e-01  -3.8399975e+01   2.1947800e+01
   5.3980966e-01  -3.3600021e+01   1.9584600e+01
   5.3980966e-01  -2.8800010e+01   1.7524100e+01
   5.3980966e-01  -2.3999999e+01   1.5818200e+01
   5.3980966e-01  -1.9199988e+01   1.4511600e+01
   5.3980966e-01  -1.4399976e+01   1.3640100e+01
   5.3980966e-01  -9.6000224e+00   1.3229200e+01
   5.3980966e-01  -4.7999998e+00   1.3293100e+01
   5.3980966e-01  -1.4312486e-14   1.3833600e+01
   5.3980966e-01   4.7999998e+00   1.4839600e+01
   5.3980966e-01   9.6000224e+00   1.6287400e+01
   5.3980966e-01   1.4399976e+01   1.8141200e+01
   5.3980966e-01   1.9199988e+01   2.0353800e+01
   5.3980966e-01   2.3999999e+01   2.2868600e+01
   5.3980966e-01   2.8800010e+01   2.5620900e+01
   5.3980966e-01   3.3600021e+01   2.8540500e+01
   5.3980966e-01   3.8399975e+01   3.1554100e+01
   5.3980966e-01   4.3199986e+01   3.4587400e+01
   5.3980966e-01   4.7999998e+01   3.7568100e+01
   5.3980966e-01   5.2800009e+01   4.0427500e+01
   5.3980966e-01   5.7600020e+01   4.3102900e+01
   5.3980966e-01   6.2400261e+01   4.5539400e+01
   5.3980966e-01   6.7199928e+01   4.7691100e+01
   5.3980966e-01   7.2000168e+01   4.9522000e+01
   5.4155385e-01  -7.2000168e+01   4.1154500e+01
   5.4155385e-01  -6.7199928e+01   3.8370100e+01
   5.4155385e-01  -6.2400261e+01   3.5464700e+01
   5.4155385e-01  -5.7600020e+01   3.2493800e+01
   5.4155385e-01  -5.2800009e+01   2.9516400e+01
   5.4155385e-01  -4.7999998e+01   2.6594600e+01
   5.4155385e-01  -4.3199986e+01   2.3791400e+01
   5.4155385e-01  -3.8399975e+01   2.1169700e+01
   5.4155385e-01  -3.3600021e+01   1.8790100e+01
   5.4155385e-01  -2.8800010e+01   1.6710000e+01
   5.4155385e-01  -2.3999999e+01   1.4980900e+01
   5.4155385e-01  -1.9199988e+01   1.3647600e+01
   5.4155385e-01  -1.4399976e+01   1.2745800e+01
   5.4155385e-01  -9.6000224e+00   1.2301100e+01
   5.4155385e-01  -4.7999998e+00   1.2327800e+01
   5.4155385e-01  -1.4312486e-14   1.2827900e+01
   5.4155385e-01   4.7999998e+00   1.3790700e+01
   5.4155385e-01   9.6000224e+00   1.5192900e+01
   5.4155385e-01   1.4399976e+01   1.6999200e+01
   5.4155385e-01   1.9199988e+01   1.9162900e+01
   5.4155385e-01   2.3999999e+01   2.1628000e+01
   5.4155385e-01   2.8800010e+01   2.4330500e+01
   5.4155385e-01   3.3600021e+01   2.7201000e+01
   5.4155385e-01   3.8399975e+01   3.0166800e+01
   5.4155385e-01   4.3199986e+01   3.3154200e+01
   5.4155385e-01   4.7999998e+01   3.6091600e+01
   5.4155385e-01   5.2800009e+01   3.8910900e+01
   5.4155385e-01   5.7600020e+01   4.1550000e+01
   5.4155385e-01   6.2400261e+01   4.3954400e+01
   5.4155385e-01   6.7199928e+01   4.6078600e+01
   5.4155385e-01   7.2000168e+01   4.7886900e+01
   5.4329754e-01  -7.2000168e+01   4.0405700e+01
   5.4329754e-01  -6.7199928e+01   3.7622400e+01
   5.4329754e-01  -6.2400261e+01   3.4716400e+01
   5.4329754e-01  -5.7600020e+01   3.1742800e+01
   5.4329754e-01  -5.2800009e+01   2.8760500e+01
   5.4329754e-01  -4.7999998e+01   2.5831300e+01
   5.4329754e-01  -4.3199986e+01   2.3018000e+01
   5.4329754e-01  -3.8399975e+01   2.0383200e+01
   5.4329754e-01  -3.3600021e+01   1.7987400e+01
   5.4329754e-01  -2.8800010e+01   1.5887600e+01
   5.4329754e-01  -2.3999999e+01   1.4135600e+01
   5.4329754e-01  -1.9199988e+01   1.2775600e+01
   5.4329754e-01  -1.4399976e+01   1.1843700e+01
   5.4329754e-01  -9.6000224e+00   1.1365300e+01
   5.4329754e-01  -4.7999998e+00   1.1355000e+01
   5.4329754e-01  -1.4312486e-14   1.1814900e+01
   5.4329754e-01   4.7999998e+00   1.2734800e+01
   5.4329754e-01   9.6000224e+00   1.4091600e+01
   5.4329754e-01   1.4399976e+01   1.5850500e+01
   5.4329754e-01   1.9199988e+01   1.7965600e+01
   5.4329754e-01   2.3999999e+01   2.0381200e+01
   5.4329754e-01   2.8800010e+01   2.3034200e+01
   5.4329754e-01   3.3600021e+01   2.5855800e+01
   5.4329754e-01   3.8399975e+01   2.8773900e+01
   5.4329754e-01   4.3199986e+01   3.1715700e+01
   5.4329754e-01   4.7999998e+01   3.4609900e+01
   5.4329754e-01   5.2800009e+01   3.7389300e+01
   5.4329754e-01   5.7600020e+01   3.9992300e+01
   5.4329754e-01   6.2400261e+01   4.2364700e+01
   5.4329754e-01   6.7199928e+01   4.4461500e+01
   5.4329754e-01   7.2000168e+01   4.6247300e+01
   5.4504070e-01  -7.2000168e+01   3.9654500e+01
   5.4504070e-01  -6.7199928e+01   3.6872400e+01
   5.4504070e-01  -6.2400261e+01   3.3965700e+01
   5.4504070e-01  -5.7600020e+01   3.0989400e+01
   5.4504070e-01  -5.2800009e+01   2.8002200e+01
   5.4504070e-01  -4.7999998e+01   2.5065600e+01
   5.4504070e-01  -4.3199986e+01   2.2242200e+01
   5.4504070e-01  -3.8399975e+01   1.9594300e+01
   5.4504070e-01  -3.3600021e+01   1.7182400e+01
   5.4504070e-01  -2.8800010e+01   1.5063100e+01
   5.4504070e-01  -2.3999999e+01   1.3288100e+01
   5.4504070e-01  -1.9199988e+01   1.1901700e+01
   5.4504070e-01  -1.4399976e+01   1.0939700e+01
   5.4504070e-01  -9.6000224e+00   1.0427800e+01
   5.4504070e-01  -4.7999998e+00   1.0380600e+01
   5.4504070e-01  -1.4312486e-14   1.0800600e+01
   5.4504070e-01   4.7999998e+00   1.1677600e+01
   5.4504070e-01   9.6000224e+00   1.2989300e+01
   5.4504070e-01   1.4399976e+01   1.4701100e+01
   5.4504070e-01   1.9199988e+01   1.6767600e+01
   5.4504070e-01   2.3999999e+01   1.9134100e+01
   5.4504070e-01   2.8800010e+01   2.1737800e+01
   5.4504070e-01   3.3600021e+01   2.4510600e+01
   5.4504070e-01   3.8399975e+01   2.7381200e+01
   5.4504070e-01   4.3199986e+01   3.0277500e+01
   5.4504070e-01   4.7999998e+01   3.3128800e+01
   5.4504070e-01   5.2800009e+01   3.5868500e+01
   5.4504070e-01   5.7600020e+01   3.8435400e+01
   5.4504070e-01   6.2400261e+01   4.0776000e+01
   5.4504070e-01   6.7199928e+01   4.2845500e+01
   5.4504070e-01   7.2000168e+01   4.4609000e+01
   5.4678330e-01  -7.2000168e+01   3.8907300e+01
   5.4678330e-01  -6.7199928e+01   3.6126300e+01
   5.4678330e-01  -6.2400261e+01   3.3218900e+01
   5.4678330e-01  -5.7600020e+01   3.0239900e+01
   5.4678330e-01  -5.2800009e+01   2.7247800e+01
   5.4678330e-01  -4.7999998e+01   2.4303800e+01
   5.4678330e-01  -4.3199986e+01   2.1470300e+01
   5.4678330e-01  -3.8399975e+01   1.8809400e+01
   5.4678330e-01  -3.3600021e+01   1.6381300e+01
   5.4678330e-01  -2.8800010e+01   1.4242700e+01
   5.4678330e-01  -2.3999999e+01   1.2444700e+01
   5.4678330e-01  -1.9199988e+01   1.1031900e+01
   5.4678330e-01  -1.4399976e+01   1.0040000e+01
   5.4678330e-01  -9.6000224e+00   9.4947900e+00
   5.4678330e-01  -4.7999998e+00   9.4108800e+00
   5.4678330e-01  -1.4312486e-14   9.7909800e+00
   5.4678330e-01   4.7999998e+00   1.0625400e+01
   5.4678330e-01   9.6000224e+00   1.1892000e+01
   5.4678330e-01   1.4399976e+01   1.3556900e+01
   5.4678330e-01   1.9199988e+01   1.5575200e+01
   5.4678330e-01   2.3999999e+01   1.7892600e+01
   5.4678330e-01   2.8800010e+01   2.0447200e+01
   5.4678330e-01   3.3600021e+01   2.3171500e+01
   5.4678330e-01   3.8399975e+01   2.5994900e+01
   5.4678330e-01   4.3199986e+01   2.8845800e+01
   5.4678330e-01   4.7999998e+01   3.1654400e+01
   5.4678330e-01   5.2800009e+01   3.4354500e+01
   5.4678330e-01   5.7600020e+01   3.6885500e+01
   5.4678330e-01   6.2400261e+01   3.9194400e+01
   5.4678330e-01   6.7199928e+01   4.1236700e+01
   5.4678330e-01   7.2000168e+01   4.2977900e+01
   5.4852534e-01  -7.2000168e+01   3.8170600e+01
   5.4852534e-01  -6.7199928e+01   3.5390700e+01
   5.4852534e-01  -6.2400261e+01   3.2482500e+01
   5.4852534e-01  -5.7600020e+01   2.9500800e+01
   5.4852534e-01  -5.2800009e+01   2.6503800e+01
   5.4852534e-01  -4.7999998e+01   2.3552400e+01
   5.4852534e-01  -4.3199986e+01   2.0708900e+01
   5.4852534e-01  -3.8399975e+01   1.8035000e+01
   5.4852534e-01  -3.3600021e+01   1.5590700e+01
   5.4852534e-01  -2.8800010e+01   1.3432700e+01
   5.4852534e-01  -2.3999999e+01   1.1612000e+01
   5.4852534e-01  -1.9199988e+01   1.0172900e+01
   5.4852534e-01  -1.4399976e+01   9.1511200e+00
   5.4852534e-01  -9.6000224e+00   8.5726000e+00
   5.4852534e-01  -4.7999998e+00   8.4521100e+00
   5.4852534e-01  -1.4312486e-14   8.7925300e+00
   5.4852534e-01   4.7999998e+00   9.5844900e+00
   5.4852534e-01   9.6000224e+00   1.0806300e+01
   5.4852534e-01   1.4399976e+01   1.2424400e+01
   5.4852534e-01   1.9199988e+01   1.4394700e+01
   5.4852534e-01   2.3999999e+01   1.6663200e+01
   5.4852534e-01   2.8800010e+01   1.9168900e+01
   5.4852534e-01   3.3600021e+01   2.1844900e+01
   5.4852534e-01   3.8399975e+01   2.4621200e+01
   5.4852534e-01   4.3199986e+01   2.7427000e+01
   5.4852534e-01   4.7999998e+01   3.0193000e+01
   5.4852534e-01   5.2800009e+01   3.2853600e+01
   5.4852534e-01   5.7600020e+01   3.5348900e+01
   5.4852534e-01   6.2400261e+01   3.7626200e+01
   5.4852534e-01   6.7199928e+01   3.9641500e+01
   5.4852534e-01   7.2000168e+01   4.1360500e+01
   5.5026677e-01  -7.2000168e+01   3.7451300e+01
   5.5026677e-01  -6.7199928e+01   3.4672300e+01
   5.5026677e-01  -6.2400261e+01   3.1763400e+01
   5.5026677e-01  -5.7600020e+01   2.8778900e+01
   5.5026677e-01  -5.2800009e+01   2.5776900e+01
   5.5026677e-01  -4.7999998e+01   2.2818200e+01
   5.5026677e-01  -4.3199986e+01   1.9964500e+01
   5.5026677e-01  -3.8399975e+01   1.7277600e+01
   5.5026677e-01  -3.3600021e+01   1.4817300e+01
   5.5026677e-01  -2.8800010e+01   1.2639900e+01
   5.5026677e-01  -2.3999999e+01   1.0796400e+01
   5.5026677e-01  -1.9199988e+01   9.3310900e+00
   5.5026677e-01  -1.4399976e+01   8.2796200e+00
   5.5026677e-01  -9.6000224e+00   7.6679400e+00
   5.5026677e-01  -4.7999998e+00   7.5109800e+00
   5.5026677e-01  -1.4312486e-14   7.8118700e+00
   5.5026677e-01   4.7999998e+00   8.5615200e+00
   5.5026677e-01   9.6000224e+00   9.7386400e+00
   5.5026677e-01   1.4399976e+01   1.1310200e+01
   5.5026677e-01   1.9199988e+01   1.3232600e+01
   5.5026677e-01   2.3999999e+01   1.5452500e+01
   5.5026677e-01   2.8800010e+01   1.7909400e+01
   5.5026677e-01   3.3600021e+01   2.0537300e+01
   5.5026677e-01   3.8399975e+01   2.3266700e+01
   5.5026677e-01   4.3199986e+01   2.6027500e+01
   5.5026677e-01   4.7999998e+01   2.8751100e+01
   5.5026677e-01   5.2800009e+01   3.1372500e+01
   5.5026677e-01   5.7600020e+01   3.3832200e+01
   5.5026677e-01   6.2400261e+01   3.6078000e+01
   5.5026677e-01   6.7199928e+01   3.8066400e+01
   5.5026677e-01   7.2000168e+01   3.9763300e+01
   5.5200760e-01  -7.2000168e+01   3.6756400e+01
   5.5200760e-01  -6.7199928e+01   3.3978300e+01
   5.5200760e-01  -6.2400261e+01   3.1068500e+01
   5.5200760e-01  -5.7600020e+01   2.8081200e+01
   5.5200760e-01  -5.2800009e+01   2.5074200e+01
   5.5200760e-01  -4.7999998e+01   2.2108000e+01
   5.5200760e-01  -4.3199986e+01   1.9244200e+01
   5.5200760e-01  -3.8399975e+01   1.6544400e+01
   5.5200760e-01  -3.3600021e+01   1.4068000e+01
   5.5200760e-01  -2.8800010e+01   1.1871200e+01
   5.5200760e-01  -2.3999999e+01   1.0005100e+01
   5.5200760e-01  -1.9199988e+01   8.5135300e+00
   5.5200760e-01  -1.4399976e+01   7.4324100e+00
   5.5200760e-01  -9.6000224e+00   6.7876600e+00
   5.5200760e-01  -4.7999998e+00   6.5943400e+00
   5.5200760e-01  -1.4312486e-14   6.8558200e+00
   5.5200760e-01   4.7999998e+00   7.5633100e+00
   5.5200760e-01   9.6000224e+00   8.6959100e+00
   5.5200760e-01   1.4399976e+01   1.0221100e+01
   5.5200760e-01   1.9199988e+01   1.2095700e+01
   5.5200760e-01   2.3999999e+01   1.4267200e+01
   5.5200760e-01   2.8800010e+01   1.6675600e+01
   5.5200760e-01   3.3600021e+01   1.9255500e+01
   5.5200760e-01   3.8399975e+01   2.1938200e+01
   5.5200760e-01   4.3199986e+01   2.4654200e+01
   5.5200760e-01   4.7999998e+01   2.7335600e+01
   5.5200760e-01   5.2800009e+01   2.9917900e+01
   5.5200760e-01   5.7600020e+01   3.2342100e+01
   5.5200760e-01   6.2400261e+01   3.4556600e+01
   5.5200760e-01   6.7199928e+01   3.6518200e+01
   5.5200760e-01   7.2000168e+01   3.8193200e+01
   5.5374778e-01  -7.2000168e+01   3.6092900e+01
   5.5374778e-01  -6.7199928e+01   3.3315600e+01
   5.5374778e-01  -6.2400261e+01   3.0405000e+01
   5.5374778e-01  -5.7600020e+01   2.7414800e+01
   5.5374778e-01  -5.2800009e+01   2.4402800e+01
   5.5374778e-01  -4.7999998e+01   2.1429000e+01
   5.5374778e-01  -4.3199986e+01   1.8555100e+01
   5.5374778e-01  -3.8399975e+01   1.5842300e+01
   5.5374778e-01  -3.3600021e+01   1.3349800e+01
   5.5374778e-01  -2.8800010e+01   1.1133800e+01
   5.5374778e-01  -2.3999999e+01   9.2449000e+00
   5.5374778e-01  -1.9199988e+01   7.7272500e+00
   5.5374778e-01  -1.4399976e+01   6.6165400e+00
   5.5374778e-01  -9.6000224e+00   5.9388000e+00
   5.5374778e-01  -4.7999998e+00   5.7092300e+00
   5.5374778e-01  -1.4312486e-14   5.9314100e+00
   5.5374778e-01   4.7999998e+00   6.5968700e+00
   5.5374778e-01   9.6000224e+00   7.6851200e+00
   5.5374778e-01   1.4399976e+01   9.1640800e+00
   5.5374778e-01   1.9199988e+01   1.0991100e+01
   5.5374778e-01   2.3999999e+01   1.3114300e+01
   5.5374778e-01   2.8800010e+01   1.5474400e+01
   5.5374778e-01   3.3600021e+01   1.8006400e+01
   5.5374778e-01   3.8399975e+01   2.0642600e+01
   5.5374778e-01   4.3199986e+01   2.3314000e+01
   5.5374778e-01   4.7999998e+01   2.5953300e+01
   5.5374778e-01   5.2800009e+01   2.8496700e+01
   5.5374778e-01   5.7600020e+01   3.0885600e+01
   5.5374778e-01   6.2400261e+01   3.3068900e+01
   5.5374778e-01   6.7199928e+01   3.5003800e+01
   5.5374778e-01   7.2000168e+01   3.6657000e+01
   5.5548731e-01  -7.2000168e+01   3.5468300e+01
   5.5548731e-01  -6.7199928e+01   3.2691800e+01
   5.5548731e-01  -6.2400261e+01   2.9780100e+01
   5.5548731e-01  -5.7600020e+01   2.6787000e+01
   5.5548731e-01  -5.2800009e+01   2.3769900e+01
   5.5548731e-01  -4.7999998e+01   2.0788600e+01
   5.5548731e-01  -4.3199986e+01   1.7904500e+01
   5.5548731e-01  -3.8399975e+01   1.5178700e+01
   5.5548731e-01  -3.3600021e+01   1.2670100e+01
   5.5548731e-01  -2.8800010e+01   1.0434800e+01
   5.5548731e-01  -2.3999999e+01   8.5232300e+00
   5.5548731e-01  -1.9199988e+01   6.9794900e+00
   5.5548731e-01  -1.4399976e+01   5.8392500e+00
   5.5548731e-01  -9.6000224e+00   5.1286000e+00
   5.5548731e-01  -4.7999998e+00   4.8628700e+00
   5.5548731e-01  -1.4312486e-14   5.0458600e+00
   5.5548731e-01   4.7999998e+00   5.6694200e+00
   5.5548731e-01   9.6000224e+00   6.7134300e+00
   5.5548731e-01   1.4399976e+01   8.1463100e+00
   5.5548731e-01   1.9199988e+01   9.9259500e+00
   5.5548731e-01   2.3999999e+01   1.2001000e+01
   5.5548731e-01   2.8800010e+01   1.4312900e+01
   5.5548731e-01   3.3600021e+01   1.6797300e+01
   5.5548731e-01   3.8399975e+01   1.9387200e+01
   5.5548731e-01   4.3199986e+01   2.2014200e+01
   5.5548731e-01   4.7999998e+01   2.4611500e+01
   5.5548731e-01   5.2800009e+01   2.7116100e+01
   5.5548731e-01   5.7600020e+01   2.9469900e+01
   5.5548731e-01   6.2400261e+01   3.1622100e+01
   5.5548731e-01   6.7199928e+01   3.3530500e+01
   5.5548731e-01   7.2000168e+01   3.5161900e+01
   5.5722616e-01  -7.2000168e+01   3.4890000e+01
   5.5722616e-01  -6.7199928e+01   3.2114200e+01
   5.5722616e-01  -6.2400261e+01   2.9201500e+01
   5.5722616e-01  -5.7600020e+01   2.6205300e+01
   5.5722616e-01  -5.2800009e+01   2.3183000e+01
   5.5722616e-01  -4.7999998e+01   2.0194200e+01
   5.5722616e-01  -4.3199986e+01   1.7299900e+01
   5.5722616e-01  -3.8399975e+01   1.4560900e+01
   5.5722616e-01  -3.3600021e+01   1.2036300e+01
   5.5722616e-01  -2.8800010e+01   9.7816200e+00
   5.5722616e-01  -2.3999999e+01   7.8474400e+00
   5.5722616e-01  -1.9199988e+01   6.2776500e+00
   5.5722616e-01  -1.4399976e+01   5.1079300e+00
   5.5722616e-01  -9.6000224e+00   4.3644300e+00
   5.5722616e-01  -4.7999998e+00   4.0626200e+00
   5.5722616e-01  -1.4312486e-14   4.2065300e+00
   5.5722616e-01   4.7999998e+00   4.7883000e+00
   5.5722616e-01   9.6000224e+00   5.7882100e+00
   5.5722616e-01   1.4399976e+01   7.1751500e+00
   5.5722616e-01   1.9199988e+01   8.9075400e+00
   5.5722616e-01   2.3999999e+01   1.0934700e+01
   5.5722616e-01   2.8800010e+01   1.3198500e+01
   5.5722616e-01   3.3600021e+01   1.5635500e+01
   5.5722616e-01   3.8399975e+01   1.8179100e+01
   5.5722616e-01   4.3199986e+01   2.0761900e+01
   5.5722616e-01   4.7999998e+01   2.3317500e+01
   5.5722616e-01   5.2800009e+01   2.5783400e+01
   5.5722616e-01   5.7600020e+01   2.8102200e+01
   5.5722616e-01   6.2400261e+01   3.0223600e+01
   5.5722616e-01   6.7199928e+01   3.2105600e+01
   5.5722616e-01   7.2000168e+01   3.3715300e+01
   5.5896430e-01  -7.2000168e+01   3.4365700e+01
   5.5896430e-01  -6.7199928e+01   3.1590500e+01
   5.5896430e-01  -6.2400261e+01   2.8676600e+01
   5.5896430e-01  -5.7600020e+01   2.5677400e+01
   5.5896430e-01  -5.2800009e+01   2.2649700e+01
   5.5896430e-01  -4.7999998e+01   1.9653300e+01
   5.5896430e-01  -4.3199986e+01   1.6748700e+01
   5.5896430e-01  -3.8399975e+01   1.3996700e+01
   5.5896430e-01  -3.3600021e+01   1.1455900e+01
   5.5896430e-01  -2.8800010e+01   9.1819100e+00
   5.5896430e-01  -2.3999999e+01   7.2250900e+00
   5.5896430e-01  -1.9199988e+01   5.6292600e+00
   5.5896430e-01  -1.4399976e+01   4.4301000e+00
   5.5896430e-01  -9.6000224e+00   3.6538000e+00
   5.5896430e-01  -4.7999998e+00   3.3160000e+00
   5.5896430e-01  -1.4312486e-14   3.4209100e+00
   5.5896430e-01   4.7999998e+00   3.9610100e+00
   5.5896430e-01   9.6000224e+00   4.9169400e+00
   5.5896430e-01   1.4399976e+01   6.2580800e+00
   5.5896430e-01   1.9199988e+01   7.9433600e+00
   5.5896430e-01   2.3999999e+01   9.9227000e+00
   5.5896430e-01   2.8800010e+01   1.2138600e+01
   5.5896430e-01   3.3600021e+01   1.4528400e+01
   5.5896430e-01   3.8399975e+01   1.7026000e+01
   5.5896430e-01   4.3199986e+01   1.9564600e+01
   5.5896430e-01   4.7999998e+01   2.2078700e+01
   5.5896430e-01   5.2800009e+01   2.4506100e+01
   5.5896430e-01   5.7600020e+01   2.6790100e+01
   5.5896430e-01   6.2400261e+01   2.8880700e+01
   5.5896430e-01   6.7199928e+01   3.0736400e+01
   5.5896430e-01   7.2000168e+01   3.2324700e+01
   5.6070173e-01  -7.2000168e+01   3.3903100e+01
   5.6070173e-01  -6.7199928e+01   3.1128300e+01
   5.6070173e-01  -6.2400261e+01   2.8213200e+01
   5.6070173e-01  -5.7600020e+01   2.5210800e+01
   5.6070173e-01  -5.2800009e+01   2.2177800e+01
   5.6070173e-01  -4.7999998e+01   1.9173600e+01
   5.6070173e-01  -4.3199986e+01   1.6258700e+01
   5.6070173e-01  -3.8399975e+01   1.3493500e+01
   5.6070173e-01  -3.3600021e+01   1.0936600e+01
   5.6070173e-01  -2.8800010e+01   8.6432800e+00
   5.6070173e-01  -2.3999999e+01   6.6638100e+00
   5.6070173e-01  -1.9199988e+01   5.0419600e+00
   5.6070173e-01  -1.4399976e+01   3.8133900e+00
   5.6070173e-01  -9.6000224e+00   3.0043600e+00
   5.6070173e-01  -4.7999998e+00   2.6306200e+00
   5.6070173e-01  -1.4312486e-14   2.6966300e+00
   5.6070173e-01   4.7999998e+00   3.1951500e+00
   5.6070173e-01   9.6000224e+00   4.1072300e+00
   5.6070173e-01   1.4399976e+01   5.4026900e+00
   5.6070173e-01   1.9199988e+01   7.0410200e+00
   5.6070173e-01   2.3999999e+01   8.9727100e+00
   5.6070173e-01   2.8800010e+01   1.1141000e+01
   5.6070173e-01   3.3600021e+01   1.3483600e+01
   5.6070173e-01   3.8399975e+01   1.5935400e+01
   5.6070173e-01   4.3199986e+01   1.8430000e+01
   5.6070173e-01   4.7999998e+01   2.0902700e+01
   5.6070173e-01   5.2800009e+01   2.3291800e+01
   5.6070173e-01   5.7600020e+01   2.5541100e+01
   5.6070173e-01   6.2400261e+01   2.7601100e+01
   5.6070173e-01   6.7199928e+01   2.9430700e+01
   5.6070173e-01   7.2000168e+01   3.0997700e+01
   5.6243841e-01  -7.2000168e+01   3.3510000e+01
   5.6243841e-01  -6.7199928e+01   3.0735500e+01
   5.6243841e-01  -6.2400261e+01   2.7819100e+01
   5.6243841e-01  -5.7600020e+01   2.4813400e+01
   5.6243841e-01  -5.2800009e+01   2.1775000e+01
   5.6243841e-01  -4.7999998e+01   1.8763000e+01
   5.6243841e-01  -4.3199986e+01   1.5837700e+01
   5.6243841e-01  -3.8399975e+01   1.3059300e+01
   5.6243841e-01  -3.3600021e+01   1.0486200e+01
   5.6243841e-01  -2.8800010e+01   8.1735000e+00
   5.6243841e-01  -2.3999999e+01   6.1713800e+00
   5.6243841e-01  -1.9199988e+01   4.5235100e+00
   5.6243841e-01  -1.4399976e+01   3.2655600e+00
   5.6243841e-01  -9.6000224e+00   2.4238300e+00
   5.6243841e-01  -4.7999998e+00   2.0142200e+00
   5.6243841e-01  -1.4312486e-14   2.0414000e+00
   5.6243841e-01   4.7999998e+00   2.4984400e+00
   5.6243841e-01   9.6000224e+00   3.3667700e+00
   5.6243841e-01   1.4399976e+01   4.6166900e+00
   5.6243841e-01   1.9199988e+01   6.2082100e+00
   5.6243841e-01   2.3999999e+01   8.0924000e+00
   5.6243841e-01   2.8800010e+01   1.0213100e+01
   5.6243841e-01   3.3600021e+01   1.2508800e+01
   5.6243841e-01   3.8399975e+01   1.4914900e+01
   5.6243841e-01   4.3199986e+01   1.7365800e+01
   5.6243841e-01   4.7999998e+01   1.9797200e+01
   5.6243841e-01   5.2800009e+01   2.2148100e+01
   5.6243841e-01   5.7600020e+01   2.4362900e+01
   5.6243841e-01   6.2400261e+01   2.6392500e+01
   5.6243841e-01   6.7199928e+01   2.8196100e+01
   5.6243841e-01   7.2000168e+01   2.9741900e+01
   5.6417432e-01  -7.2000168e+01   3.3194300e+01
   5.6417432e-01  -6.7199928e+01   3.0420100e+01
   5.6417432e-01  -6.2400261e+01   2.7502100e+01
   5.6417432e-01  -5.7600020e+01   2.4493000e+01
   5.6417432e-01  -5.2800009e+01   2.1449100e+01
   5.6417432e-01  -4.7999998e+01   1.8429300e+01
   5.6417432e-01  -4.3199986e+01   1.5493500e+01
   5.6417432e-01  -3.8399975e+01   1.2701900e+01
   5.6417432e-01  -3.3600021e+01   1.0112500e+01
   5.6417432e-01  -2.8800010e+01   7.7804000e+00
   5.6417432e-01  -2.3999999e+01   5.7556100e+00
   5.6417432e-01  -1.9199988e+01   4.0817400e+00
   5.6417432e-01  -1.4399976e+01   2.7944200e+00
   5.6417432e-01  -9.6000224e+00   1.9200300e+00
   5.6417432e-01  -4.7999998e+00   1.4746000e+00
   5.6417432e-01  -1.4312486e-14   1.4630300e+00
   5.6417432e-01   4.7999998e+00   1.8786800e+00
   5.6417432e-01   9.6000224e+00   2.7033800e+00
   5.6417432e-01   1.4399976e+01   3.9078700e+00
   5.6417432e-01   1.9199988e+01   5.4527100e+00
   5.6417432e-01   2.3999999e+01   7.2895600e+00
   5.6417432e-01   2.8800010e+01   9.3628600e+00
   5.6417432e-01   3.3600021e+01   1.1611800e+01
   5.6417432e-01   3.8399975e+01   1.3972300e+01
   5.6417432e-01   4.3199986e+01   1.6379600e+01
   5.6417432e-01   4.7999998e+01   1.8769900e+01
   5.6417432e-01   5.2800009e+01   2.1082900e+01
   5.6417432e-01   5.7600020e+01   2.3263300e+01
   5.6417432e-01   6.2400261e+01   2.5262600e+01
   5.6417432e-01   6.7199928e+01   2.7040400e+01
   5.6417432e-01   7.2000168e+01   2.8565100e+01
   5.6590945e-01  -7.2000168e+01   3.2963900e+01
   5.6590945e-01  -6.7199928e+01   3.0189800e+01
   5.6590945e-01  -6.2400261e+01   2.7270300e+01
   5.6590945e-01  -5.7600020e+01   2.4257700e+01
   5.6590945e-01  -5.2800009e+01   2.1208200e+01
   5.6590945e-01  -4.7999998e+01   1.8180400e+01
   5.6590945e-01  -4.3199986e+01   1.5234100e+01
   5.6590945e-01  -3.8399975e+01   1.2429100e+01
   5.6590945e-01  -3.3600021e+01   9.8234300e+00
   5.6590945e-01  -2.8800010e+01   7.4718900e+00
   5.6590945e-01  -2.3999999e+01   5.4244200e+00
   5.6590945e-01  -1.9199988e+01   3.7245200e+00
   5.6590945e-01  -1.4399976e+01   2.4078500e+00
   5.6590945e-01  -9.6000224e+00   1.5008400e+00
   5.6590945e-01  -4.7999998e+00   1.0196500e+00
   5.6590945e-01  -1.4312486e-14   9.6939400e-01
   5.6590945e-01   4.7999998e+00   1.3437400e+00
   5.6590945e-01   9.6000224e+00   2.1249100e+00
   5.6590945e-01   1.4399976e+01   3.2841000e+00
   5.6590945e-01   1.9199988e+01   4.7823800e+00
   5.6590945e-01   2.3999999e+01   6.5720300e+00
   5.6590945e-01   2.8800010e+01   8.5980900e+00
   5.6590945e-01   3.3600021e+01   1.0800400e+01
   5.6590945e-01   3.8399975e+01   1.3115600e+01
   5.6590945e-01   4.3199986e+01   1.5479400e+01
   5.6590945e-01   4.7999998e+01   1.7828800e+01
   5.6590945e-01   5.2800009e+01   2.0104000e+01
   5.6590945e-01   5.7600020e+01   2.2250100e+01
   5.6590945e-01   6.2400261e+01   2.4219400e+01
   5.6590945e-01   6.7199928e+01   2.5971500e+01
   5.6590945e-01   7.2000168e+01   2.7475300e+01
   5.6764377e-01  -7.2000168e+01   3.2826800e+01
   5.6764377e-01  -6.7199928e+01   3.0052800e+01
   5.6764377e-01  -6.2400261e+01   2.7131600e+01
   5.6764377e-01  -5.7600020e+01   2.4115400e+01
   5.6764377e-01  -5.2800009e+01   2.1060200e+01
   5.6764377e-01  -4.7999998e+01   1.8024300e+01
   5.6764377e-01  -4.3199986e+01   1.5067300e+01
   5.6764377e-01  -3.8399975e+01   1.2249000e+01
   5.6764377e-01  -3.3600021e+01   9.6269400e+00
   5.6764377e-01  -2.8800010e+01   7.2559200e+00
   5.6764377e-01  -2.3999999e+01   5.1857200e+00
   5.6764377e-01  -1.9199988e+01   3.4598100e+00
   5.6764377e-01  -1.4399976e+01   2.1137900e+00
   5.6764377e-01  -9.6000224e+00   1.1741800e+00
   5.6764377e-01  -4.7999998e+00   6.5727200e-01
   5.6764377e-01  -1.4312486e-14   5.6840100e-01
   5.6764377e-01   4.7999998e+00   9.0153400e-01
   5.6764377e-01   9.6000224e+00   1.6392700e+00
   5.6764377e-01   1.4399976e+01   2.7532600e+00
   5.6764377e-01   1.9199988e+01   4.2051400e+00
   5.6764377e-01   2.3999999e+01   5.9477100e+00
   5.6764377e-01   2.8800010e+01   7.9266800e+00
   5.6764377e-01   3.3600021e+01   1.0082500e+01
   5.6764377e-01   3.8399975e+01   1.2352500e+01
   5.6764377e-01   4.3199986e+01   1.4673100e+01
   5.6764377e-01   4.7999998e+01   1.6981700e+01
   5.6764377e-01   5.2800009e+01   1.9219200e+01
   5.6764377e-01   5.7600020e+01   2.1331400e+01
   5.6764377e-01   6.2400261e+01   2.3270600e+01
   5.6764377e-01   6.7199928e+01   2.4997200e+01
   5.6764377e-01   7.2000168e+01   2.6480300e+01
   5.6937727e-01  -7.2000168e+01   3.2791100e+01
   5.6937727e-01  -6.7199928e+01   3.0017000e+01
   5.6937727e-01  -6.2400261e+01   2.7094000e+01
   5.6937727e-01  -5.7600020e+01   2.4074100e+01
   5.6937727e-01  -5.2800009e+01   2.1013000e+01
   5.6937727e-01  -4.7999998e+01   1.7968900e+01
   5.6937727e-01  -4.3199986e+01   1.5001300e+01
   5.6937727e-01  -3.8399975e+01   1.2169400e+01
   5.6937727e-01  -3.3600021e+01   9.5309900e+00
   5.6937727e-01  -2.8800010e+01   7.1404500e+00
   5.6937727e-01  -2.3999999e+01   5.0475000e+00
   5.6937727e-01  -1.9199988e+01   3.2955500e+00
   5.6937727e-01  -1.4399976e+01   1.9202000e+00
   5.6937727e-01  -9.6000224e+00   9.4801100e-01
   5.6937727e-01  -4.7999998e+00   3.9542900e-01
   5.6937727e-01  -1.4312486e-14   2.6800200e-01
   5.6937727e-01   4.7999998e+00   5.5999800e-01
   5.6937727e-01   9.6000224e+00   1.2544000e+00
   5.6937727e-01   1.4399976e+01   2.3233200e+00
   5.6937727e-01   1.9199988e+01   3.7289000e+00
   5.6937727e-01   2.3999999e+01   5.4245500e+00
   5.6937727e-01   2.8800010e+01   7.3565900e+00
   5.6937727e-01   3.3600021e+01   9.4661100e+00
   5.6937727e-01   3.8399975e+01   1.1691100e+01
   5.6937727e-01   4.3199986e+01   1.3968500e+01
   5.6937727e-01   4.7999998e+01   1.6236600e+01
   5.6937727e-01   5.2800009e+01   1.8436600e+01
   5.6937727e-01   5.7600020e+01   2.0514900e+01
   5.6937727e-01   6.2400261e+01   2.2424400e+01
   5.6937727e-01   6.7199928e+01   2.4125600e+01
   5.6937727e-01   7.2000168e+01   2.5588100e+01
   5.7110991e-01  -7.2000168e+01   3.2864800e+01
   5.7110991e-01  -6.7199928e+01   3.0090400e+01
   5.7110991e-01  -6.2400261e+01   2.7165400e+01
   5.7110991e-01  -5.7600020e+01   2.4141700e+01
   5.7110991e-01  -5.2800009e+01   2.1074700e+01
   5.7110991e-01  -4.7999998e+01   1.8022400e+01
   5.7110991e-01  -4.3199986e+01   1.5043900e+01
   5.7110991e-01  -3.8399975e+01   1.2198500e+01
   5.7110991e-01  -3.3600021e+01   9.5435800e+00
   5.7110991e-01  -2.8800010e+01   7.1334600e+00
   5.7110991e-01  -2.3999999e+01   5.0177400e+00
   5.7110991e-01  -1.9199988e+01   3.2397200e+00
   5.7110991e-01  -1.4399976e+01   1.8350400e+00
   5.7110991e-01  -9.6000224e+00   8.3029900e-01
   5.7110991e-01  -4.7999998e+00   2.4208300e-01
   5.7110991e-01  -1.4312486e-14   7.6159700e-02
   5.7110991e-01   4.7999998e+00   3.2709700e-01
   5.7110991e-01   9.6000224e+00   9.7825500e-01
   5.7110991e-01   1.4399976e+01   2.0022200e+00
   5.7110991e-01   1.9199988e+01   3.3616300e+00
   5.7110991e-01   2.3999999e+01   5.0105000e+00
   5.7110991e-01   2.8800010e+01   6.8957500e+00
   5.7110991e-01   3.3600021e+01   8.9591200e+00
   5.7110991e-01   3.8399975e+01   1.1139200e+01
   5.7110991e-01   4.3199986e+01   1.3373700e+01
   5.7110991e-01   4.7999998e+01   1.5601400e+01
   5.7110991e-01   5.2800009e+01   1.7764100e+01
   5.7110991e-01   5.7600020e+01   1.9808700e+01
   5.7110991e-01   6.2400261e+01   2.1688500e+01
   5.7110991e-01   6.7199928e+01   2.3364600e+01
   5.7110991e-01   7.2000168e+01   2.4806700e+01
   5.7284168e-01  -7.2000168e+01   3.3055800e+01
   5.7284168e-01  -6.7199928e+01   3.0281100e+01
   5.7284168e-01  -6.2400261e+01   2.7354000e+01
   5.7284168e-01  -5.7600020e+01   2.4326300e+01
   5.7284168e-01  -5.2800009e+01   2.1253300e+01
   5.7284168e-01  -4.7999998e+01   1.8192600e+01
   5.7284168e-01  -4.3199986e+01   1.5203200e+01
   5.7284168e-01  -3.8399975e+01   1.2344200e+01
   5.7284168e-01  -3.3600021e+01   9.6726900e+00
   5.7284168e-01  -2.8800010e+01   7.2429400e+00
   5.7284168e-01  -2.3999999e+01   5.1043900e+00
   5.7284168e-01  -1.9199988e+01   3.3003100e+00
   5.7284168e-01  -1.4399976e+01   1.8662800e+00
   5.7284168e-01  -9.6000224e+00   8.2900900e-01
   5.7284168e-01  -4.7999998e+00   2.0519500e-01
   5.7284168e-01  -1.4312486e-14   8.3320300e-04
   5.7284168e-01   4.7999998e+00   2.1078800e-01
   5.7284168e-01   9.6000224e+00   8.1880100e-01
   5.7284168e-01   1.4399976e+01   1.7979100e+00
   5.7284168e-01   1.9199988e+01   3.1112900e+00
   5.7284168e-01   2.3999999e+01   4.7135200e+00
   5.7284168e-01   2.8800010e+01   6.5521300e+00
   5.7284168e-01   3.3600021e+01   8.5695100e+00
   5.7284168e-01   3.8399975e+01   1.0704900e+01
   5.7284168e-01   4.3199986e+01   1.2896700e+01
   5.7284168e-01   4.7999998e+01   1.5084100e+01
   5.7284168e-01   5.2800009e+01   1.7209700e+01
   5.7284168e-01   5.7600020e+01   1.9220800e+01
   5.7284168e-01   6.2400261e+01   2.1071100e+01
   5.7284168e-01   6.7199928e+01   2.2722200e+01
   5.7284168e-01   7.2000168e+01   2.4144000e+01
   5.7457256e-01  -7.2000168e+01   3.3372200e+01
   5.7457256e-01  -6.7199928e+01   3.0596900e+01
   5.7457256e-01  -6.2400261e+01   2.7667700e+01
   5.7457256e-01  -5.7600020e+01   2.4635900e+01
   5.7457256e-01  -5.2800009e+01   2.1556700e+01
   5.7457256e-01  -4.7999998e+01   1.8487500e+01
   5.7457256e-01  -4.3199986e+01   1.5487100e+01
   5.7457256e-01  -3.8399975e+01   1.2614400e+01
   5.7457256e-01  -3.3600021e+01   9.9262600e+00
   5.7457256e-01  -2.8800010e+01   7.4768300e+00
   5.7457256e-01  -2.3999999e+01   5.3154200e+00
   5.7457256e-01  -1.9199988e+01   3.4852400e+00
   5.7457256e-01  -1.4399976e+01   2.0218800e+00
   5.7457256e-01  -9.6000224e+00   9.5208300e-01
   5.7457256e-01  -4.7999998e+00   2.9271000e-01
   5.7457256e-01  -1.4312486e-14   4.9964100e-02
   5.7457256e-01   4.7999998e+00   2.1901200e-01
   5.7457256e-01   9.6000224e+00   7.8397300e-01
   5.7457256e-01   1.4399976e+01   1.7183400e+00
   5.7457256e-01   1.9199988e+01   2.9858100e+00
   5.7457256e-01   2.3999999e+01   4.5415300e+00
   5.7457256e-01   2.8800010e+01   6.3336500e+00
   5.7457256e-01   3.3600021e+01   8.3052100e+00
   5.7457256e-01   3.8399975e+01   1.0396100e+01
   5.7457256e-01   4.3199986e+01   1.2545200e+01
   5.7457256e-01   4.7999998e+01   1.4692600e+01
   5.7457256e-01   5.2800009e+01   1.6781300e+01
   5.7457256e-01   5.7600020e+01   1.8759000e+01
   5.7457256e-01   6.2400261e+01   2.0580100e+01
   5.7457256e-01   6.7199928e+01   2.2206300e+01
   5.7457256e-01   7.2000168e+01   2.3608000e+01
   5.7630253e-01  -7.2000168e+01   3.3821800e+01
   5.7630253e-01  -6.7199928e+01   3.1045900e+01
   5.7630253e-01  -6.2400261e+01   2.8114300e+01
   5.7630253e-01  -5.7600020e+01   2.5078400e+01
   5.7630253e-01  -5.2800009e+01   2.1992800e+01
   5.7630253e-01  -4.7999998e+01   1.8915000e+01
   5.7630253e-01  -4.3199986e+01   1.5903600e+01
   5.7630253e-01  -3.8399975e+01   1.3017000e+01
   5.7630253e-01  -3.3600021e+01   1.0312200e+01
   5.7630253e-01  -2.8800010e+01   7.8430400e+00
   5.7630253e-01  -2.3999999e+01   5.6587400e+00
   5.7630253e-01  -1.9199988e+01   3.8024300e+00
   5.7630253e-01  -1.4399976e+01   2.3097300e+00
   5.7630253e-01  -9.6000224e+00   1.2074300e+00
   5.7630253e-01  -4.7999998e+00   5.1253400e-01
   5.7630253e-01  -1.4312486e-14   2.3146000e-01
   5.7630253e-01   4.7999998e+00   3.5967500e-01
   5.7630253e-01   9.6000224e+00   8.8167800e-01
   5.7630253e-01   1.4399976e+01   1.7714100e+00
   5.7630253e-01   1.9199988e+01   2.9931000e+00
   5.7630253e-01   2.3999999e+01   4.5024500e+00
   5.7630253e-01   2.8800010e+01   6.2482400e+00
   5.7630253e-01   3.3600021e+01   8.1741300e+00
   5.7630253e-01   3.8399975e+01   1.0220700e+01
   5.7630253e-01   4.3199986e+01   1.2327400e+01
   5.7630253e-01   4.7999998e+01   1.4434900e+01
   5.7630253e-01   5.2800009e+01   1.6486800e+01
   5.7630253e-01   5.7600020e+01   1.8431400e+01
   5.7630253e-01   6.2400261e+01   2.0223300e+01
   5.7630253e-01   6.7199928e+01   2.1824900e+01
   5.7630253e-01   7.2000168e+01   2.3206700e+01
   5.7803156e-01  -7.2000168e+01   3.4412600e+01
   5.7803156e-01  -6.7199928e+01   3.1635900e+01
   5.7803156e-01  -6.2400261e+01   2.8701900e+01
   5.7803156e-01  -5.7600020e+01   2.5661600e+01
   5.7803156e-01  -5.2800009e+01   2.2569600e+01
   5.7803156e-01  -4.7999998e+01   1.9483100e+01
   5.7803156e-01  -4.3199986e+01   1.6460500e+01
   5.7803156e-01  -3.8399975e+01   1.3560000e+01
   5.7803156e-01  -3.3600021e+01   1.0838400e+01
   5.7803156e-01  -2.8800010e+01   8.3494500e+00
   5.7803156e-01  -2.3999999e+01   6.1422000e+00
   5.7803156e-01  -1.9199988e+01   4.2597600e+00
   5.7803156e-01  -1.4399976e+01   2.7377000e+00
   5.7803156e-01  -9.6000224e+00   1.6029200e+00
   5.7803156e-01  -4.7999998e+00   8.7252900e-01
   5.7803156e-01  -1.4312486e-14   5.5318100e-01
   5.7803156e-01   4.7999998e+00   6.4063700e-01
   5.7803156e-01   9.6000224e+00   1.1197700e+00
   5.7803156e-01   1.4399976e+01   1.9649900e+00
   5.7803156e-01   1.9199988e+01   3.1410200e+00
   5.7803156e-01   2.3999999e+01   4.6041500e+00
   5.7803156e-01   2.8800010e+01   6.3037600e+00
   5.7803156e-01   3.3600021e+01   8.1841500e+00
   5.7803156e-01   3.8399975e+01   1.0186500e+01
   5.7803156e-01   4.3199986e+01   1.2251000e+01
   5.7803156e-01   4.7999998e+01   1.4318800e+01
   5.7803156e-01   5.2800009e+01   1.6334100e+01
   5.7803156e-01   5.7600020e+01   1.8245700e+01
   5.7803156e-01   6.2400261e+01   2.0008800e+01
   5.7803156e-01   6.7199928e+01   2.1585800e+01
   5.7803156e-01   7.2000168e+01   2.2947900e+01
   5.7975964e-01  -7.2000168e+01   3.5152400e+01
   5.7975964e-01  -6.7199928e+01   3.2374700e+01
   5.7975964e-01  -6.2400261e+01   2.9438100e+01
   5.7975964e-01  -5.7600020e+01   2.6393300e+01
   5.7975964e-01  -5.2800009e+01   2.3294800e+01
   5.7975964e-01  -4.7999998e+01   2.0199500e+01
   5.7975964e-01  -4.3199986e+01   1.7165600e+01
   5.7975964e-01  -3.8399975e+01   1.4251100e+01
   5.7975964e-01  -3.3600021e+01   1.1512700e+01
   5.7975964e-01  -2.8800010e+01   9.0038500e+00
   5.7975964e-01  -2.3999999e+01   6.7736100e+00
   5.7975964e-01  -1.9199988e+01   4.8650000e+00
   5.7975964e-01  -1.4399976e+01   3.3135900e+00
   5.7975964e-01  -9.6000224e+00   2.1463300e+00
   5.7975964e-01  -4.7999998e+00   1.3804900e+00
   5.7975964e-01  -1.4312486e-14   1.0229200e+00
   5.7975964e-01   4.7999998e+00   1.0697000e+00
   5.7975964e-01   9.6000224e+00   1.5060600e+00
   5.7975964e-01   1.4399976e+01   2.3068700e+00
   5.7975964e-01   1.9199988e+01   3.4373700e+00
   5.7975964e-01   2.3999999e+01   4.8544200e+00
   5.7975964e-01   2.8800010e+01   6.5080100e+00
   5.7975964e-01   3.3600021e+01   8.3430500e+00
   5.7975964e-01   3.8399975e+01   1.0301400e+01
   5.7975964e-01   4.3199986e+01   1.2323800e+01
   5.7975964e-01   4.7999998e+01   1.4352100e+01
   5.7975964e-01   5.2800009e+01   1.6331000e+01
   5.7975964e-01   5.7600020e+01   1.8209800e+01
   5.7975964e-01   6.2400261e+01   1.9944200e+01
   5.7975964e-01   6.7199928e+01   2.1497000e+01
   5.7975964e-01   7.2000168e+01   2.2839400e+01
   5.8148674e-01  -7.2000168e+01   3.6048800e+01
   5.8148674e-01  -6.7199928e+01   3.3270100e+01
   5.8148674e-01  -6.2400261e+01   3.0330700e+01
   5.8148674e-01  -5.7600020e+01   2.7281300e+01
   5.8148674e-01  -5.2800009e+01   2.4176200e+01
   5.8148674e-01  -4.7999998e+01   2.1071900e+01
   5.8148674e-01  -4.3199986e+01   1.8026600e+01
   5.8148674e-01  -3.8399975e+01   1.5098100e+01
   5.8148674e-01  -3.3600021e+01   1.2342700e+01
   5.8148674e-01  -2.8800010e+01   9.8139500e+00
   5.8148674e-01  -2.3999999e+01   7.5606900e+00
   5.8148674e-01  -1.9199988e+01   5.6258800e+00
   5.8148674e-01  -1.4399976e+01   4.0451200e+00
   5.8148674e-01  -9.6000224e+00   2.8454000e+00
   5.8148674e-01  -4.7999998e+00   2.0441300e+00
   5.8148674e-01  -1.4312486e-14   1.6484000e+00
   5.8148674e-01   4.7999998e+00   1.6545700e+00
   5.8148674e-01   9.6000224e+00   2.0482600e+00
   5.8148674e-01   1.4399976e+01   2.8047700e+00
   5.8148674e-01   1.9199988e+01   3.8898800e+00
   5.8148674e-01   2.3999999e+01   5.2609900e+00
   5.8148674e-01   2.8800010e+01   6.8687100e+00
   5.8148674e-01   3.3600021e+01   8.6585900e+00
   5.8148674e-01   3.8399975e+01   1.0573100e+01
   5.8148674e-01   4.3199986e+01   1.2553600e+01
   5.8148674e-01   4.7999998e+01   1.4542600e+01
   5.8148674e-01   5.2800009e+01   1.6485300e+01
   5.8148674e-01   5.7600020e+01   1.8331500e+01
   5.8148674e-01   6.2400261e+01   2.0037300e+01
   5.8148674e-01   6.7199928e+01   2.1566000e+01
   5.8148674e-01   7.2000168e+01   2.2889100e+01
   5.8321284e-01  -7.2000168e+01   3.7109600e+01
   5.8321284e-01  -6.7199928e+01   3.4329600e+01
   5.8321284e-01  -6.2400261e+01   3.1387300e+01
   5.8321284e-01  -5.7600020e+01   2.8333200e+01
   5.8321284e-01  -5.2800009e+01   2.5221300e+01
   5.8321284e-01  -4.7999998e+01   2.2108000e+01
   5.8321284e-01  -4.3199986e+01   1.9051200e+01
   5.8321284e-01  -3.8399975e+01   1.6108500e+01
   5.8321284e-01  -3.3600021e+01   1.3336100e+01
   5.8321284e-01  -2.8800010e+01   1.0787400e+01
   5.8321284e-01  -2.3999999e+01   8.5110500e+00
   5.8321284e-01  -1.9199988e+01   6.5500300e+00
   5.8321284e-01  -1.4399976e+01   4.9399000e+00
   5.8321284e-01  -9.6000224e+00   3.7077400e+00
   5.8321284e-01  -4.7999998e+00   2.8710900e+00
   5.8321284e-01  -1.4312486e-14   2.4372600e+00
   5.8321284e-01   4.7999998e+00   2.4028900e+00
   5.8321284e-01   9.6000224e+00   2.7540100e+00
   5.8321284e-01   1.4399976e+01   3.4663400e+00
   5.8321284e-01   1.9199988e+01   4.5061800e+00
   5.8321284e-01   2.3999999e+01   5.8315000e+00
   5.8321284e-01   2.8800010e+01   7.3935100e+00
   5.8321284e-01   3.3600021e+01   9.1384000e+00
   5.8321284e-01   3.8399975e+01   1.1009300e+01
   5.8321284e-01   4.3199986e+01   1.2948100e+01
   5.8321284e-01   4.7999998e+01   1.4898000e+01
   5.8321284e-01   5.2800009e+01   1.6804600e+01
   5.8321284e-01   5.7600020e+01   1.8618500e+01
   5.8321284e-01   6.2400261e+01   2.0295900e+01
   5.8321284e-01   6.7199928e+01   2.1800700e+01
   5.8321284e-01   7.2000168e+01   2.3104600e+01
   5.8493792e-01  -7.2000168e+01   3.8342200e+01
   5.8493792e-01  -6.7199928e+01   3.5560800e+01
   5.8493792e-01  -6.2400261e+01   3.2615500e+01
   5.8493792e-01  -5.7600020e+01   2.9556600e+01
   5.8493792e-01  -5.2800009e+01   2.6437700e+01
   5.8493792e-01  -4.7999998e+01   2.3315300e+01
   5.8493792e-01  -4.3199986e+01   2.0246800e+01
   5.8493792e-01  -3.8399975e+01   1.7289900e+01
   5.8493792e-01  -3.3600021e+01   1.4500400e+01
   5.8493792e-01  -2.8800010e+01   1.1931700e+01
   5.8493792e-01  -2.3999999e+01   9.6322300e+00
   5.8493792e-01  -1.9199988e+01   7.6449700e+00
   5.8493792e-01  -1.4399976e+01   6.0054700e+00
   5.8493792e-01  -9.6000224e+00   4.7408800e+00
   5.8493792e-01  -4.7999998e+00   3.8688900e+00
   5.8493792e-01  -1.4312486e-14   3.3970100e+00
   5.8493792e-01   4.7999998e+00   3.3222000e+00
   5.8493792e-01   9.6000224e+00   3.6308300e+00
   5.8493792e-01   1.4399976e+01   4.2991000e+00
   5.8493792e-01   1.9199988e+01   5.2938100e+00
   5.8493792e-01   2.3999999e+01   6.5734900e+00
   5.8493792e-01   2.8800010e+01   8.0899600e+00
   5.8493792e-01   3.3600021e+01   9.7900300e+00
   5.8493792e-01   3.8399975e+01   1.1617400e+01
   5.8493792e-01   4.3199986e+01   1.3514800e+01
   5.8493792e-01   4.7999998e+01   1.5425700e+01
   5.8493792e-01   5.2800009e+01   1.7296500e+01
   5.8493792e-01   5.7600020e+01   1.9078200e+01
   5.8493792e-01   6.2400261e+01   2.0727500e+01
   5.8493792e-01   6.7199928e+01   2.2208500e+01
   5.8493792e-01   7.2000168e+01   2.3493400e+01
   5.8666196e-01  -7.2000168e+01   3.9753900e+01
   5.8666196e-01  -6.7199928e+01   3.6971100e+01
   5.8666196e-01  -6.2400261e+01   3.4022600e+01
   5.8666196e-01  -5.7600020e+01   3.0958700e+01
   5.8666196e-01  -5.2800009e+01   2.7832800e+01
   5.8666196e-01  -4.7999998e+01   2.4701100e+01
   5.8666196e-01  -4.3199986e+01   2.1621000e+01
   5.8666196e-01  -3.8399975e+01   1.8649700e+01
   5.8666196e-01  -3.3600021e+01   1.5843100e+01
   5.8666196e-01  -2.8800010e+01   1.3254200e+01
   5.8666196e-01  -2.3999999e+01   1.0931600e+01
   5.8666196e-01  -1.9199988e+01   8.9180900e+00
   5.8666196e-01  -1.4399976e+01   7.2492300e+00
   5.8666196e-01  -9.6000224e+00   5.9522400e+00
   5.8666196e-01  -4.7999998e+00   5.0449500e+00
   5.8666196e-01  -1.4312486e-14   4.5350800e+00
   5.8666196e-01   4.7999998e+00   4.4199000e+00
   5.8666196e-01   9.6000224e+00   4.6861600e+00
   5.8666196e-01   1.4399976e+01   5.3104900e+00
   5.8666196e-01   1.9199988e+01   6.2602000e+00
   5.8666196e-01   2.3999999e+01   7.4944000e+00
   5.8666196e-01   2.8800010e+01   8.9654900e+00
   5.8666196e-01   3.3600021e+01   1.0620900e+01
   5.8666196e-01   3.8399975e+01   1.2405000e+01
   5.8666196e-01   4.3199986e+01   1.4261100e+01
   5.8666196e-01   4.7999998e+01   1.6133200e+01
   5.8666196e-01   5.2800009e+01   1.7968400e+01
   5.8666196e-01   5.7600020e+01   1.9718100e+01
   5.8666196e-01   6.2400261e+01   2.1339500e+01
   5.8666196e-01   6.7199928e+01   2.2797000e+01
   5.8666196e-01   7.2000168e+01   2.4063100e+01
   5.8838494e-01  -7.2000168e+01   4.1352200e+01
   5.8838494e-01  -6.7199928e+01   3.8567700e+01
   5.8838494e-01  -6.2400261e+01   3.5616000e+01
   5.8838494e-01  -5.7600020e+01   3.2546900e+01
   5.8838494e-01  -5.2800009e+01   2.9413900e+01
   5.8838494e-01  -4.7999998e+01   2.6272800e+01
   5.8838494e-01  -4.3199986e+01   2.3180800e+01
   5.8838494e-01  -3.8399975e+01   2.0195100e+01
   5.8838494e-01  -3.3600021e+01   1.7371300e+01
   5.8838494e-01  -2.8800010e+01   1.4762300e+01
   5.8838494e-01  -2.3999999e+01   1.2416500e+01
   5.8838494e-01  -1.9199988e+01   1.0376700e+01
   5.8838494e-01  -1.4399976e+01   8.6784700e+00
   5.8838494e-01  -9.6000224e+00   7.3490900e+00
   5.8838494e-01  -4.7999998e+00   6.4065400e+00
   5.8838494e-01  -1.4312486e-14   5.8587600e+00
   5.8838494e-01   4.7999998e+00   5.7032900e+00
   5.8838494e-01   9.6000224e+00   5.9272800e+00
   5.8838494e-01   1.4399976e+01   6.5077900e+00
   5.8838494e-01   1.9199988e+01   7.4126500e+00
   5.8838494e-01   2.3999999e+01   8.6015200e+00
   5.8838494e-01   2.8800010e+01   1.0027400e+01
   5.8838494e-01   3.3600021e+01   1.1638400e+01
   5.8838494e-01   3.8399975e+01   1.3379400e+01
   5.8838494e-01   4.3199986e+01   1.5194300e+01
   5.8838494e-01   4.7999998e+01   1.7027900e+01
   5.8838494e-01   5.2800009e+01   1.8827700e+01
   5.8838494e-01   5.7600020e+01   2.0545600e+01
   5.8838494e-01   6.2400261e+01   2.2139200e+01
   5.8838494e-01   6.7199928e+01   2.3573500e+01
   5.8838494e-01   7.2000168e+01   2.4821000e+01
   5.9010683e-01  -7.2000168e+01   4.3144100e+01
   5.9010683e-01  -6.7199928e+01   4.0357800e+01
   5.9010683e-01  -6.2400261e+01   3.7402600e+01
   5.9010683e-01  -5.7600020e+01   3.4328300e+01
   5.9010683e-01  -5.2800009e+01   3.1188000e+01
   5.9010683e-01  -4.7999998e+01   2.8037400e+01
   5.9010683e-01  -4.3199986e+01   2.4933600e+01
   5.9010683e-01  -3.8399975e+01   2.1933300e+01
   5.9010683e-01  -3.3600021e+01   1.9092200e+01
   5.9010683e-01  -2.8800010e+01   1.6463000e+01
   5.9010683e-01  -2.3999999e+01   1.4094000e+01
   5.9010683e-01  -1.9199988e+01   1.2027900e+01
   5.9010683e-01  -1.4399976e+01   1.0300300e+01
   5.9010683e-01  -9.6000224e+00   8.9385900e+00
   5.9010683e-01  -4.7999998e+00   7.9608300e+00
   5.9010683e-01  -1.4312486e-14   7.3751900e+00
   5.9010683e-01   4.7999998e+00   7.1795300e+00
   5.9010683e-01   9.6000224e+00   7.3613500e+00
   5.9010683e-01   1.4399976e+01   7.8981800e+00
   5.9010683e-01   1.9199988e+01   8.7583300e+00
   5.9010683e-01   2.3999999e+01   9.9020300e+00
   5.9010683e-01   2.8800010e+01   1.1282900e+01
   5.9010683e-01   3.3600021e+01   1.2849600e+01
   5.9010683e-01   3.8399975e+01   1.4547700e+01
   5.9010683e-01   4.3199986e+01   1.6321700e+01
   5.9010683e-01   4.7999998e+01   1.8117000e+01
   5.9010683e-01   5.2800009e+01   1.9881600e+01
   5.9010683e-01   5.7600020e+01   2.1567900e+01
   5.9010683e-01   6.2400261e+01   2.3134000e+01
   5.9010683e-01   6.7199928e+01   2.4545100e+01
   5.9010683e-01   7.2000168e+01   2.5774200e+01
   5.9182763e-01  -7.2000168e+01   4.5136600e+01
   5.9182763e-01  -6.7199928e+01   4.2348300e+01
   5.9182763e-01  -6.2400261e+01   3.9389600e+01
   5.9182763e-01  -5.7600020e+01   3.6309900e+01
   5.9182763e-01  -5.2800009e+01   3.3162200e+01
   5.9182763e-01  -4.7999998e+01   3.0002000e+01
   5.9182763e-01  -4.3199986e+01   2.6886200e+01
   5.9182763e-01  -3.8399975e+01   2.3871300e+01
   5.9182763e-01  -3.3600021e+01   2.1012900e+01
   5.9182763e-01  -2.8800010e+01   1.8363400e+01
   5.9182763e-01  -2.3999999e+01   1.5971100e+01
   5.9182763e-01  -1.9199988e+01   1.3878700e+01
   5.9182763e-01  -1.4399976e+01   1.2121800e+01
   5.9182763e-01  -9.6000224e+00   1.0727700e+01
   5.9182763e-01  -4.7999998e+00   9.7148100e+00
   5.9182763e-01  -1.4312486e-14   9.0913900e+00
   5.9182763e-01   4.7999998e+00   8.8556400e+00
   5.9182763e-01   9.6000224e+00   8.9954000e+00
   5.9182763e-01   1.4399976e+01   9.4886700e+00
   5.9182763e-01   1.9199988e+01   1.0304300e+01
   5.9182763e-01   2.3999999e+01   1.1403000e+01
   5.9182763e-01   2.8800010e+01   1.2739000e+01
   5.9182763e-01   3.3600021e+01   1.4261500e+01
   5.9182763e-01   3.8399975e+01   1.5916900e+01
   5.9182763e-01   4.3199986e+01   1.7650300e+01
   5.9182763e-01   4.7999998e+01   1.9407400e+01
   5.9182763e-01   5.2800009e+01   2.1137000e+01
   5.9182763e-01   5.7600020e+01   2.2791900e+01
   5.9182763e-01   6.2400261e+01   2.4330700e+01
   5.9182763e-01   6.7199928e+01   2.5718900e+01
   5.9182763e-01   7.2000168e+01   2.6929800e+01
   5.9354730e-01  -7.2000168e+01   4.7336400e+01
   5.9354730e-01  -6.7199928e+01   4.4546100e+01
   5.9354730e-01  -6.2400261e+01   4.1583700e+01
   5.9354730e-01  -5.7600020e+01   3.8498400e+01
   5.9354730e-01  -5.2800009e+01   3.5343300e+01
   5.9354730e-01  -4.7999998e+01   3.2173400e+01
   5.9354730e-01  -4.3199986e+01   2.9045400e+01
   5.9354730e-01  -3.8399975e+01   2.6015900e+01
   5.9354730e-01  -3.3600021e+01   2.3140000e+01
   5.9354730e-01  -2.8800010e+01   2.0470300e+01
   5.9354730e-01  -2.3999999e+01   1.8054700e+01
   5.9354730e-01  -1.9199988e+01   1.5936000e+01
   5.9354730e-01  -1.4399976e+01   1.4149700e+01
   5.9354730e-01  -9.6000224e+00   1.2723400e+01
   5.9354730e-01  -4.7999998e+00   1.1675300e+01
   5.9354730e-01  -1.4312486e-14   1.1014200e+01
   5.9354730e-01   4.7999998e+00   1.0738500e+01
   5.9354730e-01   9.6000224e+00   1.0836300e+01
   5.9354730e-01   1.4399976e+01   1.1286100e+01
   5.9354730e-01   1.9199988e+01   1.2057300e+01
   5.9354730e-01   2.3999999e+01   1.3111200e+01
   5.9354730e-01   2.8800010e+01   1.4402500e+01
   5.9354730e-01   3.3600021e+01   1.5881200e+01
   5.9354730e-01   3.8399975e+01   1.7494100e+01
   5.9354730e-01   4.3199986e+01   1.9186900e+01
   5.9354730e-01   4.7999998e+01   2.0906200e+01
   5.9354730e-01   5.2800009e+01   2.2601000e+01
   5.9354730e-01   5.7600020e+01   2.4224700e+01
   5.9354730e-01   6.2400261e+01   2.5736400e+01
   5.9354730e-01   6.7199928e+01   2.7101900e+01
   5.9354730e-01   7.2000168e+01   2.8294800e+01
   5.9526582e-01  -7.2000168e+01   4.9750300e+01
   5.9526582e-01  -6.7199928e+01   4.6957800e+01
   5.9526582e-01  -6.2400261e+01   4.3991500e+01
   5.9526582e-01  -5.7600020e+01   4.0900600e+01
   5.9526582e-01  -5.2800009e+01   3.7737800e+01
   5.9526582e-01  -4.7999998e+01   3.4558200e+01
   5.9526582e-01  -4.3199986e+01   3.1418000e+01
   5.9526582e-01  -3.8399975e+01   2.8373800e+01
   5.9526582e-01  -3.3600021e+01   2.5480400e+01
   5.9526582e-01  -2.8800010e+01   2.2790300e+01
   5.9526582e-01  -2.3999999e+01   2.0351400e+01
   5.9526582e-01  -1.9199988e+01   1.8206400e+01
   5.9526582e-01  -1.4399976e+01   1.6390800e+01
   5.9526582e-01  -9.6000224e+00   1.4932200e+01
   5.9526582e-01  -4.7999998e+00   1.3849100e+01
   5.9526582e-01  -1.4312486e-14   1.3150400e+01
   5.9526582e-01   4.7999998e+00   1.2834700e+01
   5.9526582e-01   9.6000224e+00   1.2890700e+01
   5.9526582e-01   1.4399976e+01   1.3297300e+01
   5.9526582e-01   1.9199988e+01   1.4024200e+01
   5.9526582e-01   2.3999999e+01   1.5033400e+01
   5.9526582e-01   2.8800010e+01   1.6280200e+01
   5.9526582e-01   3.3600021e+01   1.7715200e+01
   5.9526582e-01   3.8399975e+01   1.9285800e+01
   5.9526582e-01   4.3199986e+01   2.0938400e+01
   5.9526582e-01   4.7999998e+01   2.2619900e+01
   5.9526582e-01   5.2800009e+01   2.4280200e+01
   5.9526582e-01   5.7600020e+01   2.5873000e+01
   5.9526582e-01   6.2400261e+01   2.7357800e+01
   5.9526582e-01   6.7199928e+01   2.8700800e+01
   5.9526582e-01   7.2000168e+01   2.9875900e+01
   5.9698317e-01  -7.2000168e+01   5.2384700e+01
   5.9698317e-01  -6.7199928e+01   4.9589800e+01
   5.9698317e-01  -6.2400261e+01   4.6619600e+01
   5.9698317e-01  -5.7600020e+01   4.3523000e+01
   5.9698317e-01  -5.2800009e+01   4.0352400e+01
   5.9698317e-01  -4.7999998e+01   3.7162900e+01
   5.9698317e-01  -4.3199986e+01   3.4010400e+01
   5.9698317e-01  -3.8399975e+01   3.0951300e+01
   5.9698317e-01  -3.3600021e+01   2.8040500e+01
   5.9698317e-01  -2.8800010e+01   2.5330000e+01
   5.9698317e-01  -2.3999999e+01   2.2867800e+01
   5.9698317e-01  -1.9199988e+01   2.0696400e+01
   5.9698317e-01  -1.4399976e+01   1.8851500e+01
   5.9698317e-01  -9.6000224e+00   1.7360700e+01
   5.9698317e-01  -4.7999998e+00   1.6242600e+01
   5.9698317e-01  -1.4312486e-14   1.5506300e+01
   5.9698317e-01   4.7999998e+00   1.5150900e+01
   5.9698317e-01   9.6000224e+00   1.5165200e+01
   5.9698317e-01   1.4399976e+01   1.5528600e+01
   5.9698317e-01   1.9199988e+01   1.6211500e+01
   5.9698317e-01   2.3999999e+01   1.7176200e+01
   5.9698317e-01   2.8800010e+01   1.8378700e+01
   5.9698317e-01   3.3600021e+01   1.9770200e+01
   5.9698317e-01   3.8399975e+01   2.1298700e+01
   5.9698317e-01   4.3199986e+01   2.2911200e+01
   5.9698317e-01   4.7999998e+01   2.4555300e+01
   5.9698317e-01   5.2800009e+01   2.6181200e+01
   5.9698317e-01   5.7600020e+01   2.7743300e+01
   5.9698317e-01   6.2400261e+01   2.9201400e+01
   5.9698317e-01   6.7199928e+01   3.0522200e+01
   5.9698317e-01   7.2000168e+01   3.1679700e+01
   5.9869934e-01  -7.2000168e+01   5.5245900e+01
   5.9869934e-01  -6.7199928e+01   5.2448500e+01
   5.9869934e-01  -6.2400261e+01   4.9474200e+01
   5.9869934e-01  -5.7600020e+01   4.6371700e+01
   5.9869934e-01  -5.2800009e+01   4.3193300e+01
   5.9869934e-01  -4.7999998e+01   3.9993800e+01
   5.9869934e-01  -4.3199986e+01   3.6829000e+01
   5.9869934e-01  -3.8399975e+01   3.3755000e+01
   5.9869934e-01  -3.3600021e+01   3.0826500e+01
   5.9869934e-01  -2.8800010e+01   2.8095600e+01
   5.9869934e-01  -2.3999999e+01   2.5610100e+01
   5.9869934e-01  -1.9199988e+01   2.3412400e+01
   5.9869934e-01  -1.4399976e+01   2.1538200e+01
   5.9869934e-01  -9.6000224e+00   2.0015200e+01
   5.9869934e-01  -4.7999998e+00   1.8862200e+01
   5.9869934e-01  -1.4312486e-14   1.8088500e+01
   5.9869934e-01   4.7999998e+00   1.7693300e+01
   5.9869934e-01   9.6000224e+00   1.7666100e+01
   5.9869934e-01   1.4399976e+01   1.7986600e+01
   5.9869934e-01   1.9199988e+01   1.8625500e+01
   5.9869934e-01   2.3999999e+01   1.9545900e+01
   5.9869934e-01   2.8800010e+01   2.0704300e+01
   5.9869934e-01   3.3600021e+01   2.2052500e+01
   5.9869934e-01   3.8399975e+01   2.3539100e+01
   5.9869934e-01   4.3199986e+01   2.5111800e+01
   5.9869934e-01   4.7999998e+01   2.6718600e+01
   5.9869934e-01   5.2800009e+01   2.8310400e+01
   5.9869934e-01   5.7600020e+01   2.9842000e+01
   5.9869934e-01   6.2400261e+01   3.1273700e+01
   5.9869934e-01   6.7199928e+01   3.2572400e+01
   5.9869934e-01   7.2000168e+01   3.3712600e+01
   6.0041430e-01  -7.2000168e+01   5.8340000e+01
   6.0041430e-01  -6.7199928e+01   5.5540000e+01
   6.0041430e-01  -6.2400261e+01   5.2561400e+01
   6.0041430e-01  -5.7600020e+01   4.9452900e+01
   6.0041430e-01  -5.2800009e+01   4.6266600e+01
   6.0041430e-01  -4.7999998e+01   4.3057000e+01
   6.0041430e-01  -4.3199986e+01   3.9879700e+01
   6.0041430e-01  -3.8399975e+01   3.6790800e+01
   6.0041430e-01  -3.3600021e+01   3.3844700e+01
   6.0041430e-01  -2.8800010e+01   3.1093300e+01
   6.0041430e-01  -2.3999999e+01   2.8584500e+01
   6.0041430e-01  -1.9199988e+01   2.6360500e+01
   6.0041430e-01  -1.4399976e+01   2.4457100e+01
   6.0041430e-01  -9.6000224e+00   2.2901900e+01
   6.0041430e-01  -4.7999998e+00   2.1714100e+01
   6.0041430e-01  -1.4312486e-14   2.0903000e+01
   6.0041430e-01   4.7999998e+00   2.0468300e+01
   6.0041430e-01   9.6000224e+00   2.0399600e+01
   6.0041430e-01   1.4399976e+01   2.0677200e+01
   6.0041430e-01   1.9199988e+01   2.1272400e+01
   6.0041430e-01   2.3999999e+01   2.2148700e+01
   6.0041430e-01   2.8800010e+01   2.3263200e+01
   6.0041430e-01   3.3600021e+01   2.4568300e+01
   6.0041430e-01   3.8399975e+01   2.6013300e+01
   6.0041430e-01   4.3199986e+01   2.7546300e+01
   6.0041430e-01   4.7999998e+01   2.9116100e+01
   6.0041430e-01   5.2800009e+01   3.0674000e+01
   6.0041430e-01   5.7600020e+01   3.2175400e+01
   6.0041430e-01   6.2400261e+01   3.3580800e+01
   6.0041430e-01   6.7199928e+01   3.4857700e+01
   6.0041430e-01   7.2000168e+01   3.5980700e+01
   6.0212802e-01  -7.2000168e+01   6.1672800e+01
   6.0212802e-01  -6.7199928e+01   5.8870100e+01
   6.0212802e-01  -6.2400261e+01   5.5887200e+01
   6.0212802e-01  -5.7600020e+01   5.2772600e+01
   6.0212802e-01  -5.2800009e+01   4.9578200e+01
   6.0212802e-01  -4.7999998e+01   4.6358400e+01
   6.0212802e-01  -4.3199986e+01   4.3168700e+01
   6.0212802e-01  -3.8399975e+01   4.0064700e+01
   6.0212802e-01  -3.3600021e+01   3.7100900e+01
   6.0212802e-01  -2.8800010e+01   3.4329100e+01
   6.0212802e-01  -2.3999999e+01   3.1796900e+01
   6.0212802e-01  -1.9199988e+01   2.9546600e+01
   6.0212802e-01  -1.4399976e+01   2.7613900e+01
   6.0212802e-01  -9.6000224e+00   2.6026700e+01
   6.0212802e-01  -4.7999998e+00   2.4804100e+01
   6.0212802e-01  -1.4312486e-14   2.3955800e+01
   6.0212802e-01   4.7999998e+00   2.3481600e+01
   6.0212802e-01   9.6000224e+00   2.3371700e+01
   6.0212802e-01   1.4399976e+01   2.3606600e+01
   6.0212802e-01   1.9199988e+01   2.4158200e+01
   6.0212802e-01   2.3999999e+01   2.4990600e+01
   6.0212802e-01   2.8800010e+01   2.6061400e+01
   6.0212802e-01   3.3600021e+01   2.7323600e+01
   6.0212802e-01   3.8399975e+01   2.8727200e+01
   6.0212802e-01   4.3199986e+01   3.0220800e+01
   6.0212802e-01   4.7999998e+01   3.1753800e+01
   6.0212802e-01   5.2800009e+01   3.3278100e+01
   6.0212802e-01   5.7600020e+01   3.4749400e+01
   6.0212802e-01   6.2400261e+01   3.6128800e+01
   6.0212802e-01   6.7199928e+01   3.7384100e+01
   6.0212802e-01   7.2000168e+01   3.8490200e+01
