#sin^2(theta23) Delta_CP/deg Delta_chi^2
   5.3457422e-01   1.2599972e+02   7.1893100e+01
   5.3457422e-01   1.3139985e+02   6.5616600e+01
   5.3457422e-01   1.3679998e+02   5.9364300e+01
   5.3457422e-01   1.4220010e+02   5.3255600e+01
   5.3457422e-01   1.4760023e+02   4.7400900e+01
   5.3457422e-01   1.5299978e+02   4.1898400e+01
   5.3457422e-01   1.5839991e+02   3.6831400e+01
   5.3457422e-01   1.6380004e+02   3.2267000e+01
   5.3457422e-01   1.6920017e+02   2.8254300e+01
   5.3457422e-01   1.7459972e+02   2.4824200e+01
   5.3457422e-01   1.7999985e+02   2.1989200e+01
   5.3457422e-01   1.8539998e+02   1.9744500e+01
   5.3457422e-01   1.9080010e+02   1.8069400e+01
   5.3457422e-01   1.9620023e+02   1.6929000e+01
   5.3457422e-01   2.0159978e+02   1.6276600e+01
   5.3457422e-01   2.0699991e+02   1.6055900e+01
   5.3457422e-01   2.1240004e+02   1.6204400e+01
   5.3457422e-01   2.1780017e+02   1.6655100e+01
   5.3457422e-01   2.2319972e+02   1.7340000e+01
   5.3457422e-01   2.2859985e+02   1.8192300e+01
   5.3457422e-01   2.3399997e+02   1.9148700e+01
   5.3457422e-01   2.3940010e+02   2.0151600e+01
   5.3457422e-01   2.4480023e+02   2.1151100e+01
   5.3457422e-01   2.5019978e+02   2.2106200e+01
   5.3457422e-01   2.5559991e+02   2.2986300e+01
   5.3457422e-01   2.6100004e+02   2.3771700e+01
   5.3457422e-01   2.6640016e+02   2.4454700e+01
   5.3457422e-01   2.7179972e+02   2.5039400e+01
   5.3457422e-01   2.7719985e+02   2.5541700e+01
   5.3457422e-01   2.8259997e+02   2.5988700e+01
   5.3631982e-01   1.2599972e+02   7.0244000e+01
   5.3631982e-01   1.3139985e+02   6.4018400e+01
   5.3631982e-01   1.3679998e+02   5.7820300e+01
   5.3631982e-01   1.4220010e+02   5.1768200e+01
   5.3631982e-01   1.4760023e+02   4.5971400e+01
   5.3631982e-01   1.5299978e+02   4.0527200e+01
   5.3631982e-01   1.5839991e+02   3.5518400e+01
   5.3631982e-01   1.6380004e+02   3.1011100e+01
   5.3631982e-01   1.6920017e+02   2.7053800e+01
   5.3631982e-01   1.7459972e+02   2.3676700e+01
   5.3631982e-01   1.7999985e+02   2.0892100e+01
   5.3631982e-01   1.8539998e+02   1.8694700e+01
   5.3631982e-01   1.9080010e+02   1.7063600e+01
   5.3631982e-01   1.9620023e+02   1.5963700e+01
   5.3631982e-01   2.0159978e+02   1.5348300e+01
   5.3631982e-01   2.0699991e+02   1.5161300e+01
   5.3631982e-01   2.1240004e+02   1.5339900e+01
   5.3631982e-01   2.1780017e+02   1.5817600e+01
   5.3631982e-01   2.2319972e+02   1.6526400e+01
   5.3631982e-01   2.2859985e+02   1.7399700e+01
   5.3631982e-01   2.3399997e+02   1.8374500e+01
   5.3631982e-01   2.3940010e+02   1.9393300e+01
   5.3631982e-01   2.4480023e+02   2.0406400e+01
   5.3631982e-01   2.5019978e+02   2.1372900e+01
   5.3631982e-01   2.5559991e+02   2.2262200e+01
   5.3631982e-01   2.6100004e+02   2.3054900e+01
   5.3631982e-01   2.6640016e+02   2.3743200e+01
   5.3631982e-01   2.7179972e+02   2.4331000e+01
   5.3631982e-01   2.7719985e+02   2.4834200e+01
   5.3631982e-01   2.8259997e+02   2.5279700e+01
   5.3806497e-01   1.2599972e+02   6.8575000e+01
   5.3806497e-01   1.3139985e+02   6.2400200e+01
   5.3806497e-01   1.3679998e+02   5.6256100e+01
   5.3806497e-01   1.4220010e+02   5.0260200e+01
   5.3806497e-01   1.4760023e+02   4.4521100e+01
   5.3806497e-01   1.5299978e+02   3.9135100e+01
   5.3806497e-01   1.5839991e+02   3.4184200e+01
   5.3806497e-01   1.6380004e+02   2.9733700e+01
   5.3806497e-01   1.6920017e+02   2.5831600e+01
   5.3806497e-01   1.7459972e+02   2.2507500e+01
   5.3806497e-01   1.7999985e+02   1.9773000e+01
   5.3806497e-01   1.8539998e+02   1.7622700e+01
   5.3806497e-01   1.9080010e+02   1.6035400e+01
   5.3806497e-01   1.9620023e+02   1.4975900e+01
   5.3806497e-01   2.0159978e+02   1.4397300e+01
   5.3806497e-01   2.0699991e+02   1.4243700e+01
   5.3806497e-01   2.1240004e+02   1.4452300e+01
   5.3806497e-01   2.1780017e+02   1.4956800e+01
   5.3806497e-01   2.2319972e+02   1.5689400e+01
   5.3806497e-01   2.2859985e+02   1.6583600e+01
   5.3806497e-01   2.3399997e+02   1.7576700e+01
   5.3806497e-01   2.3940010e+02   1.8611300e+01
   5.3806497e-01   2.4480023e+02   1.9637900e+01
   5.3806497e-01   2.5019978e+02   2.0615800e+01
   5.3806497e-01   2.5559991e+02   2.1514300e+01
   5.3806497e-01   2.6100004e+02   2.2314200e+01
   5.3806497e-01   2.6640016e+02   2.3007600e+01
   5.3806497e-01   2.7179972e+02   2.3598500e+01
   5.3806497e-01   2.7719985e+02   2.4102600e+01
   5.3806497e-01   2.8259997e+02   2.4546600e+01
   5.3980966e-01   1.2599972e+02   6.6890900e+01
   5.3980966e-01   1.3139985e+02   6.0766800e+01
   5.3980966e-01   1.3679998e+02   5.4676500e+01
   5.3980966e-01   1.4220010e+02   4.8736700e+01
   5.3980966e-01   1.4760023e+02   4.3055000e+01
   5.3980966e-01   1.5299978e+02   3.7727000e+01
   5.3980966e-01   1.5839991e+02   3.2833800e+01
   5.3980966e-01   1.6380004e+02   2.8440000e+01
   5.3980966e-01   1.6920017e+02   2.4592800e+01
   5.3980966e-01   1.7459972e+02   2.1321400e+01
   5.3980966e-01   1.7999985e+02   1.8636900e+01
   5.3980966e-01   1.8539998e+02   1.6533500e+01
   5.3980966e-01   1.9080010e+02   1.4989800e+01
   5.3980966e-01   1.9620023e+02   1.3970500e+01
   5.3980966e-01   2.0159978e+02   1.3428600e+01
   5.3980966e-01   2.0699991e+02   1.3308200e+01
   5.3980966e-01   2.1240004e+02   1.3546700e+01
   5.3980966e-01   2.1780017e+02   1.4077900e+01
   5.3980966e-01   2.2319972e+02   1.4834100e+01
   5.3980966e-01   2.2859985e+02   1.5749200e+01
   5.3980966e-01   2.3399997e+02   1.6760400e+01
   5.3980966e-01   2.3940010e+02   1.7810800e+01
   5.3980966e-01   2.4480023e+02   1.8850800e+01
   5.3980966e-01   2.5019978e+02   1.9839800e+01
   5.3980966e-01   2.5559991e+02   2.0747500e+01
   5.3980966e-01   2.6100004e+02   2.1554600e+01
   5.3980966e-01   2.6640016e+02   2.2253100e+01
   5.3980966e-01   2.7179972e+02   2.2847000e+01
   5.3980966e-01   2.7719985e+02   2.3351900e+01
   5.3980966e-01   2.8259997e+02   2.3794400e+01
   5.4155385e-01   1.2599972e+02   6.5196800e+01
   5.4155385e-01   1.3139985e+02   5.9123300e+01
   5.4155385e-01   1.3679998e+02   5.3086600e+01
   5.4155385e-01   1.4220010e+02   4.7202700e+01
   5.4155385e-01   1.4760023e+02   4.1578300e+01
   5.4155385e-01   1.5299978e+02   3.6308100e+01
   5.4155385e-01   1.5839991e+02   3.1472400e+01
   5.4155385e-01   1.6380004e+02   2.7135100e+01
   5.4155385e-01   1.6920017e+02   2.3342700e+01
   5.4155385e-01   1.7459972e+02   2.0123800e+01
   5.4155385e-01   1.7999985e+02   1.7489100e+01
   5.4155385e-01   1.8539998e+02   1.5432500e+01
   5.4155385e-01   1.9080010e+02   1.3932200e+01
   5.4155385e-01   1.9620023e+02   1.2952900e+01
   5.4155385e-01   2.0159978e+02   1.2447600e+01
   5.4155385e-01   2.0699991e+02   1.2360200e+01
   5.4155385e-01   2.1240004e+02   1.2628500e+01
   5.4155385e-01   2.1780017e+02   1.3186200e+01
   5.4155385e-01   2.2319972e+02   1.3966000e+01
   5.4155385e-01   2.2859985e+02   1.4901700e+01
   5.4155385e-01   2.3399997e+02   1.5931000e+01
   5.4155385e-01   2.3940010e+02   1.6997000e+01
   5.4155385e-01   2.4480023e+02   1.8050300e+01
   5.4155385e-01   2.5019978e+02   1.9050500e+01
   5.4155385e-01   2.5559991e+02   1.9967300e+01
   5.4155385e-01   2.6100004e+02   2.0781400e+01
   5.4155385e-01   2.6640016e+02   2.1484900e+01
   5.4155385e-01   2.7179972e+02   2.2081800e+01
   5.4155385e-01   2.7719985e+02   2.2587500e+01
   5.4155385e-01   2.8259997e+02   2.3028400e+01
   5.4329754e-01   1.2599972e+02   6.3498300e+01
   5.4329754e-01   1.3139985e+02   5.7475100e+01
   5.4329754e-01   1.3679998e+02   5.1492000e+01
   5.4329754e-01   1.4220010e+02   4.5663900e+01
   5.4329754e-01   1.4760023e+02   4.0096600e+01
   5.4329754e-01   1.5299978e+02   3.4884000e+01
   5.4329754e-01   1.5839991e+02   3.0105700e+01
   5.4329754e-01   1.6380004e+02   2.5824600e+01
   5.4329754e-01   1.6920017e+02   2.2086800e+01
   5.4329754e-01   1.7459972e+02   1.8920200e+01
   5.4329754e-01   1.7999985e+02   1.6335200e+01
   5.4329754e-01   1.8539998e+02   1.4325100e+01
   5.4329754e-01   1.9080010e+02   1.2868200e+01
   5.4329754e-01   1.9620023e+02   1.1928700e+01
   5.4329754e-01   2.0159978e+02   1.1459800e+01
   5.4329754e-01   2.0699991e+02   1.1405400e+01
   5.4329754e-01   2.1240004e+02   1.1703300e+01
   5.4329754e-01   2.1780017e+02   1.2287500e+01
   5.4329754e-01   2.2319972e+02   1.3090600e+01
   5.4329754e-01   2.2859985e+02   1.4046900e+01
   5.4329754e-01   2.3399997e+02   1.5094100e+01
   5.4329754e-01   2.3940010e+02   1.6175600e+01
   5.4329754e-01   2.4480023e+02   1.7242100e+01
   5.4329754e-01   2.5019978e+02   1.8253400e+01
   5.4329754e-01   2.5559991e+02   1.9179200e+01
   5.4329754e-01   2.6100004e+02   2.0000200e+01
   5.4329754e-01   2.6640016e+02   2.0708700e+01
   5.4329754e-01   2.7179972e+02   2.1308500e+01
   5.4329754e-01   2.7719985e+02   2.1814900e+01
   5.4329754e-01   2.8259997e+02   2.2254300e+01
   5.4504070e-01   1.2599972e+02   6.1801000e+01
   5.4504070e-01   1.3139985e+02   5.5828100e+01
   5.4504070e-01   1.3679998e+02   4.9898300e+01
   5.4504070e-01   1.4220010e+02   4.4125800e+01
   5.4504070e-01   1.4760023e+02   3.8615500e+01
   5.4504070e-01   1.5299978e+02   3.3460500e+01
   5.4504070e-01   1.5839991e+02   2.8739300e+01
   5.4504070e-01   1.6380004e+02   2.4514400e+01
   5.4504070e-01   1.6920017e+02   2.0831000e+01
   5.4504070e-01   1.7459972e+02   1.7716600e+01
   5.4504070e-01   1.7999985e+02   1.5181000e+01
   5.4504070e-01   1.8539998e+02   1.3217400e+01
   5.4504070e-01   1.9080010e+02   1.1803600e+01
   5.4504070e-01   1.9620023e+02   1.0903900e+01
   5.4504070e-01   2.0159978e+02   1.0471200e+01
   5.4504070e-01   2.0699991e+02   1.0449600e+01
   5.4504070e-01   2.1240004e+02   1.0777000e+01
   5.4504070e-01   2.1780017e+02   1.1387500e+01
   5.4504070e-01   2.2319972e+02   1.2213900e+01
   5.4504070e-01   2.2859985e+02   1.3190700e+01
   5.4504070e-01   2.3399997e+02   1.4255700e+01
   5.4504070e-01   2.3940010e+02   1.5352600e+01
   5.4504070e-01   2.4480023e+02   1.6432200e+01
   5.4504070e-01   2.5019978e+02   1.7454400e+01
   5.4504070e-01   2.5559991e+02   1.8389100e+01
   5.4504070e-01   2.6100004e+02   1.9217100e+01
   5.4504070e-01   2.6640016e+02   1.9930400e+01
   5.4504070e-01   2.7179972e+02   2.0533000e+01
   5.4504070e-01   2.7719985e+02   2.1040100e+01
   5.4504070e-01   2.8259997e+02   2.1477800e+01
   5.4678330e-01   1.2599972e+02   6.0110800e+01
   5.4678330e-01   1.3139985e+02   5.4188100e+01
   5.4678330e-01   1.3679998e+02   4.8311700e+01
   5.4678330e-01   1.4220010e+02   4.2594700e+01
   5.4678330e-01   1.4760023e+02   3.7141200e+01
   5.4678330e-01   1.5299978e+02   3.2043500e+01
   5.4678330e-01   1.5839991e+02   2.7379400e+01
   5.4678330e-01   1.6380004e+02   2.3210500e+01
   5.4678330e-01   1.6920017e+02   1.9581400e+01
   5.4678330e-01   1.7459972e+02   1.6519000e+01
   5.4678330e-01   1.7999985e+02   1.4032800e+01
   5.4678330e-01   1.8539998e+02   1.2115500e+01
   5.4678330e-01   1.9080010e+02   1.0744600e+01
   5.4678330e-01   1.9620023e+02   9.8844900e+00
   5.4678330e-01   2.0159978e+02   9.4879300e+00
   5.4678330e-01   2.0699991e+02   9.4990900e+00
   5.4678330e-01   2.1240004e+02   9.8558600e+00
   5.4678330e-01   2.1780017e+02   1.0492500e+01
   5.4678330e-01   2.2319972e+02   1.1342100e+01
   5.4678330e-01   2.2859985e+02   1.2339200e+01
   5.4678330e-01   2.3399997e+02   1.3421900e+01
   5.4678330e-01   2.3940010e+02   1.4534100e+01
   5.4678330e-01   2.4480023e+02   1.5626700e+01
   5.4678330e-01   2.5019978e+02   1.6659800e+01
   5.4678330e-01   2.5559991e+02   1.7603300e+01
   5.4678330e-01   2.6100004e+02   1.8438000e+01
   5.4678330e-01   2.6640016e+02   1.9156200e+01
   5.4678330e-01   2.7179972e+02   1.9761500e+01
   5.4678330e-01   2.7719985e+02   2.0269100e+01
   5.4678330e-01   2.8259997e+02   2.0705100e+01
   5.4852534e-01   1.2599972e+02   5.8434000e+01
   5.4852534e-01   1.3139985e+02   5.2561500e+01
   5.4852534e-01   1.3679998e+02   4.6738200e+01
   5.4852534e-01   1.4220010e+02   4.1076600e+01
   5.4852534e-01   1.4760023e+02   3.5679900e+01
   5.4852534e-01   1.5299978e+02   3.0639500e+01
   5.4852534e-01   1.5839991e+02   2.6032200e+01
   5.4852534e-01   1.6380004e+02   2.1919200e+01
   5.4852534e-01   1.6920017e+02   1.8344300e+01
   5.4852534e-01   1.7459972e+02   1.5333900e+01
   5.4852534e-01   1.7999985e+02   1.2896800e+01
   5.4852534e-01   1.8539998e+02   1.1025600e+01
   5.4852534e-01   1.9080010e+02   9.6976800e+00
   5.4852534e-01   1.9620023e+02   8.8769800e+00
   5.4852534e-01   2.0159978e+02   8.5164200e+00
   5.4852534e-01   2.0699991e+02   8.5601600e+00
   5.4852534e-01   2.1240004e+02   8.9461700e+00
   5.4852534e-01   2.1780017e+02   9.6088300e+00
   5.4852534e-01   2.2319972e+02   1.0481500e+01
   5.4852534e-01   2.2859985e+02   1.1498800e+01
   5.4852534e-01   2.3399997e+02   1.2599200e+01
   5.4852534e-01   2.3940010e+02   1.3726500e+01
   5.4852534e-01   2.4480023e+02   1.4832000e+01
   5.4852534e-01   2.5019978e+02   1.5875800e+01
   5.4852534e-01   2.5559991e+02   1.6828000e+01
   5.4852534e-01   2.6100004e+02   1.7669400e+01
   5.4852534e-01   2.6640016e+02   1.8392300e+01
   5.4852534e-01   2.7179972e+02   1.9000300e+01
   5.4852534e-01   2.7719985e+02   1.9508400e+01
   5.4852534e-01   2.8259997e+02   1.9942500e+01
   5.5026677e-01   1.2599972e+02   5.6777100e+01
   5.5026677e-01   1.3139985e+02   5.0954500e+01
   5.5026677e-01   1.3679998e+02   4.5184400e+01
   5.5026677e-01   1.4220010e+02   3.9578200e+01
   5.5026677e-01   1.4760023e+02   3.4238100e+01
   5.5026677e-01   1.5299978e+02   2.9254800e+01
   5.5026677e-01   1.5839991e+02   2.4704400e+01
   5.5026677e-01   1.6380004e+02   2.0647100e+01
   5.5026677e-01   1.6920017e+02   1.7126300e+01
   5.5026677e-01   1.7459972e+02   1.4167600e+01
   5.5026677e-01   1.7999985e+02   1.1779600e+01
   5.5026677e-01   1.8539998e+02   9.9545000e+00
   5.5026677e-01   1.9080010e+02   8.6693100e+00
   5.5026677e-01   1.9620023e+02   7.8879500e+00
   5.5026677e-01   2.0159978e+02   7.5632700e+00
   5.5026677e-01   2.0699991e+02   7.6394600e+00
   5.5026677e-01   2.1240004e+02   8.0545900e+00
   5.5026677e-01   2.1780017e+02   8.7432000e+00
   5.5026677e-01   2.2319972e+02   9.6387900e+00
   5.5026677e-01   2.2859985e+02   1.0676300e+01
   5.5026677e-01   2.3399997e+02   1.1794100e+01
   5.5026677e-01   2.3940010e+02   1.2936400e+01
   5.5026677e-01   2.4480023e+02   1.4054700e+01
   5.5026677e-01   2.5019978e+02   1.5109200e+01
   5.5026677e-01   2.5559991e+02   1.6070000e+01
   5.5026677e-01   2.6100004e+02   1.6918000e+01
   5.5026677e-01   2.6640016e+02   1.7645400e+01
   5.5026677e-01   2.7179972e+02   1.8255900e+01
   5.5026677e-01   2.7719985e+02   1.8764400e+01
   5.5026677e-01   2.8259997e+02   1.9196700e+01
   5.5200760e-01   1.2599972e+02   5.5146600e+01
   5.5200760e-01   1.3139985e+02   4.9374100e+01
   5.5200760e-01   1.3679998e+02   4.3657000e+01
   5.5200760e-01   1.4220010e+02   3.8106000e+01
   5.5200760e-01   1.4760023e+02   3.2822600e+01
   5.5200760e-01   1.5299978e+02   2.7896300e+01
   5.5200760e-01   1.5839991e+02   2.3402600e+01
   5.5200760e-01   1.6380004e+02   1.9401000e+01
   5.5200760e-01   1.6920017e+02   1.5934100e+01
   5.5200760e-01   1.7459972e+02   1.3027100e+01
   5.5200760e-01   1.7999985e+02   1.0688100e+01
   5.5200760e-01   1.8539998e+02   8.9088900e+00
   5.5200760e-01   1.9080010e+02   7.6663300e+00
   5.5200760e-01   1.9620023e+02   6.9241900e+00
   5.5200760e-01   2.0159978e+02   6.6352800e+00
   5.5200760e-01   2.0699991e+02   6.7438100e+00
   5.5200760e-01   2.1240004e+02   7.1879600e+00
   5.5200760e-01   2.1780017e+02   7.9023900e+00
   5.5200760e-01   2.2319972e+02   8.8207900e+00
   5.5200760e-01   2.2859985e+02   9.8782500e+00
   5.5200760e-01   2.3399997e+02   1.1013500e+01
   5.5200760e-01   2.3940010e+02   1.2170800e+01
   5.5200760e-01   2.4480023e+02   1.3301700e+01
   5.5200760e-01   2.5019978e+02   1.4366700e+01
   5.5200760e-01   2.5559991e+02   1.5335900e+01
   5.5200760e-01   2.6100004e+02   1.6190400e+01
   5.5200760e-01   2.6640016e+02   1.6922300e+01
   5.5200760e-01   2.7179972e+02   1.7535300e+01
   5.5200760e-01   2.7719985e+02   1.8044100e+01
   5.5200760e-01   2.8259997e+02   1.8474300e+01
   5.5374778e-01   1.2599972e+02   5.3549400e+01
   5.5374778e-01   1.3139985e+02   4.7826900e+01
   5.5374778e-01   1.3679998e+02   4.2162900e+01
   5.5374778e-01   1.4220010e+02   3.6667100e+01
   5.5374778e-01   1.4760023e+02   3.1440200e+01
   5.5374778e-01   1.5299978e+02   2.6570900e+01
   5.5374778e-01   1.5839991e+02   2.2133800e+01
   5.5374778e-01   1.6380004e+02   1.8187800e+01
   5.5374778e-01   1.6920017e+02   1.4774700e+01
   5.5374778e-01   1.7459972e+02   1.1919300e+01
   5.5374778e-01   1.7999985e+02   9.6291600e+00
   5.5374778e-01   1.8539998e+02   7.8957600e+00
   5.5374778e-01   1.9080010e+02   6.6957300e+00
   5.5374778e-01   1.9620023e+02   5.9927100e+00
   5.5374778e-01   2.0159978e+02   5.7394600e+00
   5.5374778e-01   2.0699991e+02   5.8802200e+00
   5.5374778e-01   2.1240004e+02   6.3532600e+00
   5.5374778e-01   2.1780017e+02   7.0934000e+00
   5.5374778e-01   2.2319972e+02   8.0345000e+00
   5.5374778e-01   2.2859985e+02   9.1118500e+00
   5.5374778e-01   2.3399997e+02   1.0264300e+01
   5.5374778e-01   2.3940010e+02   1.1436400e+01
   5.5374778e-01   2.4480023e+02   1.2579900e+01
   5.5374778e-01   2.5019978e+02   1.3655300e+01
   5.5374778e-01   2.5559991e+02   1.4632900e+01
   5.5374778e-01   2.6100004e+02   1.5493700e+01
   5.5374778e-01   2.6640016e+02   1.6230000e+01
   5.5374778e-01   2.7179972e+02   1.6845300e+01
   5.5374778e-01   2.7719985e+02   1.7354200e+01
   5.5374778e-01   2.8259997e+02   1.7782300e+01
   5.5548731e-01   1.2599972e+02   5.1992600e+01
   5.5548731e-01   1.3139985e+02   4.6320000e+01
   5.5548731e-01   1.3679998e+02   4.0709000e+01
   5.5548731e-01   1.4220010e+02   3.5268400e+01
   5.5548731e-01   1.4760023e+02   3.0097900e+01
   5.5548731e-01   1.5299978e+02   2.5285600e+01
   5.5548731e-01   1.5839991e+02   2.0905100e+01
   5.5548731e-01   1.6380004e+02   1.7014500e+01
   5.5548731e-01   1.6920017e+02   1.3655300e+01
   5.5548731e-01   1.7459972e+02   1.0851300e+01
   5.5548731e-01   1.7999985e+02   8.6099500e+00
   5.5548731e-01   1.8539998e+02   6.9222700e+00
   5.5548731e-01   1.9080010e+02   5.7646700e+00
   5.5548731e-01   1.9620023e+02   5.1006600e+00
   5.5548731e-01   2.0159978e+02   4.8829500e+00
   5.5548731e-01   2.0699991e+02   5.0558300e+00
   5.5548731e-01   2.1240004e+02   5.5576600e+00
   5.5548731e-01   2.1780017e+02   6.3234000e+00
   5.5548731e-01   2.2319972e+02   7.2870900e+00
   5.5548731e-01   2.2859985e+02   8.3842000e+00
   5.5548731e-01   2.3399997e+02   9.5538200e+00
   5.5548731e-01   2.3940010e+02   1.0740600e+01
   5.5548731e-01   2.4480023e+02   1.1896500e+01
   5.5548731e-01   2.5019978e+02   1.2982200e+01
   5.5548731e-01   2.5559991e+02   1.3968000e+01
   5.5548731e-01   2.6100004e+02   1.4835100e+01
   5.5548731e-01   2.6640016e+02   1.5575600e+01
   5.5548731e-01   2.7179972e+02   1.6193000e+01
   5.5548731e-01   2.7719985e+02   1.6702000e+01
   5.5548731e-01   2.8259997e+02   1.7127900e+01
   5.5722616e-01   1.2599972e+02   5.0483300e+01
   5.5722616e-01   1.3139985e+02   4.4860700e+01
   5.5722616e-01   1.3679998e+02   3.9302700e+01
   5.5722616e-01   1.4220010e+02   3.3917200e+01
   5.5722616e-01   1.4760023e+02   2.8803200e+01
   5.5722616e-01   1.5299978e+02   2.4047700e+01
   5.5722616e-01   1.5839991e+02   1.9723700e+01
   5.5722616e-01   1.6380004e+02   1.5888600e+01
   5.5722616e-01   1.6920017e+02   1.2583000e+01
   5.5722616e-01   1.7459972e+02   9.8304500e+00
   5.5722616e-01   1.7999985e+02   7.6377600e+00
   5.5722616e-01   1.8539998e+02   5.9957000e+00
   5.5722616e-01   1.9080010e+02   4.8804400e+00
   5.5722616e-01   1.9620023e+02   4.2553400e+00
   5.5722616e-01   2.0159978e+02   4.0730800e+00
   5.5722616e-01   2.0699991e+02   4.2779700e+00
   5.5722616e-01   2.1240004e+02   4.8084800e+00
   5.5722616e-01   2.1780017e+02   5.5997100e+00
   5.5722616e-01   2.2319972e+02   6.5858700e+00
   5.5722616e-01   2.2859985e+02   7.7026200e+00
   5.5722616e-01   2.3399997e+02   8.8892600e+00
   5.5722616e-01   2.3940010e+02   1.0090600e+01
   5.5722616e-01   2.4480023e+02   1.1258800e+01
   5.5722616e-01   2.5019978e+02   1.2354600e+01
   5.5722616e-01   2.5559991e+02   1.3348500e+01
   5.5722616e-01   2.6100004e+02   1.4221700e+01
   5.5722616e-01   2.6640016e+02   1.4966300e+01
   5.5722616e-01   2.7179972e+02   1.5585800e+01
   5.5722616e-01   2.7719985e+02   1.6094800e+01
   5.5722616e-01   2.8259997e+02   1.6518300e+01
   5.5896430e-01   1.2599972e+02   4.9028800e+01
   5.5896430e-01   1.3139985e+02   4.3456200e+01
   5.5896430e-01   1.3679998e+02   3.7951200e+01
   5.5896430e-01   1.4220010e+02   3.2620900e+01
   5.5896430e-01   1.4760023e+02   2.7563200e+01
   5.5896430e-01   1.5299978e+02   2.2864500e+01
   5.5896430e-01   1.5839991e+02   1.8597000e+01
   5.5896430e-01   1.6380004e+02   1.4817300e+01
   5.5896430e-01   1.6920017e+02   1.1565300e+01
   5.5896430e-01   1.7459972e+02   8.8640900e+00
   5.5896430e-01   1.7999985e+02   6.7200100e+00
   5.5896430e-01   1.8539998e+02   5.1234900e+00
   5.5896430e-01   1.9080010e+02   4.0504700e+00
   5.5896430e-01   1.9620023e+02   3.4641900e+00
   5.5896430e-01   2.0159978e+02   3.3172700e+00
   5.5896430e-01   2.0699991e+02   3.5540800e+00
   5.5896430e-01   2.1240004e+02   4.1131600e+00
   5.5896430e-01   2.1780017e+02   4.9297600e+00
   5.5896430e-01   2.2319972e+02   5.9382700e+00
   5.5896430e-01   2.2859985e+02   7.0745500e+00
   5.5896430e-01   2.3399997e+02   8.2780700e+00
   5.5896430e-01   2.3940010e+02   9.4938800e+00
   5.5896430e-01   2.4480023e+02   1.0674200e+01
   5.5896430e-01   2.5019978e+02   1.1780000e+01
   5.5896430e-01   2.5559991e+02   1.2781900e+01
   5.5896430e-01   2.6100004e+02   1.3661000e+01
   5.5896430e-01   2.6640016e+02   1.4409600e+01
   5.5896430e-01   2.7179972e+02   1.5031100e+01
   5.5896430e-01   2.7719985e+02   1.5539800e+01
   5.5896430e-01   2.8259997e+02   1.5960800e+01
   5.6070173e-01   1.2599972e+02   4.7636600e+01
   5.6070173e-01   1.3139985e+02   4.2114100e+01
   5.6070173e-01   1.3679998e+02   3.6662100e+01
   5.6070173e-01   1.4220010e+02   3.1386800e+01
   5.6070173e-01   1.4760023e+02   2.6385600e+01
   5.6070173e-01   1.5299978e+02   2.1743700e+01
   5.6070173e-01   1.5839991e+02   1.7532600e+01
   5.6070173e-01   1.6380004e+02   1.3808100e+01
   5.6070173e-01   1.6920017e+02   1.0609700e+01
   5.6070173e-01   1.7459972e+02   7.9597900e+00
   5.6070173e-01   1.7999985e+02   5.8642400e+00
   5.6070173e-01   1.8539998e+02   4.3131700e+00
   5.6070173e-01   1.9080010e+02   3.2823100e+00
   5.6070173e-01   1.9620023e+02   2.7347500e+00
   5.6070173e-01   2.0159978e+02   2.6230800e+00
   5.6070173e-01   2.0699991e+02   2.8916900e+00
   5.6070173e-01   2.1240004e+02   3.4792300e+00
   5.6070173e-01   2.1780017e+02   4.3211000e+00
   5.6070173e-01   2.2319972e+02   5.3518500e+00
   5.6070173e-01   2.2859985e+02   6.5075300e+00
   5.6070173e-01   2.3399997e+02   7.7278200e+00
   5.6070173e-01   2.3940010e+02   8.9579400e+00
   5.6070173e-01   2.4480023e+02   1.0150300e+01
   5.6070173e-01   2.5019978e+02   1.1266000e+01
   5.6070173e-01   2.5559991e+02   1.2275700e+01
   5.6070173e-01   2.6100004e+02   1.3160600e+01
   5.6070173e-01   2.6640016e+02   1.3913000e+01
   5.6070173e-01   2.7179972e+02   1.4536300e+01
   5.6070173e-01   2.7719985e+02   1.5044600e+01
   5.6070173e-01   2.8259997e+02   1.5463100e+01
   5.6243841e-01   1.2599972e+02   4.6314300e+01
   5.6243841e-01   1.3139985e+02   4.0841800e+01
   5.6243841e-01   1.3679998e+02   3.5442800e+01
   5.6243841e-01   1.4220010e+02   3.0222700e+01
   5.6243841e-01   1.4760023e+02   2.5277800e+01
   5.6243841e-01   1.5299978e+02   2.0692700e+01
   5.6243841e-01   1.5839991e+02   1.6538000e+01
   5.6243841e-01   1.6380004e+02   1.2868800e+01
   5.6243841e-01   1.6920017e+02   9.7238800e+00
   5.6243841e-01   1.7459972e+02   7.1251600e+00
   5.6243841e-01   1.7999985e+02   5.0780700e+00
   5.6243841e-01   1.8539998e+02   3.5723800e+00
   5.6243841e-01   1.9080010e+02   2.5835900e+00
   5.6243841e-01   1.9620023e+02   2.0746600e+00
   5.6243841e-01   2.0159978e+02   1.9981500e+00
   5.6243841e-01   2.0699991e+02   2.2984600e+00
   5.6243841e-01   2.1240004e+02   2.9143600e+00
   5.6243841e-01   2.1780017e+02   3.7813700e+00
   5.6243841e-01   2.2319972e+02   4.8342400e+00
   5.6243841e-01   2.2859985e+02   6.0092000e+00
   5.6243841e-01   2.3399997e+02   7.2461300e+00
   5.6243841e-01   2.3940010e+02   8.4904300e+00
   5.6243841e-01   2.4480023e+02   9.6947000e+00
   5.6243841e-01   2.5019978e+02   1.0820100e+01
   5.6243841e-01   2.5559991e+02   1.1837500e+01
   5.6243841e-01   2.6100004e+02   1.2728100e+01
   5.6243841e-01   2.6640016e+02   1.3484200e+01
   5.6243841e-01   2.7179972e+02   1.4109000e+01
   5.6243841e-01   2.7719985e+02   1.4616900e+01
   5.6243841e-01   2.8259997e+02   1.5032600e+01
   5.6417432e-01   1.2599972e+02   4.5069500e+01
   5.6417432e-01   1.3139985e+02   3.9647100e+01
   5.6417432e-01   1.3679998e+02   3.4301100e+01
   5.6417432e-01   1.4220010e+02   2.9136200e+01
   5.6417432e-01   1.4760023e+02   2.4247600e+01
   5.6417432e-01   1.5299978e+02   1.9719300e+01
   5.6417432e-01   1.5839991e+02   1.5620900e+01
   5.6417432e-01   1.6380004e+02   1.2006900e+01
   5.6417432e-01   1.6920017e+02   8.9154800e+00
   5.6417432e-01   1.7459972e+02   6.3679100e+00
   5.6417432e-01   1.7999985e+02   4.3692100e+00
   5.6417432e-01   1.8539998e+02   2.9088200e+00
   5.6417432e-01   1.9080010e+02   1.9620300e+00
   5.6417432e-01   1.9620023e+02   1.4916500e+00
   5.6417432e-01   2.0159978e+02   1.4501900e+00
   5.6417432e-01   2.0699991e+02   1.7821100e+00
   5.6417432e-01   2.1240004e+02   2.4262600e+00
   5.6417432e-01   2.1780017e+02   3.3183000e+00
   5.6417432e-01   2.2319972e+02   4.3931700e+00
   5.6417432e-01   2.2859985e+02   5.5872900e+00
   5.6417432e-01   2.3399997e+02   6.8407200e+00
   5.6417432e-01   2.3940010e+02   8.0990600e+00
   5.6417432e-01   2.4480023e+02   9.3150800e+00
   5.6417432e-01   2.5019978e+02   1.0450100e+01
   5.6417432e-01   2.5559991e+02   1.1475000e+01
   5.6417432e-01   2.6100004e+02   1.2371100e+01
   5.6417432e-01   2.6640016e+02   1.3130700e+01
   5.6417432e-01   2.7179972e+02   1.3757000e+01
   5.6417432e-01   2.7719985e+02   1.4264300e+01
   5.6417432e-01   2.8259997e+02   1.4677000e+01
   5.6590945e-01   1.2599972e+02   4.3909900e+01
   5.6590945e-01   1.3139985e+02   3.8537600e+01
   5.6590945e-01   1.3679998e+02   3.3244700e+01
   5.6590945e-01   1.4220010e+02   2.8134900e+01
   5.6590945e-01   1.4760023e+02   2.3302800e+01
   5.6590945e-01   1.5299978e+02   1.8831100e+01
   5.6590945e-01   1.5839991e+02   1.4789100e+01
   5.6590945e-01   1.6380004e+02   1.1230300e+01
   5.6590945e-01   1.6920017e+02   8.1922900e+00
   5.6590945e-01   1.7459972e+02   5.6958000e+00
   5.6590945e-01   1.7999985e+02   3.7454300e+00
   5.6590945e-01   1.8539998e+02   2.3302800e+00
   5.6590945e-01   1.9080010e+02   1.4254000e+00
   5.6590945e-01   1.9620023e+02   9.9347400e-01
   5.6590945e-01   2.0159978e+02   9.8697900e-01
   5.6590945e-01   2.0699991e+02   1.3504000e+00
   5.6590945e-01   2.1240004e+02   2.0226900e+00
   5.6590945e-01   2.1780017e+02   2.9396600e+00
   5.6590945e-01   2.2319972e+02   4.0364100e+00
   5.6590945e-01   2.2859985e+02   5.2495500e+00
   5.6590945e-01   2.3399997e+02   6.5193600e+00
   5.6590945e-01   2.3940010e+02   7.7916100e+00
   5.6590945e-01   2.4480023e+02   9.0192300e+00
   5.6590945e-01   2.5019978e+02   1.0163700e+01
   5.6590945e-01   2.5559991e+02   1.1195900e+01
   5.6590945e-01   2.6100004e+02   1.2097400e+01
   5.6590945e-01   2.6640016e+02   1.2860400e+01
   5.6590945e-01   2.7179972e+02   1.3488000e+01
   5.6590945e-01   2.7719985e+02   1.3994500e+01
   5.6590945e-01   2.8259997e+02   1.4404100e+01
   5.6764377e-01   1.2599972e+02   4.2843200e+01
   5.6764377e-01   1.3139985e+02   3.7521100e+01
   5.6764377e-01   1.3679998e+02   3.2281400e+01
   5.6764377e-01   1.4220010e+02   2.7226800e+01
   5.6764377e-01   1.4760023e+02   2.2451000e+01
   5.6764377e-01   1.5299978e+02   1.8036100e+01
   5.6764377e-01   1.5839991e+02   1.4050400e+01
   5.6764377e-01   1.6380004e+02   1.0546800e+01
   5.6764377e-01   1.6920017e+02   7.5621000e+00
   5.6764377e-01   1.7459972e+02   5.1166600e+00
   5.6764377e-01   1.7999985e+02   3.2145500e+00
   5.6764377e-01   1.8539998e+02   1.8445700e+00
   5.6764377e-01   1.9080010e+02   9.8151500e-01
   5.6764377e-01   1.9620023e+02   5.8796700e-01
   5.6764377e-01   2.0159978e+02   6.1634200e-01
   5.6764377e-01   2.0699991e+02   1.0111700e+00
   5.6764377e-01   2.1240004e+02   1.7114900e+00
   5.6764377e-01   2.1780017e+02   2.6532700e+00
   5.6764377e-01   2.2319972e+02   3.7717700e+00
   5.6764377e-01   2.2859985e+02   5.0038100e+00
   5.6764377e-01   2.3399997e+02   6.2898600e+00
   5.6764377e-01   2.3940010e+02   7.5758700e+00
   5.6764377e-01   2.4480023e+02   8.8149500e+00
   5.6764377e-01   2.5019978e+02   9.9686600e+00
   5.6764377e-01   2.5559991e+02   1.1008100e+01
   5.6764377e-01   2.6100004e+02   1.1914800e+01
   5.6764377e-01   2.6640016e+02   1.2681000e+01
   5.6764377e-01   2.7179972e+02   1.3309800e+01
   5.6764377e-01   2.7719985e+02   1.3815300e+01
   5.6764377e-01   2.8259997e+02   1.4221700e+01
   5.6937727e-01   1.2599972e+02   4.1877300e+01
   5.6937727e-01   1.3139985e+02   3.6605500e+01
   5.6937727e-01   1.3679998e+02   3.1418900e+01
   5.6937727e-01   1.4220010e+02   2.6419500e+01
   5.6937727e-01   1.4760023e+02   2.1700100e+01
   5.6937727e-01   1.5299978e+02   1.7342000e+01
   5.6937727e-01   1.5839991e+02   1.3412600e+01
   5.6937727e-01   1.6380004e+02   9.9641100e+00
   5.6937727e-01   1.6920017e+02   7.0327700e+00
   5.6937727e-01   1.7459972e+02   4.6383100e+00
   5.6937727e-01   1.7999985e+02   2.7844200e+00
   5.6937727e-01   1.8539998e+02   1.4595300e+00
   5.6937727e-01   1.9080010e+02   6.3823000e-01
   5.6937727e-01   1.9620023e+02   2.8296800e-01
   5.6937727e-01   2.0159978e+02   3.4612000e-01
   5.6937727e-01   2.0699991e+02   7.7225000e-01
   5.6937727e-01   2.1240004e+02   1.5004900e+00
   5.6937727e-01   2.1780017e+02   2.4669600e+00
   5.6937727e-01   2.2319972e+02   3.6070900e+00
   5.6937727e-01   2.2859985e+02   4.8579000e+00
   5.6937727e-01   2.3399997e+02   6.1600500e+00
   5.6937727e-01   2.3940010e+02   7.4596800e+00
   5.6937727e-01   2.4480023e+02   8.7100600e+00
   5.6937727e-01   2.5019978e+02   9.8729000e+00
   5.6937727e-01   2.5559991e+02   1.0919400e+01
   5.6937727e-01   2.6100004e+02   1.1831200e+01
   5.6937727e-01   2.6640016e+02   1.2600400e+01
   5.6937727e-01   2.7179972e+02   1.3230200e+01
   5.6937727e-01   2.7719985e+02   1.3734500e+01
   5.6937727e-01   2.8259997e+02   1.4137500e+01
   5.7110991e-01   1.2599972e+02   4.1020000e+01
   5.7110991e-01   1.3139985e+02   3.5798500e+01
   5.7110991e-01   1.3679998e+02   3.0665100e+01
   5.7110991e-01   1.4220010e+02   2.5721000e+01
   5.7110991e-01   1.4760023e+02   2.1058000e+01
   5.7110991e-01   1.5299978e+02   1.6756700e+01
   5.7110991e-01   1.5839991e+02   1.2883500e+01
   5.7110991e-01   1.6380004e+02   9.4901700e+00
   5.7110991e-01   1.6920017e+02   6.6121300e+00
   5.7110991e-01   1.7459972e+02   4.2686200e+00
   5.7110991e-01   1.7999985e+02   2.4628700e+00
   5.7110991e-01   1.8539998e+02   1.1830100e+00
   5.7110991e-01   1.9080010e+02   4.0339300e-01
   5.7110991e-01   1.9620023e+02   8.6332300e-02
   5.7110991e-01   2.0159978e+02   1.8416600e-01
   5.7110991e-01   2.0699991e+02   6.4149500e-01
   5.7110991e-01   2.1240004e+02   1.3975500e+00
   5.7110991e-01   2.1780017e+02   2.3885900e+00
   5.7110991e-01   2.2319972e+02   3.5502300e+00
   5.7110991e-01   2.2859985e+02   4.8196700e+00
   5.7110991e-01   2.3399997e+02   6.1377800e+00
   5.7110991e-01   2.3940010e+02   7.4508800e+00
   5.7110991e-01   2.4480023e+02   8.7124100e+00
   5.7110991e-01   2.5019978e+02   9.8842200e+00
   5.7110991e-01   2.5559991e+02   1.0937600e+01
   5.7110991e-01   2.6100004e+02   1.1854200e+01
   5.7110991e-01   2.6640016e+02   1.2626300e+01
   5.7110991e-01   2.7179972e+02   1.3256900e+01
   5.7110991e-01   2.7719985e+02   1.3759900e+01
   5.7110991e-01   2.8259997e+02   1.4159300e+01
   5.7284168e-01   1.2599972e+02   4.0279100e+01
   5.7284168e-01   1.3139985e+02   3.5108000e+01
   5.7284168e-01   1.3679998e+02   3.0027900e+01
   5.7284168e-01   1.4220010e+02   2.5139100e+01
   5.7284168e-01   1.4760023e+02   2.0532600e+01
   5.7284168e-01   1.5299978e+02   1.6287900e+01
   5.7284168e-01   1.5839991e+02   1.2471100e+01
   5.7284168e-01   1.6380004e+02   9.1328200e+00
   5.7284168e-01   1.6920017e+02   6.3080400e+00
   5.7284168e-01   1.7459972e+02   4.0154300e+00
   5.7284168e-01   1.7999985e+02   2.2577700e+00
   5.7284168e-01   1.8539998e+02   1.0228700e+00
   5.7284168e-01   1.9080010e+02   2.8485500e-01
   5.7284168e-01   1.9620023e+02   5.9073400e-03
   5.7284168e-01   2.0159978e+02   1.3832700e-01
   5.7284168e-01   2.0699991e+02   6.2675100e-01
   5.7284168e-01   2.1240004e+02   1.4105100e+00
   5.7284168e-01   2.1780017e+02   2.4260000e+00
   5.7284168e-01   2.2319972e+02   3.6090100e+00
   5.7284168e-01   2.2859985e+02   4.8969500e+00
   5.7284168e-01   2.3399997e+02   6.2308700e+00
   5.7284168e-01   2.3940010e+02   7.5573000e+00
   5.7284168e-01   2.4480023e+02   8.8298300e+00
   5.7284168e-01   2.5019978e+02   1.0010400e+01
   5.7284168e-01   2.5559991e+02   1.1070600e+01
   5.7284168e-01   2.6100004e+02   1.1991900e+01
   5.7284168e-01   2.6640016e+02   1.2766600e+01
   5.7284168e-01   2.7179972e+02   1.3397900e+01
   5.7284168e-01   2.7719985e+02   1.3899400e+01
   5.7284168e-01   2.8259997e+02   1.4295000e+01
   5.7457256e-01   1.2599972e+02   3.9662400e+01
   5.7457256e-01   1.3139985e+02   3.4541800e+01
   5.7457256e-01   1.3679998e+02   2.9515000e+01
   5.7457256e-01   1.4220010e+02   2.4681500e+01
   5.7457256e-01   1.4760023e+02   2.0131500e+01
   5.7457256e-01   1.5299978e+02   1.5943600e+01
   5.7457256e-01   1.5839991e+02   1.2183100e+01
   5.7457256e-01   1.6380004e+02   8.8998700e+00
   5.7457256e-01   1.6920017e+02   6.1283300e+00
   5.7457256e-01   1.7459972e+02   3.8865600e+00
   5.7457256e-01   1.7999985e+02   2.1769400e+00
   5.7457256e-01   1.8539998e+02   9.8693700e-01
   5.7457256e-01   1.9080010e+02   2.9044000e-01
   5.7457256e-01   1.9620023e+02   4.9519300e-02
   5.7457256e-01   2.0159978e+02   2.1642900e-01
   5.7457256e-01   2.0699991e+02   7.3584200e-01
   5.7457256e-01   2.1240004e+02   1.5471900e+00
   5.7457256e-01   2.1780017e+02   2.5870000e+00
   5.7457256e-01   2.2319972e+02   3.7912600e+00
   5.7457256e-01   2.2859985e+02   5.0975700e+00
   5.7457256e-01   2.3399997e+02   6.4471500e+00
   5.7457256e-01   2.3940010e+02   7.7867500e+00
   5.7457256e-01   2.4480023e+02   9.0701100e+00
   5.7457256e-01   2.5019978e+02   1.0259400e+01
   5.7457256e-01   2.5559991e+02   1.1326100e+01
   5.7457256e-01   2.6100004e+02   1.2251900e+01
   5.7457256e-01   2.6640016e+02   1.3029100e+01
   5.7457256e-01   2.7179972e+02   1.3660800e+01
   5.7457256e-01   2.7719985e+02   1.4160600e+01
   5.7457256e-01   2.8259997e+02   1.4552400e+01
   5.7630253e-01   1.2599972e+02   3.9177700e+01
   5.7630253e-01   1.3139985e+02   3.4107700e+01
   5.7630253e-01   1.3679998e+02   2.9134300e+01
   5.7630253e-01   1.4220010e+02   2.4356200e+01
   5.7630253e-01   1.4760023e+02   1.9862600e+01
   5.7630253e-01   1.5299978e+02   1.5731600e+01
   5.7630253e-01   1.5839991e+02   1.2027300e+01
   5.7630253e-01   1.6380004e+02   8.7991300e+00
   5.7630253e-01   1.6920017e+02   6.0807800e+00
   5.7630253e-01   1.7459972e+02   3.8898200e+00
   5.7630253e-01   1.7999985e+02   2.2281800e+00
   5.7630253e-01   1.8539998e+02   1.0830000e+00
   5.7630253e-01   1.9080010e+02   4.2794300e-01
   5.7630253e-01   1.9620023e+02   2.2495800e-01
   5.7630253e-01   2.0159978e+02   4.2625800e-01
   5.7630253e-01   2.0699991e+02   9.7655200e-01
   5.7630253e-01   2.1240004e+02   1.8153700e+00
   5.7630253e-01   2.1780017e+02   2.8793900e+00
   5.7630253e-01   2.2319972e+02   4.1047600e+00
   5.7630253e-01   2.2859985e+02   5.4292800e+00
   5.7630253e-01   2.3399997e+02   6.7943900e+00
   5.7630253e-01   2.3940010e+02   8.1470000e+00
   5.7630253e-01   2.4480023e+02   9.4410300e+00
   5.7630253e-01   2.5019978e+02   1.0638800e+01
   5.7630253e-01   2.5559991e+02   1.1711800e+01
   5.7630253e-01   2.6100004e+02   1.2642000e+01
   5.7630253e-01   2.6640016e+02   1.3421600e+01
   5.7630253e-01   2.7179972e+02   1.4053500e+01
   5.7630253e-01   2.7719985e+02   1.4551500e+01
   5.7630253e-01   2.8259997e+02   1.4939100e+01
   5.7803156e-01   1.2599972e+02   3.8832800e+01
   5.7803156e-01   1.3139985e+02   3.3813400e+01
   5.7803156e-01   1.3679998e+02   2.8893500e+01
   5.7803156e-01   1.4220010e+02   2.4170800e+01
   5.7803156e-01   1.4760023e+02   1.9733800e+01
   5.7803156e-01   1.5299978e+02   1.5659500e+01
   5.7803156e-01   1.5839991e+02   1.2011400e+01
   5.7803156e-01   1.6380004e+02   8.8383400e+00
   5.7803156e-01   1.6920017e+02   6.1731600e+00
   5.7803156e-01   1.7459972e+02   4.0329500e+00
   5.7803156e-01   1.7999985e+02   2.4192300e+00
   5.7803156e-01   1.8539998e+02   1.3187900e+00
   5.7803156e-01   1.9080010e+02   7.0510200e-01
   5.7803156e-01   1.9620023e+02   5.3996200e-01
   5.7803156e-01   2.0159978e+02   7.7555200e-01
   5.7803156e-01   2.0699991e+02   1.3566200e+00
   5.7803156e-01   2.1240004e+02   2.2227800e+00
   5.7803156e-01   2.1780017e+02   3.3108800e+00
   5.7803156e-01   2.2319972e+02   4.5572300e+00
   5.7803156e-01   2.2859985e+02   5.8998300e+00
   5.7803156e-01   2.3399997e+02   7.2803100e+00
   5.7803156e-01   2.3940010e+02   8.6457600e+00
   5.7803156e-01   2.4480023e+02   9.9503100e+00
   5.7803156e-01   2.5019978e+02   1.1156300e+01
   5.7803156e-01   2.5559991e+02   1.2235600e+01
   5.7803156e-01   2.6100004e+02   1.3169900e+01
   5.7803156e-01   2.6640016e+02   1.3951600e+01
   5.7803156e-01   2.7179972e+02   1.4583700e+01
   5.7803156e-01   2.7719985e+02   1.5079600e+01
   5.7803156e-01   2.8259997e+02   1.5462900e+01
   5.7975964e-01   1.2599972e+02   3.8635300e+01
   5.7975964e-01   1.3139985e+02   3.3666600e+01
   5.7975964e-01   1.3679998e+02   2.8800200e+01
   5.7975964e-01   1.4220010e+02   2.4133000e+01
   5.7975964e-01   1.4760023e+02   1.9752500e+01
   5.7975964e-01   1.5299978e+02   1.5735100e+01
   5.7975964e-01   1.5839991e+02   1.2143300e+01
   5.7975964e-01   1.6380004e+02   9.0252000e+00
   5.7975964e-01   1.6920017e+02   6.4131400e+00
   5.7975964e-01   1.7459972e+02   4.3236400e+00
   5.7975964e-01   1.7999985e+02   2.7577700e+00
   5.7975964e-01   1.8539998e+02   1.7020100e+00
   5.7975964e-01   1.9080010e+02   1.1296000e+00
   5.7975964e-01   1.9620023e+02   1.0022100e+00
   5.7975964e-01   2.0159978e+02   1.2719800e+00
   5.7975964e-01   2.0699991e+02   1.8837000e+00
   5.7975964e-01   2.1240004e+02   2.7771000e+00
   5.7975964e-01   2.1780017e+02   3.8891400e+00
   5.7975964e-01   2.2319972e+02   5.1563300e+00
   5.7975964e-01   2.2859985e+02   6.5168600e+00
   5.7975964e-01   2.3399997e+02   7.9125500e+00
   5.7975964e-01   2.3940010e+02   9.2907000e+00
   5.7975964e-01   2.4480023e+02   1.0605600e+01
   5.7975964e-01   2.5019978e+02   1.1819800e+01
   5.7975964e-01   2.5559991e+02   1.2905000e+01
   5.7975964e-01   2.6100004e+02   1.3843400e+01
   5.7975964e-01   2.6640016e+02   1.4627000e+01
   5.7975964e-01   2.7179972e+02   1.5259000e+01
   5.7975964e-01   2.7719985e+02   1.5752600e+01
   5.7975964e-01   2.8259997e+02   1.6131400e+01
   5.8148674e-01   1.2599972e+02   3.8592800e+01
   5.8148674e-01   1.3139985e+02   3.3674900e+01
   5.8148674e-01   1.3679998e+02   2.8862200e+01
   5.8148674e-01   1.4220010e+02   2.4250500e+01
   5.8148674e-01   1.4760023e+02   1.9926600e+01
   5.8148674e-01   1.5299978e+02   1.5965900e+01
   5.8148674e-01   1.5839991e+02   1.2430400e+01
   5.8148674e-01   1.6380004e+02   9.3673000e+00
   5.8148674e-01   1.6920017e+02   6.8083300e+00
   5.8148674e-01   1.7459972e+02   4.7694800e+00
   5.8148674e-01   1.7999985e+02   3.2514000e+00
   5.8148674e-01   1.8539998e+02   2.2402500e+00
   5.8148674e-01   1.9080010e+02   1.7090200e+00
   5.8148674e-01   1.9620023e+02   1.6192900e+00
   5.8148674e-01   2.0159978e+02   1.9231400e+00
   5.8148674e-01   2.0699991e+02   2.5654100e+00
   5.8148674e-01   2.1240004e+02   3.4859000e+00
   5.8148674e-01   2.1780017e+02   4.6217600e+00
   5.8148674e-01   2.2319972e+02   5.9096500e+00
   5.8148674e-01   2.2859985e+02   7.2879500e+00
   5.8148674e-01   2.3399997e+02   8.6987100e+00
   5.8148674e-01   2.3940010e+02   1.0089400e+01
   5.8148674e-01   2.4480023e+02   1.1414400e+01
   5.8148674e-01   2.5019978e+02   1.2636600e+01
   5.8148674e-01   2.5559991e+02   1.3727700e+01
   5.8148674e-01   2.6100004e+02   1.4669800e+01
   5.8148674e-01   2.6640016e+02   1.5455200e+01
   5.8148674e-01   2.7179972e+02   1.6086900e+01
   5.8148674e-01   2.7719985e+02   1.6578100e+01
   5.8148674e-01   2.8259997e+02   1.6952300e+01
   5.8321284e-01   1.2599972e+02   3.8712900e+01
   5.8321284e-01   1.3139985e+02   3.3846000e+01
   5.8321284e-01   1.3679998e+02   2.9086900e+01
   5.8321284e-01   1.4220010e+02   2.4530700e+01
   5.8321284e-01   1.4760023e+02   2.0263500e+01
   5.8321284e-01   1.5299978e+02   1.6359600e+01
   5.8321284e-01   1.5839991e+02   1.2880300e+01
   5.8321284e-01   1.6380004e+02   9.8721900e+00
   5.8321284e-01   1.6920017e+02   7.3662600e+00
   5.8321284e-01   1.7459972e+02   5.3780100e+00
   5.8321284e-01   1.7999985e+02   3.9076500e+00
   5.8321284e-01   1.8539998e+02   2.9410200e+00
   5.8321284e-01   1.9080010e+02   2.4508900e+00
   5.8321284e-01   1.9620023e+02   2.3987100e+00
   5.8321284e-01   2.0159978e+02   2.7365300e+00
   5.8321284e-01   2.0699991e+02   3.4092200e+00
   5.8321284e-01   2.1240004e+02   4.3567000e+00
   5.8321284e-01   2.1780017e+02   5.5162300e+00
   5.8321284e-01   2.2319972e+02   6.8246700e+00
   5.8321284e-01   2.2859985e+02   8.2206000e+00
   5.8321284e-01   2.3399997e+02   9.6462600e+00
   5.8321284e-01   2.3940010e+02   1.1049300e+01
   5.8321284e-01   2.4480023e+02   1.2384300e+01
   5.8321284e-01   2.5019978e+02   1.3614200e+01
   5.8321284e-01   2.5559991e+02   1.4711000e+01
   5.8321284e-01   2.6100004e+02   1.5656700e+01
   5.8321284e-01   2.6640016e+02   1.6443700e+01
   5.8321284e-01   2.7179972e+02   1.7074900e+01
   5.8321284e-01   2.7719985e+02   1.7563500e+01
   5.8321284e-01   2.8259997e+02   1.7932800e+01
   5.8493792e-01   1.2599972e+02   3.9003100e+01
   5.8493792e-01   1.3139985e+02   3.4187100e+01
   5.8493792e-01   1.3679998e+02   2.9481700e+01
   5.8493792e-01   1.4220010e+02   2.4981200e+01
   5.8493792e-01   1.4760023e+02   2.0770600e+01
   5.8493792e-01   1.5299978e+02   1.6923500e+01
   5.8493792e-01   1.5839991e+02   1.3500500e+01
   5.8493792e-01   1.6380004e+02   1.0547300e+01
   5.8493792e-01   1.6920017e+02   8.0943400e+00
   5.8493792e-01   1.7459972e+02   6.1566400e+00
   5.8493792e-01   1.7999985e+02   4.7339300e+00
   5.8493792e-01   1.8539998e+02   3.8117300e+00
   5.8493792e-01   1.9080010e+02   3.3626100e+00
   5.8493792e-01   1.9620023e+02   3.3478800e+00
   5.8493792e-01   2.0159978e+02   3.7195600e+00
   5.8493792e-01   2.0699991e+02   4.4225500e+00
   5.8493792e-01   2.1240004e+02   5.3968700e+00
   5.8493792e-01   2.1780017e+02   6.5799400e+00
   5.8493792e-01   2.2319972e+02   7.9087900e+00
   5.8493792e-01   2.2859985e+02   9.3222000e+00
   5.8493792e-01   2.3399997e+02   1.0762600e+01
   5.8493792e-01   2.3940010e+02   1.2177800e+01
   5.8493792e-01   2.4480023e+02   1.3522700e+01
   5.8493792e-01   2.5019978e+02   1.4760200e+01
   5.8493792e-01   2.5559991e+02   1.5862400e+01
   5.8493792e-01   2.6100004e+02   1.6811600e+01
   5.8493792e-01   2.6640016e+02   1.7599900e+01
   5.8493792e-01   2.7179972e+02   1.8230400e+01
   5.8493792e-01   2.7719985e+02   1.8716300e+01
   5.8493792e-01   2.8259997e+02   1.9080400e+01
   5.8666196e-01   1.2599972e+02   3.9470600e+01
   5.8666196e-01   1.3139985e+02   3.4705700e+01
   5.8666196e-01   1.3679998e+02   3.0054100e+01
   5.8666196e-01   1.4220010e+02   2.5609200e+01
   5.8666196e-01   1.4760023e+02   2.1455200e+01
   5.8666196e-01   1.5299978e+02   1.7665000e+01
   5.8666196e-01   1.5839991e+02   1.4298200e+01
   5.8666196e-01   1.6380004e+02   1.1399900e+01
   5.8666196e-01   1.6920017e+02   8.9999000e+00
   5.8666196e-01   1.7459972e+02   7.1126700e+00
   5.8666196e-01   1.7999985e+02   5.7375400e+00
   5.8666196e-01   1.8539998e+02   4.8596900e+00
   5.8666196e-01   1.9080010e+02   4.4514800e+00
   5.8666196e-01   1.9620023e+02   4.4740800e+00
   5.8666196e-01   2.0159978e+02   4.8795000e+00
   5.8666196e-01   2.0699991e+02   5.6126600e+00
   5.8666196e-01   2.1240004e+02   6.6137000e+00
   5.8666196e-01   2.1780017e+02   7.8201600e+00
   5.8666196e-01   2.2319972e+02   9.1692700e+00
   5.8666196e-01   2.2859985e+02   1.0600000e+01
   5.8666196e-01   2.3399997e+02   1.2055000e+01
   5.8666196e-01   2.3940010e+02   1.3482200e+01
   5.8666196e-01   2.4480023e+02   1.4836700e+01
   5.8666196e-01   2.5019978e+02   1.6081600e+01
   5.8666196e-01   2.5559991e+02   1.7189200e+01
   5.8666196e-01   2.6100004e+02   1.8141500e+01
   5.8666196e-01   2.6640016e+02   1.8931100e+01
   5.8666196e-01   2.7179972e+02   1.9560700e+01
   5.8666196e-01   2.7719985e+02   2.0043500e+01
   5.8666196e-01   2.8259997e+02   2.0402500e+01
   5.8838494e-01   1.2599972e+02   4.0122600e+01
   5.8838494e-01   1.3139985e+02   3.5408900e+01
   5.8838494e-01   1.3679998e+02   3.0811200e+01
   5.8838494e-01   1.4220010e+02   2.6422000e+01
   5.8838494e-01   1.4760023e+02   2.2324700e+01
   5.8838494e-01   1.5299978e+02   1.8591300e+01
   5.8838494e-01   1.5839991e+02   1.5280600e+01
   5.8838494e-01   1.6380004e+02   1.2437200e+01
   5.8838494e-01   1.6920017e+02   1.0090100e+01
   5.8838494e-01   1.7459972e+02   8.2532900e+00
   5.8838494e-01   1.7999985e+02   6.9256500e+00
   5.8838494e-01   1.8539998e+02   6.0920600e+00
   5.8838494e-01   1.9080010e+02   5.7246500e+00
   5.8838494e-01   1.9620023e+02   5.7844900e+00
   5.8838494e-01   2.0159978e+02   6.2235200e+00
   5.8838494e-01   2.0699991e+02   6.9867300e+00
   5.8838494e-01   2.1240004e+02   8.0143400e+00
   5.8838494e-01   2.1780017e+02   9.2440500e+00
   5.8838494e-01   2.2319972e+02   1.0613300e+01
   5.8838494e-01   2.2859985e+02   1.2061100e+01
   5.8838494e-01   2.3399997e+02   1.3530500e+01
   5.8838494e-01   2.3940010e+02   1.4969600e+01
   5.8838494e-01   2.4480023e+02   1.6333600e+01
   5.8838494e-01   2.5019978e+02   1.7585700e+01
   5.8838494e-01   2.5559991e+02   1.8698400e+01
   5.8838494e-01   2.6100004e+02   1.9653800e+01
   5.8838494e-01   2.6640016e+02   2.0444300e+01
   5.8838494e-01   2.7179972e+02   2.1072900e+01
   5.8838494e-01   2.7719985e+02   2.1552500e+01
   5.8838494e-01   2.8259997e+02   2.1906000e+01
   5.9010683e-01   1.2599972e+02   4.0966400e+01
   5.9010683e-01   1.3139985e+02   3.6303800e+01
   5.9010683e-01   1.3679998e+02   3.1760000e+01
   5.9010683e-01   1.4220010e+02   2.7426600e+01
   5.9010683e-01   1.4760023e+02   2.3385900e+01
   5.9010683e-01   1.5299978e+02   1.9709400e+01
   5.9010683e-01   1.5839991e+02   1.6454900e+01
   5.9010683e-01   1.6380004e+02   1.3666300e+01
   5.9010683e-01   1.6920017e+02   1.1372000e+01
   5.9010683e-01   1.7459972e+02   9.5855500e+00
   5.9010683e-01   1.7999985e+02   8.3053200e+00
   5.9010683e-01   1.8539998e+02   7.5158900e+00
   5.9010683e-01   1.9080010e+02   7.1891800e+00
   5.9010683e-01   1.9620023e+02   7.2861200e+00
   5.9010683e-01   2.0159978e+02   7.7586500e+00
   5.9010683e-01   2.0699991e+02   8.5517700e+00
   5.9010683e-01   2.1240004e+02   9.6058100e+00
   5.9010683e-01   2.1780017e+02   1.0858600e+01
   5.9010683e-01   2.2319972e+02   1.2247800e+01
   5.9010683e-01   2.2859985e+02   1.3712700e+01
   5.9010683e-01   2.3399997e+02   1.5196300e+01
   5.9010683e-01   2.3940010e+02   1.6647100e+01
   5.9010683e-01   2.4480023e+02   1.8020300e+01
   5.9010683e-01   2.5019978e+02   1.9279500e+01
   5.9010683e-01   2.5559991e+02   2.0397100e+01
   5.9010683e-01   2.6100004e+02   2.1355300e+01
   5.9010683e-01   2.6640016e+02   2.2146600e+01
   5.9010683e-01   2.7179972e+02   2.2773900e+01
   5.9010683e-01   2.7719985e+02   2.3250100e+01
   5.9010683e-01   2.8259997e+02   2.3598000e+01
   5.9182763e-01   1.2599972e+02   4.2008700e+01
   5.9182763e-01   1.3139985e+02   3.7397500e+01
   5.9182763e-01   1.3679998e+02   3.2907600e+01
   5.9182763e-01   1.4220010e+02   2.8629900e+01
   5.9182763e-01   1.4760023e+02   2.4646000e+01
   5.9182763e-01   1.5299978e+02   2.1026200e+01
   5.9182763e-01   1.5839991e+02   1.7827900e+01
   5.9182763e-01   1.6380004e+02   1.5094000e+01
   5.9182763e-01   1.6920017e+02   1.2852600e+01
   5.9182763e-01   1.7459972e+02   1.1116300e+01
   5.9182763e-01   1.7999985e+02   9.8834400e+00
   5.9182763e-01   1.8539998e+02   9.1380700e+00
   5.9182763e-01   1.9080010e+02   8.8519400e+00
   5.9182763e-01   1.9620023e+02   8.9858700e+00
   5.9182763e-01   2.0159978e+02   9.4917600e+00
   5.9182763e-01   2.0699991e+02   1.0314700e+01
   5.9182763e-01   2.1240004e+02   1.1395000e+01
   5.9182763e-01   2.1780017e+02   1.2670800e+01
   5.9182763e-01   2.2319972e+02   1.4079700e+01
   5.9182763e-01   2.2859985e+02   1.5561400e+01
   5.9182763e-01   2.3399997e+02   1.7059100e+01
   5.9182763e-01   2.3940010e+02   1.8521400e+01
   5.9182763e-01   2.4480023e+02   1.9903700e+01
   5.9182763e-01   2.5019978e+02   2.1169800e+01
   5.9182763e-01   2.5559991e+02   2.2292000e+01
   5.9182763e-01   2.6100004e+02   2.3252900e+01
   5.9182763e-01   2.6640016e+02   2.4044900e+01
   5.9182763e-01   2.7179972e+02   2.4670700e+01
   5.9182763e-01   2.7719985e+02   2.5143300e+01
   5.9182763e-01   2.8259997e+02   2.5485300e+01
   5.9354730e-01   1.2599972e+02   4.3256400e+01
   5.9354730e-01   1.3139985e+02   3.8696600e+01
   5.9354730e-01   1.3679998e+02   3.4260800e+01
   5.9354730e-01   1.4220010e+02   3.0038800e+01
   5.9354730e-01   1.4760023e+02   2.6111600e+01
   5.9354730e-01   1.5299978e+02   2.2548600e+01
   5.9354730e-01   1.5839991e+02   1.9406400e+01
   5.9354730e-01   1.6380004e+02   1.6727300e+01
   5.9354730e-01   1.6920017e+02   1.4538500e+01
   5.9354730e-01   1.7459972e+02   1.2852400e+01
   5.9354730e-01   1.7999985e+02   1.1666800e+01
   5.9354730e-01   1.8539998e+02   1.0965300e+01
   5.9354730e-01   1.9080010e+02   1.0719700e+01
   5.9354730e-01   1.9620023e+02   1.0890500e+01
   5.9354730e-01   2.0159978e+02   1.1429600e+01
   5.9354730e-01   2.0699991e+02   1.2282100e+01
   5.9354730e-01   2.1240004e+02   1.3388600e+01
   5.9354730e-01   2.1780017e+02   1.4687100e+01
   5.9354730e-01   2.2319972e+02   1.6115700e+01
   5.9354730e-01   2.2859985e+02   1.7614100e+01
   5.9354730e-01   2.3399997e+02   1.9125700e+01
   5.9354730e-01   2.3940010e+02   2.0599300e+01
   5.9354730e-01   2.4480023e+02   2.1990600e+01
   5.9354730e-01   2.5019978e+02   2.3263300e+01
   5.9354730e-01   2.5559991e+02   2.4390000e+01
   5.9354730e-01   2.6100004e+02   2.5353400e+01
   5.9354730e-01   2.6640016e+02   2.6145700e+01
   5.9354730e-01   2.7179972e+02   2.6769900e+01
   5.9354730e-01   2.7719985e+02   2.7238800e+01
   5.9354730e-01   2.8259997e+02   2.7574700e+01
   5.9526582e-01   1.2599972e+02   4.4716200e+01
   5.9526582e-01   1.3139985e+02   4.0207800e+01
   5.9526582e-01   1.3679998e+02   3.5826100e+01
   5.9526582e-01   1.4220010e+02   3.1659900e+01
   5.9526582e-01   1.4760023e+02   2.7789400e+01
   5.9526582e-01   1.5299978e+02   2.4283200e+01
   5.9526582e-01   1.5839991e+02   2.1197000e+01
   5.9526582e-01   1.6380004e+02   1.8572500e+01
   5.9526582e-01   1.6920017e+02   1.6436400e+01
   5.9526582e-01   1.7459972e+02   1.4800400e+01
   5.9526582e-01   1.7999985e+02   1.3661900e+01
   5.9526582e-01   1.8539998e+02   1.3004300e+01
   5.9526582e-01   1.9080010e+02   1.2799000e+01
   5.9526582e-01   1.9620023e+02   1.3006500e+01
   5.9526582e-01   2.0159978e+02   1.3578700e+01
   5.9526582e-01   2.0699991e+02   1.4460700e+01
   5.9526582e-01   2.1240004e+02   1.5593200e+01
   5.9526582e-01   2.1780017e+02   1.6914400e+01
   5.9526582e-01   2.2319972e+02   1.8362400e+01
   5.9526582e-01   2.2859985e+02   1.9877300e+01
   5.9526582e-01   2.3399997e+02   2.1402500e+01
   5.9526582e-01   2.3940010e+02   2.2887300e+01
   5.9526582e-01   2.4480023e+02   2.4287300e+01
   5.9526582e-01   2.5019978e+02   2.5566500e+01
   5.9526582e-01   2.5559991e+02   2.6697600e+01
   5.9526582e-01   2.6100004e+02   2.7663200e+01
   5.9526582e-01   2.6640016e+02   2.8455800e+01
   5.9526582e-01   2.7179972e+02   2.9078100e+01
   5.9526582e-01   2.7719985e+02   2.9543000e+01
   5.9526582e-01   2.8259997e+02   2.9872700e+01
   5.9698317e-01   1.2599972e+02   4.6394600e+01
   5.9698317e-01   1.3139985e+02   4.1937700e+01
   5.9698317e-01   1.3679998e+02   3.7610000e+01
   5.9698317e-01   1.4220010e+02   3.3499700e+01
   5.9698317e-01   1.4760023e+02   2.9685800e+01
   5.9698317e-01   1.5299978e+02   2.6236400e+01
   5.9698317e-01   1.5839991e+02   2.3206200e+01
   5.9698317e-01   1.6380004e+02   2.0636300e+01
   5.9698317e-01   1.6920017e+02   1.8552700e+01
   5.9698317e-01   1.7459972e+02   1.6966800e+01
   5.9698317e-01   1.7999985e+02   1.5875200e+01
   5.9698317e-01   1.8539998e+02   1.5261300e+01
   5.9698317e-01   1.9080010e+02   1.5096200e+01
   5.9698317e-01   1.9620023e+02   1.5340300e+01
   5.9698317e-01   2.0159978e+02   1.5945500e+01
   5.9698317e-01   2.0699991e+02   1.6856800e+01
   5.9698317e-01   2.1240004e+02   1.8015100e+01
   5.9698317e-01   2.1780017e+02   1.9358800e+01
   5.9698317e-01   2.2319972e+02   2.0826100e+01
   5.9698317e-01   2.2859985e+02   2.2357300e+01
   5.9698317e-01   2.3399997e+02   2.3896100e+01
   5.9698317e-01   2.3940010e+02   2.5391800e+01
   5.9698317e-01   2.4480023e+02   2.6800400e+01
   5.9698317e-01   2.5019978e+02   2.8085900e+01
   5.9698317e-01   2.5559991e+02   2.9221100e+01
   5.9698317e-01   2.6100004e+02   3.0188800e+01
   5.9698317e-01   2.6640016e+02   3.0981400e+01
   5.9698317e-01   2.7179972e+02   3.1601700e+01
   5.9698317e-01   2.7719985e+02   3.2062400e+01
   5.9698317e-01   2.8259997e+02   3.2385700e+01
   5.9869934e-01   1.2599972e+02   4.8297800e+01
   5.9869934e-01   1.3139985e+02   4.3892400e+01
   5.9869934e-01   1.3679998e+02   3.9618900e+01
   5.9869934e-01   1.4220010e+02   3.5564400e+01
   5.9869934e-01   1.4760023e+02   3.1807200e+01
   5.9869934e-01   1.5299978e+02   2.8414400e+01
   5.9869934e-01   1.5839991e+02   2.5440300e+01
   5.9869934e-01   1.6380004e+02   2.2924900e+01
   5.9869934e-01   1.6920017e+02   2.0893700e+01
   5.9869934e-01   1.7459972e+02   1.9357600e+01
   5.9869934e-01   1.7999985e+02   1.8313000e+01
   5.9869934e-01   1.8539998e+02   1.7742700e+01
   5.9869934e-01   1.9080010e+02   1.7617700e+01
   5.9869934e-01   1.9620023e+02   1.7898200e+01
   5.9869934e-01   2.0159978e+02   1.8536200e+01
   5.9869934e-01   2.0699991e+02   1.9476700e+01
   5.9869934e-01   2.1240004e+02   2.0660700e+01
   5.9869934e-01   2.1780017e+02   2.2026600e+01
   5.9869934e-01   2.2319972e+02   2.3513100e+01
   5.9869934e-01   2.2859985e+02   2.5060400e+01
   5.9869934e-01   2.3399997e+02   2.6612600e+01
   5.9869934e-01   2.3940010e+02   2.8119100e+01
   5.9869934e-01   2.4480023e+02   2.9536000e+01
   5.9869934e-01   2.5019978e+02   3.0827600e+01
   5.9869934e-01   2.5559991e+02   3.1966800e+01
   5.9869934e-01   2.6100004e+02   3.2936300e+01
   5.9869934e-01   2.6640016e+02   3.3728700e+01
   5.9869934e-01   2.7179972e+02   3.4346800e+01
   5.9869934e-01   2.7719985e+02   3.4803100e+01
   5.9869934e-01   2.8259997e+02   3.5119900e+01
   6.0041430e-01   1.2599972e+02   5.0432000e+01
   6.0041430e-01   1.3139985e+02   4.6078200e+01
   6.0041430e-01   1.3679998e+02   4.1858800e+01
   6.0041430e-01   1.4220010e+02   3.7860200e+01
   6.0041430e-01   1.4760023e+02   3.4159600e+01
   6.0041430e-01   1.5299978e+02   3.0823500e+01
   6.0041430e-01   1.5839991e+02   2.7905200e+01
   6.0041430e-01   1.6380004e+02   2.5444200e+01
   6.0041430e-01   1.6920017e+02   2.3465500e+01
   6.0041430e-01   1.7459972e+02   2.1979100e+01
   6.0041430e-01   1.7999985e+02   2.0981300e+01
   6.0041430e-01   1.8539998e+02   2.0454400e+01
   6.0041430e-01   1.9080010e+02   2.0369400e+01
   6.0041430e-01   1.9620023e+02   2.0686200e+01
   6.0041430e-01   2.0159978e+02   2.1356800e+01
   6.0041430e-01   2.0699991e+02   2.2326400e+01
   6.0041430e-01   2.1240004e+02   2.3535800e+01
   6.0041430e-01   2.1780017e+02   2.4923900e+01
   6.0041430e-01   2.2319972e+02   2.6429300e+01
   6.0041430e-01   2.2859985e+02   2.7992600e+01
   6.0041430e-01   2.3399997e+02   2.9558000e+01
   6.0041430e-01   2.3940010e+02   3.1075000e+01
   6.0041430e-01   2.4480023e+02   3.2500100e+01
   6.0041430e-01   2.5019978e+02   3.3797600e+01
   6.0041430e-01   2.5559991e+02   3.4940600e+01
   6.0041430e-01   2.6100004e+02   3.5911800e+01
   6.0041430e-01   2.6640016e+02   3.6703900e+01
   6.0041430e-01   2.7179972e+02   3.7319500e+01
   6.0041430e-01   2.7719985e+02   3.7771300e+01
   6.0041430e-01   2.8259997e+02   3.8081200e+01
   6.0212802e-01   1.2599972e+02   5.2803100e+01
   6.0212802e-01   1.3139985e+02   4.8501000e+01
   6.0212802e-01   1.3679998e+02   4.4335800e+01
   6.0212802e-01   1.4220010e+02   4.0392900e+01
   6.0212802e-01   1.4760023e+02   3.6749000e+01
   6.0212802e-01   1.5299978e+02   3.3469500e+01
   6.0212802e-01   1.5839991e+02   3.0607000e+01
   6.0212802e-01   1.6380004e+02   2.8200400e+01
   6.0212802e-01   1.6920017e+02   2.6273900e+01
   6.0212802e-01   1.7459972e+02   2.4837200e+01
   6.0212802e-01   1.7999985e+02   2.3885900e+01
   6.0212802e-01   1.8539998e+02   2.3402400e+01
   6.0212802e-01   1.9080010e+02   2.3357100e+01
   6.0212802e-01   1.9620023e+02   2.3710200e+01
   6.0212802e-01   2.0159978e+02   2.4413200e+01
   6.0212802e-01   2.0699991e+02   2.5411600e+01
   6.0212802e-01   2.1240004e+02   2.6646400e+01
   6.0212802e-01   2.1780017e+02   2.8056500e+01
   6.0212802e-01   2.2319972e+02   2.9580700e+01
   6.0212802e-01   2.2859985e+02   3.1159700e+01
   6.0212802e-01   2.3399997e+02   3.2738100e+01
   6.0212802e-01   2.3940010e+02   3.4265500e+01
   6.0212802e-01   2.4480023e+02   3.5698600e+01
   6.0212802e-01   2.5019978e+02   3.7001800e+01
   6.0212802e-01   2.5559991e+02   3.8148400e+01
   6.0212802e-01   2.6100004e+02   3.9121100e+01
   6.0212802e-01   2.6640016e+02   3.9912600e+01
   6.0212802e-01   2.7179972e+02   4.0525600e+01
   6.0212802e-01   2.7719985e+02   4.0972600e+01
   6.0212802e-01   2.8259997e+02   4.1275600e+01
