#sin^2(theta23) Delta_CP/deg Delta_chi^2
   4.5466419e-01   1.7999985e+02   8.4014100e+01
   4.5466419e-01   1.8599986e+02   7.2298800e+01
   4.5466419e-01   1.9199988e+02   6.2010200e+01
   4.5466419e-01   1.9799989e+02   5.3201800e+01
   4.5466419e-01   2.0399990e+02   4.5872300e+01
   4.5466419e-01   2.0999992e+02   3.9970100e+01
   4.5466419e-01   2.1599993e+02   3.5399700e+01
   4.5466419e-01   2.2199995e+02   3.2030600e+01
   4.5466419e-01   2.2799996e+02   2.9706100e+01
   4.5466419e-01   2.3399997e+02   2.8254000e+01
   4.5466419e-01   2.3999999e+02   2.7496900e+01
   4.5466419e-01   2.4600000e+02   2.7262500e+01
   4.5466419e-01   2.5200002e+02   2.7393000e+01
   4.5466419e-01   2.5800003e+02   2.7753300e+01
   4.5466419e-01   2.6400004e+02   2.8238200e+01
   4.5466419e-01   2.7000006e+02   2.8777500e+01
   4.5466419e-01   2.7600007e+02   2.9340300e+01
   4.5466419e-01   2.8200009e+02   2.9936300e+01
   4.5466419e-01   2.8800010e+02   3.0617000e+01
   4.5466419e-01   2.9400011e+02   3.1474300e+01
   4.5466419e-01   3.0000013e+02   3.2636800e+01
   4.5466419e-01   3.0600014e+02   3.4264800e+01
   4.5466419e-01   3.1200016e+02   3.6542700e+01
   4.5466419e-01   3.1800017e+02   3.9668600e+01
   4.5466419e-01   3.2400018e+02   4.3841700e+01
   4.5466419e-01   3.3000020e+02   4.9248500e+01
   4.5466419e-01   3.3600021e+02   5.6046200e+01
   4.5466419e-01   3.4200023e+02   6.4347800e+01
   4.5466419e-01   3.4800024e+02   7.4207700e+01
   4.5466419e-01   3.5400025e+02   8.5610400e+01
   4.5466419e-01   3.6000027e+02   9.8464100e+01
   4.5765263e-01   1.7999985e+02   7.9083100e+01
   4.5765263e-01   1.8599986e+02   6.7428400e+01
   4.5765263e-01   1.9199988e+02   5.7182600e+01
   4.5765263e-01   1.9799989e+02   4.8399100e+01
   4.5765263e-01   2.0399990e+02   4.1077300e+01
   4.5765263e-01   2.0999992e+02   3.5166600e+01
   4.5765263e-01   2.1599993e+02   3.0573300e+01
   4.5765263e-01   2.2199995e+02   2.7168800e+01
   4.5765263e-01   2.2799996e+02   2.4798700e+01
   4.5765263e-01   2.3399997e+02   2.3293000e+01
   4.5765263e-01   2.3999999e+02   2.2476800e+01
   4.5765263e-01   2.4600000e+02   2.2180000e+01
   4.5765263e-01   2.5200002e+02   2.2246700e+01
   4.5765263e-01   2.5800003e+02   2.2543900e+01
   4.5765263e-01   2.6400004e+02   2.2967800e+01
   4.5765263e-01   2.7000006e+02   2.3449300e+01
   4.5765263e-01   2.7600007e+02   2.3958200e+01
   4.5765263e-01   2.8200009e+02   2.4504800e+01
   4.5765263e-01   2.8800010e+02   2.5140700e+01
   4.5765263e-01   2.9400011e+02   2.5957300e+01
   4.5765263e-01   3.0000013e+02   2.7082600e+01
   4.5765263e-01   3.0600014e+02   2.8676100e+01
   4.5765263e-01   3.1200016e+02   3.0920800e+01
   4.5765263e-01   3.1800017e+02   3.4013300e+01
   4.5765263e-01   3.2400018e+02   3.8151400e+01
   4.5765263e-01   3.3000020e+02   4.3519600e+01
   4.5765263e-01   3.3600021e+02   5.0274100e+01
   4.5765263e-01   3.4200023e+02   5.8526400e+01
   4.5765263e-01   3.4800024e+02   6.8330300e+01
   4.5765263e-01   3.5400025e+02   7.9669900e+01
   4.5765263e-01   3.6000027e+02   9.2453900e+01
   4.6064259e-01   1.7999985e+02   7.4864600e+01
   4.6064259e-01   1.8599986e+02   6.3269900e+01
   4.6064259e-01   1.9199988e+02   5.3066400e+01
   4.6064259e-01   1.9799989e+02   4.4307700e+01
   4.6064259e-01   2.0399990e+02   3.6993600e+01
   4.6064259e-01   2.0999992e+02   3.1074700e+01
   4.6064259e-01   2.1599993e+02   2.6459100e+01
   4.6064259e-01   2.2199995e+02   2.3019800e+01
   4.6064259e-01   2.2799996e+02   2.0604800e+01
   4.6064259e-01   2.3399997e+02   1.9046500e+01
   4.6064259e-01   2.3999999e+02   1.8172100e+01
   4.6064259e-01   2.4600000e+02   1.7813900e+01
   4.6064259e-01   2.5200002e+02   1.7818000e+01
   4.6064259e-01   2.5800003e+02   1.8053000e+01
   4.6064259e-01   2.6400004e+02   1.8416800e+01
   4.6064259e-01   2.7000006e+02   1.8841500e+01
   4.6064259e-01   2.7600007e+02   1.9297500e+01
   4.6064259e-01   2.8200009e+02   1.9795500e+01
   4.6064259e-01   2.8800010e+02   2.0387300e+01
   4.6064259e-01   2.9400011e+02   2.1164000e+01
   4.6064259e-01   3.0000013e+02   2.2252800e+01
   4.6064259e-01   3.0600014e+02   2.3812400e+01
   4.6064259e-01   3.1200016e+02   2.6024400e+01
   4.6064259e-01   3.1800017e+02   2.9084100e+01
   4.6064259e-01   3.2400018e+02   3.3187700e+01
   4.6064259e-01   3.3000020e+02   3.8518100e+01
   4.6064259e-01   3.3600021e+02   4.5229800e+01
   4.6064259e-01   3.4200023e+02   5.3433500e+01
   4.6064259e-01   3.4800024e+02   6.3181900e+01
   4.6064259e-01   3.5400025e+02   7.4459100e+01
   4.6064259e-01   3.6000027e+02   8.7174200e+01
   4.6363398e-01   1.7999985e+02   7.1304600e+01
   4.6363398e-01   1.8599986e+02   5.9769200e+01
   4.6363398e-01   1.9199988e+02   4.9607600e+01
   4.6363398e-01   1.9799989e+02   4.0873400e+01
   4.6363398e-01   2.0399990e+02   3.3567100e+01
   4.6363398e-01   2.0999992e+02   2.7640400e+01
   4.6363398e-01   2.1599993e+02   2.3002800e+01
   4.6363398e-01   2.2199995e+02   1.9529500e+01
   4.6363398e-01   2.2799996e+02   1.7070500e+01
   4.6363398e-01   2.3399997e+02   1.5460300e+01
   4.6363398e-01   2.3999999e+02   1.4528700e+01
   4.6363398e-01   2.4600000e+02   1.4110000e+01
   4.6363398e-01   2.5200002e+02   1.4052500e+01
   4.6363398e-01   2.5800003e+02   1.4226500e+01
   4.6363398e-01   2.6400004e+02   1.4531200e+01
   4.6363398e-01   2.7000006e+02   1.4899900e+01
   4.6363398e-01   2.7600007e+02   1.5303800e+01
   4.6363398e-01   2.8200009e+02   1.5754300e+01
   4.6363398e-01   2.8800010e+02   1.6302700e+01
   4.6363398e-01   2.9400011e+02   1.7040100e+01
   4.6363398e-01   3.0000013e+02   1.8093200e+01
   4.6363398e-01   3.0600014e+02   1.9619500e+01
   4.6363398e-01   3.1200016e+02   2.1799500e+01
   4.6363398e-01   3.1800017e+02   2.4827000e+01
   4.6363398e-01   3.2400018e+02   2.8896600e+01
   4.6363398e-01   3.3000020e+02   3.4189700e+01
   4.6363398e-01   3.3600021e+02   4.0859300e+01
   4.6363398e-01   3.4200023e+02   4.9014900e+01
   4.6363398e-01   3.4800024e+02   5.8708500e+01
   4.6363398e-01   3.5400025e+02   6.9924000e+01
   4.6363398e-01   3.6000027e+02   8.2570800e+01
   4.6662667e-01   1.7999985e+02   6.8348100e+01
   4.6662667e-01   1.8599986e+02   5.6871200e+01
   4.6662667e-01   1.9199988e+02   4.6751100e+01
   4.6662667e-01   1.9799989e+02   3.8041300e+01
   4.6662667e-01   2.0399990e+02   3.0742800e+01
   4.6662667e-01   2.0999992e+02   2.4808500e+01
   4.6662667e-01   2.1599993e+02   2.0149500e+01
   4.6662667e-01   2.2199995e+02   1.6642800e+01
   4.6662667e-01   2.2799996e+02   1.4140500e+01
   4.6662667e-01   2.3399997e+02   1.2479500e+01
   4.6662667e-01   2.3999999e+02   1.1491600e+01
   4.6662667e-01   2.4600000e+02   1.1013500e+01
   4.6662667e-01   2.5200002e+02   1.0895300e+01
   4.6662667e-01   2.5800003e+02   1.1009200e+01
   4.6662667e-01   2.6400004e+02   1.1255800e+01
   4.6662667e-01   2.7000006e+02   1.1569500e+01
   4.6662667e-01   2.7600007e+02   1.1922400e+01
   4.6662667e-01   2.8200009e+02   1.2325900e+01
   4.6662667e-01   2.8800010e+02   1.2831900e+01
   4.6662667e-01   2.9400011e+02   1.3530900e+01
   4.6662667e-01   3.0000013e+02   1.4548900e+01
   4.6662667e-01   3.0600014e+02   1.6042500e+01
   4.6662667e-01   3.1200016e+02   1.8191100e+01
   4.6662667e-01   3.1800017e+02   2.1187000e+01
   4.6662667e-01   3.2400018e+02   2.5223200e+01
   4.6662667e-01   3.3000020e+02   3.0479600e+01
   4.6662667e-01   3.3600021e+02   3.7107700e+01
   4.6662667e-01   3.4200023e+02   4.5215800e+01
   4.6662667e-01   3.4800024e+02   5.4855300e+01
   4.6662667e-01   3.5400025e+02   6.6009700e+01
   4.6662667e-01   3.6000027e+02   7.8588900e+01
   4.6962056e-01   1.7999985e+02   6.5939700e+01
   4.6962056e-01   1.8599986e+02   5.4520800e+01
   4.6962056e-01   1.9199988e+02   4.4441700e+01
   4.6962056e-01   1.9799989e+02   3.5756000e+01
   4.6962056e-01   2.0399990e+02   2.8465400e+01
   4.6962056e-01   2.0999992e+02   2.2523800e+01
   4.6962056e-01   2.1599993e+02   1.7843900e+01
   4.6962056e-01   2.2199995e+02   1.4304400e+01
   4.6962056e-01   2.2799996e+02   1.1759500e+01
   4.6962056e-01   2.3399997e+02   1.0048500e+01
   4.6962056e-01   2.3999999e+02   9.0053800e+00
   4.6962056e-01   2.4600000e+02   8.4688100e+00
   4.6962056e-01   2.5200002e+02   8.2910100e+00
   4.6962056e-01   2.5800003e+02   8.3458200e+00
   4.6962056e-01   2.6400004e+02   8.5353000e+00
   4.6962056e-01   2.7000006e+02   8.7949900e+00
   4.6962056e-01   2.7600007e+02   9.0976200e+00
   4.6962056e-01   2.8200009e+02   9.4552000e+00
   4.6962056e-01   2.8800010e+02   9.9194800e+00
   4.6962056e-01   2.9400011e+02   1.0580700e+01
   4.6962056e-01   3.0000013e+02   1.1564300e+01
   4.6962056e-01   3.0600014e+02   1.3026000e+01
   4.6962056e-01   3.1200016e+02   1.5143900e+01
   4.6962056e-01   3.1800017e+02   1.8108700e+01
   4.6962056e-01   3.2400018e+02   2.2112100e+01
   4.6962056e-01   3.3000020e+02   2.7332300e+01
   4.6962056e-01   3.3600021e+02   3.3919600e+01
   4.6962056e-01   3.4200023e+02   4.1980900e+01
   4.6962056e-01   3.4800024e+02   5.1566800e+01
   4.6962056e-01   3.5400025e+02   6.2660800e+01
   4.6962056e-01   3.6000027e+02   7.5173100e+01
   4.7261555e-01   1.7999985e+02   6.4024400e+01
   4.7261555e-01   1.8599986e+02   5.2662600e+01
   4.7261555e-01   1.9199988e+02   4.2624100e+01
   4.7261555e-01   1.9799989e+02   3.3962400e+01
   4.7261555e-01   2.0399990e+02   2.6679600e+01
   4.7261555e-01   2.0999992e+02   2.0731000e+01
   4.7261555e-01   2.1599993e+02   1.6030500e+01
   4.7261555e-01   2.2199995e+02   1.2458900e+01
   4.7261555e-01   2.2799996e+02   9.8723200e+00
   4.7261555e-01   2.3399997e+02   8.1121700e+00
   4.7261555e-01   2.3999999e+02   7.0147100e+00
   4.7261555e-01   2.4600000e+02   6.4206800e+00
   4.7261555e-01   2.5200002e+02   6.1842800e+00
   4.7261555e-01   2.5800003e+02   6.1810100e+00
   4.7261555e-01   2.6400004e+02   6.3143600e+00
   4.7261555e-01   2.7000006e+02   6.5209500e+00
   4.7261555e-01   2.7600007e+02   6.7742700e+00
   4.7261555e-01   2.8200009e+02   7.0867200e+00
   4.7261555e-01   2.8800010e+02   7.5101000e+00
   4.7261555e-01   2.9400011e+02   8.1343400e+00
   4.7261555e-01   3.0000013e+02   9.0843200e+00
   4.7261555e-01   3.0600014e+02   1.0514700e+01
   4.7261555e-01   3.1200016e+02   1.2602400e+01
   4.7261555e-01   3.1800017e+02   1.5536800e+01
   4.7261555e-01   3.2400018e+02   1.9508000e+01
   4.7261555e-01   3.3000020e+02   2.4692700e+01
   4.7261555e-01   3.3600021e+02   3.1239600e+01
   4.7261555e-01   3.4200023e+02   3.9254700e+01
   4.7261555e-01   3.4800024e+02   4.8787800e+01
   4.7261555e-01   3.5400025e+02   5.9822000e+01
   4.7261555e-01   3.6000027e+02   7.2268200e+01
   4.7561152e-01   1.7999985e+02   6.2547500e+01
   4.7561152e-01   1.8599986e+02   5.1242200e+01
   4.7561152e-01   1.9199988e+02   4.1243800e+01
   4.7561152e-01   1.9799989e+02   3.2605800e+01
   4.7561152e-01   2.0399990e+02   2.5331000e+01
   4.7561152e-01   2.0999992e+02   1.9375600e+01
   4.7561152e-01   2.1599993e+02   1.4655000e+01
   4.7561152e-01   2.2199995e+02   1.1051900e+01
   4.7561152e-01   2.2799996e+02   8.4243000e+00
   4.7561152e-01   2.3399997e+02   6.6158800e+00
   4.7561152e-01   2.3999999e+02   5.4650100e+00
   4.7561152e-01   2.4600000e+02   4.8145200e+00
   4.7561152e-01   2.5200002e+02   4.5205000e+00
   4.7561152e-01   2.5800003e+02   4.4601500e+00
   4.7561152e-01   2.6400004e+02   4.5383300e+00
   4.7561152e-01   2.7000006e+02   4.6927700e+00
   4.7561152e-01   2.7600007e+02   4.8976800e+00
   4.7561152e-01   2.8200009e+02   5.1658500e+00
   4.7561152e-01   2.8800010e+02   5.5491300e+00
   4.7561152e-01   2.9400011e+02   6.1371500e+00
   4.7561152e-01   3.0000013e+02   7.0541700e+00
   4.7561152e-01   3.0600014e+02   8.4539000e+00
   4.7561152e-01   3.1200016e+02   1.0512100e+01
   4.7561152e-01   3.1800017e+02   1.3416700e+01
   4.7561152e-01   3.2400018e+02   1.7356300e+01
   4.7561152e-01   3.3000020e+02   2.2506000e+01
   4.7561152e-01   3.3600021e+02   2.9013300e+01
   4.7561152e-01   3.4200023e+02   3.6982800e+01
   4.7561152e-01   3.4800024e+02   4.6463600e+01
   4.7561152e-01   3.5400025e+02   5.7438800e+01
   4.7561152e-01   3.6000027e+02   6.9819600e+01
   4.7860837e-01   1.7999985e+02   6.1455900e+01
   4.7860837e-01   1.8599986e+02   5.0206300e+01
   4.7860837e-01   1.9199988e+02   4.0247500e+01
   4.7860837e-01   1.9799989e+02   3.1633000e+01
   4.7860837e-01   2.0399990e+02   2.4366200e+01
   4.7860837e-01   2.0999992e+02   1.8404200e+01
   4.7860837e-01   2.1599993e+02   1.3664000e+01
   4.7860837e-01   2.2199995e+02   1.0029900e+01
   4.7860837e-01   2.2799996e+02   7.3621000e+00
   4.7860837e-01   2.3399997e+02   5.5062600e+00
   4.7860837e-01   2.3999999e+02   4.3028900e+00
   4.7860837e-01   2.4600000e+02   3.5969000e+00
   4.7860837e-01   2.5200002e+02   3.2462500e+00
   4.7860837e-01   2.5800003e+02   3.1298000e+00
   4.7860837e-01   2.6400004e+02   3.1537900e+00
   4.7860837e-01   2.7000006e+02   3.2570100e+00
   4.7860837e-01   2.7600007e+02   3.4143800e+00
   4.7860837e-01   2.8200009e+02   3.6391200e+00
   4.7860837e-01   2.8800010e+02   3.9830900e+00
   4.7860837e-01   2.9400011e+02   4.5356400e+00
   4.7860837e-01   3.0000013e+02   5.4204000e+00
   4.7860837e-01   3.0600014e+02   6.7901500e+00
   4.7860837e-01   3.1200016e+02   8.8194200e+00
   4.7860837e-01   3.1800017e+02   1.1694900e+01
   4.7860837e-01   3.2400018e+02   1.5603400e+01
   4.7860837e-01   3.3000020e+02   2.0718800e+01
   4.7860837e-01   3.3600021e+02   2.7187000e+01
   4.7860837e-01   3.4200023e+02   3.5111500e+01
   4.7860837e-01   3.4800024e+02   4.4540800e+01
   4.7860837e-01   3.5400025e+02   5.5457700e+01
   4.7860837e-01   3.6000027e+02   6.7773600e+01
   4.8160599e-01   1.7999985e+02   6.0697900e+01
   4.8160599e-01   1.8599986e+02   4.9503300e+01
   4.8160599e-01   1.9199988e+02   3.9583700e+01
   4.8160599e-01   1.9799989e+02   3.0992500e+01
   4.8160599e-01   2.0399990e+02   2.3733600e+01
   4.8160599e-01   2.0999992e+02   1.7765300e+01
   4.8160599e-01   2.1599993e+02   1.3005900e+01
   4.8160599e-01   2.2199995e+02   9.3414400e+00
   4.8160599e-01   2.2799996e+02   6.6341400e+00
   4.8160599e-01   2.3399997e+02   4.7316900e+00
   4.8160599e-01   2.3999999e+02   3.4767500e+00
   4.8160599e-01   2.4600000e+02   2.7162000e+00
   4.8160599e-01   2.5200002e+02   2.3098900e+00
   4.8160599e-01   2.5800003e+02   2.1383100e+00
   4.8160599e-01   2.6400004e+02   2.1090500e+00
   4.8160599e-01   2.7000006e+02   2.1619600e+00
   4.8160599e-01   2.7600007e+02   2.2726900e+00
   4.8160599e-01   2.8200009e+02   2.4548200e+00
   4.8160599e-01   2.8800010e+02   2.7602700e+00
   4.8160599e-01   2.9400011e+02   3.2780800e+00
   4.8160599e-01   3.0000013e+02   4.1312800e+00
   4.8160599e-01   3.0600014e+02   5.4717000e+00
   4.8160599e-01   3.1200016e+02   7.4727100e+00
   4.8160599e-01   3.1800017e+02   1.0319600e+01
   4.8160599e-01   3.2400018e+02   1.4197700e+01
   4.8160599e-01   3.3000020e+02   1.9279300e+01
   4.8160599e-01   3.3600021e+02   2.5709000e+01
   4.8160599e-01   3.4200023e+02   3.3589200e+01
   4.8160599e-01   3.4800024e+02   4.2967500e+01
   4.8160599e-01   3.5400025e+02   5.3826700e+01
   4.8160599e-01   3.6000027e+02   6.6078600e+01
   4.8460427e-01   1.7999985e+02   6.0224300e+01
   4.8460427e-01   1.8599986e+02   4.9084100e+01
   4.8460427e-01   1.9199988e+02   3.9203100e+01
   4.8460427e-01   1.9799989e+02   3.0635000e+01
   4.8460427e-01   2.0399990e+02   2.3384200e+01
   4.8460427e-01   2.0999992e+02   1.7409700e+01
   4.8460427e-01   2.1599993e+02   1.2631500e+01
   4.8460427e-01   2.2199995e+02   8.9372700e+00
   4.8460427e-01   2.2799996e+02   6.1911600e+00
   4.8460427e-01   2.3399997e+02   4.2429300e+00
   4.8460427e-01   2.3999999e+02   2.9372800e+00
   4.8460427e-01   2.4600000e+02   2.1231100e+00
   4.8460427e-01   2.5200002e+02   1.6620900e+00
   4.8460427e-01   2.5800003e+02   1.4363100e+00
   4.8460427e-01   2.6400004e+02   1.3547400e+00
   4.8460427e-01   2.7000006e+02   1.3582400e+00
   4.8460427e-01   2.7600007e+02   1.4231900e+00
   4.8460427e-01   2.8200009e+02   1.5635300e+00
   4.8460427e-01   2.8800010e+02   1.8312400e+00
   4.8460427e-01   2.9400011e+02   2.3150500e+00
   4.8460427e-01   3.0000013e+02   3.1373600e+00
   4.8460427e-01   3.0600014e+02   4.4491100e+00
   4.8460427e-01   3.1200016e+02   6.4224700e+00
   4.8460427e-01   3.1800017e+02   9.2413200e+00
   4.8460427e-01   3.2400018e+02   1.3089600e+01
   4.8460427e-01   3.3000020e+02   1.8138000e+01
   4.8460427e-01   3.3600021e+02   2.4529800e+01
   4.8460427e-01   3.4200023e+02   3.2366200e+01
   4.8460427e-01   3.4800024e+02   4.1694300e+01
   4.8460427e-01   3.5400025e+02   5.2496400e+01
   4.8460427e-01   3.6000027e+02   6.4684900e+01
   4.8760311e-01   1.7999985e+02   5.9988900e+01
   4.8760311e-01   1.8599986e+02   4.8902300e+01
   4.8760311e-01   1.9199988e+02   3.9059600e+01
   4.8760311e-01   1.9799989e+02   3.0514300e+01
   4.8760311e-01   2.0399990e+02   2.3271400e+01
   4.8760311e-01   2.0999992e+02   1.7291100e+01
   4.8760311e-01   2.1599993e+02   1.2494500e+01
   4.8760311e-01   2.2199995e+02   8.7710000e+00
   4.8760311e-01   2.2799996e+02   5.9867800e+00
   4.8760311e-01   2.3399997e+02   3.9935500e+00
   4.8760311e-01   2.3999999e+02   2.6380600e+00
   4.8760311e-01   2.4600000e+02   1.7711700e+00
   4.8760311e-01   2.5200002e+02   1.2563600e+00
   4.8760311e-01   2.5800003e+02   9.7732900e-01
   4.8760311e-01   2.6400004e+02   8.4435000e-01
   4.8760311e-01   2.7000006e+02   7.9932000e-01
   4.8760311e-01   2.7600007e+02   8.1932600e-01
   4.8760311e-01   2.8200009e+02   9.1868500e-01
   4.8760311e-01   2.8800010e+02   1.1494000e+00
   4.8760311e-01   2.9400011e+02   1.5999200e+00
   4.8760311e-01   3.0000013e+02   2.3920200e+00
   4.8760311e-01   3.0600014e+02   3.6757300e+00
   4.8760311e-01   3.1200016e+02   5.6220400e+00
   4.8760311e-01   3.1800017e+02   8.4134700e+00
   4.8760311e-01   3.2400018e+02   1.2232500e+01
   4.8760311e-01   3.3000020e+02   1.7248300e+01
   4.8760311e-01   3.3600021e+02   2.3602700e+01
   4.8760311e-01   3.4200023e+02   3.1396000e+01
   4.8760311e-01   3.4800024e+02   4.0674400e+01
   4.8760311e-01   3.5400025e+02   5.1420100e+01
   4.8760311e-01   3.6000027e+02   6.3545800e+01
   4.9060239e-01   1.7999985e+02   5.9948600e+01
   4.9060239e-01   1.8599986e+02   4.8915000e+01
   4.9060239e-01   1.9199988e+02   3.9110000e+01
   4.9060239e-01   1.9799989e+02   3.0587400e+01
   4.9060239e-01   2.0399990e+02   2.3352500e+01
   4.9060239e-01   2.0999992e+02   1.7366400e+01
   4.9060239e-01   2.1599993e+02   1.2551800e+01
   4.9060239e-01   2.2199995e+02   8.7996900e+00
   4.9060239e-01   2.2799996e+02   5.9780300e+00
   4.9060239e-01   2.3399997e+02   3.9405700e+00
   4.9060239e-01   2.3999999e+02   2.5360800e+00
   4.9060239e-01   2.4600000e+02   1.6173400e+00
   4.9060239e-01   2.5200002e+02   1.0496500e+00
   4.9060239e-01   2.5800003e+02   7.1825200e-01
   4.9060239e-01   2.6400004e+02   5.3474800e-01
   4.9060239e-01   2.7000006e+02   4.4204800e-01
   4.9060239e-01   2.7600007e+02   4.1793300e-01
   4.9060239e-01   2.8200009e+02   4.7708900e-01
   4.9060239e-01   2.8800010e+02   6.7155500e-01
   4.9060239e-01   2.9400011e+02   1.0894700e+00
   4.9060239e-01   3.0000013e+02   1.8520200e+00
   4.9060239e-01   3.0600014e+02   3.1083000e+00
   4.9060239e-01   3.1200016e+02   5.0281600e+00
   4.9060239e-01   3.1800017e+02   7.7927300e+00
   4.9060239e-01   3.2400018e+02   1.1583000e+01
   4.9060239e-01   3.3000020e+02   1.6566800e+01
   4.9060239e-01   3.3600021e+02   2.2884400e+01
   4.9060239e-01   3.4200023e+02   3.0635100e+01
   4.9060239e-01   3.4800024e+02   3.9864300e+01
   4.9060239e-01   3.5400025e+02   5.0554200e+01
   4.9060239e-01   3.6000027e+02   6.2617800e+01
   4.9360201e-01   1.7999985e+02   6.0064300e+01
   4.9360201e-01   1.8599986e+02   4.9083100e+01
   4.9360201e-01   1.9199988e+02   3.9315500e+01
   4.9360201e-01   1.9799989e+02   3.0815300e+01
   4.9360201e-01   2.0399990e+02   2.3588400e+01
   4.9360201e-01   2.0999992e+02   1.7596800e+01
   4.9360201e-01   2.1599993e+02   1.2764500e+01
   4.9360201e-01   2.2199995e+02   8.9842700e+00
   4.9360201e-01   2.2799996e+02   6.1258100e+00
   4.9360201e-01   2.3399997e+02   4.0448700e+00
   4.9360201e-01   2.3999999e+02   2.5921800e+00
   4.9360201e-01   2.4600000e+02   1.6224600e+00
   4.9360201e-01   2.5200002e+02   1.0027500e+00
   4.9360201e-01   2.5800003e+02   6.1986200e-01
   4.9360201e-01   2.6400004e+02   3.8669000e-01
   4.9360201e-01   2.7000006e+02   2.4714700e-01
   4.9360201e-01   2.7600007e+02   1.7970600e-01
   4.9360201e-01   2.8200009e+02   1.9941400e-01
   4.9360201e-01   2.8800010e+02   3.5834100e-01
   4.9360201e-01   2.9400011e+02   7.4433600e-01
   4.9360201e-01   3.0000013e+02   1.4779600e+00
   4.9360201e-01   3.0600014e+02   2.7074100e+00
   4.9360201e-01   3.1200016e+02   4.6013800e+00
   4.9360201e-01   3.1800017e+02   7.3396400e+00
   4.9360201e-01   3.2400018e+02   1.1101700e+01
   4.9360201e-01   3.3000020e+02   1.6053900e+01
   4.9360201e-01   3.3600021e+02   2.2335300e+01
   4.9360201e-01   3.4200023e+02   3.0043900e+01
   4.9360201e-01   3.4800024e+02   3.9224700e+01
   4.9360201e-01   3.5400025e+02   4.9859300e+01
   4.9360201e-01   3.6000027e+02   6.1861300e+01
   4.9660186e-01   1.7999985e+02   6.0301400e+01
   4.9660186e-01   1.8599986e+02   4.9371900e+01
   4.9660186e-01   1.9199988e+02   3.9641300e+01
   4.9660186e-01   1.9799989e+02   3.1163300e+01
   4.9660186e-01   2.0399990e+02   2.3944400e+01
   4.9660186e-01   2.0999992e+02   1.7947500e+01
   4.9660186e-01   2.1599993e+02   1.3098000e+01
   4.9660186e-01   2.2199995e+02   9.2900600e+00
   4.9660186e-01   2.2799996e+02   6.3954300e+00
   4.9660186e-01   2.3399997e+02   4.2717100e+00
   4.9660186e-01   2.3999999e+02   2.7716100e+00
   4.9660186e-01   2.4600000e+02   1.7517200e+00
   4.9660186e-01   2.5200002e+02   1.0808300e+00
   4.9660186e-01   2.5800003e+02   6.4728900e-01
   4.9660186e-01   2.6400004e+02   3.6527200e-01
   4.9660186e-01   2.7000006e+02   1.7968600e-01
   4.9660186e-01   2.7600007e+02   6.9683500e-02
   4.9660186e-01   2.8200009e+02   5.0670200e-02
   4.9660186e-01   2.8800010e+02   1.7474600e-01
   4.9660186e-01   2.9400011e+02   5.2946300e-01
   4.9660186e-01   3.0000013e+02   1.2347700e+00
   4.9660186e-01   3.0600014e+02   2.4379700e+00
   4.9660186e-01   3.1200016e+02   4.3065900e+00
   4.9660186e-01   3.1800017e+02   7.0190800e+00
   4.9660186e-01   3.2400018e+02   1.0753500e+01
   4.9660186e-01   3.3000020e+02   1.5674600e+01
   4.9660186e-01   3.3600021e+02   2.1920200e+01
   4.9660186e-01   3.4200023e+02   2.9587400e+01
   4.9660186e-01   3.4800024e+02   3.8720100e+01
   4.9660186e-01   3.5400025e+02   4.9300000e+01
   4.9660186e-01   3.6000027e+02   6.1241000e+01
   4.9960184e-01   1.7999985e+02   6.0629800e+01
   4.9960184e-01   1.8599986e+02   4.9751500e+01
   4.9960184e-01   1.9199988e+02   4.0057500e+01
   4.9960184e-01   1.9799989e+02   3.1601600e+01
   4.9960184e-01   2.0399990e+02   2.4390600e+01
   4.9960184e-01   2.0999992e+02   1.8388700e+01
   4.9960184e-01   2.1599993e+02   1.3522200e+01
   4.9960184e-01   2.2199995e+02   9.6871300e+00
   4.9960184e-01   2.2799996e+02   6.7569200e+00
   4.9960184e-01   2.3399997e+02   4.5911300e+00
   4.9960184e-01   2.3999999e+02   3.0443600e+00
   4.9960184e-01   2.4600000e+02   1.9750900e+00
   4.9960184e-01   2.5200002e+02   1.2538200e+00
   4.9960184e-01   2.5800003e+02   7.7043300e-01
   4.9960184e-01   2.6400004e+02   4.4036000e-01
   4.9960184e-01   2.7000006e+02   2.0949600e-01
   4.9960184e-01   2.7600007e+02   5.7664300e-02
   4.9960184e-01   2.8200009e+02   6.2629300e-04
   4.9960184e-01   2.8800010e+02   9.0508000e-02
   4.9960184e-01   2.9400011e+02   4.1456600e-01
   4.9960184e-01   3.0000013e+02   1.0921400e+00
   4.9960184e-01   3.0600014e+02   2.2696400e+00
   4.9960184e-01   3.1200016e+02   4.1134300e+00
   4.9960184e-01   3.1800017e+02   6.8006300e+00
   4.9960184e-01   3.2400018e+02   1.0507800e+01
   4.9960184e-01   3.3000020e+02   1.5398400e+01
   4.9960184e-01   3.3600021e+02   2.1608800e+01
   4.9960184e-01   3.4200023e+02   2.9234800e+01
   4.9960184e-01   3.4800024e+02   3.8320000e+01
   4.9960184e-01   3.5400025e+02   4.8845800e+01
   4.9960184e-01   3.6000027e+02   6.0726300e+01
   5.0260182e-01   1.7999985e+02   6.1024900e+01
   5.0260182e-01   1.8599986e+02   5.0197100e+01
   5.0260182e-01   1.9199988e+02   4.0539400e+01
   5.0260182e-01   1.9799989e+02   3.2105300e+01
   5.0260182e-01   2.0399990e+02   2.4902400e+01
   5.0260182e-01   2.0999992e+02   1.8895500e+01
   5.0260182e-01   2.1599993e+02   1.4012400e+01
   5.0260182e-01   2.2199995e+02   1.0150700e+01
   5.0260182e-01   2.2799996e+02   7.1855100e+00
   5.0260182e-01   2.3399997e+02   4.9782900e+00
   5.0260182e-01   2.3999999e+02   3.3855800e+00
   5.0260182e-01   2.4600000e+02   2.2676800e+00
   5.0260182e-01   2.5200002e+02   1.4968000e+00
   5.0260182e-01   2.5800003e+02   9.6432600e-01
   5.0260182e-01   2.6400004e+02   5.8695100e-01
   5.0260182e-01   2.7000006e+02   3.1153600e-01
   5.0260182e-01   2.7600007e+02   1.1857400e-01
   5.0260182e-01   2.8200009e+02   2.4174000e-02
   5.0260182e-01   2.8800010e+02   8.0487200e-02
   5.0260182e-01   2.9400011e+02   3.7447400e-01
   5.0260182e-01   3.0000013e+02   1.0248700e+00
   5.0260182e-01   3.0600014e+02   2.1771800e+00
   5.0260182e-01   3.1200016e+02   3.9966400e+00
   5.0260182e-01   3.1800017e+02   6.6590100e+00
   5.0260182e-01   3.2400018e+02   1.0339500e+01
   5.0260182e-01   3.3000020e+02   1.5199900e+01
   5.0260182e-01   3.3600021e+02   2.1375400e+01
   5.0260182e-01   3.4200023e+02   2.8960900e+01
   5.0260182e-01   3.4800024e+02   3.7999000e+01
   5.0260182e-01   3.5400025e+02   4.8471100e+01
   5.0260182e-01   3.6000027e+02   6.0291600e+01
   5.0560172e-01   1.7999985e+02   6.1467100e+01
   5.0560172e-01   1.8599986e+02   5.0689500e+01
   5.0560172e-01   1.9199988e+02   4.1067600e+01
   5.0560172e-01   1.9799989e+02   3.2655300e+01
   5.0560172e-01   2.0399990e+02   2.5460400e+01
   5.0560172e-01   2.0999992e+02   1.9448800e+01
   5.0560172e-01   2.1599993e+02   1.4549400e+01
   5.0560172e-01   2.2199995e+02   1.0661500e+01
   5.0560172e-01   2.2799996e+02   7.6618300e+00
   5.0560172e-01   2.3399997e+02   5.4138200e+00
   5.0560172e-01   2.3999999e+02   3.7758400e+00
   5.0560172e-01   2.4600000e+02   2.6100200e+00
   5.0560172e-01   2.5200002e+02   1.7902700e+00
   5.0560172e-01   2.5800003e+02   1.2094400e+00
   5.0560172e-01   2.6400004e+02   7.8547900e-01
   5.0560172e-01   2.7000006e+02   4.6620500e-01
   5.0560172e-01   2.7600007e+02   2.3277400e-01
   5.0560172e-01   2.8200009e+02   1.0163800e-01
   5.0560172e-01   2.8800010e+02   1.2497400e-01
   5.0560172e-01   2.9400011e+02   3.8944300e-01
   5.0560172e-01   3.0000013e+02   1.0131700e+00
   5.0560172e-01   3.0600014e+02   2.1407900e+00
   5.0560172e-01   3.1200016e+02   3.9363700e+00
   5.0560172e-01   3.1800017e+02   6.5743700e+00
   5.0560172e-01   3.2400018e+02   1.0228500e+01
   5.0560172e-01   3.3000020e+02   1.5059200e+01
   5.0560172e-01   3.3600021e+02   2.1200400e+01
   5.0560172e-01   3.4200023e+02   2.8745600e+01
   5.0560172e-01   3.4800024e+02   3.7737200e+01
   5.0560172e-01   3.5400025e+02   4.8156000e+01
   5.0560172e-01   3.6000027e+02   5.9916900e+01
   5.0860141e-01   1.7999985e+02   6.1942800e+01
   5.0860141e-01   1.8599986e+02   5.1214800e+01
   5.0860141e-01   1.9199988e+02   4.1628500e+01
   5.0860141e-01   1.9799989e+02   3.3237800e+01
   5.0860141e-01   2.0399990e+02   2.6051000e+01
   5.0860141e-01   2.0999992e+02   2.0034800e+01
   5.0860141e-01   2.1599993e+02   1.5119500e+01
   5.0860141e-01   2.2199995e+02   1.1205800e+01
   5.0860141e-01   2.2799996e+02   8.1722200e+00
   5.0860141e-01   2.3399997e+02   5.8840100e+00
   5.0860141e-01   2.3999999e+02   4.2014200e+00
   5.0860141e-01   2.4600000e+02   2.9883700e+00
   5.0860141e-01   2.5200002e+02   2.1204300e+00
   5.0860141e-01   2.5800003e+02   1.4919400e+00
   5.0860141e-01   2.6400004e+02   1.0220600e+00
   5.0860141e-01   2.7000006e+02   6.5957800e-01
   5.0860141e-01   2.7600007e+02   3.8630000e-01
   5.0860141e-01   2.8200009e+02   2.1901900e-01
   5.0860141e-01   2.8800010e+02   2.0993100e-01
   5.0860141e-01   2.9400011e+02   4.4540400e-01
   5.0860141e-01   3.0000013e+02   1.0429600e+00
   5.0860141e-01   3.0600014e+02   2.1463300e+00
   5.0860141e-01   3.1200016e+02   3.9184600e+00
   5.0860141e-01   3.1800017e+02   6.5324800e+00
   5.0860141e-01   3.2400018e+02   1.0160700e+01
   5.0860141e-01   3.3000020e+02   1.4962100e+01
   5.0860141e-01   3.3600021e+02   2.1069200e+01
   5.0860141e-01   3.4200023e+02   2.8574700e+01
   5.0860141e-01   3.4800024e+02   3.7519900e+01
   5.0860141e-01   3.5400025e+02   4.7885900e+01
   5.0860141e-01   3.6000027e+02   5.9587700e+01
   5.1160080e-01   1.7999985e+02   6.2444100e+01
   5.1160080e-01   1.8599986e+02   5.1765300e+01
   5.1160080e-01   1.9199988e+02   4.2214400e+01
   5.1160080e-01   1.9799989e+02   3.3845100e+01
   5.1160080e-01   2.0399990e+02   2.6666400e+01
   5.1160080e-01   2.0999992e+02   2.0645900e+01
   5.1160080e-01   2.1599993e+02   1.5715000e+01
   5.1160080e-01   2.2199995e+02   1.1775800e+01
   5.1160080e-01   2.2799996e+02   8.7088700e+00
   5.1160080e-01   2.3399997e+02   6.3810300e+00
   5.1160080e-01   2.3999999e+02   4.6544400e+00
   5.1160080e-01   2.4600000e+02   3.3948000e+00
   5.1160080e-01   2.5200002e+02   2.4793200e+00
   5.1160080e-01   2.5800003e+02   1.8038100e+00
   5.1160080e-01   2.6400004e+02   1.2886600e+00
   5.1160080e-01   2.7000006e+02   8.8357900e-01
   5.1160080e-01   2.7600007e+02   5.7103600e-01
   5.1160080e-01   2.8200009e+02   3.6816100e-01
   5.1160080e-01   2.8800010e+02   3.2716800e-01
   5.1160080e-01   2.9400011e+02   5.3412600e-01
   5.1160080e-01   3.0000013e+02   1.1059500e+00
   5.1160080e-01   3.0600014e+02   2.1855000e+00
   5.1160080e-01   3.1200016e+02   3.9345700e+00
   5.1160080e-01   3.1800017e+02   6.5249800e+00
   5.1160080e-01   3.2400018e+02   1.0127600e+01
   5.1160080e-01   3.3000020e+02   1.4900000e+01
   5.1160080e-01   3.3600021e+02   2.0973400e+01
   5.1160080e-01   3.4200023e+02   2.8439400e+01
   5.1160080e-01   3.4800024e+02   3.7338800e+01
   5.1160080e-01   3.5400025e+02   4.7652200e+01
   5.1160080e-01   3.6000027e+02   5.9295300e+01
   5.1459976e-01   1.7999985e+02   6.2969100e+01
   5.1459976e-01   1.8599986e+02   5.2339100e+01
   5.1459976e-01   1.9199988e+02   4.2823300e+01
   5.1459976e-01   1.9799989e+02   3.4475500e+01
   5.1459976e-01   2.0399990e+02   2.7304900e+01
   5.1459976e-01   2.0999992e+02   2.1280200e+01
   5.1459976e-01   2.1599993e+02   1.6333900e+01
   5.1459976e-01   2.2199995e+02   1.2369800e+01
   5.1459976e-01   2.2799996e+02   9.2699000e+00
   5.1459976e-01   2.3399997e+02   6.9029800e+00
   5.1459976e-01   2.3999999e+02   5.1329600e+00
   5.1459976e-01   2.4600000e+02   3.8273300e+00
   5.1459976e-01   2.5200002e+02   2.8649400e+00
   5.1459976e-01   2.5800003e+02   2.1430200e+00
   5.1459976e-01   2.6400004e+02   1.5831800e+00
   5.1459976e-01   2.7000006e+02   1.1360700e+00
   5.1459976e-01   2.7600007e+02   7.8481000e-01
   5.1459976e-01   2.8200009e+02   5.4685200e-01
   5.1459976e-01   2.8800010e+02   4.7443200e-01
   5.1459976e-01   2.9400011e+02   6.5332100e-01
   5.1459976e-01   3.0000013e+02   1.1998400e+00
   5.1459976e-01   3.0600014e+02   2.2559400e+00
   5.1459976e-01   3.1200016e+02   3.9823100e+00
   5.1459976e-01   3.1800017e+02   6.5494500e+00
   5.1459976e-01   3.2400018e+02   1.0126800e+01
   5.1459976e-01   3.3000020e+02   1.4870500e+01
   5.1459976e-01   3.3600021e+02   2.0910500e+01
   5.1459976e-01   3.4200023e+02   2.8337400e+01
   5.1459976e-01   3.4800024e+02   3.7191200e+01
   5.1459976e-01   3.5400025e+02   4.7452400e+01
   5.1459976e-01   3.6000027e+02   5.9037000e+01
   5.1759820e-01   1.7999985e+02   6.3521800e+01
   5.1759820e-01   1.8599986e+02   5.2940300e+01
   5.1759820e-01   1.9199988e+02   4.3459400e+01
   5.1759820e-01   1.9799989e+02   3.5132900e+01
   5.1759820e-01   2.0399990e+02   2.7970500e+01
   5.1759820e-01   2.0999992e+02   2.1941800e+01
   5.1759820e-01   2.1599993e+02   1.6980500e+01
   5.1759820e-01   2.2199995e+02   1.2991800e+01
   5.1759820e-01   2.2799996e+02   9.8594000e+00
   5.1759820e-01   2.3399997e+02   7.4539000e+00
   5.1759820e-01   2.3999999e+02   5.6410100e+00
   5.1759820e-01   2.4600000e+02   4.2899600e+00
   5.1759820e-01   2.5200002e+02   3.2812200e+00
   5.1759820e-01   2.5800003e+02   2.5134600e+00
   5.1759820e-01   2.6400004e+02   1.9094800e+00
   5.1759820e-01   2.7000006e+02   1.4208900e+00
   5.1759820e-01   2.7600007e+02   1.0314100e+00
   5.1759820e-01   2.8200009e+02   7.5883800e-01
   5.1759820e-01   2.8800010e+02   6.5543200e-01
   5.1759820e-01   2.9400011e+02   8.0666200e-01
   5.1759820e-01   3.0000013e+02   1.3282400e+00
   5.1759820e-01   3.0600014e+02   2.3612500e+00
   5.1759820e-01   3.1200016e+02   4.0652400e+00
   5.1759820e-01   3.1800017e+02   6.6094000e+00
   5.1759820e-01   3.2400018e+02   1.0161800e+01
   5.1759820e-01   3.3000020e+02   1.4877100e+01
   5.1759820e-01   3.3600021e+02   2.0883900e+01
   5.1759820e-01   3.4200023e+02   2.8271900e+01
   5.1759820e-01   3.4800024e+02   3.7080300e+01
   5.1759820e-01   3.5400025e+02   4.7289600e+01
   5.1759820e-01   3.6000027e+02   5.8816000e+01
   5.2059601e-01   1.7999985e+02   6.4112200e+01
   5.2059601e-01   1.8599986e+02   5.3578800e+01
   5.2059601e-01   1.9199988e+02   4.4132600e+01
   5.2059601e-01   1.9799989e+02   3.5827300e+01
   5.2059601e-01   2.0399990e+02   2.8673300e+01
   5.2059601e-01   2.0999992e+02   2.2640700e+01
   5.2059601e-01   2.1599993e+02   1.7664700e+01
   5.2059601e-01   2.2199995e+02   1.3651700e+01
   5.2059601e-01   2.2799996e+02   1.0487300e+01
   5.2059601e-01   2.3399997e+02   8.0437500e+00
   5.2059601e-01   2.3999999e+02   6.1885000e+00
   5.2059601e-01   2.4600000e+02   4.7925700e+00
   5.2059601e-01   2.5200002e+02   3.7380100e+00
   5.2059601e-01   2.5800003e+02   2.9249400e+00
   5.2059601e-01   2.6400004e+02   2.2773400e+00
   5.2059601e-01   2.7000006e+02   1.7477400e+00
   5.2059601e-01   2.7600007e+02   1.3205100e+00
   5.2059601e-01   2.8200009e+02   1.0137700e+00
   5.2059601e-01   2.8800010e+02   8.7978000e-01
   5.2059601e-01   2.9400011e+02   1.0037200e+00
   5.2059601e-01   3.0000013e+02   1.5007000e+00
   5.2059601e-01   3.0600014e+02   2.5109300e+00
   5.2059601e-01   3.1200016e+02   4.1928200e+00
   5.2059601e-01   3.1800017e+02   6.7142600e+00
   5.2059601e-01   3.2400018e+02   1.0241900e+01
   5.2059601e-01   3.3000020e+02   1.4929000e+01
   5.2059601e-01   3.3600021e+02   2.0902900e+01
   5.2059601e-01   3.4200023e+02   2.8252200e+01
   5.2059601e-01   3.4800024e+02   3.7015500e+01
   5.2059601e-01   3.5400025e+02   4.7173100e+01
   5.2059601e-01   3.6000027e+02   5.8641500e+01
   5.2359307e-01   1.7999985e+02   6.4755700e+01
   5.2359307e-01   1.8599986e+02   5.4270300e+01
   5.2359307e-01   1.9199988e+02   4.4858700e+01
   5.2359307e-01   1.9799989e+02   3.6574700e+01
   5.2359307e-01   2.0399990e+02   2.9429100e+01
   5.2359307e-01   2.0999992e+02   2.3392800e+01
   5.2359307e-01   2.1599993e+02   1.8402300e+01
   5.2359307e-01   2.2199995e+02   1.4365500e+01
   5.2359307e-01   2.2799996e+02   1.1169400e+01
   5.2359307e-01   2.3399997e+02   8.6882200e+00
   5.2359307e-01   2.3999999e+02   6.7911100e+00
   5.2359307e-01   2.4600000e+02   5.3507800e+00
   5.2359307e-01   2.5200002e+02   4.2509200e+00
   5.2359307e-01   2.5800003e+02   3.3930300e+00
   5.2359307e-01   2.6400004e+02   2.7022900e+00
   5.2359307e-01   2.7000006e+02   2.1321400e+00
   5.2359307e-01   2.7600007e+02   1.6675800e+00
   5.2359307e-01   2.8200009e+02   1.3270600e+00
   5.2359307e-01   2.8800010e+02   1.1628500e+00
   5.2359307e-01   2.9400011e+02   1.2598400e+00
   5.2359307e-01   3.0000013e+02   1.7325400e+00
   5.2359307e-01   3.0600014e+02   2.7202500e+00
   5.2359307e-01   3.1200016e+02   4.3803000e+00
   5.2359307e-01   3.1800017e+02   6.8792400e+00
   5.2359307e-01   3.2400018e+02   1.0382300e+01
   5.2359307e-01   3.3000020e+02   1.5041400e+01
   5.2359307e-01   3.3600021e+02   2.0982600e+01
   5.2359307e-01   3.4200023e+02   2.8293400e+01
   5.2359307e-01   3.4800024e+02   3.7011800e+01
   5.2359307e-01   3.5400025e+02   4.7117800e+01
   5.2359307e-01   3.6000027e+02   5.8528400e+01
   5.2658929e-01   1.7999985e+02   6.5473700e+01
   5.2658929e-01   1.8599986e+02   5.5036000e+01
   5.2658929e-01   1.9199988e+02   4.5658800e+01
   5.2658929e-01   1.9799989e+02   3.7396100e+01
   5.2658929e-01   2.0399990e+02   3.0259000e+01
   5.2658929e-01   2.0999992e+02   2.4219300e+01
   5.2658929e-01   2.1599993e+02   1.9214600e+01
   5.2658929e-01   2.2199995e+02   1.5154300e+01
   5.2658929e-01   2.2799996e+02   1.1927000e+01
   5.2658929e-01   2.3399997e+02   9.4085700e+00
   5.2658929e-01   2.3999999e+02   7.4700500e+00
   5.2658929e-01   2.4600000e+02   5.9858000e+00
   5.2658929e-01   2.5200002e+02   4.8410900e+00
   5.2658929e-01   2.5800003e+02   3.9388400e+00
   5.2658929e-01   2.6400004e+02   3.2053900e+00
   5.2658929e-01   2.7000006e+02   2.5951100e+00
   5.2658929e-01   2.7600007e+02   2.0936100e+00
   5.2658929e-01   2.8200009e+02   1.7196800e+00
   5.2658929e-01   2.8800010e+02   1.5255900e+00
   5.2658929e-01   2.9400011e+02   1.5959300e+00
   5.2658929e-01   3.0000013e+02   2.0446000e+00
   5.2658929e-01   3.0600014e+02   3.0100500e+00
   5.2658929e-01   3.1200016e+02   4.6484600e+00
   5.2658929e-01   3.1800017e+02   7.1251000e+00
   5.2658929e-01   3.2400018e+02   1.0603800e+01
   5.2658929e-01   3.3000020e+02   1.5235100e+01
   5.2658929e-01   3.3600021e+02   2.1143700e+01
   5.2658929e-01   3.4200023e+02   2.8416100e+01
   5.2658929e-01   3.4800024e+02   3.7089700e+01
   5.2658929e-01   3.5400025e+02   4.7144300e+01
   5.2658929e-01   3.6000027e+02   5.8497300e+01
   5.2958455e-01   1.7999985e+02   6.6292600e+01
   5.2958455e-01   1.8599986e+02   5.5902400e+01
   5.2958455e-01   1.9199988e+02   4.6559700e+01
   5.2958455e-01   1.9799989e+02   3.8318300e+01
   5.2958455e-01   2.0399990e+02   3.1189700e+01
   5.2958455e-01   2.0999992e+02   2.5146800e+01
   5.2958455e-01   2.1599993e+02   2.0128200e+01
   5.2958455e-01   2.2199995e+02   1.6044600e+01
   5.2958455e-01   2.2799996e+02   1.2786500e+01
   5.2958455e-01   2.3399997e+02   1.0231300e+01
   5.2958455e-01   2.3999999e+02   8.2517900e+00
   5.2958455e-01   2.4600000e+02   6.7240600e+00
   5.2958455e-01   2.5200002e+02   5.5349400e+00
   5.2958455e-01   2.5800003e+02   4.5887500e+00
   5.2958455e-01   2.6400004e+02   3.8130100e+00
   5.2958455e-01   2.7000006e+02   3.1629700e+00
   5.2958455e-01   2.7600007e+02   2.6249000e+00
   5.2958455e-01   2.8200009e+02   2.2178800e+00
   5.2958455e-01   2.8800010e+02   1.9942100e+00
   5.2958455e-01   2.9400011e+02   2.0381600e+00
   5.2958455e-01   3.0000013e+02   2.4630500e+00
   5.2958455e-01   3.0600014e+02   3.4064400e+00
   5.2958455e-01   3.1200016e+02   5.0234000e+00
   5.2958455e-01   3.1800017e+02   7.4778900e+00
   5.2958455e-01   3.2400018e+02   1.0932300e+01
   5.2958455e-01   3.3000020e+02   1.5535900e+01
   5.2958455e-01   3.3600021e+02   2.1412000e+01
   5.2958455e-01   3.4200023e+02   2.8646100e+01
   5.2958455e-01   3.4800024e+02   3.7275100e+01
   5.2958455e-01   3.5400025e+02   4.7278400e+01
   5.2958455e-01   3.6000027e+02   5.8573800e+01
   5.3257874e-01   1.7999985e+02   6.7243700e+01
   5.3257874e-01   1.8599986e+02   5.6900900e+01
   5.3257874e-01   1.9199988e+02   4.7592600e+01
   5.3257874e-01   1.9799989e+02   3.9372500e+01
   5.3257874e-01   2.0399990e+02   3.2252700e+01
   5.3257874e-01   2.0999992e+02   2.6206800e+01
   5.3257874e-01   2.1599993e+02   2.1174400e+01
   5.3257874e-01   2.2199995e+02   1.7068000e+01
   5.3257874e-01   2.2799996e+02   1.3779400e+01
   5.3257874e-01   2.3399997e+02   1.1187800e+01
   5.3257874e-01   2.3999999e+02   9.1677400e+00
   5.3257874e-01   2.4600000e+02   7.5969300e+00
   5.3257874e-01   2.5200002e+02   6.3638200e+00
   5.3257874e-01   2.5800003e+02   5.3740800e+00
   5.3257874e-01   2.6400004e+02   4.5564200e+00
   5.3257874e-01   2.7000006e+02   3.8669900e+00
   5.3257874e-01   2.7600007e+02   3.2926600e+00
   5.3257874e-01   2.8200009e+02   2.8528600e+00
   5.3257874e-01   2.8800010e+02   2.5998700e+00
   5.3257874e-01   2.9400011e+02   2.6176700e+00
   5.3257874e-01   3.0000013e+02   3.0189900e+00
   5.3257874e-01   3.0600014e+02   3.9404900e+00
   5.3257874e-01   3.1200016e+02   5.5361500e+00
   5.3257874e-01   3.1800017e+02   7.9686200e+00
   5.3257874e-01   3.2400018e+02   1.1398900e+01
   5.3257874e-01   3.3000020e+02   1.5974800e+01
   5.3257874e-01   3.3600021e+02   2.1818500e+01
   5.3257874e-01   3.4200023e+02   2.9014400e+01
   5.3257874e-01   3.4800024e+02   3.7598700e+01
   5.3257874e-01   3.5400025e+02   4.7550800e+01
   5.3257874e-01   3.6000027e+02   5.8788700e+01
   5.3557176e-01   1.7999985e+02   6.8362800e+01
   5.3557176e-01   1.8599986e+02   5.8067400e+01
   5.3557176e-01   1.9199988e+02   4.8793400e+01
   5.3557176e-01   1.9799989e+02   4.0594700e+01
   5.3557176e-01   2.0399990e+02   3.3483900e+01
   5.3557176e-01   2.0999992e+02   2.7435100e+01
   5.3557176e-01   2.1599993e+02   2.2389400e+01
   5.3557176e-01   2.2199995e+02   1.8260400e+01
   5.3557176e-01   2.2799996e+02   1.4941700e+01
   5.3557176e-01   2.3399997e+02   1.2314100e+01
   5.3557176e-01   2.3999999e+02   1.0253800e+01
   5.3557176e-01   2.4600000e+02   8.6403100e+00
   5.3557176e-01   2.5200002e+02   7.3635800e+00
   5.3557176e-01   2.5800003e+02   6.3306700e+00
   5.3557176e-01   2.6400004e+02   5.4714300e+00
   5.3557176e-01   2.7000006e+02   4.7429300e+00
   5.3557176e-01   2.7600007e+02   4.1326500e+00
   5.3557176e-01   2.8200009e+02   3.6603300e+00
   5.3557176e-01   2.8800010e+02   3.3782600e+00
   5.3557176e-01   2.9400011e+02   3.3701300e+00
   5.3557176e-01   3.0000013e+02   3.7480500e+00
   5.3557176e-01   3.0600014e+02   4.6478200e+00
   5.3557176e-01   3.1200016e+02   6.2223000e+00
   5.3557176e-01   3.1800017e+02   8.6328400e+00
   5.3557176e-01   3.2400018e+02   1.2039100e+01
   5.3557176e-01   3.3000020e+02   1.6587400e+01
   5.3557176e-01   3.3600021e+02   2.2398700e+01
   5.3557176e-01   3.4200023e+02   2.9556400e+01
   5.3557176e-01   3.4800024e+02   3.8096100e+01
   5.3557176e-01   3.5400025e+02   4.7996900e+01
   5.3557176e-01   3.6000027e+02   5.9177300e+01
   5.3856350e-01   1.7999985e+02   6.9689900e+01
   5.3856350e-01   1.8599986e+02   5.9441800e+01
   5.3856350e-01   1.9199988e+02   5.0202200e+01
   5.3856350e-01   1.9799989e+02   4.2025100e+01
   5.3856350e-01   2.0399990e+02   3.4923200e+01
   5.3856350e-01   2.0999992e+02   2.8871900e+01
   5.3856350e-01   2.1599993e+02   2.3813000e+01
   5.3856350e-01   2.2199995e+02   1.9661900e+01
   5.3856350e-01   2.2799996e+02   1.6313300e+01
   5.3856350e-01   2.3399997e+02   1.3650000e+01
   5.3856350e-01   2.3999999e+02   1.1549900e+01
   5.3856350e-01   2.4600000e+02   9.8941500e+00
   5.3856350e-01   2.5200002e+02   8.5741600e+00
   5.3856350e-01   2.5800003e+02   7.4984300e+00
   5.3856350e-01   2.6400004e+02   6.5979400e+00
   5.3856350e-01   2.7000006e+02   5.8306700e+00
   5.3856350e-01   2.7600007e+02   5.1847100e+00
   5.3856350e-01   2.8200009e+02   4.6801100e+00
   5.3856350e-01   2.8800010e+02   4.3691800e+00
   5.3856350e-01   2.9400011e+02   4.3353000e+00
   5.3856350e-01   3.0000013e+02   4.6899800e+00
   5.3856350e-01   3.0600014e+02   5.5681500e+00
   5.3856350e-01   3.1200016e+02   7.1215400e+00
   5.3856350e-01   3.1800017e+02   9.5102200e+00
   5.3856350e-01   3.2400018e+02   1.2892400e+01
   5.3856350e-01   3.3000020e+02   1.7413200e+01
   5.3856350e-01   3.3600021e+02   2.3192100e+01
   5.3856350e-01   3.4200023e+02   3.0311700e+01
   5.3856350e-01   3.4800024e+02   3.8806700e+01
   5.3856350e-01   3.5400025e+02   4.8656300e+01
   5.3856350e-01   3.6000027e+02   5.9779200e+01
   5.4155385e-01   1.7999985e+02   7.1268400e+01
   5.4155385e-01   1.8599986e+02   6.1067600e+01
   5.4155385e-01   1.9199988e+02   5.1862500e+01
   5.4155385e-01   1.9799989e+02   4.3707000e+01
   5.4155385e-01   2.0399990e+02   3.6614400e+01
   5.4155385e-01   2.0999992e+02   3.0560700e+01
   5.4155385e-01   2.1599993e+02   2.5489000e+01
   5.4155385e-01   2.2199995e+02   2.1315900e+01
   5.4155385e-01   2.2799996e+02   1.7937900e+01
   5.4155385e-01   2.3399997e+02   1.5239300e+01
   5.4155385e-01   2.3999999e+02   1.3099700e+01
   5.4155385e-01   2.4600000e+02   1.1402000e+01
   5.4155385e-01   2.5200002e+02   1.0039100e+01
   5.4155385e-01   2.5800003e+02   8.9208500e+00
   5.4155385e-01   2.6400004e+02   7.9794200e+00
   5.4155385e-01   2.7000006e+02   7.1736600e+00
   5.4155385e-01   2.7600007e+02   6.4922800e+00
   5.4155385e-01   2.8200009e+02   5.9556200e+00
   5.4155385e-01   2.8800010e+02   5.6160300e+00
   5.4155385e-01   2.9400011e+02   5.5565700e+00
   5.4155385e-01   3.0000013e+02   5.8881400e+00
   5.4155385e-01   3.0600014e+02   6.7448000e+00
   5.4155385e-01   3.1200016e+02   8.2771700e+00
   5.4155385e-01   3.1800017e+02   1.0644000e+01
   5.4155385e-01   3.2400018e+02   1.4002300e+01
   5.4155385e-01   3.3000020e+02   1.8495500e+01
   5.4155385e-01   3.3600021e+02   2.4242000e+01
   5.4155385e-01   3.4200023e+02   3.1323400e+01
   5.4155385e-01   3.4800024e+02   3.9773700e+01
   5.4155385e-01   3.5400025e+02   4.9572000e+01
   5.4155385e-01   3.6000027e+02   6.0637400e+01
   5.4454271e-01   1.7999985e+02   7.3144900e+01
   5.4454271e-01   1.8599986e+02   6.2991400e+01
   5.4454271e-01   1.9199988e+02   5.3820800e+01
   5.4454271e-01   1.9799989e+02   4.5687100e+01
   5.4454271e-01   2.0399990e+02   3.8603900e+01
   5.4454271e-01   2.0999992e+02   3.2548100e+01
   5.4454271e-01   2.1599993e+02   2.7463800e+01
   5.4454271e-01   2.2199995e+02   2.3269100e+01
   5.4454271e-01   2.2799996e+02   1.9862000e+01
   5.4454271e-01   2.3399997e+02   1.7128400e+01
   5.4454271e-01   2.3999999e+02   1.4949800e+01
   5.4454271e-01   2.4600000e+02   1.3210400e+01
   5.4454271e-01   2.5200002e+02   1.1804900e+01
   5.4454271e-01   2.5800003e+02   1.0644500e+01
   5.4454271e-01   2.6400004e+02   9.6624300e+00
   5.4454271e-01   2.7000006e+02   8.8184400e+00
   5.4454271e-01   2.7600007e+02   8.1018600e+00
   5.4454271e-01   2.8200009e+02   7.5333700e+00
   5.4454271e-01   2.8800010e+02   7.1652900e+00
   5.4454271e-01   2.9400011e+02   7.0803800e+00
   5.4454271e-01   3.0000013e+02   7.3889600e+00
   5.4454271e-01   3.0600014e+02   8.2242000e+00
   5.4454271e-01   3.1200016e+02   9.7356100e+00
   5.4454271e-01   3.1800017e+02   1.2080700e+01
   5.4454271e-01   3.2400018e+02   1.5414900e+01
   5.4454271e-01   3.3000020e+02   1.9880500e+01
   5.4454271e-01   3.3600021e+02   2.5594600e+01
   5.4454271e-01   3.4200023e+02   3.2637700e+01
   5.4454271e-01   3.4800024e+02   4.1043400e+01
   5.4454271e-01   3.5400025e+02   5.0790300e+01
   5.4454271e-01   3.6000027e+02   6.1798100e+01
   5.4752996e-01   1.7999985e+02   7.5368500e+01
   5.4752996e-01   1.8599986e+02   6.5262300e+01
   5.4752996e-01   1.9199988e+02   5.6126300e+01
   5.4752996e-01   1.9799989e+02   4.8014500e+01
   5.4752996e-01   2.0399990e+02   4.0941000e+01
   5.4752996e-01   2.0999992e+02   3.4883200e+01
   5.4752996e-01   2.1599993e+02   2.9786800e+01
   5.4752996e-01   2.2199995e+02   2.5570700e+01
   5.4752996e-01   2.2799996e+02   2.2134800e+01
   5.4752996e-01   2.3399997e+02   1.9366600e+01
   5.4752996e-01   2.3999999e+02   1.7149200e+01
   5.4752996e-01   2.4600000e+02   1.5368600e+01
   5.4752996e-01   2.5200002e+02   1.3920800e+01
   5.4752996e-01   2.5800003e+02   1.2718500e+01
   5.4752996e-01   2.6400004e+02   1.1696000e+01
   5.4752996e-01   2.7000006e+02   1.0814100e+01
   5.4752996e-01   2.7600007e+02   1.0062500e+01
   5.4752996e-01   2.8200009e+02   9.4623900e+00
   5.4752996e-01   2.8800010e+02   9.0659800e+00
   5.4752996e-01   2.9400011e+02   8.9557600e+00
   5.4752996e-01   3.0000013e+02   9.2414500e+00
   5.4752996e-01   3.0600014e+02   1.0055300e+01
   5.4752996e-01   3.1200016e+02   1.1545800e+01
   5.4752996e-01   3.1800017e+02   1.3869100e+01
   5.4752996e-01   3.2400018e+02   1.7179300e+01
   5.4752996e-01   3.3000020e+02   2.1617300e+01
   5.4752996e-01   3.3600021e+02   2.7298900e+01
   5.4752996e-01   3.4200023e+02   3.4303700e+01
   5.4752996e-01   3.4800024e+02   4.2664500e+01
   5.4752996e-01   3.5400025e+02   5.2360000e+01
   5.4752996e-01   3.6000027e+02   6.3310100e+01
   5.5051550e-01   1.7999985e+02   7.7990000e+01
   5.5051550e-01   1.8599986e+02   6.7931200e+01
   5.5051550e-01   1.9199988e+02   5.8830000e+01
   5.5051550e-01   1.9799989e+02   5.0740300e+01
   5.5051550e-01   2.0399990e+02   4.3676600e+01
   5.5051550e-01   2.0999992e+02   3.7617300e+01
   5.5051550e-01   2.1599993e+02   3.2508800e+01
   5.5051550e-01   2.2199995e+02   2.8271800e+01
   5.5051550e-01   2.2799996e+02   2.4807400e+01
   5.5051550e-01   2.3399997e+02   2.2005000e+01
   5.5051550e-01   2.3999999e+02   1.9749100e+01
   5.5051550e-01   2.4600000e+02   1.7927500e+01
   5.5051550e-01   2.5200002e+02   1.6437800e+01
   5.5051550e-01   2.5800003e+02   1.5193900e+01
   5.5051550e-01   2.6400004e+02   1.4131300e+01
   5.5051550e-01   2.7000006e+02   1.3211600e+01
   5.5051550e-01   2.7600007e+02   1.2425300e+01
   5.5051550e-01   2.8200009e+02   1.1793700e+01
   5.5051550e-01   2.8800010e+02   1.1369100e+01
   5.5051550e-01   2.9400011e+02   1.1233700e+01
   5.5051550e-01   3.0000013e+02   1.1496600e+01
   5.5051550e-01   3.0600014e+02   1.2289200e+01
   5.5051550e-01   3.1200016e+02   1.3758800e+01
   5.5051550e-01   3.1800017e+02   1.6060300e+01
   5.5051550e-01   3.2400018e+02   1.9346400e+01
   5.5051550e-01   3.3000020e+02   2.3756700e+01
   5.5051550e-01   3.3600021e+02   2.9405800e+01
   5.5051550e-01   3.4200023e+02   3.6372100e+01
   5.5051550e-01   3.4800024e+02   4.4688000e+01
   5.5051550e-01   3.5400025e+02   5.4332000e+01
   5.5051550e-01   3.6000027e+02   6.5224200e+01
   5.5349922e-01   1.7999985e+02   8.1061800e+01
   5.5349922e-01   1.8599986e+02   7.1050600e+01
   5.5349922e-01   1.9199988e+02   6.1984300e+01
   5.5349922e-01   1.9799989e+02   5.3916900e+01
   5.5349922e-01   2.0399990e+02   4.6863300e+01
   5.5349922e-01   2.0999992e+02   4.0802600e+01
   5.5349922e-01   2.1599993e+02   3.5682500e+01
   5.5349922e-01   2.2199995e+02   3.1424800e+01
   5.5349922e-01   2.2799996e+02   2.7932300e+01
   5.5349922e-01   2.3399997e+02   2.5095900e+01
   5.5349922e-01   2.3999999e+02   2.2801900e+01
   5.5349922e-01   2.4600000e+02   2.0939700e+01
   5.5349922e-01   2.5200002e+02   1.9408300e+01
   5.5349922e-01   2.5800003e+02   1.8123100e+01
   5.5349922e-01   2.6400004e+02   1.7020700e+01
   5.5349922e-01   2.7000006e+02   1.6063500e+01
   5.5349922e-01   2.7600007e+02   1.5242600e+01
   5.5349922e-01   2.8200009e+02   1.4579700e+01
   5.5349922e-01   2.8800010e+02   1.4127100e+01
   5.5349922e-01   2.9400011e+02   1.3966600e+01
   5.5349922e-01   3.0000013e+02   1.4206800e+01
   5.5349922e-01   3.0600014e+02   1.4978100e+01
   5.5349922e-01   3.1200016e+02   1.6426800e+01
   5.5349922e-01   3.1800017e+02   1.8706500e+01
   5.5349922e-01   3.2400018e+02   2.1968600e+01
   5.5349922e-01   3.3000020e+02   2.6351100e+01
   5.5349922e-01   3.3600021e+02   3.1967500e+01
   5.5349922e-01   3.4200023e+02   3.8895300e+01
   5.5349922e-01   3.4800024e+02   4.7166200e+01
   5.5349922e-01   3.5400025e+02   5.6758500e+01
   5.5349922e-01   3.6000027e+02   6.7592700e+01
   5.5648102e-01   1.7999985e+02   8.4637200e+01
   5.5648102e-01   1.8599986e+02   7.4673700e+01
   5.5648102e-01   1.9199988e+02   6.5642500e+01
   5.5648102e-01   1.9799989e+02   5.7597600e+01
   5.5648102e-01   2.0399990e+02   5.0554400e+01
   5.5648102e-01   2.0999992e+02   4.4492600e+01
   5.5648102e-01   2.1599993e+02   3.9361100e+01
   5.5648102e-01   2.2199995e+02   3.5083100e+01
   5.5648102e-01   2.2799996e+02   3.1562800e+01
   5.5648102e-01   2.3399997e+02   2.8692700e+01
   5.5648102e-01   2.3999999e+02   2.6361000e+01
   5.5648102e-01   2.4600000e+02   2.4458500e+01
   5.5648102e-01   2.5200002e+02   2.2885800e+01
   5.5648102e-01   2.5800003e+02   2.1559500e+01
   5.5648102e-01   2.6400004e+02   2.0417500e+01
   5.5648102e-01   2.7000006e+02   1.9423000e+01
   5.5648102e-01   2.7600007e+02   1.8567900e+01
   5.5648102e-01   2.8200009e+02   1.7873900e+01
   5.5648102e-01   2.8800010e+02   1.7393300e+01
   5.5648102e-01   2.9400011e+02   1.7207900e+01
   5.5648102e-01   3.0000013e+02   1.7425400e+01
   5.5648102e-01   3.0600014e+02   1.8175500e+01
   5.5648102e-01   3.1200016e+02   1.9603300e+01
   5.5648102e-01   3.1800017e+02   2.1861200e+01
   5.5648102e-01   3.2400018e+02   2.5099100e+01
   5.5648102e-01   3.3000020e+02   2.9453700e+01
   5.5648102e-01   3.3600021e+02   3.5037400e+01
   5.5648102e-01   3.4200023e+02   4.1926500e+01
   5.5648102e-01   3.4800024e+02   5.0152300e+01
   5.5648102e-01   3.5400025e+02   5.9692700e+01
   5.5648102e-01   3.6000027e+02   7.0468900e+01
   5.5946078e-01   1.7999985e+02   8.8769800e+01
   5.5946078e-01   1.8599986e+02   7.8854000e+01
   5.5946078e-01   1.9199988e+02   6.9858100e+01
   5.5946078e-01   1.9799989e+02   6.1836000e+01
   5.5946078e-01   2.0399990e+02   5.4803300e+01
   5.5946078e-01   2.0999992e+02   4.8740800e+01
   5.5946078e-01   2.1599993e+02   4.3598200e+01
   5.5946078e-01   2.2199995e+02   3.9300200e+01
   5.5946078e-01   2.2799996e+02   3.5752400e+01
   5.5946078e-01   2.3399997e+02   3.2849100e+01
   5.5946078e-01   2.3999999e+02   3.0480000e+01
   5.5946078e-01   2.4600000e+02   2.8537400e+01
   5.5946078e-01   2.5200002e+02   2.6923700e+01
   5.5946078e-01   2.5800003e+02   2.5556700e+01
   5.5946078e-01   2.6400004e+02   2.4375400e+01
   5.5946078e-01   2.7000006e+02   2.3343900e+01
   5.5946078e-01   2.7600007e+02   2.2454600e+01
   5.5946078e-01   2.8200009e+02   2.1729600e+01
   5.5946078e-01   2.8800010e+02   2.1221400e+01
   5.5946078e-01   2.9400011e+02   2.1011100e+01
   5.5946078e-01   3.0000013e+02   2.1206000e+01
   5.5946078e-01   3.0600014e+02   2.1934900e+01
   5.5946078e-01   3.1200016e+02   2.3341800e+01
   5.5946078e-01   3.1800017e+02   2.5577800e+01
   5.5946078e-01   3.2400018e+02   2.8791500e+01
   5.5946078e-01   3.3000020e+02   3.3118300e+01
   5.5946078e-01   3.3600021e+02   3.8669100e+01
   5.5946078e-01   3.4200023e+02   4.5519400e+01
   5.5946078e-01   3.4800024e+02   5.3699800e+01
   5.5946078e-01   3.5400025e+02   6.3188300e+01
   5.5946078e-01   3.6000027e+02   7.3906200e+01
   5.6243841e-01   1.7999985e+02   9.3512800e+01
   5.6243841e-01   1.8599986e+02   8.3644900e+01
   5.6243841e-01   1.9199988e+02   7.4684500e+01
   5.6243841e-01   1.9799989e+02   6.6685300e+01
   5.6243841e-01   2.0399990e+02   5.9663500e+01
   5.6243841e-01   2.0999992e+02   5.3600600e+01
   5.6243841e-01   2.1599993e+02   4.8447200e+01
   5.6243841e-01   2.2199995e+02   4.4129500e+01
   5.6243841e-01   2.2799996e+02   4.0554700e+01
   5.6243841e-01   2.3399997e+02   3.7618500e+01
   5.6243841e-01   2.3999999e+02   3.5212200e+01
   5.6243841e-01   2.4600000e+02   3.3230000e+01
   5.6243841e-01   2.5200002e+02   3.1575600e+01
   5.6243841e-01   2.5800003e+02   3.0168100e+01
   5.6243841e-01   2.6400004e+02   2.8947800e+01
   5.6243841e-01   2.7000006e+02   2.7879500e+01
   5.6243841e-01   2.7600007e+02   2.6956300e+01
   5.6243841e-01   2.8200009e+02   2.6200500e+01
   5.6243841e-01   2.8800010e+02   2.5664700e+01
   5.6243841e-01   2.9400011e+02   2.5429600e+01
   5.6243841e-01   3.0000013e+02   2.5602000e+01
   5.6243841e-01   3.0600014e+02   2.6309800e+01
   5.6243841e-01   3.1200016e+02   2.7695800e+01
   5.6243841e-01   3.1800017e+02   2.9909900e+01
   5.6243841e-01   3.2400018e+02   3.3099300e+01
   5.6243841e-01   3.3000020e+02   3.7398100e+01
   5.6243841e-01   3.3600021e+02   4.2915900e+01
   5.6243841e-01   3.4200023e+02   4.9727300e+01
   5.6243841e-01   3.4800024e+02   5.7862300e+01
   5.6243841e-01   3.5400025e+02   6.7298700e+01
   5.6243841e-01   3.6000027e+02   7.7958200e+01
   5.6541378e-01   1.7999985e+02   9.8918800e+01
   5.6541378e-01   1.8599986e+02   8.9099000e+01
   5.6541378e-01   1.9199988e+02   8.0174200e+01
   5.6541378e-01   1.9799989e+02   7.2198200e+01
   5.6541378e-01   2.0399990e+02   6.5187600e+01
   5.6541378e-01   2.0999992e+02   5.9124500e+01
   5.6541378e-01   2.1599993e+02   5.3960800e+01
   5.6541378e-01   2.2199995e+02   4.9623700e+01
   5.6541378e-01   2.2799996e+02   4.6022100e+01
   5.6541378e-01   2.3399997e+02   4.3053400e+01
   5.6541378e-01   2.3999999e+02   4.0610400e+01
   5.6541378e-01   2.4600000e+02   3.8588900e+01
   5.6541378e-01   2.5200002e+02   3.6894000e+01
   5.6541378e-01   2.5800003e+02   3.5446500e+01
   5.6541378e-01   2.6400004e+02   3.4187300e+01
   5.6541378e-01   2.7000006e+02   3.3082500e+01
   5.6541378e-01   2.7600007e+02   3.2125600e+01
   5.6541378e-01   2.8200009e+02   3.1339300e+01
   5.6541378e-01   2.8800010e+02   3.0776000e+01
   5.6541378e-01   2.9400011e+02   3.0516300e+01
   5.6541378e-01   3.0000013e+02   3.0666200e+01
   5.6541378e-01   3.0600014e+02   3.1352900e+01
   5.6541378e-01   3.1200016e+02   3.2718100e+01
   5.6541378e-01   3.1800017e+02   3.4910200e+01
   5.6541378e-01   3.2400018e+02   3.8075300e+01
   5.6541378e-01   3.3000020e+02   4.2345900e+01
   5.6541378e-01   3.3600021e+02   4.7830600e+01
   5.6541378e-01   3.4200023e+02   5.4603000e+01
   5.6541378e-01   3.4800024e+02   6.2692500e+01
   5.6541378e-01   3.5400025e+02   7.2076600e+01
   5.6541378e-01   3.6000027e+02   8.2677500e+01
   5.6838680e-01   1.7999985e+02   1.0503900e+02
   5.6838680e-01   1.8599986e+02   9.5267600e+01
   5.6838680e-01   1.9199988e+02   8.6378700e+01
   5.6838680e-01   1.9799989e+02   7.8426200e+01
   5.6838680e-01   2.0399990e+02   7.1427000e+01
   5.6838680e-01   2.0999992e+02   6.5364000e+01
   5.6838680e-01   2.1599993e+02   6.0190200e+01
   5.6838680e-01   2.2199995e+02   5.5834200e+01
   5.6838680e-01   2.2799996e+02   5.2206300e+01
   5.6838680e-01   2.3399997e+02   4.9205300e+01
   5.6838680e-01   2.3999999e+02   4.6725900e+01
   5.6838680e-01   2.4600000e+02   4.4665500e+01
   5.6838680e-01   2.5200002e+02   4.2930600e+01
   5.6838680e-01   2.5800003e+02   4.1443200e+01
   5.6838680e-01   2.6400004e+02   4.0145600e+01
   5.6838680e-01   2.7000006e+02   3.9004500e+01
   5.6838680e-01   2.7600007e+02   3.8014100e+01
   5.6838680e-01   2.8200009e+02   3.7197400e+01
   5.6838680e-01   2.8800010e+02   3.6606800e+01
   5.6838680e-01   2.9400011e+02   3.6322500e+01
   5.6838680e-01   3.0000013e+02   3.6450100e+01
   5.6838680e-01   3.0600014e+02   3.7115800e+01
   5.6838680e-01   3.1200016e+02   3.8460000e+01
   5.6838680e-01   3.1800017e+02   4.0630200e+01
   5.6838680e-01   3.2400018e+02   4.3770900e+01
   5.6838680e-01   3.3000020e+02   4.8013300e+01
   5.6838680e-01   3.3600021e+02   5.3464800e+01
   5.6838680e-01   3.4200023e+02   6.0198100e+01
   5.6838680e-01   3.4800024e+02   6.8241800e+01
   5.6838680e-01   3.5400025e+02   7.7573500e+01
   5.6838680e-01   3.6000027e+02   8.8115800e+01
   5.7135736e-01   1.7999985e+02   1.1192400e+02
   5.7135736e-01   1.8599986e+02   1.0220000e+02
   5.7135736e-01   1.9199988e+02   9.3347700e+01
   5.7135736e-01   1.9799989e+02   8.5418900e+01
   5.7135736e-01   2.0399990e+02   7.8431400e+01
   5.7135736e-01   2.0999992e+02   7.2368900e+01
   5.7135736e-01   2.1599993e+02   6.7185400e+01
   5.7135736e-01   2.2199995e+02   6.2810800e+01
   5.7135736e-01   2.2799996e+02   5.9156900e+01
   5.7135736e-01   2.3399997e+02   5.6124100e+01
   5.7135736e-01   2.3999999e+02   5.3608700e+01
   5.7135736e-01   2.4600000e+02   5.1509700e+01
   5.7135736e-01   2.5200002e+02   4.9735100e+01
   5.7135736e-01   2.5800003e+02   4.8208200e+01
   5.7135736e-01   2.6400004e+02   4.6872400e+01
   5.7135736e-01   2.7000006e+02   4.5695300e+01
   5.7135736e-01   2.7600007e+02   4.4671700e+01
   5.7135736e-01   2.8200009e+02   4.3824800e+01
   5.7135736e-01   2.8800010e+02   4.3207000e+01
   5.7135736e-01   2.9400011e+02   4.2898400e+01
   5.7135736e-01   3.0000013e+02   4.3003700e+01
   5.7135736e-01   3.0600014e+02   4.3648300e+01
   5.7135736e-01   3.1200016e+02   4.4971700e+01
   5.7135736e-01   3.1800017e+02   4.7120000e+01
   5.7135736e-01   3.2400018e+02   5.0236100e+01
   5.7135736e-01   3.3000020e+02   5.4450300e+01
   5.7135736e-01   3.3600021e+02   5.9868500e+01
   5.7135736e-01   3.4200023e+02   6.6562500e+01
   5.7135736e-01   3.4800024e+02   7.4560400e+01
   5.7135736e-01   3.5400025e+02   8.3839500e+01
   5.7135736e-01   3.6000027e+02   9.4322900e+01
