#sin^2(theta23) Delta_CP/deg Delta_chi^2
   4.1501643e-01   1.2599972e+02   1.5377000e+02
   4.1501643e-01   1.3139985e+02   1.4601900e+02
   4.1501643e-01   1.3679998e+02   1.3770300e+02
   4.1501643e-01   1.4220010e+02   1.2904500e+02
   4.1501643e-01   1.4760023e+02   1.2027900e+02
   4.1501643e-01   1.5299978e+02   1.1164900e+02
   4.1501643e-01   1.5839991e+02   1.0339200e+02
   4.1501643e-01   1.6380004e+02   9.5736400e+01
   4.1501643e-01   1.6920017e+02   8.8883200e+01
   4.1501643e-01   1.7459972e+02   8.3001100e+01
   4.1501643e-01   1.7999985e+02   7.8216200e+01
   4.1501643e-01   1.8539998e+02   7.4605900e+01
   4.1501643e-01   1.9080010e+02   7.2196200e+01
   4.1501643e-01   1.9620023e+02   7.0961100e+01
   4.1501643e-01   2.0159978e+02   7.0826600e+01
   4.1501643e-01   2.0699991e+02   7.1676400e+01
   4.1501643e-01   2.1240004e+02   7.3360500e+01
   4.1501643e-01   2.1780017e+02   7.5704400e+01
   4.1501643e-01   2.2319972e+02   7.8519400e+01
   4.1501643e-01   2.2859985e+02   8.1611800e+01
   4.1501643e-01   2.3399997e+02   8.4792300e+01
   4.1501643e-01   2.3940010e+02   8.7882800e+01
   4.1501643e-01   2.4480023e+02   9.0723400e+01
   4.1501643e-01   2.5019978e+02   9.3176600e+01
   4.1501643e-01   2.5559991e+02   9.5130900e+01
   4.1501643e-01   2.6100004e+02   9.6503700e+01
   4.1501643e-01   2.6640016e+02   9.7242200e+01
   4.1501643e-01   2.7179972e+02   9.7324500e+01
   4.1501643e-01   2.7719985e+02   9.6759500e+01
   4.1501643e-01   2.8259997e+02   9.5585500e+01
   4.1748110e-01   1.2599972e+02   1.4373300e+02
   4.1748110e-01   1.3139985e+02   1.3599900e+02
   4.1748110e-01   1.3679998e+02   1.2771000e+02
   4.1748110e-01   1.4220010e+02   1.1908400e+02
   4.1748110e-01   1.4760023e+02   1.1035700e+02
   4.1748110e-01   1.5299978e+02   1.0177000e+02
   4.1748110e-01   1.5839991e+02   9.3560900e+01
   4.1748110e-01   1.6380004e+02   8.5953600e+01
   4.1748110e-01   1.6920017e+02   7.9149500e+01
   4.1748110e-01   1.7459972e+02   7.3315800e+01
   4.1748110e-01   1.7999985e+02   6.8577400e+01
   4.1748110e-01   1.8539998e+02   6.5011000e+01
   4.1748110e-01   1.9080010e+02   6.2642100e+01
   4.1748110e-01   1.9620023e+02   6.1444600e+01
   4.1748110e-01   2.0159978e+02   6.1344700e+01
   4.1748110e-01   2.0699991e+02   6.2226600e+01
   4.1748110e-01   2.1240004e+02   6.3940800e+01
   4.1748110e-01   2.1780017e+02   6.6313700e+01
   4.1748110e-01   2.2319972e+02   6.9157300e+01
   4.1748110e-01   2.2859985e+02   7.2278900e+01
   4.1748110e-01   2.3399997e+02   7.5489800e+01
   4.1748110e-01   2.3940010e+02   7.8612900e+01
   4.1748110e-01   2.4480023e+02   8.1488600e+01
   4.1748110e-01   2.5019978e+02   8.3980000e+01
   4.1748110e-01   2.5559991e+02   8.5975900e+01
   4.1748110e-01   2.6100004e+02   8.7393800e+01
   4.1748110e-01   2.6640016e+02   8.8181000e+01
   4.1748110e-01   2.7179972e+02   8.8315500e+01
   4.1748110e-01   2.7719985e+02   8.7805500e+01
   4.1748110e-01   2.8259997e+02   8.6689200e+01
   4.1994784e-01   1.2599972e+02   1.3447500e+02
   4.1994784e-01   1.3139985e+02   1.2675800e+02
   4.1994784e-01   1.3679998e+02   1.1849400e+02
   4.1994784e-01   1.4220010e+02   1.0990100e+02
   4.1994784e-01   1.4760023e+02   1.0121300e+02
   4.1994784e-01   1.5299978e+02   9.2669500e+01
   4.1994784e-01   1.5839991e+02   8.4506500e+01
   4.1994784e-01   1.6380004e+02   7.6947500e+01
   4.1994784e-01   1.6920017e+02   7.0192100e+01
   4.1994784e-01   1.7459972e+02   6.4406200e+01
   4.1994784e-01   1.7999985e+02   5.9713800e+01
   4.1994784e-01   1.8539998e+02   5.6190800e+01
   4.1994784e-01   1.9080010e+02   5.3862100e+01
   4.1994784e-01   1.9620023e+02   5.2701700e+01
   4.1994784e-01   2.0159978e+02   5.2635900e+01
   4.1994784e-01   2.0699991e+02   5.3549300e+01
   4.1994784e-01   2.1240004e+02   5.5293100e+01
   4.1994784e-01   2.1780017e+02   5.7694400e+01
   4.1994784e-01   2.2319972e+02   6.0566200e+01
   4.1994784e-01   2.2859985e+02   6.3716400e+01
   4.1994784e-01   2.3399997e+02   6.6957300e+01
   4.1994784e-01   2.3940010e+02   7.0112400e+01
   4.1994784e-01   2.4480023e+02   7.3022700e+01
   4.1994784e-01   2.5019978e+02   7.5551800e+01
   4.1994784e-01   2.5559991e+02   7.7588800e+01
   4.1994784e-01   2.6100004e+02   7.9051300e+01
   4.1994784e-01   2.6640016e+02   7.9886800e+01
   4.1994784e-01   2.7179972e+02   8.0072800e+01
   4.1994784e-01   2.7719985e+02   7.9617400e+01
   4.1994784e-01   2.8259997e+02   7.8558100e+01
   4.2241658e-01   1.2599972e+02   1.2598100e+02
   4.2241658e-01   1.3139985e+02   1.1828100e+02
   4.2241658e-01   1.3679998e+02   1.1004200e+02
   4.2241658e-01   1.4220010e+02   1.0148200e+02
   4.2241658e-01   1.4760023e+02   9.2832100e+01
   4.2241658e-01   1.5299978e+02   8.4331200e+01
   4.2241658e-01   1.5839991e+02   7.6214300e+01
   4.2241658e-01   1.6380004e+02   6.8703200e+01
   4.2241658e-01   1.6920017e+02   6.1996000e+01
   4.2241658e-01   1.7459972e+02   5.6257400e+01
   4.2241658e-01   1.7999985e+02   5.1610300e+01
   4.2241658e-01   1.8539998e+02   4.8130100e+01
   4.2241658e-01   1.9080010e+02   4.5841200e+01
   4.2241658e-01   1.9620023e+02   4.4717400e+01
   4.2241658e-01   2.0159978e+02   4.4685100e+01
   4.2241658e-01   2.0699991e+02   4.5629500e+01
   4.2241658e-01   2.1240004e+02   4.7402400e+01
   4.2241658e-01   2.1780017e+02   4.9831700e+01
   4.2241658e-01   2.2319972e+02   5.2731000e+01
   4.2241658e-01   2.2859985e+02   5.5909400e+01
   4.2241658e-01   2.3399997e+02   5.9179800e+01
   4.2241658e-01   2.3940010e+02   6.2366300e+01
   4.2241658e-01   2.4480023e+02   6.5310800e+01
   4.2241658e-01   2.5019978e+02   6.7877000e+01
   4.2241658e-01   2.5559991e+02   6.9954500e+01
   4.2241658e-01   2.6100004e+02   7.1461200e+01
   4.2241658e-01   2.6640016e+02   7.2344300e+01
   4.2241658e-01   2.7179972e+02   7.2581400e+01
   4.2241658e-01   2.7719985e+02   7.2180000e+01
   4.2241658e-01   2.8259997e+02   7.1177200e+01
   4.2488727e-01   1.2599972e+02   1.1823300e+02
   4.2488727e-01   1.3139985e+02   1.1055100e+02
   4.2488727e-01   1.3679998e+02   1.0233700e+02
   4.2488727e-01   1.4220010e+02   9.3808900e+01
   4.2488727e-01   1.4760023e+02   8.5197200e+01
   4.2488727e-01   1.5299978e+02   7.6738900e+01
   4.2488727e-01   1.5839991e+02   6.8667700e+01
   4.2488727e-01   1.6380004e+02   6.1203900e+01
   4.2488727e-01   1.6920017e+02   5.4544400e+01
   4.2488727e-01   1.7459972e+02   4.8852600e+01
   4.2488727e-01   1.7999985e+02   4.4250400e+01
   4.2488727e-01   1.8539998e+02   4.0812500e+01
   4.2488727e-01   1.9080010e+02   3.8562700e+01
   4.2488727e-01   1.9620023e+02   3.7474900e+01
   4.2488727e-01   2.0159978e+02   3.7475600e+01
   4.2488727e-01   2.0699991e+02   3.8450500e+01
   4.2488727e-01   2.1240004e+02   4.0251900e+01
   4.2488727e-01   2.1780017e+02   4.2708600e+01
   4.2488727e-01   2.2319972e+02   4.5635000e+01
   4.2488727e-01   2.2859985e+02   4.8841100e+01
   4.2488727e-01   2.3399997e+02   5.2140400e+01
   4.2488727e-01   2.3940010e+02   5.5357900e+01
   4.2488727e-01   2.4480023e+02   5.8335900e+01
   4.2488727e-01   2.5019978e+02   6.0938700e+01
   4.2488727e-01   2.5559991e+02   6.3056300e+01
   4.2488727e-01   2.6100004e+02   6.4606600e+01
   4.2488727e-01   2.6640016e+02   6.5536800e+01
   4.2488727e-01   2.7179972e+02   6.5824300e+01
   4.2488727e-01   2.7719985e+02   6.5476500e+01
   4.2488727e-01   2.8259997e+02   6.4529500e+01
   4.2735982e-01   1.2599972e+02   1.1121400e+02
   4.2735982e-01   1.3139985e+02   1.0354900e+02
   4.2735982e-01   1.3679998e+02   9.5360200e+01
   4.2735982e-01   1.4220010e+02   8.6864100e+01
   4.2735982e-01   1.4760023e+02   7.8290000e+01
   4.2735982e-01   1.5299978e+02   6.9873900e+01
   4.2735982e-01   1.5839991e+02   6.1847900e+01
   4.2735982e-01   1.6380004e+02   5.4431100e+01
   4.2735982e-01   1.6920017e+02   4.7818700e+01
   4.2735982e-01   1.7459972e+02   4.2173200e+01
   4.2735982e-01   1.7999985e+02   3.7615400e+01
   4.2735982e-01   1.8539998e+02   3.4219100e+01
   4.2735982e-01   1.9080010e+02   3.2008000e+01
   4.2735982e-01   1.9620023e+02   3.0955600e+01
   4.2735982e-01   2.0159978e+02   3.0988800e+01
   4.2735982e-01   2.0699991e+02   3.1993600e+01
   4.2735982e-01   2.1240004e+02   3.3823000e+01
   4.2735982e-01   2.1780017e+02   3.6306600e+01
   4.2735982e-01   2.2319972e+02   3.9259600e+01
   4.2735982e-01   2.2859985e+02   4.2492800e+01
   4.2735982e-01   2.3399997e+02   4.5820500e+01
   4.2735982e-01   2.3940010e+02   4.9068400e+01
   4.2735982e-01   2.4480023e+02   5.2079400e+01
   4.2735982e-01   2.5019978e+02   5.4718400e+01
   4.2735982e-01   2.5559991e+02   5.6875400e+01
   4.2735982e-01   2.6100004e+02   5.8468700e+01
   4.2735982e-01   2.6640016e+02   5.9445500e+01
   4.2735982e-01   2.7179972e+02   5.9782900e+01
   4.2735982e-01   2.7719985e+02   5.9488000e+01
   4.2735982e-01   2.8259997e+02   5.8596300e+01
   4.2983420e-01   1.2599972e+02   1.0490300e+02
   4.2983420e-01   1.3139985e+02   9.7254800e+01
   4.2983420e-01   1.3679998e+02   8.9091100e+01
   4.2983420e-01   1.4220010e+02   8.0626700e+01
   4.2983420e-01   1.4760023e+02   7.2090300e+01
   4.2983420e-01   1.5299978e+02   6.3716000e+01
   4.2983420e-01   1.5839991e+02   5.5734900e+01
   4.2983420e-01   1.6380004e+02   4.8364500e+01
   4.2983420e-01   1.6920017e+02   4.1798900e+01
   4.2983420e-01   1.7459972e+02   3.6199100e+01
   4.2983420e-01   1.7999985e+02   3.1685100e+01
   4.2983420e-01   1.8539998e+02   2.8329900e+01
   4.2983420e-01   1.9080010e+02   2.6156900e+01
   4.2983420e-01   1.9620023e+02   2.5139300e+01
   4.2983420e-01   2.0159978e+02   2.5204400e+01
   4.2983420e-01   2.0699991e+02   2.6238600e+01
   4.2983420e-01   2.1240004e+02   2.8095500e+01
   4.2983420e-01   2.1780017e+02   3.0605400e+01
   4.2983420e-01   2.2319972e+02   3.3584400e+01
   4.2983420e-01   2.2859985e+02   3.6844100e+01
   4.2983420e-01   2.3399997e+02   4.0199700e+01
   4.2983420e-01   2.3940010e+02   4.3477500e+01
   4.2983420e-01   2.4480023e+02   4.6521000e+01
   4.2983420e-01   2.5019978e+02   4.9195500e+01
   4.2983420e-01   2.5559991e+02   5.1391500e+01
   4.2983420e-01   2.6100004e+02   5.3027200e+01
   4.2983420e-01   2.6640016e+02   5.4049900e+01
   4.2983420e-01   2.7179972e+02   5.4436700e+01
   4.2983420e-01   2.7719985e+02   5.4194000e+01
   4.2983420e-01   2.8259997e+02   5.3357200e+01
   4.3231033e-01   1.2599972e+02   9.9277700e+01
   4.3231033e-01   1.3139985e+02   9.1646700e+01
   4.3231033e-01   1.3679998e+02   8.3507800e+01
   4.3231033e-01   1.4220010e+02   7.5075100e+01
   4.3231033e-01   1.4760023e+02   6.6575900e+01
   4.3231033e-01   1.5299978e+02   5.8243300e+01
   4.3231033e-01   1.5839991e+02   5.0306500e+01
   4.3231033e-01   1.6380004e+02   4.2982100e+01
   4.3231033e-01   1.6920017e+02   3.6462700e+01
   4.3231033e-01   1.7459972e+02   3.0908100e+01
   4.3231033e-01   1.7999985e+02   2.6437300e+01
   4.3231033e-01   1.8539998e+02   2.3122800e+01
   4.3231033e-01   1.9080010e+02   2.0987200e+01
   4.3231033e-01   1.9620023e+02   2.0004000e+01
   4.3231033e-01   2.0159978e+02   2.0100400e+01
   4.3231033e-01   2.0699991e+02   2.1163400e+01
   4.3231033e-01   2.1240004e+02   2.3047200e+01
   4.3231033e-01   2.1780017e+02   2.5582900e+01
   4.3231033e-01   2.2319972e+02   2.8587400e+01
   4.3231033e-01   2.2859985e+02   3.1873100e+01
   4.3231033e-01   2.3399997e+02   3.5256000e+01
   4.3231033e-01   2.3940010e+02   3.8563100e+01
   4.3231033e-01   2.4480023e+02   4.1638500e+01
   4.3231033e-01   2.5019978e+02   4.4348000e+01
   4.3231033e-01   2.5559991e+02   4.6582300e+01
   4.3231033e-01   2.6100004e+02   4.8259900e+01
   4.3231033e-01   2.6640016e+02   4.9328000e+01
   4.3231033e-01   2.7179972e+02   4.9763500e+01
   4.3231033e-01   2.7719985e+02   4.9572500e+01
   4.3231033e-01   2.8259997e+02   4.8789800e+01
   4.3478815e-01   1.2599972e+02   9.4314800e+01
   4.3478815e-01   1.3139985e+02   8.6700800e+01
   4.3478815e-01   1.3679998e+02   7.8586700e+01
   4.3478815e-01   1.4220010e+02   7.0185500e+01
   4.3478815e-01   1.4760023e+02   6.1723200e+01
   4.3478815e-01   1.5299978e+02   5.3431800e+01
   4.3478815e-01   1.5839991e+02   4.5539200e+01
   4.3478815e-01   1.6380004e+02   3.8260200e+01
   4.3478815e-01   1.6920017e+02   3.1786500e+01
   4.3478815e-01   1.7459972e+02   2.6276600e+01
   4.3478815e-01   1.7999985e+02   2.1848500e+01
   4.3478815e-01   1.8539998e+02   1.8573900e+01
   4.3478815e-01   1.9080010e+02   1.6475300e+01
   4.3478815e-01   1.9620023e+02   1.5525800e+01
   4.3478815e-01   2.0159978e+02   1.5653000e+01
   4.3478815e-01   2.0699991e+02   1.6744200e+01
   4.3478815e-01   2.1240004e+02   1.8654400e+01
   4.3478815e-01   2.1780017e+02   2.1215300e+01
   4.3478815e-01   2.2319972e+02   2.4244700e+01
   4.3478815e-01   2.2859985e+02   2.7555900e+01
   4.3478815e-01   2.3399997e+02   3.0965500e+01
   4.3478815e-01   2.3940010e+02   3.4301400e+01
   4.3478815e-01   2.4480023e+02   3.7408200e+01
   4.3478815e-01   2.5019978e+02   4.0152000e+01
   4.3478815e-01   2.5559991e+02   4.2424000e+01
   4.3478815e-01   2.6100004e+02   4.4142900e+01
   4.3478815e-01   2.6640016e+02   4.5255700e+01
   4.3478815e-01   2.7179972e+02   4.5739300e+01
   4.3478815e-01   2.7719985e+02   4.5599400e+01
   4.3478815e-01   2.8259997e+02   4.4870200e+01
   4.3726760e-01   1.2599972e+02   8.9988800e+01
   4.3726760e-01   1.3139985e+02   8.2391900e+01
   4.3726760e-01   1.3679998e+02   7.4302500e+01
   4.3726760e-01   1.4220010e+02   6.5932500e+01
   4.3726760e-01   1.4760023e+02   5.7506900e+01
   4.3726760e-01   1.5299978e+02   4.9256300e+01
   4.3726760e-01   1.5839991e+02   4.1407400e+01
   4.3726760e-01   1.6380004e+02   3.4173500e+01
   4.3726760e-01   1.6920017e+02   2.7744900e+01
   4.3726760e-01   1.7459972e+02   2.2279200e+01
   4.3726760e-01   1.7999985e+02   1.7893300e+01
   4.3726760e-01   1.8539998e+02   1.4658100e+01
   4.3726760e-01   1.9080010e+02   1.2595800e+01
   4.3726760e-01   1.9620023e+02   1.1679500e+01
   4.3726760e-01   2.0159978e+02   1.1836900e+01
   4.3726760e-01   2.0699991e+02   1.2955800e+01
   4.3726760e-01   2.1240004e+02   1.4891700e+01
   4.3726760e-01   2.1780017e+02   1.7477300e+01
   4.3726760e-01   2.2319972e+02   2.0531100e+01
   4.3726760e-01   2.2859985e+02   2.3867100e+01
   4.3726760e-01   2.3399997e+02   2.7302900e+01
   4.3726760e-01   2.3940010e+02   3.0666900e+01
   4.3726760e-01   2.4480023e+02   3.3804500e+01
   4.3726760e-01   2.5019978e+02   3.6582100e+01
   4.3726760e-01   2.5559991e+02   3.8891300e+01
   4.3726760e-01   2.6100004e+02   4.0650800e+01
   4.3726760e-01   2.6640016e+02   4.1807800e+01
   4.3726760e-01   2.7179972e+02   4.2338800e+01
   4.3726760e-01   2.7719985e+02   4.2249300e+01
   4.3726760e-01   2.8259997e+02   4.1573000e+01
   4.3974862e-01   1.2599972e+02   8.6273000e+01
   4.3974862e-01   1.3139985e+02   7.8693100e+01
   4.3974862e-01   1.3679998e+02   7.0628200e+01
   4.3974862e-01   1.4220010e+02   6.2289200e+01
   4.3974862e-01   1.4760023e+02   5.3900100e+01
   4.3974862e-01   1.5299978e+02   4.5690000e+01
   4.3974862e-01   1.5839991e+02   3.7884300e+01
   4.3974862e-01   1.6380004e+02   3.0695100e+01
   4.3974862e-01   1.6920017e+02   2.4311200e+01
   4.3974862e-01   1.7459972e+02   1.8889000e+01
   4.3974862e-01   1.7999985e+02   1.4544700e+01
   4.3974862e-01   1.8539998e+02   1.1348500e+01
   4.3974862e-01   1.9080010e+02   9.3219000e+00
   4.3974862e-01   1.9620023e+02   8.4382100e+00
   4.3974862e-01   2.0159978e+02   8.6252200e+00
   4.3974862e-01   2.0699991e+02   9.7711500e+00
   4.3974862e-01   2.1240004e+02   1.1732300e+01
   4.3974862e-01   2.1780017e+02   1.4341900e+01
   4.3974862e-01   2.2319972e+02   1.7419500e+01
   4.3974862e-01   2.2859985e+02   2.0779800e+01
   4.3974862e-01   2.3399997e+02   2.4241200e+01
   4.3974862e-01   2.3940010e+02   2.7632800e+01
   4.3974862e-01   2.4480023e+02   3.0800500e+01
   4.3974862e-01   2.5019978e+02   3.3611300e+01
   4.3974862e-01   2.5559991e+02   3.5957000e+01
   4.3974862e-01   2.6100004e+02   3.7756400e+01
   4.3974862e-01   2.6640016e+02   3.8956900e+01
   4.3974862e-01   2.7179972e+02   3.9534700e+01
   4.3974862e-01   2.7719985e+02   3.9495100e+01
   4.3974862e-01   2.8259997e+02   3.8870900e+01
   4.4223114e-01   1.2599972e+02   8.3138700e+01
   4.4223114e-01   1.3139985e+02   7.5575900e+01
   4.4223114e-01   1.3679998e+02   6.7535400e+01
   4.4223114e-01   1.4220010e+02   5.9227400e+01
   4.4223114e-01   1.4760023e+02   5.0874400e+01
   4.4223114e-01   1.5299978e+02   4.2704400e+01
   4.4223114e-01   1.5839991e+02   3.4941600e+01
   4.4223114e-01   1.6380004e+02   2.7796600e+01
   4.4223114e-01   1.6920017e+02   2.1456900e+01
   4.4223114e-01   1.7459972e+02   1.6077800e+01
   4.4223114e-01   1.7999985e+02   1.1774500e+01
   4.4223114e-01   1.8539998e+02   8.6165400e+00
   4.4223114e-01   1.9080010e+02   6.6251700e+00
   4.4223114e-01   1.9620023e+02   5.7734800e+00
   4.4223114e-01   2.0159978e+02   5.9895100e+00
   4.4223114e-01   2.0699991e+02   7.1619400e+00
   4.4223114e-01   2.1240004e+02   9.1477000e+00
   4.4223114e-01   2.1780017e+02   1.1780800e+01
   4.4223114e-01   2.2319972e+02   1.4881500e+01
   4.4223114e-01   2.2859985e+02   1.8265500e+01
   4.4223114e-01   2.3399997e+02   2.1751900e+01
   4.4223114e-01   2.3940010e+02   2.5170500e+01
   4.4223114e-01   2.4480023e+02   2.8367700e+01
   4.4223114e-01   2.5019978e+02   3.1211000e+01
   4.4223114e-01   2.5559991e+02   3.3592500e+01
   4.4223114e-01   2.6100004e+02   3.5431300e+01
   4.4223114e-01   2.6640016e+02   3.6674600e+01
   4.4223114e-01   2.7179972e+02   3.7298600e+01
   4.4223114e-01   2.7719985e+02   3.7308000e+01
   4.4223114e-01   2.8259997e+02   3.6735400e+01
   4.4471511e-01   1.2599972e+02   8.0556300e+01
   4.4471511e-01   1.3139985e+02   7.3010500e+01
   4.4471511e-01   1.3679998e+02   6.4994500e+01
   4.4471511e-01   1.4220010e+02   5.6717100e+01
   4.4471511e-01   1.4760023e+02   4.8400100e+01
   4.4471511e-01   1.5299978e+02   4.0269900e+01
   4.4471511e-01   1.5839991e+02   3.2549600e+01
   4.4471511e-01   1.6380004e+02   2.5448300e+01
   4.4471511e-01   1.6920017e+02   1.9152300e+01
   4.4471511e-01   1.7459972e+02   1.3815800e+01
   4.4471511e-01   1.7999985e+02   9.5529000e+00
   4.4471511e-01   1.8539998e+02   6.4326600e+00
   4.4471511e-01   1.9080010e+02   4.4758900e+00
   4.4471511e-01   1.9620023e+02   3.6556000e+00
   4.4471511e-01   2.0159978e+02   3.9000600e+00
   4.4471511e-01   2.0699991e+02   5.0983900e+00
   4.4471511e-01   2.1240004e+02   7.1081700e+00
   4.4471511e-01   2.1780017e+02   9.7641500e+00
   4.4471511e-01   2.2319972e+02   1.2887500e+01
   4.4471511e-01   2.2859985e+02   1.6294500e+01
   4.4471511e-01   2.3399997e+02   1.9805300e+01
   4.4471511e-01   2.3940010e+02   2.3250200e+01
   4.4471511e-01   2.4480023e+02   2.6476200e+01
   4.4471511e-01   2.5019978e+02   2.9351400e+01
   4.4471511e-01   2.5559991e+02   3.1768200e+01
   4.4471511e-01   2.6100004e+02   3.3645700e+01
   4.4471511e-01   2.6640016e+02   3.4931200e+01
   4.4471511e-01   2.7179972e+02   3.5600600e+01
   4.4471511e-01   2.7719985e+02   3.5658400e+01
   4.4471511e-01   2.8259997e+02   3.5136600e+01
   4.4720046e-01   1.2599972e+02   7.8494800e+01
   4.4720046e-01   1.3139985e+02   7.0966100e+01
   4.4720046e-01   1.3679998e+02   6.2974300e+01
   4.4720046e-01   1.4220010e+02   5.4727500e+01
   4.4720046e-01   1.4760023e+02   4.6446100e+01
   4.4720046e-01   1.5299978e+02   3.8355500e+01
   4.4720046e-01   1.5839991e+02   3.0677100e+01
   4.4720046e-01   1.6380004e+02   2.3619100e+01
   4.4720046e-01   1.6920017e+02   1.7366400e+01
   4.4720046e-01   1.7459972e+02   1.2071800e+01
   4.4720046e-01   1.7999985e+02   7.8489000e+00
   4.4720046e-01   1.8539998e+02   4.7657800e+00
   4.4720046e-01   1.9080010e+02   2.8430200e+00
   4.4720046e-01   1.9620023e+02   2.0535500e+00
   4.4720046e-01   2.0159978e+02   2.3258300e+00
   4.4720046e-01   2.0699991e+02   3.5494700e+00
   4.4720046e-01   2.1240004e+02   5.5826600e+00
   4.4720046e-01   2.1780017e+02   8.2609200e+00
   4.4720046e-01   2.2319972e+02   1.1406200e+01
   4.4720046e-01   2.2859985e+02   1.4835700e+01
   4.4720046e-01   2.3399997e+02   1.8370200e+01
   4.4720046e-01   2.3940010e+02   2.1840800e+01
   4.4720046e-01   2.4480023e+02   2.5095100e+01
   4.4720046e-01   2.5019978e+02   2.8001500e+01
   4.4720046e-01   2.5559991e+02   3.0452800e+01
   4.4720046e-01   2.6100004e+02   3.2368300e+01
   4.4720046e-01   2.6640016e+02   3.3695200e+01
   4.4720046e-01   2.7179972e+02   3.4409400e+01
   4.4720046e-01   2.7719985e+02   3.4514800e+01
   4.4720046e-01   2.8259997e+02   3.4043200e+01
   4.4968713e-01   1.2599972e+02   7.6921700e+01
   4.4968713e-01   1.3139985e+02   6.9410100e+01
   4.4968713e-01   1.3679998e+02   6.1442500e+01
   4.4968713e-01   1.4220010e+02   5.3226100e+01
   4.4968713e-01   1.4760023e+02   4.4980200e+01
   4.4968713e-01   1.5299978e+02   3.6928800e+01
   4.4968713e-01   1.5839991e+02   2.9292100e+01
   4.4968713e-01   1.6380004e+02   2.2276900e+01
   4.4968713e-01   1.6920017e+02   1.6066900e+01
   4.4968713e-01   1.7459972e+02   1.0813900e+01
   4.4968713e-01   1.7999985e+02   6.6302700e+00
   4.4968713e-01   1.8539998e+02   3.5837200e+00
   4.4968713e-01   1.9080010e+02   1.6943900e+00
   4.4968713e-01   1.9620023e+02   9.3513200e-01
   4.4968713e-01   2.0159978e+02   1.2346500e+00
   4.4968713e-01   2.0699991e+02   2.4829700e+00
   4.4968713e-01   2.1240004e+02   4.5389600e+00
   4.4968713e-01   2.1780017e+02   7.2388800e+00
   4.4968713e-01   2.2319972e+02   1.0405500e+01
   4.4968713e-01   2.2859985e+02   1.3856800e+01
   4.4968713e-01   2.3399997e+02   1.7414400e+01
   4.4968713e-01   2.3940010e+02   2.0910100e+01
   4.4968713e-01   2.4480023e+02   2.4191900e+01
   4.4968713e-01   2.5019978e+02   2.7129000e+01
   4.4968713e-01   2.5559991e+02   2.9614100e+01
   4.4968713e-01   2.6100004e+02   3.1566900e+01
   4.4968713e-01   2.6640016e+02   3.2934600e+01
   4.4968713e-01   2.7179972e+02   3.3692800e+01
   4.4968713e-01   2.7719985e+02   3.3845200e+01
   4.4968713e-01   2.8259997e+02   3.3422900e+01
   4.5217506e-01   1.2599972e+02   7.5804000e+01
   4.5217506e-01   1.3139985e+02   6.8309500e+01
   4.5217506e-01   1.3679998e+02   6.0366100e+01
   4.5217506e-01   1.4220010e+02   5.2180000e+01
   4.5217506e-01   1.4760023e+02   4.3969200e+01
   4.5217506e-01   1.5299978e+02   3.5956600e+01
   4.5217506e-01   1.5839991e+02   2.8361300e+01
   4.5217506e-01   1.6380004e+02   2.1388500e+01
   4.5217506e-01   1.6920017e+02   1.5220700e+01
   4.5217506e-01   1.7459972e+02   1.0008600e+01
   4.5217506e-01   1.7999985e+02   5.8638400e+00
   4.5217506e-01   1.8539998e+02   2.8532800e+00
   4.5217506e-01   1.9080010e+02   9.9677600e-01
   4.5217506e-01   1.9620023e+02   2.6713900e-01
   4.5217506e-01   2.0159978e+02   5.9327500e-01
   4.5217506e-01   2.0699991e+02   1.8656800e+00
   4.5217506e-01   2.1240004e+02   3.9438500e+00
   4.5217506e-01   2.1780017e+02   6.6648000e+00
   4.5217506e-01   2.2319972e+02   9.8521300e+00
   4.5217506e-01   2.2859985e+02   1.3324700e+01
   4.5217506e-01   2.3399997e+02   1.6904700e+01
   4.5217506e-01   2.3940010e+02   2.0424700e+01
   4.5217506e-01   2.4480023e+02   2.3733500e+01
   4.5217506e-01   2.5019978e+02   2.6700400e+01
   4.5217506e-01   2.5559991e+02   2.9218700e+01
   4.5217506e-01   2.6100004e+02   3.1208100e+01
   4.5217506e-01   2.6640016e+02   3.2615800e+01
   4.5217506e-01   2.7179972e+02   3.3417200e+01
   4.5217506e-01   2.7719985e+02   3.3615900e+01
   4.5217506e-01   2.8259997e+02   3.3242200e+01
   4.5466419e-01   1.2599972e+02   7.5107200e+01
   4.5466419e-01   1.3139985e+02   6.7629900e+01
   4.5466419e-01   1.3679998e+02   5.9710700e+01
   4.5466419e-01   1.4220010e+02   5.1554600e+01
   4.5466419e-01   1.4760023e+02   4.3378800e+01
   4.5466419e-01   1.5299978e+02   3.5404900e+01
   4.5466419e-01   1.5839991e+02   2.7850500e+01
   4.5466419e-01   1.6380004e+02   2.0919700e+01
   4.5466419e-01   1.6920017e+02   1.4793600e+01
   4.5466419e-01   1.7459972e+02   9.6220200e+00
   4.5466419e-01   1.7999985e+02   5.5154800e+00
   4.5466419e-01   1.8539998e+02   2.5403400e+00
   4.5466419e-01   1.9080010e+02   7.1608000e-01
   4.5466419e-01   1.9620023e+02   1.5458200e-02
   4.5466419e-01   2.0159978e+02   3.6760800e-01
   4.5466419e-01   2.0699991e+02   1.6634800e+00
   4.5466419e-01   2.1240004e+02   3.7632100e+00
   4.5466419e-01   2.1780017e+02   6.5045700e+00
   4.5466419e-01   2.2319972e+02   9.7119500e+00
   4.5466419e-01   2.2859985e+02   1.3205000e+01
   4.5466419e-01   2.3399997e+02   1.6806800e+01
   4.5466419e-01   2.3940010e+02   2.0350600e+01
   4.5466419e-01   2.4480023e+02   2.3685700e+01
   4.5466419e-01   2.5019978e+02   2.6681700e+01
   4.5466419e-01   2.5559991e+02   2.9232500e+01
   4.5466419e-01   2.6100004e+02   3.1257700e+01
   4.5466419e-01   2.6640016e+02   3.2704700e+01
   4.5466419e-01   2.7179972e+02   3.3548600e+01
   4.5466419e-01   2.7719985e+02   3.3792700e+01
   4.5466419e-01   2.8259997e+02   3.3466900e+01
   4.5715445e-01   1.2599972e+02   7.4796800e+01
   4.5715445e-01   1.3139985e+02   6.7336700e+01
   4.5715445e-01   1.3679998e+02   5.9441500e+01
   4.5715445e-01   1.4220010e+02   5.1315400e+01
   4.5715445e-01   1.4760023e+02   4.3174400e+01
   4.5715445e-01   1.5299978e+02   3.5238800e+01
   4.5715445e-01   1.5839991e+02   2.7725000e+01
   4.5715445e-01   1.6380004e+02   2.0835600e+01
   4.5715445e-01   1.6920017e+02   1.4750900e+01
   4.5715445e-01   1.7459972e+02   9.6192000e+00
   4.5715445e-01   1.7999985e+02   5.5503500e+00
   4.5715445e-01   1.8539998e+02   2.6100600e+00
   4.5715445e-01   1.9080010e+02   8.1744900e-01
   4.5715445e-01   1.9620023e+02   1.4524300e-01
   4.5715445e-01   2.0159978e+02   5.2279600e-01
   4.5715445e-01   2.0699991e+02   1.8415200e+00
   4.5715445e-01   2.1240004e+02   3.9621900e+00
   4.5715445e-01   2.1780017e+02   6.7233200e+00
   4.5715445e-01   2.2319972e+02   9.9501300e+00
   4.5715445e-01   2.2859985e+02   1.3463100e+01
   4.5715445e-01   2.3399997e+02   1.7086000e+01
   4.5715445e-01   2.3940010e+02   2.0652900e+01
   4.5715445e-01   2.4480023e+02   2.4013400e+01
   4.5715445e-01   2.5019978e+02   2.7038000e+01
   4.5715445e-01   2.5559991e+02   2.9620500e+01
   4.5715445e-01   2.6100004e+02   3.1680800e+01
   4.5715445e-01   2.6640016e+02   3.3166300e+01
   4.5715445e-01   2.7179972e+02   3.4052100e+01
   4.5715445e-01   2.7719985e+02   3.4340800e+01
   4.5715445e-01   2.8259997e+02   3.4062000e+01
   4.5964578e-01   1.2599972e+02   7.4836900e+01
   4.5964578e-01   1.3139985e+02   6.7394100e+01
   4.5964578e-01   1.3679998e+02   5.9523000e+01
   4.5964578e-01   1.4220010e+02   5.1426700e+01
   4.5964578e-01   1.4760023e+02   4.3320200e+01
   4.5964578e-01   1.5299978e+02   3.5422700e+01
   4.5964578e-01   1.5839991e+02   2.7949100e+01
   4.5964578e-01   1.6380004e+02   2.1100900e+01
   4.5964578e-01   1.6920017e+02   1.5057000e+01
   4.5964578e-01   1.7459972e+02   9.9646900e+00
   4.5964578e-01   1.7999985e+02   5.9330000e+00
   4.5964578e-01   1.8539998e+02   3.0270000e+00
   4.5964578e-01   1.9080010e+02   1.2654600e+00
   4.5964578e-01   1.9620023e+02   6.2106900e-01
   4.5964578e-01   2.0159978e+02   1.0234200e+00
   4.5964578e-01   2.0699991e+02   2.3643700e+00
   4.5964578e-01   2.1240004e+02   4.5053400e+00
   4.5964578e-01   2.1780017e+02   7.2856100e+00
   4.5964578e-01   2.2319972e+02   1.0531200e+01
   4.5964578e-01   2.2859985e+02   1.4063400e+01
   4.5964578e-01   2.3399997e+02   1.7706800e+01
   4.5964578e-01   2.3940010e+02   2.1296000e+01
   4.5964578e-01   2.4480023e+02   2.4681400e+01
   4.5964578e-01   2.5019978e+02   2.7733700e+01
   4.5964578e-01   2.5559991e+02   3.0347200e+01
   4.5964578e-01   2.6100004e+02   3.2442000e+01
   4.5964578e-01   2.6640016e+02   3.3965200e+01
   4.5964578e-01   2.7179972e+02   3.4891900e+01
   4.5964578e-01   2.7719985e+02   3.5224600e+01
   4.5964578e-01   2.8259997e+02   3.4992100e+01
   4.6213811e-01   1.2599972e+02   7.5191800e+01
   4.6213811e-01   1.3139985e+02   6.7766400e+01
   4.6213811e-01   1.3679998e+02   5.9919200e+01
   4.6213811e-01   1.4220010e+02   5.1852700e+01
   4.6213811e-01   1.4760023e+02   4.3780600e+01
   4.6213811e-01   1.5299978e+02   3.5920900e+01
   4.6213811e-01   1.5839991e+02   2.8487100e+01
   4.6213811e-01   1.6380004e+02   2.1679600e+01
   4.6213811e-01   1.6920017e+02   1.5676000e+01
   4.6213811e-01   1.7459972e+02   1.0622700e+01
   4.6213811e-01   1.7999985e+02   6.6276200e+00
   4.6213811e-01   1.8539998e+02   3.7553300e+00
   4.6213811e-01   1.9080010e+02   2.0242800e+00
   4.6213811e-01   1.9620023e+02   1.4071100e+00
   4.6213811e-01   2.0159978e+02   1.8336400e+00
   4.6213811e-01   2.0699991e+02   3.1962100e+00
   4.6213811e-01   2.1240004e+02   5.3568600e+00
   4.6213811e-01   2.1780017e+02   8.1556300e+00
   4.6213811e-01   2.2319972e+02   1.1419300e+01
   4.6213811e-01   2.2859985e+02   1.4970100e+01
   4.6213811e-01   2.3399997e+02   1.8633300e+01
   4.6213811e-01   2.3940010e+02   2.2244100e+01
   4.6213811e-01   2.4480023e+02   2.5653700e+01
   4.6213811e-01   2.5019978e+02   2.8733000e+01
   4.6213811e-01   2.5559991e+02   3.1376800e+01
   4.6213811e-01   2.6100004e+02   3.3505100e+01
   4.6213811e-01   2.6640016e+02   3.5065400e+01
   4.6213811e-01   2.7179972e+02   3.6032300e+01
   4.6213811e-01   2.7719985e+02   3.6408100e+01
   4.6213811e-01   2.8259997e+02   3.6221100e+01
   4.6463140e-01   1.2599972e+02   7.5825200e+01
   4.6463140e-01   1.3139985e+02   6.8417200e+01
   4.6463140e-01   1.3679998e+02   6.0594200e+01
   4.6463140e-01   1.4220010e+02   5.2557300e+01
   4.6463140e-01   1.4760023e+02   4.4519300e+01
   4.6463140e-01   1.5299978e+02   3.6697000e+01
   4.6463140e-01   1.5839991e+02   2.9302800e+01
   4.6463140e-01   1.6380004e+02   2.2535700e+01
   4.6463140e-01   1.6920017e+02   1.6572000e+01
   4.6463140e-01   1.7459972e+02   1.1557100e+01
   4.6463140e-01   1.7999985e+02   7.5981200e+00
   4.6463140e-01   1.8539998e+02   4.7589900e+00
   4.6463140e-01   1.9080010e+02   3.0578600e+00
   4.6463140e-01   1.9620023e+02   2.4673200e+00
   4.6463140e-01   2.0159978e+02   2.9174300e+00
   4.6463140e-01   2.0699991e+02   4.3009900e+00
   4.6463140e-01   2.1240004e+02   6.4806800e+00
   4.6463140e-01   2.1780017e+02   9.2973200e+00
   4.6463140e-01   2.2319972e+02   1.2578500e+01
   4.6463140e-01   2.2859985e+02   1.6147200e+01
   4.6463140e-01   2.3399997e+02   1.9829500e+01
   4.6463140e-01   2.3940010e+02   2.3461300e+01
   4.6463140e-01   2.4480023e+02   2.6894200e+01
   4.6463140e-01   2.5019978e+02   2.9999900e+01
   4.6463140e-01   2.5559991e+02   3.2673100e+01
   4.6463140e-01   2.6100004e+02   3.4834400e+01
   4.6463140e-01   2.6640016e+02   3.6430800e+01
   4.6463140e-01   2.7179972e+02   3.7437200e+01
   4.6463140e-01   2.7719985e+02   3.7855200e+01
   4.6463140e-01   2.8259997e+02   3.7712900e+01
   4.6712557e-01   1.2599972e+02   7.6700800e+01
   4.6712557e-01   1.3139985e+02   6.9310400e+01
   4.6712557e-01   1.3679998e+02   6.1511300e+01
   4.6712557e-01   1.4220010e+02   5.3504100e+01
   4.6712557e-01   1.4760023e+02   4.5500100e+01
   4.6712557e-01   1.5299978e+02   3.7715100e+01
   4.6712557e-01   1.5839991e+02   3.0360200e+01
   4.6712557e-01   1.6380004e+02   2.3633000e+01
   4.6712557e-01   1.6920017e+02   1.7708800e+01
   4.6712557e-01   1.7459972e+02   1.2731800e+01
   4.6712557e-01   1.7999985e+02   8.8084200e+00
   4.6712557e-01   1.8539998e+02   6.0019200e+00
   4.6712557e-01   1.9080010e+02   4.3301300e+00
   4.6712557e-01   1.9620023e+02   3.7656400e+00
   4.6712557e-01   2.0159978e+02   4.2387300e+00
   4.6712557e-01   2.0699991e+02   5.6426600e+00
   4.6712557e-01   2.1240004e+02   7.8407700e+00
   4.6712557e-01   2.1780017e+02   1.0674600e+01
   4.6712557e-01   2.2319972e+02   1.3972600e+01
   4.6712557e-01   2.2859985e+02   1.7558600e+01
   4.6712557e-01   2.3399997e+02   2.1259200e+01
   4.6712557e-01   2.3940010e+02   2.4911300e+01
   4.6712557e-01   2.4480023e+02   2.8367000e+01
   4.6712557e-01   2.5019978e+02   3.1498200e+01
   4.6712557e-01   2.5559991e+02   3.4200200e+01
   4.6712557e-01   2.6100004e+02   3.6393500e+01
   4.6712557e-01   2.6640016e+02   3.8025500e+01
   4.6712557e-01   2.7179972e+02   3.9070400e+01
   4.6712557e-01   2.7719985e+02   3.9530000e+01
   4.6712557e-01   2.8259997e+02   3.9431600e+01
   4.6962056e-01   1.2599972e+02   7.7782900e+01
   4.6962056e-01   1.3139985e+02   7.0410100e+01
   4.6962056e-01   1.3679998e+02   6.2635100e+01
   4.6962056e-01   1.4220010e+02   5.4657300e+01
   4.6962056e-01   1.4760023e+02   4.6687200e+01
   4.6962056e-01   1.5299978e+02   3.8939200e+01
   4.6962056e-01   1.5839991e+02   3.1623200e+01
   4.6962056e-01   1.6380004e+02   2.4935600e+01
   4.6962056e-01   1.6920017e+02   1.9050400e+01
   4.6962056e-01   1.7459972e+02   1.4110900e+01
   4.6962056e-01   1.7999985e+02   1.0222600e+01
   4.6962056e-01   1.8539998e+02   7.4482000e+00
   4.6962056e-01   1.9080010e+02   5.8052000e+00
   4.6962056e-01   1.9620023e+02   5.2661700e+00
   4.6962056e-01   2.0159978e+02   5.7616400e+00
   4.6962056e-01   2.0699991e+02   7.1853400e+00
   4.6962056e-01   2.1240004e+02   9.4012400e+00
   4.6962056e-01   2.1780017e+02   1.2251700e+01
   4.6962056e-01   2.2319972e+02   1.5565800e+01
   4.6962056e-01   2.2859985e+02   1.9168300e+01
   4.6962056e-01   2.3399997e+02   2.2886700e+01
   4.6962056e-01   2.3940010e+02   2.6558400e+01
   4.6962056e-01   2.4480023e+02   3.0036000e+01
   4.6962056e-01   2.5019978e+02   3.3192100e+01
   4.6962056e-01   2.5559991e+02   3.5922100e+01
   4.6962056e-01   2.6100004e+02   3.8146800e+01
   4.6962056e-01   2.6640016e+02   3.9813300e+01
   4.6962056e-01   2.7179972e+02   4.0896200e+01
   4.6962056e-01   2.7719985e+02   4.1396400e+01
   4.6962056e-01   2.8259997e+02   4.1341000e+01
   4.7211631e-01   1.2599972e+02   7.9035600e+01
   4.7211631e-01   1.3139985e+02   7.1680500e+01
   4.7211631e-01   1.3679998e+02   6.3929600e+01
   4.7211631e-01   1.4220010e+02   5.5981200e+01
   4.7211631e-01   1.4760023e+02   4.8044900e+01
   4.7211631e-01   1.5299978e+02   4.0333700e+01
   4.7211631e-01   1.5839991e+02   3.3056300e+01
   4.7211631e-01   1.6380004e+02   2.6407900e+01
   4.7211631e-01   1.6920017e+02   2.0561300e+01
   4.7211631e-01   1.7459972e+02   1.5658900e+01
   4.7211631e-01   1.7999985e+02   1.1805100e+01
   4.7211631e-01   1.8539998e+02   9.0623000e+00
   4.7211631e-01   1.9080010e+02   7.4475400e+00
   4.7211631e-01   1.9620023e+02   6.9334000e+00
   4.7211631e-01   2.0159978e+02   7.4506600e+00
   4.7211631e-01   2.0699991e+02   8.8935300e+00
   4.7211631e-01   2.1240004e+02   1.1126600e+01
   4.7211631e-01   2.1780017e+02   1.3993000e+01
   4.7211631e-01   2.2319972e+02   1.7322600e+01
   4.7211631e-01   2.2859985e+02   2.0941100e+01
   4.7211631e-01   2.3399997e+02   2.4676500e+01
   4.7211631e-01   2.3940010e+02   2.8367000e+01
   4.7211631e-01   2.4480023e+02   3.1866000e+01
   4.7211631e-01   2.5019978e+02   3.5046200e+01
   4.7211631e-01   2.5559991e+02   3.7803400e+01
   4.7211631e-01   2.6100004e+02   4.0058600e+01
   4.7211631e-01   2.6640016e+02   4.1759000e+01
   4.7211631e-01   2.7179972e+02   4.2878900e+01
   4.7211631e-01   2.7719985e+02   4.3419000e+01
   4.7211631e-01   2.8259997e+02   4.3405900e+01
   4.7461276e-01   1.2599972e+02   8.0423900e+01
   4.7461276e-01   1.3139985e+02   7.3086700e+01
   4.7461276e-01   1.3679998e+02   6.5359900e+01
   4.7461276e-01   1.4220010e+02   5.7440900e+01
   4.7461276e-01   1.4760023e+02   4.9538100e+01
   4.7461276e-01   1.5299978e+02   4.1863500e+01
   4.7461276e-01   1.5839991e+02   3.4624400e+01
   4.7461276e-01   1.6380004e+02   2.8014900e+01
   4.7461276e-01   1.6920017e+02   2.2206600e+01
   4.7461276e-01   1.7459972e+02   1.7340700e+01
   4.7461276e-01   1.7999985e+02   1.3521100e+01
   4.7461276e-01   1.8539998e+02   1.0809300e+01
   4.7461276e-01   1.9080010e+02   9.2222300e+00
   4.7461276e-01   1.9620023e+02   8.7324300e+00
   4.7461276e-01   2.0159978e+02   9.2709100e+00
   4.7461276e-01   2.0699991e+02   1.0732300e+01
   4.7461276e-01   2.1240004e+02   1.2982000e+01
   4.7461276e-01   2.1780017e+02   1.5863600e+01
   4.7461276e-01   2.2319972e+02   1.9208200e+01
   4.7461276e-01   2.2859985e+02   2.2841800e+01
   4.7461276e-01   2.3399997e+02   2.6593700e+01
   4.7461276e-01   2.3940010e+02   3.0302400e+01
   4.7461276e-01   2.4480023e+02   3.3821900e+01
   4.7461276e-01   2.5019978e+02   3.7025400e+01
   4.7461276e-01   2.5559991e+02   3.9809200e+01
   4.7461276e-01   2.6100004e+02   4.2094200e+01
   4.7461276e-01   2.6640016e+02   4.3827700e+01
   4.7461276e-01   2.7179972e+02   4.4983800e+01
   4.7461276e-01   2.7719985e+02   4.5562900e+01
   4.7461276e-01   2.8259997e+02   4.5591200e+01
   4.7710984e-01   1.2599972e+02   8.1913500e+01
   4.7710984e-01   1.3139985e+02   7.4594400e+01
   4.7710984e-01   1.3679998e+02   6.6891700e+01
   4.7710984e-01   1.4220010e+02   5.9002000e+01
   4.7710984e-01   1.4760023e+02   5.1132700e+01
   4.7710984e-01   1.5299978e+02   4.3494400e+01
   4.7710984e-01   1.5839991e+02   3.6293400e+01
   4.7710984e-01   1.6380004e+02   2.9722500e+01
   4.7710984e-01   1.6920017e+02   2.3952000e+01
   4.7710984e-01   1.7459972e+02   1.9122300e+01
   4.7710984e-01   1.7999985e+02   1.5336300e+01
   4.7710984e-01   1.8539998e+02   1.2655100e+01
   4.7710984e-01   1.9080010e+02   1.1095200e+01
   4.7710984e-01   1.9620023e+02   1.0629200e+01
   4.7710984e-01   2.0159978e+02   1.1188300e+01
   4.7710984e-01   2.0699991e+02   1.2667700e+01
   4.7710984e-01   2.1240004e+02   1.4933300e+01
   4.7710984e-01   2.1780017e+02   1.7829700e+01
   4.7710984e-01   2.2319972e+02   2.1188400e+01
   4.7710984e-01   2.2859985e+02   2.4836700e+01
   4.7710984e-01   2.3399997e+02   2.8604200e+01
   4.7710984e-01   2.3940010e+02   3.2330400e+01
   4.7710984e-01   2.4480023e+02   3.5869700e+01
   4.7710984e-01   2.5019978e+02   3.9096000e+01
   4.7710984e-01   2.5559991e+02   4.1905500e+01
   4.7710984e-01   2.6100004e+02   4.4219500e+01
   4.7710984e-01   2.6640016e+02   4.5985300e+01
   4.7710984e-01   2.7179972e+02   4.7176800e+01
   4.7710984e-01   2.7719985e+02   4.7794200e+01
   4.7710984e-01   2.8259997e+02   4.7863200e+01
   4.7960749e-01   1.2599972e+02   8.3471200e+01
   4.7960749e-01   1.3139985e+02   7.6170200e+01
   4.7960749e-01   1.3679998e+02   6.8491700e+01
   4.7960749e-01   1.4220010e+02   6.0631400e+01
   4.7960749e-01   1.4760023e+02   5.2795400e+01
   4.7960749e-01   1.5299978e+02   4.5193300e+01
   4.7960749e-01   1.5839991e+02   3.8030200e+01
   4.7960749e-01   1.6380004e+02   3.1497500e+01
   4.7960749e-01   1.6920017e+02   2.5764500e+01
   4.7960749e-01   1.7459972e+02   2.0970500e+01
   4.7960749e-01   1.7999985e+02   1.7217700e+01
   4.7960749e-01   1.8539998e+02   1.4566500e+01
   4.7960749e-01   1.9080010e+02   1.3033300e+01
   4.7960749e-01   1.9620023e+02   1.2590500e+01
   4.7960749e-01   2.0159978e+02   1.3169700e+01
   4.7960749e-01   2.0699991e+02   1.4666600e+01
   4.7960749e-01   2.1240004e+02   1.6947500e+01
   4.7960749e-01   2.1780017e+02   1.9858000e+01
   4.7960749e-01   2.2319972e+02   2.3230400e+01
   4.7960749e-01   2.2859985e+02   2.6892500e+01
   4.7960749e-01   2.3399997e+02   3.0675100e+01
   4.7960749e-01   2.3940010e+02   3.4418100e+01
   4.7960749e-01   2.4480023e+02   3.7976500e+01
   4.7960749e-01   2.5019978e+02   4.1224800e+01
   4.7960749e-01   2.5559991e+02   4.4059300e+01
   4.7960749e-01   2.6100004e+02   4.6401600e+01
   4.7960749e-01   2.6640016e+02   4.8198900e+01
   4.7960749e-01   2.7179972e+02   4.9425100e+01
   4.7960749e-01   2.7719985e+02   5.0080000e+01
   4.7960749e-01   2.8259997e+02   5.0188800e+01
   4.8210566e-01   1.2599972e+02   8.5065100e+01
   4.8210566e-01   1.3139985e+02   7.7782400e+01
   4.8210566e-01   1.3679998e+02   7.0128100e+01
   4.8210566e-01   1.4220010e+02   6.2297100e+01
   4.8210566e-01   1.4760023e+02   5.4494300e+01
   4.8210566e-01   1.5299978e+02   4.6928300e+01
   4.8210566e-01   1.5839991e+02   3.9802700e+01
   4.8210566e-01   1.6380004e+02   3.3307800e+01
   4.8210566e-01   1.6920017e+02   2.7612100e+01
   4.8210566e-01   1.7459972e+02   2.2853400e+01
   4.8210566e-01   1.7999985e+02   1.9133400e+01
   4.8210566e-01   1.8539998e+02   1.6511800e+01
   4.8210566e-01   1.9080010e+02   1.5004700e+01
   4.8210566e-01   1.9620023e+02   1.4584700e+01
   4.8210566e-01   2.0159978e+02   1.5183500e+01
   4.8210566e-01   2.0699991e+02   1.6697200e+01
   4.8210566e-01   2.1240004e+02   1.8992900e+01
   4.8210566e-01   2.1780017e+02   2.1916900e+01
   4.8210566e-01   2.2319972e+02   2.5302300e+01
   4.8210566e-01   2.2859985e+02   2.8977700e+01
   4.8210566e-01   2.3399997e+02   3.2774600e+01
   4.8210566e-01   2.3940010e+02   3.6533800e+01
   4.8210566e-01   2.4480023e+02   4.0110700e+01
   4.8210566e-01   2.5019978e+02   4.3380000e+01
   4.8210566e-01   2.5559991e+02   4.6238900e+01
   4.8210566e-01   2.6100004e+02   4.8608800e+01
   4.8210566e-01   2.6640016e+02   5.0436900e+01
   4.8210566e-01   2.7179972e+02   5.1696900e+01
   4.8210566e-01   2.7719985e+02   5.2388500e+01
   4.8210566e-01   2.8259997e+02   5.2536400e+01
   4.8460427e-01   1.2599972e+02   8.6664400e+01
   4.8460427e-01   1.3139985e+02   7.9400200e+01
   4.8460427e-01   1.3679998e+02   7.1770300e+01
   4.8460427e-01   1.4220010e+02   6.3968500e+01
   4.8460427e-01   1.4760023e+02   5.6198900e+01
   4.8460427e-01   1.5299978e+02   4.8668700e+01
   4.8460427e-01   1.5839991e+02   4.1580500e+01
   4.8460427e-01   1.6380004e+02   3.5123300e+01
   4.8460427e-01   1.6920017e+02   2.9464300e+01
   4.8460427e-01   1.7459972e+02   2.4740700e+01
   4.8460427e-01   1.7999985e+02   2.1053000e+01
   4.8460427e-01   1.8539998e+02   1.8460600e+01
   4.8460427e-01   1.9080010e+02   1.6979200e+01
   4.8460427e-01   1.9620023e+02   1.6581400e+01
   4.8460427e-01   2.0159978e+02   1.7199200e+01
   4.8460427e-01   2.0699991e+02   1.8729200e+01
   4.8460427e-01   2.1240004e+02   2.1039200e+01
   4.8460427e-01   2.1780017e+02   2.3976000e+01
   4.8460427e-01   2.2319972e+02   2.7373800e+01
   4.8460427e-01   2.2859985e+02   3.1062000e+01
   4.8460427e-01   2.3399997e+02   3.4872600e+01
   4.8460427e-01   2.3940010e+02   3.8647200e+01
   4.8460427e-01   2.4480023e+02   4.2241900e+01
   4.8460427e-01   2.5019978e+02   4.5531800e+01
   4.8460427e-01   2.5559991e+02   4.8414200e+01
   4.8460427e-01   2.6100004e+02   5.0810900e+01
   4.8460427e-01   2.6640016e+02   5.2669100e+01
   4.8460427e-01   2.7179972e+02   5.3962300e+01
   4.8460427e-01   2.7719985e+02   5.4689700e+01
   4.8460427e-01   2.8259997e+02   5.4875800e+01
   4.8710327e-01   1.2599972e+02   8.8240500e+01
   4.8710327e-01   1.3139985e+02   8.0994900e+01
   4.8710327e-01   1.3679998e+02   7.3389300e+01
   4.8710327e-01   1.4220010e+02   6.5616800e+01
   4.8710327e-01   1.4760023e+02   5.7880300e+01
   4.8710327e-01   1.5299978e+02   5.0385900e+01
   4.8710327e-01   1.5839991e+02   4.3334800e+01
   4.8710327e-01   1.6380004e+02   3.6915000e+01
   4.8710327e-01   1.6920017e+02   3.1292600e+01
   4.8710327e-01   1.7459972e+02   2.6603500e+01
   4.8710327e-01   1.7999985e+02   2.2947800e+01
   4.8710327e-01   1.8539998e+02   2.0384100e+01
   4.8710327e-01   1.9080010e+02   1.8927900e+01
   4.8710327e-01   1.9620023e+02   1.8551900e+01
   4.8710327e-01   2.0159978e+02   1.9188200e+01
   4.8710327e-01   2.0699991e+02   2.0734000e+01
   4.8710327e-01   2.1240004e+02   2.3057700e+01
   4.8710327e-01   2.1780017e+02   2.6006900e+01
   4.8710327e-01   2.2319972e+02   2.9416500e+01
   4.8710327e-01   2.2859985e+02   3.3116700e+01
   4.8710327e-01   2.3399997e+02   3.6940500e+01
   4.8710327e-01   2.3940010e+02   4.0729900e+01
   4.8710327e-01   2.4480023e+02   4.4341700e+01
   4.8710327e-01   2.5019978e+02   4.7651500e+01
   4.8710327e-01   2.5559991e+02   5.0556800e+01
   4.8710327e-01   2.6100004e+02   5.2979500e+01
   4.8710327e-01   2.6640016e+02   5.4867000e+01
   4.8710327e-01   2.7179972e+02   5.6192600e+01
   4.8710327e-01   2.7719985e+02   5.6955200e+01
   4.8710327e-01   2.8259997e+02   5.7178800e+01
   4.8960259e-01   1.2599972e+02   8.9766300e+01
   4.8960259e-01   1.3139985e+02   8.2539400e+01
   4.8960259e-01   1.3679998e+02   7.4958400e+01
   4.8960259e-01   1.4220010e+02   6.7215100e+01
   4.8960259e-01   1.4760023e+02   5.9511600e+01
   4.8960259e-01   1.5299978e+02   5.2052800e+01
   4.8960259e-01   1.5839991e+02   4.5038700e+01
   4.8960259e-01   1.6380004e+02   3.8656100e+01
   4.8960259e-01   1.6920017e+02   3.3069800e+01
   4.8960259e-01   1.7459972e+02   2.8415100e+01
   4.8960259e-01   1.7999985e+02   2.4790900e+01
   4.8960259e-01   1.8539998e+02   2.2255500e+01
   4.8960259e-01   1.9080010e+02   2.0824100e+01
   4.8960259e-01   1.9620023e+02   2.0469400e+01
   4.8960259e-01   2.0159978e+02   2.1123800e+01
   4.8960259e-01   2.0699991e+02   2.2684800e+01
   4.8960259e-01   2.1240004e+02   2.5021700e+01
   4.8960259e-01   2.1780017e+02   2.7982700e+01
   4.8960259e-01   2.2319972e+02   3.1403500e+01
   4.8960259e-01   2.2859985e+02   3.5115300e+01
   4.8960259e-01   2.3399997e+02   3.8951600e+01
   4.8960259e-01   2.3940010e+02   4.2755200e+01
   4.8960259e-01   2.4480023e+02   4.6383500e+01
   4.8960259e-01   2.5019978e+02   4.9712500e+01
   4.8960259e-01   2.5559991e+02   5.2640000e+01
   4.8960259e-01   2.6100004e+02   5.5088100e+01
   4.8960259e-01   2.6640016e+02   5.7004100e+01
   4.8960259e-01   2.7179972e+02   5.8361300e+01
   4.8960259e-01   2.7719985e+02   5.9158300e+01
   4.8960259e-01   2.8259997e+02   5.9418800e+01
   4.9210217e-01   1.2599972e+02   9.1216900e+01
   4.9210217e-01   1.3139985e+02   8.4008900e+01
   4.9210217e-01   1.3679998e+02   7.6452400e+01
   4.9210217e-01   1.4220010e+02   6.8738500e+01
   4.9210217e-01   1.4760023e+02   6.1067900e+01
   4.9210217e-01   1.5299978e+02   5.3644500e+01
   4.9210217e-01   1.5839991e+02   4.6667300e+01
   4.9210217e-01   1.6380004e+02   4.0321600e+01
   4.9210217e-01   1.6920017e+02   3.4771300e+01
   4.9210217e-01   1.7459972e+02   3.0150500e+01
   4.9210217e-01   1.7999985e+02   2.6557500e+01
   4.9210217e-01   1.8539998e+02   2.4050100e+01
   4.9210217e-01   1.9080010e+02   2.2643100e+01
   4.9210217e-01   1.9620023e+02   2.2309200e+01
   4.9210217e-01   2.0159978e+02   2.2981200e+01
   4.9210217e-01   2.0699991e+02   2.4557100e+01
   4.9210217e-01   2.1240004e+02   2.6906600e+01
   4.9210217e-01   2.1780017e+02   2.9878800e+01
   4.9210217e-01   2.2319972e+02   3.3310400e+01
   4.9210217e-01   2.2859985e+02   3.7033100e+01
   4.9210217e-01   2.3399997e+02   4.0881300e+01
   4.9210217e-01   2.3940010e+02   4.4698600e+01
   4.9210217e-01   2.4480023e+02   4.8342800e+01
   4.9210217e-01   2.5019978e+02   5.1690300e+01
   4.9210217e-01   2.5559991e+02   5.4639300e+01
   4.9210217e-01   2.6100004e+02   5.7112100e+01
   4.9210217e-01   2.6640016e+02   5.9056000e+01
   4.9210217e-01   2.7179972e+02   6.0444100e+01
   4.9210217e-01   2.7719985e+02   6.1274900e+01
   4.9210217e-01   2.8259997e+02   6.1571300e+01
   4.9460194e-01   1.2599972e+02   9.2569500e+01
   4.9460194e-01   1.3139985e+02   8.5380600e+01
   4.9460194e-01   1.3679998e+02   7.7848800e+01
   4.9460194e-01   1.4220010e+02   7.0164200e+01
   4.9460194e-01   1.4760023e+02   6.2526600e+01
   4.9460194e-01   1.5299978e+02   5.5138600e+01
   4.9460194e-01   1.5839991e+02   4.8198000e+01
   4.9460194e-01   1.6380004e+02   4.1889100e+01
   4.9460194e-01   1.6920017e+02   3.6374500e+01
   4.9460194e-01   1.7459972e+02   3.1787300e+01
   4.9460194e-01   1.7999985e+02   2.8225200e+01
   4.9460194e-01   1.8539998e+02   2.5745300e+01
   4.9460194e-01   1.9080010e+02   2.4362400e+01
   4.9460194e-01   1.9620023e+02   2.4048900e+01
   4.9460194e-01   2.0159978e+02   2.4738100e+01
   4.9460194e-01   2.0699991e+02   2.6328300e+01
   4.9460194e-01   2.1240004e+02   2.8690000e+01
   4.9460194e-01   2.1780017e+02   3.1673000e+01
   4.9460194e-01   2.2319972e+02   3.5114800e+01
   4.9460194e-01   2.2859985e+02   3.8847900e+01
   4.9460194e-01   2.3399997e+02   4.2707500e+01
   4.9460194e-01   2.3940010e+02   4.6537800e+01
   4.9460194e-01   2.4480023e+02   5.0197200e+01
   4.9460194e-01   2.5019978e+02   5.3562600e+01
   4.9460194e-01   2.5559991e+02   5.6532600e+01
   4.9460194e-01   2.6100004e+02   5.9029500e+01
   4.9460194e-01   2.6640016e+02   6.1000600e+01
   4.9460194e-01   2.7179972e+02   6.2419000e+01
   4.9460194e-01   2.7719985e+02   6.3282700e+01
   4.9460194e-01   2.8259997e+02   6.3614500e+01
   4.9710185e-01   1.2599972e+02   9.3804100e+01
   4.9710185e-01   1.3139985e+02   8.6634400e+01
   4.9710185e-01   1.3679998e+02   7.9127400e+01
   4.9710185e-01   1.4220010e+02   7.1472200e+01
   4.9710185e-01   1.4760023e+02   6.3867300e+01
   4.9710185e-01   1.5299978e+02   5.6514800e+01
   4.9710185e-01   1.5839991e+02   4.9610700e+01
   4.9710185e-01   1.6380004e+02   4.3338300e+01
   4.9710185e-01   1.6920017e+02   3.7859100e+01
   4.9710185e-01   1.7459972e+02   3.3305400e+01
   4.9710185e-01   1.7999985e+02   2.9773900e+01
   4.9710185e-01   1.8539998e+02   2.7321200e+01
   4.9710185e-01   1.9080010e+02   2.5961900e+01
   4.9710185e-01   1.9620023e+02   2.5668500e+01
   4.9710185e-01   2.0159978e+02   2.6374400e+01
   4.9710185e-01   2.0699991e+02   2.7978500e+01
   4.9710185e-01   2.1240004e+02   3.0351900e+01
   4.9710185e-01   2.1780017e+02   3.3345300e+01
   4.9710185e-01   2.2319972e+02   3.6796700e+01
   4.9710185e-01   2.2859985e+02   4.0539700e+01
   4.9710185e-01   2.3399997e+02   4.4410200e+01
   4.9710185e-01   2.3940010e+02   4.8253000e+01
   4.9710185e-01   2.4480023e+02   5.1927100e+01
   4.9710185e-01   2.5019978e+02   5.5309800e+01
   4.9710185e-01   2.5559991e+02   5.8300100e+01
   4.9710185e-01   2.6100004e+02   6.0820400e+01
   4.9710185e-01   2.6640016e+02   6.2818200e+01
   4.9710185e-01   2.7179972e+02   6.4266100e+01
   4.9710185e-01   2.7719985e+02   6.5162200e+01
   4.9710185e-01   2.8259997e+02   6.5528600e+01
   4.9960184e-01   1.2599972e+02   9.4902900e+01
   4.9960184e-01   1.3139985e+02   8.7752600e+01
   4.9960184e-01   1.3679998e+02   8.0270500e+01
   4.9960184e-01   1.4220010e+02   7.2644600e+01
   4.9960184e-01   1.4760023e+02   6.5072700e+01
   4.9960184e-01   1.5299978e+02   5.7755400e+01
   4.9960184e-01   1.5839991e+02   5.0887700e+01
   4.9960184e-01   1.6380004e+02   4.4651700e+01
   4.9960184e-01   1.6920017e+02   3.9207700e+01
   4.9960184e-01   1.7459972e+02   3.4687200e+01
   4.9960184e-01   1.7999985e+02   3.1185900e+01
   4.9960184e-01   1.8539998e+02   2.8760200e+01
   4.9960184e-01   1.9080010e+02   2.7424200e+01
   4.9960184e-01   1.9620023e+02   2.7150500e+01
   4.9960184e-01   2.0159978e+02   2.7872700e+01
   4.9960184e-01   2.0699991e+02   2.9490300e+01
   4.9960184e-01   2.1240004e+02   3.1875000e+01
   4.9960184e-01   2.1780017e+02   3.4878200e+01
   4.9960184e-01   2.2319972e+02   3.8338900e+01
   4.9960184e-01   2.2859985e+02   4.2091300e+01
   4.9960184e-01   2.3399997e+02   4.5972200e+01
   4.9960184e-01   2.3940010e+02   4.9826900e+01
   4.9960184e-01   2.4480023e+02   5.3515200e+01
   4.9960184e-01   2.5019978e+02   5.6914700e+01
   4.9960184e-01   2.5559991e+02   5.9924700e+01
   4.9960184e-01   2.6100004e+02   6.2467900e+01
   4.9960184e-01   2.6640016e+02   6.4491600e+01
   4.9960184e-01   2.7179972e+02   6.5968500e+01
   4.9960184e-01   2.7719985e+02   6.6896300e+01
   4.9960184e-01   2.8259997e+02   6.7296700e+01
   5.0210183e-01   1.2599972e+02   9.5850900e+01
   5.0210183e-01   1.3139985e+02   8.8720200e+01
   5.0210183e-01   1.3679998e+02   8.1263100e+01
   5.0210183e-01   1.4220010e+02   7.3666500e+01
   5.0210183e-01   1.4760023e+02   6.6127700e+01
   5.0210183e-01   1.5299978e+02   5.8845500e+01
   5.0210183e-01   1.5839991e+02   5.2014200e+01
   5.0210183e-01   1.6380004e+02   4.5814400e+01
   5.0210183e-01   1.6920017e+02   4.0405500e+01
   5.0210183e-01   1.7459972e+02   3.5917800e+01
   5.0210183e-01   1.7999985e+02   3.2446600e+01
   5.0210183e-01   1.8539998e+02   3.0047500e+01
   5.0210183e-01   1.9080010e+02   2.8734500e+01
   5.0210183e-01   1.9620023e+02   2.8480100e+01
   5.0210183e-01   2.0159978e+02   2.9218300e+01
   5.0210183e-01   2.0699991e+02   3.0849100e+01
   5.0210183e-01   2.1240004e+02   3.3244700e+01
   5.0210183e-01   2.1780017e+02   3.6257400e+01
   5.0210183e-01   2.2319972e+02   3.9726900e+01
   5.0210183e-01   2.2859985e+02   4.3488200e+01
   5.0210183e-01   2.3399997e+02   4.7378900e+01
   5.0210183e-01   2.3940010e+02   5.1245100e+01
   5.0210183e-01   2.4480023e+02   5.4947000e+01
   5.0210183e-01   2.5019978e+02   5.8362800e+01
   5.0210183e-01   2.5559991e+02   6.1392000e+01
   5.0210183e-01   2.6100004e+02   6.3957400e+01
   5.0210183e-01   2.6640016e+02   6.6006500e+01
   5.0210183e-01   2.7179972e+02   6.7511800e+01
   5.0210183e-01   2.7719985e+02   6.8470700e+01
   5.0210183e-01   2.8259997e+02   6.8904500e+01
   5.0460177e-01   1.2599972e+02   9.6636100e+01
   5.0460177e-01   1.3139985e+02   8.9525200e+01
   5.0460177e-01   1.3679998e+02   8.2092900e+01
   5.0460177e-01   1.4220010e+02   7.4526100e+01
   5.0460177e-01   1.4760023e+02   6.7020100e+01
   5.0460177e-01   1.5299978e+02   5.9773100e+01
   5.0460177e-01   1.5839991e+02   5.2978000e+01
   5.0460177e-01   1.6380004e+02   4.6814300e+01
   5.0460177e-01   1.6920017e+02   4.1440300e+01
   5.0460177e-01   1.7459972e+02   3.6985400e+01
   5.0460177e-01   1.7999985e+02   3.3544000e+01
   5.0460177e-01   1.8539998e+02   3.1171200e+01
   5.0460177e-01   1.9080010e+02   2.9880900e+01
   5.0460177e-01   1.9620023e+02   2.9645600e+01
   5.0460177e-01   2.0159978e+02   3.0399500e+01
   5.0460177e-01   2.0699991e+02   3.2043000e+01
   5.0460177e-01   2.1240004e+02   3.4449100e+01
   5.0460177e-01   2.1780017e+02   3.7470900e+01
   5.0460177e-01   2.2319972e+02   4.0948700e+01
   5.0460177e-01   2.2859985e+02   4.4718600e+01
   5.0460177e-01   2.3399997e+02   4.8618700e+01
   5.0460177e-01   2.3940010e+02   5.2495900e+01
   5.0460177e-01   2.4480023e+02   5.6211000e+01
   5.0460177e-01   2.5019978e+02   5.9642500e+01
   5.0460177e-01   2.5559991e+02   6.2690400e+01
   5.0460177e-01   2.6100004e+02   6.5277500e+01
   5.0460177e-01   2.6640016e+02   6.7351400e+01
   5.0460177e-01   2.7179972e+02   6.8884600e+01
   5.0460177e-01   2.7719985e+02   6.9874000e+01
   5.0460177e-01   2.8259997e+02   7.0340600e+01
   5.0710160e-01   1.2599972e+02   9.7249400e+01
   5.0710160e-01   1.3139985e+02   9.0158100e+01
   5.0710160e-01   1.3679998e+02   8.2751200e+01
   5.0710160e-01   1.4220010e+02   7.5214000e+01
   5.0710160e-01   1.4760023e+02   6.7740900e+01
   5.0710160e-01   1.5299978e+02   6.0529100e+01
   5.0710160e-01   1.5839991e+02   5.3770100e+01
   5.0710160e-01   1.6380004e+02   4.7642400e+01
   5.0710160e-01   1.6920017e+02   4.2303100e+01
   5.0710160e-01   1.7459972e+02   3.7880700e+01
   5.0710160e-01   1.7999985e+02   3.4468900e+01
   5.0710160e-01   1.8539998e+02   3.2122300e+01
   5.0710160e-01   1.9080010e+02   3.0854400e+01
   5.0710160e-01   1.9620023e+02   3.0637900e+01
   5.0710160e-01   2.0159978e+02   3.1407100e+01
   5.0710160e-01   2.0699991e+02   3.3063100e+01
   5.0710160e-01   2.1240004e+02   3.5479400e+01
   5.0710160e-01   2.1780017e+02   3.8509900e+01
   5.0710160e-01   2.2319972e+02   4.1995800e+01
   5.0710160e-01   2.2859985e+02   4.5773800e+01
   5.0710160e-01   2.3399997e+02   4.9682900e+01
   5.0710160e-01   2.3940010e+02   5.3570700e+01
   5.0710160e-01   2.4480023e+02   5.7298400e+01
   5.0710160e-01   2.5019978e+02   6.0745200e+01
   5.0710160e-01   2.5559991e+02   6.3811200e+01
   5.0710160e-01   2.6100004e+02   6.6419600e+01
   5.0710160e-01   2.6640016e+02   6.8517900e+01
   5.0710160e-01   2.7179972e+02   7.0078300e+01
   5.0710160e-01   2.7719985e+02   7.1097700e+01
   5.0710160e-01   2.8259997e+02   7.1596500e+01
   5.0960125e-01   1.2599972e+02   9.7684100e+01
   5.0960125e-01   1.3139985e+02   9.0613100e+01
   5.0960125e-01   1.3679998e+02   8.3231600e+01
   5.0960125e-01   1.4220010e+02   7.5724000e+01
   5.0960125e-01   1.4760023e+02   6.8283900e+01
   5.0960125e-01   1.5299978e+02   6.1107200e+01
   5.0960125e-01   1.5839991e+02   5.4384200e+01
   5.0960125e-01   1.6380004e+02   4.8292400e+01
   5.0960125e-01   1.6920017e+02   4.2987800e+01
   5.0960125e-01   1.7459972e+02   3.8597800e+01
   5.0960125e-01   1.7999985e+02   3.5215400e+01
   5.0960125e-01   1.8539998e+02   3.2894800e+01
   5.0960125e-01   1.9080010e+02   3.1649100e+01
   5.0960125e-01   1.9620023e+02   3.1451000e+01
   5.0960125e-01   2.0159978e+02   3.2235300e+01
   5.0960125e-01   2.0699991e+02   3.3903500e+01
   5.0960125e-01   2.1240004e+02   3.6329800e+01
   5.0960125e-01   2.1780017e+02   3.9368600e+01
   5.0960125e-01   2.2319972e+02   4.2862100e+01
   5.0960125e-01   2.2859985e+02   4.6647900e+01
   5.0960125e-01   2.3399997e+02   5.0565600e+01
   5.0960125e-01   2.3940010e+02   5.4463600e+01
   5.0960125e-01   2.4480023e+02   5.8203600e+01
   5.0960125e-01   2.5019978e+02   6.1665300e+01
   5.0960125e-01   2.5559991e+02   6.4749000e+01
   5.0960125e-01   2.6100004e+02   6.7378100e+01
   5.0960125e-01   2.6640016e+02   6.9500200e+01
   5.0960125e-01   2.7179972e+02   7.1087400e+01
   5.0960125e-01   2.7719985e+02   7.2136300e+01
   5.0960125e-01   2.8259997e+02   7.2666900e+01
   5.1210066e-01   1.2599972e+02   9.7937800e+01
   5.1210066e-01   1.3139985e+02   9.0887000e+01
   5.1210066e-01   1.3679998e+02   8.3530900e+01
   5.1210066e-01   1.4220010e+02   7.6053000e+01
   5.1210066e-01   1.4760023e+02   6.8646000e+01
   5.1210066e-01   1.5299978e+02   6.1504300e+01
   5.1210066e-01   1.5839991e+02   5.4817400e+01
   5.1210066e-01   1.6380004e+02   4.8761500e+01
   5.1210066e-01   1.6920017e+02   4.3491300e+01
   5.1210066e-01   1.7459972e+02   3.9133600e+01
   5.1210066e-01   1.7999985e+02   3.5780500e+01
   5.1210066e-01   1.8539998e+02   3.3485600e+01
   5.1210066e-01   1.9080010e+02   3.2261800e+01
   5.1210066e-01   1.9620023e+02   3.2082100e+01
   5.1210066e-01   2.0159978e+02   3.2881300e+01
   5.1210066e-01   2.0699991e+02   3.4561400e+01
   5.1210066e-01   2.1240004e+02   3.6997200e+01
   5.1210066e-01   2.1780017e+02   4.0044100e+01
   5.1210066e-01   2.2319972e+02   4.3545000e+01
   5.1210066e-01   2.2859985e+02   4.7338200e+01
   5.1210066e-01   2.3399997e+02   5.1264200e+01
   5.1210066e-01   2.3940010e+02   5.5172000e+01
   5.1210066e-01   2.4480023e+02   5.8923900e+01
   5.1210066e-01   2.5019978e+02   6.2400000e+01
   5.1210066e-01   2.5559991e+02   6.5501000e+01
   5.1210066e-01   2.6100004e+02   6.8150500e+01
   5.1210066e-01   2.6640016e+02   7.0296000e+01
   5.1210066e-01   2.7179972e+02   7.1909500e+01
   5.1210066e-01   2.7719985e+02   7.2987400e+01
   5.1210066e-01   2.8259997e+02   7.3549300e+01
   5.1459976e-01   1.2599972e+02   9.8010100e+01
   5.1459976e-01   1.3139985e+02   9.0979700e+01
   5.1459976e-01   1.3679998e+02   8.3649100e+01
   5.1459976e-01   1.4220010e+02   7.6201000e+01
   5.1459976e-01   1.4760023e+02   6.8827000e+01
   5.1459976e-01   1.5299978e+02   6.1720400e+01
   5.1459976e-01   1.5839991e+02   5.5069600e+01
   5.1459976e-01   1.6380004e+02   4.9049400e+01
   5.1459976e-01   1.6920017e+02   4.3813700e+01
   5.1459976e-01   1.7459972e+02   3.9488100e+01
   5.1459976e-01   1.7999985e+02   3.6164100e+01
   5.1459976e-01   1.8539998e+02   3.3894700e+01
   5.1459976e-01   1.9080010e+02   3.2692900e+01
   5.1459976e-01   1.9620023e+02   3.2531300e+01
   5.1459976e-01   2.0159978e+02   3.3345100e+01
   5.1459976e-01   2.0699991e+02   3.5036900e+01
   5.1459976e-01   2.1240004e+02   3.7482100e+01
   5.1459976e-01   2.1780017e+02   4.0536800e+01
   5.1459976e-01   2.2319972e+02   4.4044800e+01
   5.1459976e-01   2.2859985e+02   4.7845100e+01
   5.1459976e-01   2.3399997e+02   5.1779100e+01
   5.1459976e-01   2.3940010e+02   5.5696300e+01
   5.1459976e-01   2.4480023e+02   5.9459700e+01
   5.1459976e-01   2.5019978e+02   6.2949900e+01
   5.1459976e-01   2.5559991e+02   6.6067900e+01
   5.1459976e-01   2.6100004e+02   6.8737300e+01
   5.1459976e-01   2.6640016e+02   7.0905800e+01
   5.1459976e-01   2.7179972e+02   7.2545200e+01
   5.1459976e-01   2.7719985e+02   7.3651600e+01
   5.1459976e-01   2.8259997e+02   7.4244300e+01
