#sin^2(theta23) Delta_CP/deg Delta_chi^2
   5.3457422e-01   1.7999985e+02   5.4135300e+01
   5.3457422e-01   1.8599986e+02   4.8011500e+01
   5.3457422e-01   1.9199988e+02   4.2778300e+01
   5.3457422e-01   1.9799989e+02   3.8408700e+01
   5.3457422e-01   2.0399990e+02   3.4846700e+01
   5.3457422e-01   2.0999992e+02   3.2014600e+01
   5.3457422e-01   2.1599993e+02   2.9819400e+01
   5.3457422e-01   2.2199995e+02   2.8159900e+01
   5.3457422e-01   2.2799996e+02   2.6933600e+01
   5.3457422e-01   2.3399997e+02   2.6041700e+01
   5.3457422e-01   2.3999999e+02   2.5394900e+01
   5.3457422e-01   2.4600000e+02   2.4917400e+01
   5.3457422e-01   2.5200002e+02   2.4549300e+01
   5.3457422e-01   2.5800003e+02   2.4249900e+01
   5.3457422e-01   2.6400004e+02   2.3998100e+01
   5.3457422e-01   2.7000006e+02   2.3793500e+01
   5.3457422e-01   2.7600007e+02   2.3656100e+01
   5.3457422e-01   2.8200009e+02   2.3624900e+01
   5.3457422e-01   2.8800010e+02   2.3756900e+01
   5.3457422e-01   2.9400011e+02   2.4124100e+01
   5.3457422e-01   3.0000013e+02   2.4811200e+01
   5.3457422e-01   3.0600014e+02   2.5911400e+01
   5.3457422e-01   3.1200016e+02   2.7522600e+01
   5.3457422e-01   3.1800017e+02   2.9742000e+01
   5.3457422e-01   3.2400018e+02   3.2661700e+01
   5.3457422e-01   3.3000020e+02   3.6362100e+01
   5.3457422e-01   3.3600021e+02   4.0907100e+01
   5.3457422e-01   3.4200023e+02   4.6337700e+01
   5.3457422e-01   3.4800024e+02   5.2666900e+01
   5.3457422e-01   3.5400025e+02   5.9875500e+01
   5.3457422e-01   3.6000027e+02   6.7908700e+01
   5.3631982e-01   1.7999985e+02   5.2789900e+01
   5.3631982e-01   1.8599986e+02   4.6688200e+01
   5.3631982e-01   1.9199988e+02   4.1472400e+01
   5.3631982e-01   1.9799989e+02   3.7115600e+01
   5.3631982e-01   2.0399990e+02   3.3562300e+01
   5.3631982e-01   2.0999992e+02   3.0735200e+01
   5.3631982e-01   2.1599993e+02   2.8542100e+01
   5.3631982e-01   2.2199995e+02   2.6882400e+01
   5.3631982e-01   2.2799996e+02   2.5654000e+01
   5.3631982e-01   2.3399997e+02   2.4758900e+01
   5.3631982e-01   2.3999999e+02   2.4108300e+01
   5.3631982e-01   2.4600000e+02   2.3626800e+01
   5.3631982e-01   2.5200002e+02   2.3254900e+01
   5.3631982e-01   2.5800003e+02   2.2952100e+01
   5.3631982e-01   2.6400004e+02   2.2697600e+01
   5.3631982e-01   2.7000006e+02   2.2490900e+01
   5.3631982e-01   2.7600007e+02   2.2352000e+01
   5.3631982e-01   2.8200009e+02   2.2319700e+01
   5.3631982e-01   2.8800010e+02   2.2450700e+01
   5.3631982e-01   2.9400011e+02   2.2816900e+01
   5.3631982e-01   3.0000013e+02   2.3502400e+01
   5.3631982e-01   3.0600014e+02   2.4599900e+01
   5.3631982e-01   3.1200016e+02   2.6206800e+01
   5.3631982e-01   3.1800017e+02   2.8419900e+01
   5.3631982e-01   3.2400018e+02   3.1330600e+01
   5.3631982e-01   3.3000020e+02   3.5019100e+01
   5.3631982e-01   3.3600021e+02   3.9548500e+01
   5.3631982e-01   3.4200023e+02   4.4959600e+01
   5.3631982e-01   3.4800024e+02   5.1265400e+01
   5.3631982e-01   3.5400025e+02   5.8446500e+01
   5.3631982e-01   3.6000027e+02   6.6448300e+01
   5.3806497e-01   1.7999985e+02   5.1416700e+01
   5.3806497e-01   1.8599986e+02   4.5337200e+01
   5.3806497e-01   1.9199988e+02   4.0138600e+01
   5.3806497e-01   1.9799989e+02   3.5794400e+01
   5.3806497e-01   2.0399990e+02   3.2249700e+01
   5.3806497e-01   2.0999992e+02   2.9427700e+01
   5.3806497e-01   2.1599993e+02   2.7236500e+01
   5.3806497e-01   2.2199995e+02   2.5576400e+01
   5.3806497e-01   2.2799996e+02   2.4345900e+01
   5.3806497e-01   2.3399997e+02   2.3447600e+01
   5.3806497e-01   2.3999999e+02   2.2793100e+01
   5.3806497e-01   2.4600000e+02   2.2307500e+01
   5.3806497e-01   2.5200002e+02   2.1931800e+01
   5.3806497e-01   2.5800003e+02   2.1625500e+01
   5.3806497e-01   2.6400004e+02   2.1368100e+01
   5.3806497e-01   2.7000006e+02   2.1159300e+01
   5.3806497e-01   2.7600007e+02   2.1018700e+01
   5.3806497e-01   2.8200009e+02   2.0985300e+01
   5.3806497e-01   2.8800010e+02   2.1115400e+01
   5.3806497e-01   2.9400011e+02   2.1480400e+01
   5.3806497e-01   3.0000013e+02   2.2164200e+01
   5.3806497e-01   3.0600014e+02   2.3259000e+01
   5.3806497e-01   3.1200016e+02   2.4861600e+01
   5.3806497e-01   3.1800017e+02   2.7068400e+01
   5.3806497e-01   3.2400018e+02   2.9970100e+01
   5.3806497e-01   3.3000020e+02   3.3646500e+01
   5.3806497e-01   3.3600021e+02   3.8160400e+01
   5.3806497e-01   3.4200023e+02   4.3552200e+01
   5.3806497e-01   3.4800024e+02   4.9834600e+01
   5.3806497e-01   3.5400025e+02   5.6988300e+01
   5.3806497e-01   3.6000027e+02   6.4958800e+01
   5.3980966e-01   1.7999985e+02   5.0022400e+01
   5.3980966e-01   1.8599986e+02   4.3964800e+01
   5.3980966e-01   1.9199988e+02   3.8783400e+01
   5.3980966e-01   1.9799989e+02   3.4451900e+01
   5.3980966e-01   2.0399990e+02   3.0915600e+01
   5.3980966e-01   2.0999992e+02   2.8098500e+01
   5.3980966e-01   2.1599993e+02   2.5909300e+01
   5.3980966e-01   2.2199995e+02   2.4248700e+01
   5.3980966e-01   2.2799996e+02   2.3016000e+01
   5.3980966e-01   2.3399997e+02   2.2114300e+01
   5.3980966e-01   2.3999999e+02   2.1455900e+01
   5.3980966e-01   2.4600000e+02   2.0966200e+01
   5.3980966e-01   2.5200002e+02   2.0586500e+01
   5.3980966e-01   2.5800003e+02   2.0276700e+01
   5.3980966e-01   2.6400004e+02   2.0016400e+01
   5.3980966e-01   2.7000006e+02   1.9805300e+01
   5.3980966e-01   2.7600007e+02   1.9663000e+01
   5.3980966e-01   2.8200009e+02   1.9628400e+01
   5.3980966e-01   2.8800010e+02   1.9757400e+01
   5.3980966e-01   2.9400011e+02   2.0121200e+01
   5.3980966e-01   3.0000013e+02   2.0803300e+01
   5.3980966e-01   3.0600014e+02   2.1895300e+01
   5.3980966e-01   3.1200016e+02   2.3493600e+01
   5.3980966e-01   3.1800017e+02   2.5694000e+01
   5.3980966e-01   3.2400018e+02   2.8586800e+01
   5.3980966e-01   3.3000020e+02   3.2251200e+01
   5.3980966e-01   3.3600021e+02   3.6749500e+01
   5.3980966e-01   3.4200023e+02   4.2122000e+01
   5.3980966e-01   3.4800024e+02   4.8381000e+01
   5.3980966e-01   3.5400025e+02   5.5507400e+01
   5.3980966e-01   3.6000027e+02   6.3446700e+01
   5.4155385e-01   1.7999985e+02   4.8613900e+01
   5.4155385e-01   1.8599986e+02   4.2578100e+01
   5.4155385e-01   1.9199988e+02   3.7413800e+01
   5.4155385e-01   1.9799989e+02   3.3094800e+01
   5.4155385e-01   2.0399990e+02   2.9567000e+01
   5.4155385e-01   2.0999992e+02   2.6754700e+01
   5.4155385e-01   2.1599993e+02   2.4567300e+01
   5.4155385e-01   2.2199995e+02   2.2906200e+01
   5.4155385e-01   2.2799996e+02   2.1671300e+01
   5.4155385e-01   2.3399997e+02   2.0766200e+01
   5.4155385e-01   2.3999999e+02   2.0103700e+01
   5.4155385e-01   2.4600000e+02   1.9609700e+01
   5.4155385e-01   2.5200002e+02   1.9226000e+01
   5.4155385e-01   2.5800003e+02   1.8912600e+01
   5.4155385e-01   2.6400004e+02   1.8649300e+01
   5.4155385e-01   2.7000006e+02   1.8435800e+01
   5.4155385e-01   2.7600007e+02   1.8291800e+01
   5.4155385e-01   2.8200009e+02   1.8255900e+01
   5.4155385e-01   2.8800010e+02   1.8383800e+01
   5.4155385e-01   2.9400011e+02   1.8746400e+01
   5.4155385e-01   3.0000013e+02   1.9426600e+01
   5.4155385e-01   3.0600014e+02   2.0515800e+01
   5.4155385e-01   3.1200016e+02   2.2109700e+01
   5.4155385e-01   3.1800017e+02   2.4303700e+01
   5.4155385e-01   3.2400018e+02   2.7187500e+01
   5.4155385e-01   3.3000020e+02   3.0839900e+01
   5.4155385e-01   3.3600021e+02   3.5322700e+01
   5.4155385e-01   3.4200023e+02   4.0675900e+01
   5.4155385e-01   3.4800024e+02   4.6911700e+01
   5.4155385e-01   3.5400025e+02   5.4010800e+01
   5.4155385e-01   3.6000027e+02   6.1919000e+01
   5.4329754e-01   1.7999985e+02   4.7198200e+01
   5.4329754e-01   1.8599986e+02   4.1184300e+01
   5.4329754e-01   1.9199988e+02   3.6036900e+01
   5.4329754e-01   1.9799989e+02   3.1730300e+01
   5.4329754e-01   2.0399990e+02   2.8210900e+01
   5.4329754e-01   2.0999992e+02   2.5403300e+01
   5.4329754e-01   2.1599993e+02   2.3217700e+01
   5.4329754e-01   2.2199995e+02   2.1556100e+01
   5.4329754e-01   2.2799996e+02   2.0318800e+01
   5.4329754e-01   2.3399997e+02   1.9410200e+01
   5.4329754e-01   2.3999999e+02   1.8743700e+01
   5.4329754e-01   2.4600000e+02   1.8245400e+01
   5.4329754e-01   2.5200002e+02   1.7857500e+01
   5.4329754e-01   2.5800003e+02   1.7540500e+01
   5.4329754e-01   2.6400004e+02   1.7274100e+01
   5.4329754e-01   2.7000006e+02   1.7058200e+01
   5.4329754e-01   2.7600007e+02   1.6912400e+01
   5.4329754e-01   2.8200009e+02   1.6875000e+01
   5.4329754e-01   2.8800010e+02   1.7001700e+01
   5.4329754e-01   2.9400011e+02   1.7363000e+01
   5.4329754e-01   3.0000013e+02   1.8041400e+01
   5.4329754e-01   3.0600014e+02   1.9127700e+01
   5.4329754e-01   3.1200016e+02   2.0717200e+01
   5.4329754e-01   3.1800017e+02   2.2904800e+01
   5.4329754e-01   3.2400018e+02   2.5779600e+01
   5.4329754e-01   3.3000020e+02   2.9419900e+01
   5.4329754e-01   3.3600021e+02   3.3887200e+01
   5.4329754e-01   3.4200023e+02   3.9221100e+01
   5.4329754e-01   3.4800024e+02   4.5433700e+01
   5.4329754e-01   3.5400025e+02   5.2505600e+01
   5.4329754e-01   3.6000027e+02   6.0382800e+01
   5.4504070e-01   1.7999985e+02   4.5782900e+01
   5.4504070e-01   1.8599986e+02   3.9790600e+01
   5.4504070e-01   1.9199988e+02   3.4660100e+01
   5.4504070e-01   1.9799989e+02   3.0366000e+01
   5.4504070e-01   2.0399990e+02   2.6854800e+01
   5.4504070e-01   2.0999992e+02   2.4052000e+01
   5.4504070e-01   2.1599993e+02   2.1868100e+01
   5.4504070e-01   2.2199995e+02   2.0205800e+01
   5.4504070e-01   2.2799996e+02   1.8966200e+01
   5.4504070e-01   2.3399997e+02   1.8054000e+01
   5.4504070e-01   2.3999999e+02   1.7383300e+01
   5.4504070e-01   2.4600000e+02   1.6880700e+01
   5.4504070e-01   2.5200002e+02   1.6488700e+01
   5.4504070e-01   2.5800003e+02   1.6167900e+01
   5.4504070e-01   2.6400004e+02   1.5898400e+01
   5.4504070e-01   2.7000006e+02   1.5680000e+01
   5.4504070e-01   2.7600007e+02   1.5532200e+01
   5.4504070e-01   2.8200009e+02   1.5493400e+01
   5.4504070e-01   2.8800010e+02   1.5618800e+01
   5.4504070e-01   2.9400011e+02   1.5978700e+01
   5.4504070e-01   3.0000013e+02   1.6655100e+01
   5.4504070e-01   3.0600014e+02   1.7738500e+01
   5.4504070e-01   3.1200016e+02   1.9323600e+01
   5.4504070e-01   3.1800017e+02   2.1504700e+01
   5.4504070e-01   3.2400018e+02   2.4370400e+01
   5.4504070e-01   3.3000020e+02   2.7998700e+01
   5.4504070e-01   3.3600021e+02   3.2450600e+01
   5.4504070e-01   3.4200023e+02   3.7765200e+01
   5.4504070e-01   3.4800024e+02   4.3954500e+01
   5.4504070e-01   3.5400025e+02   5.0999300e+01
   5.4504070e-01   3.6000027e+02   5.8845500e+01
   5.4678330e-01   1.7999985e+02   4.4375400e+01
   5.4678330e-01   1.8599986e+02   3.8404800e+01
   5.4678330e-01   1.9199988e+02   3.3291200e+01
   5.4678330e-01   1.9799989e+02   2.9009400e+01
   5.4678330e-01   2.0399990e+02   2.5506500e+01
   5.4678330e-01   2.0999992e+02   2.2708300e+01
   5.4678330e-01   2.1599993e+02   2.0526100e+01
   5.4678330e-01   2.2199995e+02   1.8863100e+01
   5.4678330e-01   2.2799996e+02   1.7621000e+01
   5.4678330e-01   2.3399997e+02   1.6705300e+01
   5.4678330e-01   2.3999999e+02   1.6030400e+01
   5.4678330e-01   2.4600000e+02   1.5523300e+01
   5.4678330e-01   2.5200002e+02   1.5127000e+01
   5.4678330e-01   2.5800003e+02   1.4802500e+01
   5.4678330e-01   2.6400004e+02   1.4529700e+01
   5.4678330e-01   2.7000006e+02   1.4308700e+01
   5.4678330e-01   2.7600007e+02   1.4159000e+01
   5.4678330e-01   2.8200009e+02   1.4118700e+01
   5.4678330e-01   2.8800010e+02   1.4242800e+01
   5.4678330e-01   2.9400011e+02   1.4601200e+01
   5.4678330e-01   3.0000013e+02   1.5275600e+01
   5.4678330e-01   3.0600014e+02   1.6356000e+01
   5.4678330e-01   3.1200016e+02   1.7936600e+01
   5.4678330e-01   3.1800017e+02   2.0111100e+01
   5.4678330e-01   3.2400018e+02   2.2967800e+01
   5.4678330e-01   3.3000020e+02   2.6584000e+01
   5.4678330e-01   3.3600021e+02   3.1020400e+01
   5.4678330e-01   3.4200023e+02   3.6315700e+01
   5.4678330e-01   3.4800024e+02   4.2482000e+01
   5.4678330e-01   3.5400025e+02   4.9499600e+01
   5.4678330e-01   3.6000027e+02   5.7314900e+01
   5.4852534e-01   1.7999985e+02   4.2983900e+01
   5.4852534e-01   1.8599986e+02   3.7034800e+01
   5.4852534e-01   1.9199988e+02   3.1938000e+01
   5.4852534e-01   1.9799989e+02   2.7668500e+01
   5.4852534e-01   2.0399990e+02   2.4173800e+01
   5.4852534e-01   2.0999992e+02   2.1380200e+01
   5.4852534e-01   2.1599993e+02   1.9199600e+01
   5.4852534e-01   2.2199995e+02   1.7535900e+01
   5.4852534e-01   2.2799996e+02   1.6291300e+01
   5.4852534e-01   2.3399997e+02   1.5372000e+01
   5.4852534e-01   2.3999999e+02   1.4692800e+01
   5.4852534e-01   2.4600000e+02   1.4181200e+01
   5.4852534e-01   2.5200002e+02   1.3780700e+01
   5.4852534e-01   2.5800003e+02   1.3452200e+01
   5.4852534e-01   2.6400004e+02   1.3176200e+01
   5.4852534e-01   2.7000006e+02   1.2952600e+01
   5.4852534e-01   2.7600007e+02   1.2800800e+01
   5.4852534e-01   2.8200009e+02   1.2758800e+01
   5.4852534e-01   2.8800010e+02   1.2881500e+01
   5.4852534e-01   2.9400011e+02   1.3238400e+01
   5.4852534e-01   3.0000013e+02   1.3910700e+01
   5.4852534e-01   3.0600014e+02   1.4988100e+01
   5.4852534e-01   3.1200016e+02   1.6564100e+01
   5.4852534e-01   3.1800017e+02   1.8732100e+01
   5.4852534e-01   3.2400018e+02   2.1579700e+01
   5.4852534e-01   3.3000020e+02   2.5183800e+01
   5.4852534e-01   3.3600021e+02   2.9604600e+01
   5.4852534e-01   3.4200023e+02   3.4880800e+01
   5.4852534e-01   3.4800024e+02   4.1023800e+01
   5.4852534e-01   3.5400025e+02   4.8014400e+01
   5.4852534e-01   3.6000027e+02   5.5798900e+01
   5.5026677e-01   1.7999985e+02   4.1616200e+01
   5.5026677e-01   1.8599986e+02   3.5688700e+01
   5.5026677e-01   1.9199988e+02   3.0608700e+01
   5.5026677e-01   1.9799989e+02   2.6351400e+01
   5.5026677e-01   2.0399990e+02   2.2864800e+01
   5.5026677e-01   2.0999992e+02   2.0075800e+01
   5.5026677e-01   2.1599993e+02   1.7896800e+01
   5.5026677e-01   2.2199995e+02   1.6232400e+01
   5.5026677e-01   2.2799996e+02   1.4985300e+01
   5.5026677e-01   2.3399997e+02   1.4062200e+01
   5.5026677e-01   2.3999999e+02   1.3378700e+01
   5.5026677e-01   2.4600000e+02   1.2862600e+01
   5.5026677e-01   2.5200002e+02   1.2457700e+01
   5.5026677e-01   2.5800003e+02   1.2125300e+01
   5.5026677e-01   2.6400004e+02   1.1845900e+01
   5.5026677e-01   2.7000006e+02   1.1619600e+01
   5.5026677e-01   2.7600007e+02   1.1465700e+01
   5.5026677e-01   2.8200009e+02   1.1422100e+01
   5.5026677e-01   2.8800010e+02   1.1543300e+01
   5.5026677e-01   2.9400011e+02   1.1898600e+01
   5.5026677e-01   3.0000013e+02   1.2568800e+01
   5.5026677e-01   3.0600014e+02   1.3643000e+01
   5.5026677e-01   3.1200016e+02   1.5214400e+01
   5.5026677e-01   3.1800017e+02   1.7375800e+01
   5.5026677e-01   3.2400018e+02   2.0214300e+01
   5.5026677e-01   3.3000020e+02   2.3806200e+01
   5.5026677e-01   3.3600021e+02   2.8211500e+01
   5.5026677e-01   3.4200023e+02   3.3468400e+01
   5.5026677e-01   3.4800024e+02   3.9588300e+01
   5.5026677e-01   3.5400025e+02   4.6551900e+01
   5.5026677e-01   3.6000027e+02   5.4305600e+01
   5.5200760e-01   1.7999985e+02   4.0280800e+01
   5.5200760e-01   1.8599986e+02   3.4374800e+01
   5.5200760e-01   1.9199988e+02   2.9311500e+01
   5.5200760e-01   1.9799989e+02   2.5066400e+01
   5.5200760e-01   2.0399990e+02   2.1587900e+01
   5.5200760e-01   2.0999992e+02   1.8803500e+01
   5.5200760e-01   2.1599993e+02   1.6626100e+01
   5.5200760e-01   2.2199995e+02   1.4960800e+01
   5.5200760e-01   2.2799996e+02   1.3711100e+01
   5.5200760e-01   2.3399997e+02   1.2784400e+01
   5.5200760e-01   2.3999999e+02   1.2096400e+01
   5.5200760e-01   2.4600000e+02   1.1575800e+01
   5.5200760e-01   2.5200002e+02   1.1166400e+01
   5.5200760e-01   2.5800003e+02   1.0830100e+01
   5.5200760e-01   2.6400004e+02   1.0547300e+01
   5.5200760e-01   2.7000006e+02   1.0318200e+01
   5.5200760e-01   2.7600007e+02   1.0162100e+01
   5.5200760e-01   2.8200009e+02   1.0116700e+01
   5.5200760e-01   2.8800010e+02   1.0236400e+01
   5.5200760e-01   2.9400011e+02   1.0590000e+01
   5.5200760e-01   3.0000013e+02   1.1258000e+01
   5.5200760e-01   3.0600014e+02   1.2329000e+01
   5.5200760e-01   3.1200016e+02   1.3895800e+01
   5.5200760e-01   3.1800017e+02   1.6050500e+01
   5.5200760e-01   3.2400018e+02   1.8879800e+01
   5.5200760e-01   3.3000020e+02   2.2459600e+01
   5.5200760e-01   3.3600021e+02   2.6849300e+01
   5.5200760e-01   3.4200023e+02   3.2087000e+01
   5.5200760e-01   3.4800024e+02   3.8183800e+01
   5.5200760e-01   3.5400025e+02   4.5120300e+01
   5.5200760e-01   3.6000027e+02   5.2843200e+01
   5.5374778e-01   1.7999985e+02   3.8985900e+01
   5.5374778e-01   1.8599986e+02   3.3101400e+01
   5.5374778e-01   1.9199988e+02   2.8054800e+01
   5.5374778e-01   1.9799989e+02   2.3821900e+01
   5.5374778e-01   2.0399990e+02   2.0351600e+01
   5.5374778e-01   2.0999992e+02   1.7571600e+01
   5.5374778e-01   2.1599993e+02   1.5395700e+01
   5.5374778e-01   2.2199995e+02   1.3729600e+01
   5.5374778e-01   2.2799996e+02   1.2477400e+01
   5.5374778e-01   2.3399997e+02   1.1546800e+01
   5.5374778e-01   2.3999999e+02   1.0854500e+01
   5.5374778e-01   2.4600000e+02   1.0329200e+01
   5.5374778e-01   2.5200002e+02   9.9154300e+00
   5.5374778e-01   2.5800003e+02   9.5750100e+00
   5.5374778e-01   2.6400004e+02   9.2887500e+00
   5.5374778e-01   2.7000006e+02   9.0568200e+00
   5.5374778e-01   2.7600007e+02   8.8985000e+00
   5.5374778e-01   2.8200009e+02   8.8513000e+00
   5.5374778e-01   2.8800010e+02   8.9693600e+00
   5.5374778e-01   2.9400011e+02   9.3212100e+00
   5.5374778e-01   3.0000013e+02   9.9869400e+00
   5.5374778e-01   3.0600014e+02   1.1054700e+01
   5.5374778e-01   3.1200016e+02   1.2616800e+01
   5.5374778e-01   3.1800017e+02   1.4764700e+01
   5.5374778e-01   3.2400018e+02   1.7584800e+01
   5.5374778e-01   3.3000020e+02   2.1152400e+01
   5.5374778e-01   3.3600021e+02   2.5526600e+01
   5.5374778e-01   3.4200023e+02   3.0744900e+01
   5.5374778e-01   3.4800024e+02   3.6818600e+01
   5.5374778e-01   3.5400025e+02   4.3728100e+01
   5.5374778e-01   3.6000027e+02   5.1420300e+01
   5.5548731e-01   1.7999985e+02   3.7740300e+01
   5.5548731e-01   1.8599986e+02   3.1877200e+01
   5.5548731e-01   1.9199988e+02   2.6847300e+01
   5.5548731e-01   1.9799989e+02   2.2626600e+01
   5.5548731e-01   2.0399990e+02   1.9164300e+01
   5.5548731e-01   2.0999992e+02   1.6388800e+01
   5.5548731e-01   2.1599993e+02   1.4214500e+01
   5.5548731e-01   2.2199995e+02   1.2547500e+01
   5.5548731e-01   2.2799996e+02   1.1292600e+01
   5.5548731e-01   2.3399997e+02   1.0358300e+01
   5.5548731e-01   2.3999999e+02   9.6615200e+00
   5.5548731e-01   2.4600000e+02   9.1316100e+00
   5.5548731e-01   2.5200002e+02   8.7133000e+00
   5.5548731e-01   2.5800003e+02   8.3687800e+00
   5.5548731e-01   2.6400004e+02   8.0790000e+00
   5.5548731e-01   2.7000006e+02   7.8441700e+00
   5.5548731e-01   2.7600007e+02   7.6835400e+00
   5.5548731e-01   2.8200009e+02   7.6344600e+00
   5.5548731e-01   2.8800010e+02   7.7508300e+00
   5.5548731e-01   2.9400011e+02   8.1008700e+00
   5.5548731e-01   3.0000013e+02   8.7642700e+00
   5.5548731e-01   3.0600014e+02   9.8287300e+00
   5.5548731e-01   3.1200016e+02   1.1386000e+01
   5.5548731e-01   3.1800017e+02   1.3527200e+01
   5.5548731e-01   3.2400018e+02   1.6338000e+01
   5.5548731e-01   3.3000020e+02   1.9893300e+01
   5.5548731e-01   3.3600021e+02   2.4251900e+01
   5.5548731e-01   3.4200023e+02   2.9450900e+01
   5.5548731e-01   3.4800024e+02   3.5501500e+01
   5.5548731e-01   3.5400025e+02   4.2383900e+01
   5.5548731e-01   3.6000027e+02   5.0045400e+01
   5.5722616e-01   1.7999985e+02   3.6552500e+01
   5.5722616e-01   1.8599986e+02   3.0710800e+01
   5.5722616e-01   1.9199988e+02   2.5697600e+01
   5.5722616e-01   1.9799989e+02   2.1489000e+01
   5.5722616e-01   2.0399990e+02   1.8034800e+01
   5.5722616e-01   2.0999992e+02   1.5263900e+01
   5.5722616e-01   2.1599993e+02   1.3091000e+01
   5.5722616e-01   2.2199995e+02   1.1423100e+01
   5.5722616e-01   2.2799996e+02   1.0165600e+01
   5.5722616e-01   2.3399997e+02   9.2275000e+00
   5.5722616e-01   2.3999999e+02   8.5262400e+00
   5.5722616e-01   2.4600000e+02   7.9916300e+00
   5.5722616e-01   2.5200002e+02   7.5687800e+00
   5.5722616e-01   2.5800003e+02   7.2201200e+00
   5.5722616e-01   2.6400004e+02   6.9267600e+00
   5.5722616e-01   2.7000006e+02   6.6889800e+00
   5.5722616e-01   2.7600007e+02   6.5259700e+00
   5.5722616e-01   2.8200009e+02   6.4749500e+00
   5.5722616e-01   2.8800010e+02   6.5895700e+00
   5.5722616e-01   2.9400011e+02   6.9377300e+00
   5.5722616e-01   3.0000013e+02   7.5987200e+00
   5.5722616e-01   3.0600014e+02   8.6598000e+00
   5.5722616e-01   3.1200016e+02   1.0212200e+01
   5.5722616e-01   3.1800017e+02   1.2346500e+01
   5.5722616e-01   3.2400018e+02   1.5148000e+01
   5.5722616e-01   3.3000020e+02   1.8691000e+01
   5.5722616e-01   3.3600021e+02   2.3033900e+01
   5.5722616e-01   3.4200023e+02   2.8213700e+01
   5.5722616e-01   3.4800024e+02   3.4241100e+01
   5.5722616e-01   3.5400025e+02   4.1096500e+01
   5.5722616e-01   3.6000027e+02   4.8727300e+01
   5.5896430e-01   1.7999985e+02   3.5431300e+01
   5.5896430e-01   1.8599986e+02   2.9611000e+01
   5.5896430e-01   1.9199988e+02   2.4614400e+01
   5.5896430e-01   1.9799989e+02   2.0418100e+01
   5.5896430e-01   2.0399990e+02   1.6971900e+01
   5.5896430e-01   2.0999992e+02   1.4205400e+01
   5.5896430e-01   2.1599993e+02   1.2034100e+01
   5.5896430e-01   2.2199995e+02   1.0365400e+01
   5.5896430e-01   2.2799996e+02   9.1052100e+00
   5.5896430e-01   2.3399997e+02   8.1632400e+00
   5.5896430e-01   2.3999999e+02   7.4574800e+00
   5.5896430e-01   2.4600000e+02   6.9181500e+00
   5.5896430e-01   2.5200002e+02   6.4907100e+00
   5.5896430e-01   2.5800003e+02   6.1378700e+00
   5.5896430e-01   2.6400004e+02   5.8408900e+00
   5.5896430e-01   2.7000006e+02   5.6001000e+00
   5.5896430e-01   2.7600007e+02   5.4346600e+00
   5.5896430e-01   2.8200009e+02   5.3816300e+00
   5.5896430e-01   2.8800010e+02   5.4944300e+00
   5.5896430e-01   2.9400011e+02   5.8406400e+00
   5.5896430e-01   3.0000013e+02   6.4991600e+00
   5.5896430e-01   3.0600014e+02   7.5567800e+00
   5.5896430e-01   3.1200016e+02   9.1042400e+00
   5.5896430e-01   3.1800017e+02   1.1231700e+01
   5.5896430e-01   3.2400018e+02   1.4023800e+01
   5.5896430e-01   3.3000020e+02   1.7554400e+01
   5.5896430e-01   3.3600021e+02   2.1881700e+01
   5.5896430e-01   3.4200023e+02   2.7042100e+01
   5.5896430e-01   3.4800024e+02   3.3046200e+01
   5.5896430e-01   3.5400025e+02   3.9874700e+01
   5.5896430e-01   3.6000027e+02   4.7474700e+01
   5.6070173e-01   1.7999985e+02   3.4385500e+01
   5.6070173e-01   1.8599986e+02   2.8586700e+01
   5.6070173e-01   1.9199988e+02   2.3606800e+01
   5.6070173e-01   1.9799989e+02   1.9422600e+01
   5.6070173e-01   2.0399990e+02   1.5984500e+01
   5.6070173e-01   2.0999992e+02   1.3222500e+01
   5.6070173e-01   2.1599993e+02   1.1052600e+01
   5.6070173e-01   2.2199995e+02   9.3830400e+00
   5.6070173e-01   2.2799996e+02   8.1202400e+00
   5.6070173e-01   2.3399997e+02   7.1744300e+00
   5.6070173e-01   2.3999999e+02   6.4641400e+00
   5.6070173e-01   2.4600000e+02   5.9200700e+00
   5.6070173e-01   2.5200002e+02   5.4880200e+00
   5.6070173e-01   2.5800003e+02   5.1309500e+00
   5.6070173e-01   2.6400004e+02   4.8303000e+00
   5.6070173e-01   2.7000006e+02   4.5864600e+00
   5.6070173e-01   2.7600007e+02   4.4185200e+00
   5.6070173e-01   2.8200009e+02   4.3634200e+00
   5.6070173e-01   2.8800010e+02   4.4743400e+00
   5.6070173e-01   2.9400011e+02   4.8185400e+00
   5.6070173e-01   3.0000013e+02   5.4745100e+00
   5.6070173e-01   3.0600014e+02   6.5286100e+00
   5.6070173e-01   3.1200016e+02   8.0710700e+00
   5.6070173e-01   3.1800017e+02   1.0191500e+01
   5.6070173e-01   3.2400018e+02   1.2974200e+01
   5.6070173e-01   3.3000020e+02   1.6492400e+01
   5.6070173e-01   3.3600021e+02   2.0803900e+01
   5.6070173e-01   3.4200023e+02   2.5944900e+01
   5.6070173e-01   3.4800024e+02   3.1925900e+01
   5.6070173e-01   3.5400025e+02   3.8727300e+01
   5.6070173e-01   3.6000027e+02   4.6296700e+01
   5.6243841e-01   1.7999985e+02   3.3424200e+01
   5.6243841e-01   1.8599986e+02   2.7646800e+01
   5.6243841e-01   1.9199988e+02   2.2683500e+01
   5.6243841e-01   1.9799989e+02   1.8511400e+01
   5.6243841e-01   2.0399990e+02   1.5081400e+01
   5.6243841e-01   2.0999992e+02   1.2324000e+01
   5.6243841e-01   2.1599993e+02   1.0155600e+01
   5.6243841e-01   2.2199995e+02   8.4851300e+00
   5.6243841e-01   2.2799996e+02   7.2196800e+00
   5.6243841e-01   2.3399997e+02   6.2700100e+00
   5.6243841e-01   2.3999999e+02   5.5551900e+00
   5.6243841e-01   2.4600000e+02   5.0063500e+00
   5.6243841e-01   2.5200002e+02   4.5696500e+00
   5.6243841e-01   2.5800003e+02   4.2083300e+00
   5.6243841e-01   2.6400004e+02   3.9039700e+00
   5.6243841e-01   2.7000006e+02   3.6570200e+00
   5.6243841e-01   2.7600007e+02   3.4865300e+00
   5.6243841e-01   2.8200009e+02   3.4293000e+00
   5.6243841e-01   2.8800010e+02   3.5382800e+00
   5.6243841e-01   2.9400011e+02   3.8803900e+00
   5.6243841e-01   3.0000013e+02   4.5337500e+00
   5.6243841e-01   3.0600014e+02   5.5842500e+00
   5.6243841e-01   3.1200016e+02   7.1216500e+00
   5.6243841e-01   3.1800017e+02   9.2350700e+00
   5.6243841e-01   3.2400018e+02   1.2008200e+01
   5.6243841e-01   3.3000020e+02   1.5514000e+01
   5.6243841e-01   3.3600021e+02   1.9809700e+01
   5.6243841e-01   3.4200023e+02   2.4931200e+01
   5.6243841e-01   3.4800024e+02   3.0889000e+01
   5.6243841e-01   3.5400025e+02   3.7663400e+01
   5.6243841e-01   3.6000027e+02   4.5202000e+01
   5.6417432e-01   1.7999985e+02   3.2556100e+01
   5.6417432e-01   1.8599986e+02   2.6800100e+01
   5.6417432e-01   1.9199988e+02   2.1853500e+01
   5.6417432e-01   1.9799989e+02   1.7693600e+01
   5.6417432e-01   2.0399990e+02   1.4271700e+01
   5.6417432e-01   2.0999992e+02   1.1518800e+01
   5.6417432e-01   2.1599993e+02   9.3519300e+00
   5.6417432e-01   2.2199995e+02   7.6805900e+00
   5.6417432e-01   2.2799996e+02   6.4124900e+00
   5.6417432e-01   2.3399997e+02   5.4589600e+00
   5.6417432e-01   2.3999999e+02   4.7396000e+00
   5.6417432e-01   2.4600000e+02   4.1859800e+00
   5.6417432e-01   2.5200002e+02   3.7446100e+00
   5.6417432e-01   2.5800003e+02   3.3790000e+00
   5.6417432e-01   2.6400004e+02   3.0708900e+00
   5.6417432e-01   2.7000006e+02   2.8207900e+00
   5.6417432e-01   2.7600007e+02   2.6477100e+00
   5.6417432e-01   2.8200009e+02   2.5882900e+00
   5.6417432e-01   2.8800010e+02   2.6952600e+00
   5.6417432e-01   2.9400011e+02   3.0352200e+00
   5.6417432e-01   3.0000013e+02   3.6858900e+00
   5.6417432e-01   3.0600014e+02   4.7327300e+00
   5.6417432e-01   3.1200016e+02   6.2649900e+00
   5.6417432e-01   3.1800017e+02   8.3713000e+00
   5.6417432e-01   3.2400018e+02   1.1134800e+01
   5.6417432e-01   3.3000020e+02   1.4628100e+01
   5.6417432e-01   3.3600021e+02   1.8907900e+01
   5.6417432e-01   3.4200023e+02   2.4010000e+01
   5.6417432e-01   3.4800024e+02   2.9944500e+01
   5.6417432e-01   3.5400025e+02   3.6691800e+01
   5.6417432e-01   3.6000027e+02   4.4199700e+01
   5.6590945e-01   1.7999985e+02   3.1790200e+01
   5.6590945e-01   1.8599986e+02   2.6055700e+01
   5.6590945e-01   1.9199988e+02   2.1125800e+01
   5.6590945e-01   1.9799989e+02   1.6978100e+01
   5.6590945e-01   2.0399990e+02   1.3564300e+01
   5.6590945e-01   2.0999992e+02   1.0815900e+01
   5.6590945e-01   2.1599993e+02   8.6506100e+00
   5.6590945e-01   2.2199995e+02   6.9784100e+00
   5.6590945e-01   2.2799996e+02   5.7076700e+00
   5.6590945e-01   2.3399997e+02   4.7502900e+00
   5.6590945e-01   2.3999999e+02   4.0263800e+00
   5.6590945e-01   2.4600000e+02   3.4679600e+00
   5.6590945e-01   2.5200002e+02   3.0219100e+00
   5.6590945e-01   2.5800003e+02   2.6519800e+00
   5.6590945e-01   2.6400004e+02   2.3400900e+00
   5.6590945e-01   2.7000006e+02   2.0867900e+00
   5.6590945e-01   2.7600007e+02   1.9110600e+00
   5.6590945e-01   2.8200009e+02   1.8494000e+00
   5.6590945e-01   2.8800010e+02   1.9542900e+00
   5.6590945e-01   2.9400011e+02   2.2920400e+00
   5.6590945e-01   3.0000013e+02   2.9399500e+00
   5.6590945e-01   3.0600014e+02   3.9830500e+00
   5.6590945e-01   3.1200016e+02   5.5101100e+00
   5.6590945e-01   3.1800017e+02   7.6092300e+00
   5.6590945e-01   3.2400018e+02   1.0363100e+01
   5.6590945e-01   3.3000020e+02   1.3843800e+01
   5.6590945e-01   3.3600021e+02   1.8107700e+01
   5.6590945e-01   3.4200023e+02   2.3190300e+01
   5.6590945e-01   3.4800024e+02   2.9101500e+01
   5.6590945e-01   3.5400025e+02   3.5821600e+01
   5.6590945e-01   3.6000027e+02   4.3298800e+01
   5.6764377e-01   1.7999985e+02   3.1135500e+01
   5.6764377e-01   1.8599986e+02   2.5422500e+01
   5.6764377e-01   1.9199988e+02   2.0509300e+01
   5.6764377e-01   1.9799989e+02   1.6373900e+01
   5.6764377e-01   2.0399990e+02   1.2968200e+01
   5.6764377e-01   2.0999992e+02   1.0224400e+01
   5.6764377e-01   2.1599993e+02   8.0606000e+00
   5.6764377e-01   2.2199995e+02   6.3875700e+00
   5.6764377e-01   2.2799996e+02   5.1141900e+00
   5.6764377e-01   2.3399997e+02   4.1529700e+00
   5.6764377e-01   2.3999999e+02   3.4245100e+00
   5.6764377e-01   2.4600000e+02   2.8612900e+00
   5.6764377e-01   2.5200002e+02   2.4105300e+00
   5.6764377e-01   2.5800003e+02   2.0362700e+00
   5.6764377e-01   2.6400004e+02   1.7205600e+00
   5.6764377e-01   2.7000006e+02   1.4640200e+00
   5.6764377e-01   2.7600007e+02   1.2856000e+00
   5.6764377e-01   2.8200009e+02   1.2216400e+00
   5.6764377e-01   2.8800010e+02   1.3244100e+00
   5.6764377e-01   2.9400011e+02   1.6598700e+00
   5.6764377e-01   3.0000013e+02   2.3049600e+00
   5.6764377e-01   3.0600014e+02   3.3442500e+00
   5.6764377e-01   3.1200016e+02   4.8660200e+00
   5.6764377e-01   3.1800017e+02   6.9578900e+00
   5.6764377e-01   3.2400018e+02   9.7020400e+00
   5.6764377e-01   3.3000020e+02   1.3170100e+01
   5.6764377e-01   3.3600021e+02   1.7418000e+01
   5.6764377e-01   3.4200023e+02   2.2481000e+01
   5.6764377e-01   3.4800024e+02   2.8368800e+01
   5.6764377e-01   3.5400025e+02   3.5061800e+01
   5.6764377e-01   3.6000027e+02   4.2508200e+01
   5.6937727e-01   1.7999985e+02   3.0600900e+01
   5.6937727e-01   1.8599986e+02   2.4909300e+01
   5.6937727e-01   1.9199988e+02   2.0012900e+01
   5.6937727e-01   1.9799989e+02   1.5889800e+01
   5.6937727e-01   2.0399990e+02   1.2492300e+01
   5.6937727e-01   2.0999992e+02   9.7530400e+00
   5.6937727e-01   2.1599993e+02   7.5908500e+00
   5.6937727e-01   2.2199995e+02   5.9170100e+00
   5.6937727e-01   2.2799996e+02   4.6410200e+00
   5.6937727e-01   2.3399997e+02   3.6759600e+00
   5.6937727e-01   2.3999999e+02   2.9429600e+00
   5.6937727e-01   2.4600000e+02   2.3749400e+00
   5.6937727e-01   2.5200002e+02   1.9194700e+00
   5.6937727e-01   2.5800003e+02   1.5408400e+00
   5.6937727e-01   2.6400004e+02   1.2212800e+00
   5.6937727e-01   2.7000006e+02   9.6147800e-01
   5.6937727e-01   2.7600007e+02   7.8031400e-01
   5.6937727e-01   2.8200009e+02   7.1401200e-01
   5.6937727e-01   2.8800010e+02   8.1458600e-01
   5.6937727e-01   2.9400011e+02   1.1477000e+00
   5.6937727e-01   3.0000013e+02   1.7899000e+00
   5.6937727e-01   3.0600014e+02   2.8253100e+00
   5.6937727e-01   3.1200016e+02   4.3417300e+00
   5.6937727e-01   3.1800017e+02   6.4262700e+00
   5.6937727e-01   3.2400018e+02   9.1606100e+00
   5.6937727e-01   3.3000020e+02   1.2616000e+01
   5.6937727e-01   3.3600021e+02   1.6847900e+01
   5.6937727e-01   3.4200023e+02   2.1891200e+01
   5.6937727e-01   3.4800024e+02   2.7755600e+01
   5.6937727e-01   3.5400025e+02   3.4421400e+01
   5.6937727e-01   3.6000027e+02   4.1837000e+01
   5.7110991e-01   1.7999985e+02   3.0195200e+01
   5.7110991e-01   1.8599986e+02   2.4525200e+01
   5.7110991e-01   1.9199988e+02   1.9645600e+01
   5.7110991e-01   1.9799989e+02   1.5534700e+01
   5.7110991e-01   2.0399990e+02   1.2145400e+01
   5.7110991e-01   2.0999992e+02   9.4108300e+00
   5.7110991e-01   2.1599993e+02   7.2502700e+00
   5.7110991e-01   2.2199995e+02   5.5756400e+00
   5.7110991e-01   2.2799996e+02   4.2970600e+00
   5.7110991e-01   2.3399997e+02   3.3281900e+00
   5.7110991e-01   2.3999999e+02   2.5906600e+00
   5.7110991e-01   2.4600000e+02   2.0178300e+00
   5.7110991e-01   2.5200002e+02   1.5576300e+00
   5.7110991e-01   2.5800003e+02   1.1746300e+00
   5.7110991e-01   2.6400004e+02   8.5120300e-01
   5.7110991e-01   2.7000006e+02   5.8809400e-01
   5.7110991e-01   2.7600007e+02   4.0414900e-01
   5.7110991e-01   2.8200009e+02   3.3544900e-01
   5.7110991e-01   2.8800010e+02   4.3377800e-01
   5.7110991e-01   2.9400011e+02   7.6448100e-01
   5.7110991e-01   3.0000013e+02   1.4037300e+00
   5.7110991e-01   3.0600014e+02   2.4351800e+00
   5.7110991e-01   3.1200016e+02   3.9461600e+00
   5.7110991e-01   3.1800017e+02   6.0233000e+00
   5.7110991e-01   3.2400018e+02   8.7477700e+00
   5.7110991e-01   3.3000020e+02   1.2190300e+01
   5.7110991e-01   3.3600021e+02   1.6406100e+01
   5.7110991e-01   3.4200023e+02   2.1429700e+01
   5.7110991e-01   3.4800024e+02   2.7270700e+01
   5.7110991e-01   3.5400025e+02   3.3909300e+01
   5.7110991e-01   3.6000027e+02   4.1294000e+01
   5.7284168e-01   1.7999985e+02   2.9927200e+01
   5.7284168e-01   1.8599986e+02   2.4278800e+01
   5.7284168e-01   1.9199988e+02   1.9416000e+01
   5.7284168e-01   1.9799989e+02   1.5317500e+01
   5.7284168e-01   2.0399990e+02   1.1936500e+01
   5.7284168e-01   2.0999992e+02   9.2065900e+00
   5.7284168e-01   2.1599993e+02   7.0476900e+00
   5.7284168e-01   2.2199995e+02   5.3723000e+00
   5.7284168e-01   2.2799996e+02   4.0911700e+00
   5.7284168e-01   2.3399997e+02   3.1185000e+00
   5.7284168e-01   2.3999999e+02   2.3764500e+00
   5.7284168e-01   2.4600000e+02   1.7988200e+00
   5.7284168e-01   2.5200002e+02   1.3339000e+00
   5.7284168e-01   2.5800003e+02   9.4651000e-01
   5.7284168e-01   2.6400004e+02   6.1919400e-01
   5.7284168e-01   2.7000006e+02   3.5275000e-01
   5.7284168e-01   2.7600007e+02   1.6598500e-01
   5.7284168e-01   2.8200009e+02   9.4839600e-02
   5.7284168e-01   2.8800010e+02   1.9086700e-01
   5.7284168e-01   2.9400011e+02   5.1910000e-01
   5.7284168e-01   3.0000013e+02   1.1553200e+00
   5.7284168e-01   3.0600014e+02   2.1827400e+00
   5.7284168e-01   3.1200016e+02   3.6882200e+00
   5.7284168e-01   3.1800017e+02   5.7578700e+00
   5.7284168e-01   3.2400018e+02   8.4724000e+00
   5.7284168e-01   3.3000020e+02   1.1902100e+01
   5.7284168e-01   3.3600021e+02   1.6101700e+01
   5.7284168e-01   3.4200023e+02   2.1105600e+01
   5.7284168e-01   3.4800024e+02   2.6923000e+01
   5.7284168e-01   3.5400025e+02   3.3534300e+01
   5.7284168e-01   3.6000027e+02   4.0888100e+01
   5.7457256e-01   1.7999985e+02   2.9805800e+01
   5.7457256e-01   1.8599986e+02   2.4179000e+01
   5.7457256e-01   1.9199988e+02   1.9333100e+01
   5.7457256e-01   1.9799989e+02   1.5247000e+01
   5.7457256e-01   2.0399990e+02   1.1874300e+01
   5.7457256e-01   2.0999992e+02   9.1490700e+00
   5.7457256e-01   2.1599993e+02   6.9918700e+00
   5.7457256e-01   2.2199995e+02   5.3157800e+00
   5.7457256e-01   2.2799996e+02   4.0321300e+00
   5.7457256e-01   2.3399997e+02   3.0556900e+00
   5.7457256e-01   2.3999999e+02   2.3091300e+00
   5.7457256e-01   2.4600000e+02   1.7267100e+00
   5.7457256e-01   2.5200002e+02   1.2570700e+00
   5.7457256e-01   2.5800003e+02   8.6527900e-01
   5.7457256e-01   2.6400004e+02   5.3405400e-01
   5.7457256e-01   2.7000006e+02   2.6424700e-01
   5.7457256e-01   2.7600007e+02   7.4624800e-02
   5.7457256e-01   2.8200009e+02   9.8927100e-04
   5.7457256e-01   2.8800010e+02   9.4662900e-02
   5.7457256e-01   2.9400011e+02   4.2036300e-01
   5.7457256e-01   3.0000013e+02   1.0534900e+00
   5.7457256e-01   3.0600014e+02   2.0768200e+00
   5.7457256e-01   3.1200016e+02   3.5767100e+00
   5.7457256e-01   3.1800017e+02   5.6388100e+00
   5.7457256e-01   3.2400018e+02   8.3433000e+00
   5.7457256e-01   3.3000020e+02   1.1760000e+01
   5.7457256e-01   3.3600021e+02   1.5943400e+01
   5.7457256e-01   3.4200023e+02   2.0927500e+01
   5.7457256e-01   3.4800024e+02   2.6721300e+01
   5.7457256e-01   3.5400025e+02   3.3305200e+01
   5.7457256e-01   3.6000027e+02   4.0628200e+01
   5.7630253e-01   1.7999985e+02   2.9839500e+01
   5.7630253e-01   1.8599986e+02   2.4234400e+01
   5.7630253e-01   1.9199988e+02   1.9405400e+01
   5.7630253e-01   1.9799989e+02   1.5331700e+01
   5.7630253e-01   2.0399990e+02   1.1967400e+01
   5.7630253e-01   2.0999992e+02   9.2469400e+00
   5.7630253e-01   2.1599993e+02   7.0915000e+00
   5.7630253e-01   2.2199995e+02   5.4147400e+00
   5.7630253e-01   2.2799996e+02   4.1286000e+00
   5.7630253e-01   2.3399997e+02   3.1484200e+00
   5.7630253e-01   2.3999999e+02   2.3973900e+00
   5.7630253e-01   2.4600000e+02   1.8101900e+00
   5.7630253e-01   2.5200002e+02   1.3358300e+00
   5.7630253e-01   2.5800003e+02   9.3963700e-01
   5.7630253e-01   2.6400004e+02   6.0448800e-01
   5.7630253e-01   2.7000006e+02   3.3129300e-01
   5.7630253e-01   2.7600007e+02   1.3878100e-01
   5.7630253e-01   2.8200009e+02   6.2611700e-02
   5.7630253e-01   2.8800010e+02   1.5388000e-01
   5.7630253e-01   2.9400011e+02   4.7698900e-01
   5.7630253e-01   3.0000013e+02   1.1069500e+00
   5.7630253e-01   3.0600014e+02   2.1261200e+00
   5.7630253e-01   3.1200016e+02   3.6203600e+00
   5.7630253e-01   3.1800017e+02   5.6748100e+00
   5.7630253e-01   3.2400018e+02   8.3692100e+00
   5.7630253e-01   3.3000020e+02   1.1772900e+01
   5.7630253e-01   3.3600021e+02   1.5940000e+01
   5.7630253e-01   3.4200023e+02   2.0904100e+01
   5.7630253e-01   3.4800024e+02   2.6674300e+01
   5.7630253e-01   3.5400025e+02   3.3230900e+01
   5.7630253e-01   3.6000027e+02   4.0522800e+01
   5.7803156e-01   1.7999985e+02   3.0036900e+01
   5.7803156e-01   1.8599986e+02   2.4453500e+01
   5.7803156e-01   1.9199988e+02   1.9641500e+01
   5.7803156e-01   1.9799989e+02   1.5580300e+01
   5.7803156e-01   2.0399990e+02   1.2224400e+01
   5.7803156e-01   2.0999992e+02   9.5087700e+00
   5.7803156e-01   2.1599993e+02   7.3551300e+00
   5.7803156e-01   2.2199995e+02   5.6777500e+00
   5.7803156e-01   2.2799996e+02   4.3891700e+00
   5.7803156e-01   2.3399997e+02   3.4052900e+00
   5.7803156e-01   2.3999999e+02   2.6498100e+00
   5.7803156e-01   2.4600000e+02   2.0578500e+00
   5.7803156e-01   2.5200002e+02   1.5787800e+00
   5.7803156e-01   2.5800003e+02   1.1781800e+00
   5.7803156e-01   2.6400004e+02   8.3909300e-01
   5.7803156e-01   2.7000006e+02   5.6249000e-01
   5.7803156e-01   2.7600007e+02   3.6705500e-01
   5.7803156e-01   2.8200009e+02   2.8831200e-01
   5.7803156e-01   2.8800010e+02   3.7712500e-01
   5.7803156e-01   2.9400011e+02   6.9758700e-01
   5.7803156e-01   3.0000013e+02   1.3243300e+00
   5.7803156e-01   3.0600014e+02   2.3392500e+00
   5.7803156e-01   3.1200016e+02   3.8277600e+00
   5.7803156e-01   3.1800017e+02   5.8745000e+00
   5.7803156e-01   3.2400018e+02   8.5587100e+00
   5.7803156e-01   3.3000020e+02   1.1949300e+01
   5.7803156e-01   3.3600021e+02   1.6100000e+01
   5.7803156e-01   3.4200023e+02   2.1044100e+01
   5.7803156e-01   3.4800024e+02   2.6790600e+01
   5.7803156e-01   3.5400025e+02   3.3319800e+01
   5.7803156e-01   3.6000027e+02   4.0580700e+01
   5.7975964e-01   1.7999985e+02   3.0406400e+01
   5.7975964e-01   1.8599986e+02   2.4844700e+01
   5.7975964e-01   1.9199988e+02   2.0049800e+01
   5.7975964e-01   1.9799989e+02   1.6001200e+01
   5.7975964e-01   2.0399990e+02   1.2653700e+01
   5.7975964e-01   2.0999992e+02   9.9429900e+00
   5.7975964e-01   2.1599993e+02   7.7912100e+00
   5.7975964e-01   2.2199995e+02   6.1132700e+00
   5.7975964e-01   2.2799996e+02   4.8222900e+00
   5.7975964e-01   2.3399997e+02   3.8347400e+00
   5.7975964e-01   2.3999999e+02   3.0748400e+00
   5.7975964e-01   2.4600000e+02   2.4781500e+00
   5.7975964e-01   2.5200002e+02   1.9943800e+00
   5.7975964e-01   2.5800003e+02   1.5893700e+00
   5.7975964e-01   2.6400004e+02   1.2463400e+00
   5.7975964e-01   2.7000006e+02   9.6631500e-01
   5.7975964e-01   2.7600007e+02   7.6792900e-01
   5.7975964e-01   2.8200009e+02   6.8657400e-01
   5.7975964e-01   2.8800010e+02   7.7288400e-01
   5.7975964e-01   2.9400011e+02   1.0906400e+00
   5.7975964e-01   3.0000013e+02   1.7140900e+00
   5.7975964e-01   3.0600014e+02   2.7247100e+00
   5.7975964e-01   3.1200016e+02   4.2074100e+00
   5.7975964e-01   3.1800017e+02   6.2463600e+00
   5.7975964e-01   3.2400018e+02   8.9203100e+00
   5.7975964e-01   3.3000020e+02   1.2297700e+01
   5.7975964e-01   3.3600021e+02   1.6431900e+01
   5.7975964e-01   3.4200023e+02   2.1356100e+01
   5.7975964e-01   3.4800024e+02   2.7078700e+01
   5.7975964e-01   3.5400025e+02   3.3580400e+01
   5.7975964e-01   3.6000027e+02   4.0810300e+01
   5.8148674e-01   1.7999985e+02   3.0956200e+01
   5.8148674e-01   1.8599986e+02   2.5416400e+01
   5.8148674e-01   1.9199988e+02   2.0638600e+01
   5.8148674e-01   1.9799989e+02   1.6602600e+01
   5.8148674e-01   2.0399990e+02   1.3263700e+01
   5.8148674e-01   2.0999992e+02   1.0557900e+01
   5.8148674e-01   2.1599993e+02   8.4080500e+00
   5.8148674e-01   2.2199995e+02   6.7296000e+00
   5.8148674e-01   2.2799996e+02   5.4362700e+00
   5.8148674e-01   2.3399997e+02   4.4451000e+00
   5.8148674e-01   2.3999999e+02   3.6808200e+00
   5.8148674e-01   2.4600000e+02   3.0794100e+00
   5.8148674e-01   2.5200002e+02   2.5909600e+00
   5.8148674e-01   2.5800003e+02   2.1815600e+00
   5.8148674e-01   2.6400004e+02   1.8345800e+00
   5.8148674e-01   2.7000006e+02   1.5511100e+00
   5.8148674e-01   2.7600007e+02   1.3497500e+00
   5.8148674e-01   2.8200009e+02   1.2657400e+00
   5.8148674e-01   2.8800010e+02   1.3495100e+00
   5.8148674e-01   2.9400011e+02   1.6645000e+00
   5.8148674e-01   3.0000013e+02   2.2846100e+00
   5.8148674e-01   3.0600014e+02   3.2908400e+00
   5.8148674e-01   3.1200016e+02   4.7676700e+00
   5.8148674e-01   3.1800017e+02   6.7987500e+00
   5.8148674e-01   3.2400018e+02   9.4623500e+00
   5.8148674e-01   3.3000020e+02   1.2826500e+01
   5.8148674e-01   3.3600021e+02   1.6944200e+01
   5.8148674e-01   3.4200023e+02   2.1848200e+01
   5.8148674e-01   3.4800024e+02   2.7547000e+01
   5.8148674e-01   3.5400025e+02   3.4021100e+01
   5.8148674e-01   3.6000027e+02   4.1219900e+01
   5.8321284e-01   1.7999985e+02   3.1694600e+01
   5.8321284e-01   1.8599986e+02   2.6176700e+01
   5.8321284e-01   1.9199988e+02   2.1416000e+01
   5.8321284e-01   1.9799989e+02   1.7392800e+01
   5.8321284e-01   2.0399990e+02   1.4062500e+01
   5.8321284e-01   2.0999992e+02   1.1361700e+01
   5.8321284e-01   2.1599993e+02   9.2138100e+00
   5.8321284e-01   2.2199995e+02   7.5349100e+00
   5.8321284e-01   2.2799996e+02   6.2392900e+00
   5.8321284e-01   2.3399997e+02   5.2445500e+00
   5.8321284e-01   2.3999999e+02   4.4759100e+00
   5.8321284e-01   2.4600000e+02   3.8698300e+00
   5.8321284e-01   2.5200002e+02   3.3767100e+00
   5.8321284e-01   2.5800003e+02   2.9629300e+00
   5.8321284e-01   2.6400004e+02   2.6120000e+00
   5.8321284e-01   2.7000006e+02   2.3250700e+00
   5.8321284e-01   2.7600007e+02   2.1207100e+00
   5.8321284e-01   2.8200009e+02   2.0340200e+00
   5.8321284e-01   2.8800010e+02   2.1151900e+00
   5.8321284e-01   2.9400011e+02   2.4273800e+00
   5.8321284e-01   3.0000013e+02   3.0440700e+00
   5.8321284e-01   3.0600014e+02   4.0458600e+00
   5.8321284e-01   3.1200016e+02   5.5167400e+00
   5.8321284e-01   3.1800017e+02   7.5398700e+00
   5.8321284e-01   3.2400018e+02   1.0193000e+01
   5.8321284e-01   3.3000020e+02   1.3543900e+01
   5.8321284e-01   3.3600021e+02   1.7644900e+01
   5.8321284e-01   3.4200023e+02   2.2528700e+01
   5.8321284e-01   3.4800024e+02   2.8203700e+01
   5.8321284e-01   3.5400025e+02   3.4650100e+01
   5.8321284e-01   3.6000027e+02   4.1817700e+01
   5.8493792e-01   1.7999985e+02   3.2629500e+01
   5.8493792e-01   1.8599986e+02   2.7133500e+01
   5.8493792e-01   1.9199988e+02   2.2390100e+01
   5.8493792e-01   1.9799989e+02   1.8379600e+01
   5.8493792e-01   2.0399990e+02   1.5058000e+01
   5.8493792e-01   2.0999992e+02   1.2362300e+01
   5.8493792e-01   2.1599993e+02   1.0216500e+01
   5.8493792e-01   2.2199995e+02   8.5372000e+00
   5.8493792e-01   2.2799996e+02   7.2393500e+00
   5.8493792e-01   2.3399997e+02   6.2410800e+00
   5.8493792e-01   2.3999999e+02   5.4681500e+00
   5.8493792e-01   2.4600000e+02   4.8574100e+00
   5.8493792e-01   2.5200002e+02   4.3596600e+00
   5.8493792e-01   2.5800003e+02   3.9415000e+00
   5.8493792e-01   2.6400004e+02   3.5866200e+00
   5.8493792e-01   2.7000006e+02   3.2962200e+00
   5.8493792e-01   2.7600007e+02   3.0888400e+00
   5.8493792e-01   2.8200009e+02   2.9994400e+00
   5.8493792e-01   2.8800010e+02   3.0779800e+00
   5.8493792e-01   2.9400011e+02   3.3873000e+00
   5.8493792e-01   3.0000013e+02   4.0005300e+00
   5.8493792e-01   3.0600014e+02   4.9978100e+00
   5.8493792e-01   3.1200016e+02   6.4626500e+00
   5.8493792e-01   3.1800017e+02   8.4777600e+00
   5.8493792e-01   3.2400018e+02   1.1120400e+01
   5.8493792e-01   3.3000020e+02   1.4457900e+01
   5.8493792e-01   3.3600021e+02   1.8542200e+01
   5.8493792e-01   3.4200023e+02   2.3405700e+01
   5.8493792e-01   3.4800024e+02   2.9056700e+01
   5.8493792e-01   3.5400025e+02   3.5475400e+01
   5.8493792e-01   3.6000027e+02   4.2611800e+01
   5.8666196e-01   1.7999985e+02   3.3768800e+01
   5.8666196e-01   1.8599986e+02   2.8294800e+01
   5.8666196e-01   1.9199988e+02   2.3568700e+01
   5.8666196e-01   1.9799989e+02   1.9571000e+01
   5.8666196e-01   2.0399990e+02   1.6258100e+01
   5.8666196e-01   2.0999992e+02   1.3567600e+01
   5.8666196e-01   2.1599993e+02   1.1423900e+01
   5.8666196e-01   2.2199995e+02   9.7443100e+00
   5.8666196e-01   2.2799996e+02   8.4442900e+00
   5.8666196e-01   2.3399997e+02   7.4425500e+00
   5.8666196e-01   2.3999999e+02   6.6653600e+00
   5.8666196e-01   2.4600000e+02   6.0500200e+00
   5.8666196e-01   2.5200002e+02   5.5476400e+00
   5.8666196e-01   2.5800003e+02   5.1251300e+00
   5.8666196e-01   2.6400004e+02   4.7663000e+00
   5.8666196e-01   2.7000006e+02   4.4724400e+00
   5.8666196e-01   2.7600007e+02   4.2620200e+00
   5.8666196e-01   2.8200009e+02   4.1698800e+00
   5.8666196e-01   2.8800010e+02   4.2457400e+00
   5.8666196e-01   2.9400011e+02   4.5521500e+00
   5.8666196e-01   3.0000013e+02   5.1618500e+00
   5.8666196e-01   3.0600014e+02   6.1545500e+00
   5.8666196e-01   3.1200016e+02   7.6133000e+00
   5.8666196e-01   3.1800017e+02   9.6203000e+00
   5.8666196e-01   3.2400018e+02   1.2252400e+01
   5.8666196e-01   3.3000020e+02   1.5576300e+01
   5.8666196e-01   3.3600021e+02   1.9643900e+01
   5.8666196e-01   3.4200023e+02   2.4487000e+01
   5.8666196e-01   3.4800024e+02   3.0113900e+01
   5.8666196e-01   3.5400025e+02   3.6504900e+01
   5.8666196e-01   3.6000027e+02   4.3610000e+01
   5.8838494e-01   1.7999985e+02   3.5120000e+01
   5.8838494e-01   1.8599986e+02   2.9668100e+01
   5.8838494e-01   1.9199988e+02   2.4959300e+01
   5.8838494e-01   1.9799989e+02   2.0974600e+01
   5.8838494e-01   2.0399990e+02   1.7670500e+01
   5.8838494e-01   2.0999992e+02   1.4985200e+01
   5.8838494e-01   2.1599993e+02   1.2843800e+01
   5.8838494e-01   2.2199995e+02   1.1163900e+01
   5.8838494e-01   2.2799996e+02   9.8617600e+00
   5.8838494e-01   2.3399997e+02   8.8566200e+00
   5.8838494e-01   2.3999999e+02   8.0752200e+00
   5.8838494e-01   2.4600000e+02   7.4553100e+00
   5.8838494e-01   2.5200002e+02   6.9483500e+00
   5.8838494e-01   2.5800003e+02   6.5214900e+00
   5.8838494e-01   2.6400004e+02   6.1587300e+00
   5.8838494e-01   2.7000006e+02   5.8613900e+00
   5.8838494e-01   2.7600007e+02   5.6479200e+00
   5.8838494e-01   2.8200009e+02   5.5530100e+00
   5.8838494e-01   2.8800010e+02   5.6261600e+00
   5.8838494e-01   2.9400011e+02   5.9296200e+00
   5.8838494e-01   3.0000013e+02   6.5357200e+00
   5.8838494e-01   3.0600014e+02   7.5237800e+00
   5.8838494e-01   3.1200016e+02   8.9763700e+00
   5.8838494e-01   3.1800017e+02   1.0975200e+01
   5.8838494e-01   3.2400018e+02   1.3596600e+01
   5.8838494e-01   3.3000020e+02   1.6907000e+01
   5.8838494e-01   3.3600021e+02   2.0957600e+01
   5.8838494e-01   3.4200023e+02   2.5780400e+01
   5.8838494e-01   3.4800024e+02   3.1383200e+01
   5.8838494e-01   3.5400025e+02   3.7746400e+01
   5.8838494e-01   3.6000027e+02   4.4820100e+01
   5.9010683e-01   1.7999985e+02   3.6690600e+01
   5.9010683e-01   1.8599986e+02   3.1260800e+01
   5.9010683e-01   1.9199988e+02   2.6569500e+01
   5.9010683e-01   1.9799989e+02   2.2597800e+01
   5.9010683e-01   2.0399990e+02   1.9302600e+01
   5.9010683e-01   2.0999992e+02   1.6622700e+01
   5.9010683e-01   2.1599993e+02   1.4483400e+01
   5.9010683e-01   2.2199995e+02   1.2803400e+01
   5.9010683e-01   2.2799996e+02   1.1499200e+01
   5.9010683e-01   2.3399997e+02   1.0490800e+01
   5.9010683e-01   2.3999999e+02   9.7052000e+00
   5.9010683e-01   2.4600000e+02   9.0807600e+00
   5.9010683e-01   2.5200002e+02   8.5692500e+00
   5.9010683e-01   2.5800003e+02   8.1380700e+00
   5.9010683e-01   2.6400004e+02   7.7713800e+00
   5.9010683e-01   2.7000006e+02   7.4705700e+00
   5.9010683e-01   2.7600007e+02   7.2540300e+00
   5.9010683e-01   2.8200009e+02   7.1563300e+00
   5.9010683e-01   2.8800010e+02   7.2267400e+00
   5.9010683e-01   2.9400011e+02   7.5271900e+00
   5.9010683e-01   3.0000013e+02   8.1296600e+00
   5.9010683e-01   3.0600014e+02   9.1130100e+00
   5.9010683e-01   3.1200016e+02   1.0559400e+01
   5.9010683e-01   3.1800017e+02   1.2549900e+01
   5.9010683e-01   3.2400018e+02   1.5160600e+01
   5.9010683e-01   3.3000020e+02   1.8457300e+01
   5.9010683e-01   3.3600021e+02   2.2491000e+01
   5.9010683e-01   3.4200023e+02   2.7293300e+01
   5.9010683e-01   3.4800024e+02   3.2871900e+01
   5.9010683e-01   3.5400025e+02   3.9207200e+01
   5.9010683e-01   3.6000027e+02   4.6249500e+01
   5.9182763e-01   1.7999985e+02   3.8487800e+01
   5.9182763e-01   1.8599986e+02   3.3080300e+01
   5.9182763e-01   1.9199988e+02   2.8406500e+01
   5.9182763e-01   1.9799989e+02   2.4447800e+01
   5.9182763e-01   2.0399990e+02   2.1161700e+01
   5.9182763e-01   2.0999992e+02   1.8487100e+01
   5.9182763e-01   2.1599993e+02   1.6350300e+01
   5.9182763e-01   2.2199995e+02   1.4670100e+01
   5.9182763e-01   2.2799996e+02   1.3364000e+01
   5.9182763e-01   2.3399997e+02   1.2352200e+01
   5.9182763e-01   2.3999999e+02   1.1562600e+01
   5.9182763e-01   2.4600000e+02   1.0933600e+01
   5.9182763e-01   2.5200002e+02   1.0417600e+01
   5.9182763e-01   2.5800003e+02   9.9821500e+00
   5.9182763e-01   2.6400004e+02   9.6115500e+00
   5.9182763e-01   2.7000006e+02   9.3072700e+00
   5.9182763e-01   2.7600007e+02   9.0876500e+00
   5.9182763e-01   2.8200009e+02   8.9871300e+00
   5.9182763e-01   2.8800010e+02   9.0547700e+00
   5.9182763e-01   2.9400011e+02   9.3521700e+00
   5.9182763e-01   3.0000013e+02   9.9509400e+00
   5.9182763e-01   3.0600014e+02   1.0929500e+01
   5.9182763e-01   3.1200016e+02   1.2369600e+01
   5.9182763e-01   3.1800017e+02   1.4351800e+01
   5.9182763e-01   3.2400018e+02   1.6951700e+01
   5.9182763e-01   3.3000020e+02   2.0234700e+01
   5.9182763e-01   3.3600021e+02   2.4251400e+01
   5.9182763e-01   3.4200023e+02   2.9033000e+01
   5.9182763e-01   3.4800024e+02   3.4587400e+01
   5.9182763e-01   3.5400025e+02   4.0894700e+01
   5.9182763e-01   3.6000027e+02   4.7905600e+01
   5.9354730e-01   1.7999985e+02   4.0518800e+01
   5.9354730e-01   1.8599986e+02   3.5133500e+01
   5.9354730e-01   1.9199988e+02   3.0477300e+01
   5.9354730e-01   1.9799989e+02   2.6531800e+01
   5.9354730e-01   2.0399990e+02   2.3254700e+01
   5.9354730e-01   2.0999992e+02   2.0585700e+01
   5.9354730e-01   2.1599993e+02   1.8451200e+01
   5.9354730e-01   2.2199995e+02   1.6771100e+01
   5.9354730e-01   2.2799996e+02   1.5463100e+01
   5.9354730e-01   2.3399997e+02   1.4448100e+01
   5.9354730e-01   2.3999999e+02   1.3654400e+01
   5.9354730e-01   2.4600000e+02   1.3021000e+01
   5.9354730e-01   2.5200002e+02   1.2500500e+01
   5.9354730e-01   2.5800003e+02   1.2060800e+01
   5.9354730e-01   2.6400004e+02   1.1686300e+01
   5.9354730e-01   2.7000006e+02   1.1378600e+01
   5.9354730e-01   2.7600007e+02   1.1155900e+01
   5.9354730e-01   2.8200009e+02   1.1052500e+01
   5.9354730e-01   2.8800010e+02   1.1117300e+01
   5.9354730e-01   2.9400011e+02   1.1411600e+01
   5.9354730e-01   3.0000013e+02   1.2006700e+01
   5.9354730e-01   3.0600014e+02   1.2980400e+01
   5.9354730e-01   3.1200016e+02   1.4414100e+01
   5.9354730e-01   3.1800017e+02   1.6387900e+01
   5.9354730e-01   3.2400018e+02   1.8976900e+01
   5.9354730e-01   3.3000020e+02   2.2246100e+01
   5.9354730e-01   3.3600021e+02   2.6245700e+01
   5.9354730e-01   3.4200023e+02   3.1006700e+01
   5.9354730e-01   3.4800024e+02   3.6536700e+01
   5.9354730e-01   3.5400025e+02   4.2816000e+01
   5.9354730e-01   3.6000027e+02   4.9795400e+01
   5.9526582e-01   1.7999985e+02   4.2790200e+01
   5.9526582e-01   1.8599986e+02   3.7427300e+01
   5.9526582e-01   1.9199988e+02   3.2788800e+01
   5.9526582e-01   1.9799989e+02   2.8856500e+01
   5.9526582e-01   2.0399990e+02   2.5588600e+01
   5.9526582e-01   2.0999992e+02   2.2925100e+01
   5.9526582e-01   2.1599993e+02   2.0793200e+01
   5.9526582e-01   2.2199995e+02   1.9113200e+01
   5.9526582e-01   2.2799996e+02   1.7803300e+01
   5.9526582e-01   2.3399997e+02   1.6785200e+01
   5.9526582e-01   2.3999999e+02   1.5987500e+01
   5.9526582e-01   2.4600000e+02   1.5349800e+01
   5.9526582e-01   2.5200002e+02   1.4824900e+01
   5.9526582e-01   2.5800003e+02   1.4380900e+01
   5.9526582e-01   2.6400004e+02   1.4002500e+01
   5.9526582e-01   2.7000006e+02   1.3691300e+01
   5.9526582e-01   2.7600007e+02   1.3465500e+01
   5.9526582e-01   2.8200009e+02   1.3359300e+01
   5.9526582e-01   2.8800010e+02   1.3421300e+01
   5.9526582e-01   2.9400011e+02   1.3712500e+01
   5.9526582e-01   3.0000013e+02   1.4303700e+01
   5.9526582e-01   3.0600014e+02   1.5272600e+01
   5.9526582e-01   3.1200016e+02   1.6699800e+01
   5.9526582e-01   3.1800017e+02   1.8665200e+01
   5.9526582e-01   3.2400018e+02   2.1243200e+01
   5.9526582e-01   3.3000020e+02   2.4498500e+01
   5.9526582e-01   3.3600021e+02   2.8480900e+01
   5.9526582e-01   3.4200023e+02   3.3221200e+01
   5.9526582e-01   3.4800024e+02   3.8726800e+01
   5.9526582e-01   3.5400025e+02   4.4978000e+01
   5.9526582e-01   3.6000027e+02   5.1925800e+01
   5.9698317e-01   1.7999985e+02   4.5308900e+01
   5.9698317e-01   1.8599986e+02   3.9968400e+01
   5.9698317e-01   1.9199988e+02   3.5347600e+01
   5.9698317e-01   1.9799989e+02   3.1428600e+01
   5.9698317e-01   2.0399990e+02   2.8170000e+01
   5.9698317e-01   2.0999992e+02   2.5512100e+01
   5.9698317e-01   2.1599993e+02   2.3382900e+01
   5.9698317e-01   2.2199995e+02   2.1703000e+01
   5.9698317e-01   2.2799996e+02   2.0391400e+01
   5.9698317e-01   2.3399997e+02   1.9370200e+01
   5.9698317e-01   2.3999999e+02   1.8568600e+01
   5.9698317e-01   2.4600000e+02   1.7926500e+01
   5.9698317e-01   2.5200002e+02   1.7397200e+01
   5.9698317e-01   2.5800003e+02   1.6949100e+01
   5.9698317e-01   2.6400004e+02   1.6566800e+01
   5.9698317e-01   2.7000006e+02   1.6252200e+01
   5.9698317e-01   2.7600007e+02   1.6023300e+01
   5.9698317e-01   2.8200009e+02   1.5914200e+01
   5.9698317e-01   2.8800010e+02   1.5973300e+01
   5.9698317e-01   2.9400011e+02   1.6261400e+01
   5.9698317e-01   3.0000013e+02   1.6848800e+01
   5.9698317e-01   3.0600014e+02   1.7812700e+01
   5.9698317e-01   3.1200016e+02   1.9233400e+01
   5.9698317e-01   3.1800017e+02   2.1190300e+01
   5.9698317e-01   3.2400018e+02   2.3757200e+01
   5.9698317e-01   3.3000020e+02   2.6998500e+01
   5.9698317e-01   3.3600021e+02   3.0963700e+01
   5.9698317e-01   3.4200023e+02   3.5683200e+01
   5.9698317e-01   3.4800024e+02   4.1164300e+01
   5.9698317e-01   3.5400025e+02   4.7387300e+01
   5.9698317e-01   3.6000027e+02   5.4303500e+01
   5.9869934e-01   1.7999985e+02   4.8081000e+01
   5.9869934e-01   1.8599986e+02   4.2763000e+01
   5.9869934e-01   1.9199988e+02   3.8160100e+01
   5.9869934e-01   1.9799989e+02   3.4254500e+01
   5.9869934e-01   2.0399990e+02   3.1005200e+01
   5.9869934e-01   2.0999992e+02   2.8353100e+01
   5.9869934e-01   2.1599993e+02   2.6226500e+01
   5.9869934e-01   2.2199995e+02   2.4546900e+01
   5.9869934e-01   2.2799996e+02   2.3233600e+01
   5.9869934e-01   2.3399997e+02   2.2209400e+01
   5.9869934e-01   2.3999999e+02   2.1404000e+01
   5.9869934e-01   2.4600000e+02   2.0757700e+01
   5.9869934e-01   2.5200002e+02   2.0224000e+01
   5.9869934e-01   2.5800003e+02   1.9771700e+01
   5.9869934e-01   2.6400004e+02   1.9385600e+01
   5.9869934e-01   2.7000006e+02   1.9067500e+01
   5.9869934e-01   2.7600007e+02   1.8835600e+01
   5.9869934e-01   2.8200009e+02   1.8723600e+01
   5.9869934e-01   2.8800010e+02   1.8779900e+01
   5.9869934e-01   2.9400011e+02   1.9064700e+01
   5.9869934e-01   3.0000013e+02   1.9648200e+01
   5.9869934e-01   3.0600014e+02   2.0607100e+01
   5.9869934e-01   3.1200016e+02   2.2021300e+01
   5.9869934e-01   3.1800017e+02   2.3969500e+01
   5.9869934e-01   3.2400018e+02   2.6525400e+01
   5.9869934e-01   3.3000020e+02   2.9752600e+01
   5.9869934e-01   3.3600021e+02   3.3700500e+01
   5.9869934e-01   3.4200023e+02   3.8399100e+01
   5.9869934e-01   3.4800024e+02   4.3855600e+01
   5.9869934e-01   3.5400025e+02   5.0050400e+01
   5.9869934e-01   3.6000027e+02   5.6934900e+01
   6.0041430e-01   1.7999985e+02   5.1112800e+01
   6.0041430e-01   1.8599986e+02   4.5817400e+01
   6.0041430e-01   1.9199988e+02   4.1232400e+01
   6.0041430e-01   1.9799989e+02   3.7340300e+01
   6.0041430e-01   2.0399990e+02   3.4100400e+01
   6.0041430e-01   2.0999992e+02   3.1454100e+01
   6.0041430e-01   2.1599993e+02   2.9330400e+01
   6.0041430e-01   2.2199995e+02   2.7651000e+01
   6.0041430e-01   2.2799996e+02   2.6336200e+01
   6.0041430e-01   2.3399997e+02   2.5309100e+01
   6.0041430e-01   2.3999999e+02   2.4499900e+01
   6.0041430e-01   2.4600000e+02   2.3849400e+01
   6.0041430e-01   2.5200002e+02   2.3311400e+01
   6.0041430e-01   2.5800003e+02   2.2855000e+01
   6.0041430e-01   2.6400004e+02   2.2465100e+01
   6.0041430e-01   2.7000006e+02   2.2143600e+01
   6.0041430e-01   2.7600007e+02   2.1908600e+01
   6.0041430e-01   2.8200009e+02   2.1793700e+01
   6.0041430e-01   2.8800010e+02   2.1847100e+01
   6.0041430e-01   2.9400011e+02   2.2128700e+01
   6.0041430e-01   3.0000013e+02   2.2708200e+01
   6.0041430e-01   3.0600014e+02   2.3662100e+01
   6.0041430e-01   3.1200016e+02   2.5069600e+01
   6.0041430e-01   3.1800017e+02   2.7009200e+01
   6.0041430e-01   3.2400018e+02   2.9553900e+01
   6.0041430e-01   3.3000020e+02   3.2767000e+01
   6.0041430e-01   3.3600021e+02   3.6697400e+01
   6.0041430e-01   3.4200023e+02   4.1375100e+01
   6.0041430e-01   3.4800024e+02   4.6807000e+01
   6.0041430e-01   3.5400025e+02   5.2973600e+01
   6.0041430e-01   3.6000027e+02   5.9826300e+01
   6.0212802e-01   1.7999985e+02   5.4410200e+01
   6.0212802e-01   1.8599986e+02   4.9137400e+01
   6.0212802e-01   1.9199988e+02   4.4570400e+01
   6.0212802e-01   1.9799989e+02   4.0691900e+01
   6.0212802e-01   2.0399990e+02   3.7461500e+01
   6.0212802e-01   2.0999992e+02   3.4821200e+01
   6.0212802e-01   2.1599993e+02   3.2700300e+01
   6.0212802e-01   2.2199995e+02   3.1021400e+01
   6.0212802e-01   2.2799996e+02   2.9705100e+01
   6.0212802e-01   2.3399997e+02   2.8675200e+01
   6.0212802e-01   2.3999999e+02   2.7862300e+01
   6.0212802e-01   2.4600000e+02   2.7207600e+01
   6.0212802e-01   2.5200002e+02   2.6665400e+01
   6.0212802e-01   2.5800003e+02   2.6204900e+01
   6.0212802e-01   2.6400004e+02   2.5811300e+01
   6.0212802e-01   2.7000006e+02   2.5486300e+01
   6.0212802e-01   2.7600007e+02   2.5248200e+01
   6.0212802e-01   2.8200009e+02   2.5130500e+01
   6.0212802e-01   2.8800010e+02   2.5180900e+01
   6.0212802e-01   2.9400011e+02   2.5459200e+01
   6.0212802e-01   3.0000013e+02   2.6034800e+01
   6.0212802e-01   3.0600014e+02   2.6983600e+01
   6.0212802e-01   3.1200016e+02   2.8384400e+01
   6.0212802e-01   3.1800017e+02   3.0315200e+01
   6.0212802e-01   3.2400018e+02   3.2848700e+01
   6.0212802e-01   3.3000020e+02   3.6047600e+01
   6.0212802e-01   3.3600021e+02   3.9960600e+01
   6.0212802e-01   3.4200023e+02   4.4617200e+01
   6.0212802e-01   3.4800024e+02   5.0024400e+01
   6.0212802e-01   3.5400025e+02   5.6162600e+01
   6.0212802e-01   3.6000027e+02   6.2983500e+01
