#sin^2(theta23) Delta_CP/deg Delta_chi^2
   5.3457422e-01  -7.2000168e+01   8.3822400e+01
   5.3457422e-01  -6.7199928e+01   8.0999400e+01
   5.3457422e-01  -6.2400261e+01   7.7671600e+01
   5.3457422e-01  -5.7600020e+01   7.3919700e+01
   5.3457422e-01  -5.2800009e+01   6.9837900e+01
   5.3457422e-01  -4.7999998e+01   6.5532400e+01
   5.3457422e-01  -4.3199986e+01   6.1118900e+01
   5.3457422e-01  -3.8399975e+01   5.6720000e+01
   5.3457422e-01  -3.3600021e+01   5.2461700e+01
   5.3457422e-01  -2.8800010e+01   4.8469900e+01
   5.3457422e-01  -2.3999999e+01   4.4865600e+01
   5.3457422e-01  -1.9199988e+01   4.1761100e+01
   5.3457422e-01  -1.4399976e+01   3.9255500e+01
   5.3457422e-01  -9.6000224e+00   3.7430300e+01
   5.3457422e-01  -4.7999998e+00   3.6346300e+01
   5.3457422e-01  -1.4312486e-14   3.6040400e+01
   5.3457422e-01   4.7999998e+00   3.6524000e+01
   5.3457422e-01   9.6000224e+00   3.7782300e+01
   5.3457422e-01   1.4399976e+01   3.9774900e+01
   5.3457422e-01   1.9199988e+01   4.2437500e+01
   5.3457422e-01   2.3999999e+01   4.5684700e+01
   5.3457422e-01   2.8800010e+01   4.9413700e+01
   5.3457422e-01   3.3600021e+01   5.3508300e+01
   5.3457422e-01   3.8399975e+01   5.7843600e+01
   5.3457422e-01   4.3199986e+01   6.2290400e+01
   5.3457422e-01   4.7999998e+01   6.6719400e+01
   5.3457422e-01   5.2800009e+01   7.1005800e+01
   5.3457422e-01   5.7600020e+01   7.5032100e+01
   5.3457422e-01   6.2400261e+01   7.8691200e+01
   5.3457422e-01   6.7199928e+01   8.1889100e+01
   5.3457422e-01   7.2000168e+01   8.4546300e+01
   5.3631982e-01  -7.2000168e+01   8.1823900e+01
   5.3631982e-01  -6.7199928e+01   7.8994700e+01
   5.3631982e-01  -6.2400261e+01   7.5663600e+01
   5.3631982e-01  -5.7600020e+01   7.1910900e+01
   5.3631982e-01  -5.2800009e+01   6.7830400e+01
   5.3631982e-01  -4.7999998e+01   6.3528100e+01
   5.3631982e-01  -4.3199986e+01   5.9119300e+01
   5.3631982e-01  -3.8399975e+01   5.4726100e+01
   5.3631982e-01  -3.3600021e+01   5.0474100e+01
   5.3631982e-01  -2.8800010e+01   4.6488500e+01
   5.3631982e-01  -2.3999999e+01   4.2890000e+01
   5.3631982e-01  -1.9199988e+01   3.9790200e+01
   5.3631982e-01  -1.4399976e+01   3.7288000e+01
   5.3631982e-01  -9.6000224e+00   3.5464300e+01
   5.3631982e-01  -4.7999998e+00   3.4379800e+01
   5.3631982e-01  -1.4312486e-14   3.4071200e+01
   5.3631982e-01   4.7999998e+00   3.4549700e+01
   5.3631982e-01   9.6000224e+00   3.5800900e+01
   5.3631982e-01   1.4399976e+01   3.7784400e+01
   5.3631982e-01   1.9199988e+01   4.0436300e+01
   5.3631982e-01   2.3999999e+01   4.3671800e+01
   5.3631982e-01   2.8800010e+01   4.7388400e+01
   5.3631982e-01   3.3600021e+01   5.1470600e+01
   5.3631982e-01   3.8399975e+01   5.5793900e+01
   5.3631982e-01   4.3199986e+01   6.0229700e+01
   5.3631982e-01   4.7999998e+01   6.4649500e+01
   5.3631982e-01   5.2800009e+01   6.8928700e+01
   5.3631982e-01   5.7600020e+01   7.2950300e+01
   5.3631982e-01   6.2400261e+01   7.6607600e+01
   5.3631982e-01   6.7199928e+01   7.9806800e+01
   5.3631982e-01   7.2000168e+01   8.2468900e+01
   5.3806497e-01  -7.2000168e+01   7.9775000e+01
   5.3806497e-01  -6.7199928e+01   7.6939800e+01
   5.3806497e-01  -6.2400261e+01   7.3605400e+01
   5.3806497e-01  -5.7600020e+01   6.9851800e+01
   5.3806497e-01  -5.2800009e+01   6.5772700e+01
   5.3806497e-01  -4.7999998e+01   6.1473600e+01
   5.3806497e-01  -4.3199986e+01   5.7069500e+01
   5.3806497e-01  -3.8399975e+01   5.2682100e+01
   5.3806497e-01  -3.3600021e+01   4.8436300e+01
   5.3806497e-01  -2.8800010e+01   4.4457000e+01
   5.3806497e-01  -2.3999999e+01   4.0864200e+01
   5.3806497e-01  -1.9199988e+01   3.7769200e+01
   5.3806497e-01  -1.4399976e+01   3.5270300e+01
   5.3806497e-01  -9.6000224e+00   3.3448200e+01
   5.3806497e-01  -4.7999998e+00   3.2363200e+01
   5.3806497e-01  -1.4312486e-14   3.2051800e+01
   5.3806497e-01   4.7999998e+00   3.2525400e+01
   5.3806497e-01   9.6000224e+00   3.3769400e+01
   5.3806497e-01   1.4399976e+01   3.5743900e+01
   5.3806497e-01   1.9199988e+01   3.8385200e+01
   5.3806497e-01   2.3999999e+01   4.1608900e+01
   5.3806497e-01   2.8800010e+01   4.5313200e+01
   5.3806497e-01   3.3600021e+01   4.9382800e+01
   5.3806497e-01   3.8399975e+01   5.3694200e+01
   5.3806497e-01   4.3199986e+01   5.8119100e+01
   5.3806497e-01   4.7999998e+01   6.2529600e+01
   5.3806497e-01   5.2800009e+01   6.6801600e+01
   5.3806497e-01   5.7600020e+01   7.0818500e+01
   5.3806497e-01   6.2400261e+01   7.4474000e+01
   5.3806497e-01   6.7199928e+01   7.7674700e+01
   5.3806497e-01   7.2000168e+01   8.0341500e+01
   5.3980966e-01  -7.2000168e+01   7.7686500e+01
   5.3980966e-01  -6.7199928e+01   7.4845300e+01
   5.3980966e-01  -6.2400261e+01   7.1507600e+01
   5.3980966e-01  -5.7600020e+01   6.7753100e+01
   5.3980966e-01  -5.2800009e+01   6.3675400e+01
   5.3980966e-01  -4.7999998e+01   5.9379600e+01
   5.3980966e-01  -4.3199986e+01   5.4980300e+01
   5.3980966e-01  -3.8399975e+01   5.0598500e+01
   5.3980966e-01  -3.3600021e+01   4.6359000e+01
   5.3980966e-01  -2.8800010e+01   4.2386000e+01
   5.3980966e-01  -2.3999999e+01   3.8798900e+01
   5.3980966e-01  -1.9199988e+01   3.5708800e+01
   5.3980966e-01  -1.4399976e+01   3.3213200e+01
   5.3980966e-01  -9.6000224e+00   3.1392600e+01
   5.3980966e-01  -4.7999998e+00   3.0307100e+01
   5.3980966e-01  -1.4312486e-14   2.9993000e+01
   5.3980966e-01   4.7999998e+00   3.0461600e+01
   5.3980966e-01   9.6000224e+00   3.1698500e+01
   5.3980966e-01   1.4399976e+01   3.3663900e+01
   5.3980966e-01   1.9199988e+01   3.6294700e+01
   5.3980966e-01   2.3999999e+01   3.9506700e+01
   5.3980966e-01   2.8800010e+01   4.3198500e+01
   5.3980966e-01   3.3600021e+01   4.7255800e+01
   5.3980966e-01   3.8399975e+01   5.1555200e+01
   5.3980966e-01   4.3199986e+01   5.5969300e+01
   5.3980966e-01   4.7999998e+01   6.0370500e+01
   5.3980966e-01   5.2800009e+01   6.4635300e+01
   5.3980966e-01   5.7600020e+01   6.8647500e+01
   5.3980966e-01   6.2400261e+01   7.2301300e+01
   5.3980966e-01   6.7199928e+01   7.5503300e+01
   5.3980966e-01   7.2000168e+01   7.8174900e+01
   5.4155385e-01  -7.2000168e+01   7.5569700e+01
   5.4155385e-01  -6.7199928e+01   7.2722500e+01
   5.4155385e-01  -6.2400261e+01   6.9381400e+01
   5.4155385e-01  -5.7600020e+01   6.5626100e+01
   5.4155385e-01  -5.2800009e+01   6.1549800e+01
   5.4155385e-01  -4.7999998e+01   5.7257300e+01
   5.4155385e-01  -4.3199986e+01   5.2862600e+01
   5.4155385e-01  -3.8399975e+01   4.8486700e+01
   5.4155385e-01  -3.3600021e+01   4.4253400e+01
   5.4155385e-01  -2.8800010e+01   4.0286600e+01
   5.4155385e-01  -2.3999999e+01   3.6705400e+01
   5.4155385e-01  -1.9199988e+01   3.3620000e+01
   5.4155385e-01  -1.4399976e+01   3.1127800e+01
   5.4155385e-01  -9.6000224e+00   2.9308800e+01
   5.4155385e-01  -4.7999998e+00   2.8222800e+01
   5.4155385e-01  -1.4312486e-14   2.7905900e+01
   5.4155385e-01   4.7999998e+00   2.8369600e+01
   5.4155385e-01   9.6000224e+00   2.9599400e+01
   5.4155385e-01   1.4399976e+01   3.1555800e+01
   5.4155385e-01   1.9199988e+01   3.4176000e+01
   5.4155385e-01   2.3999999e+01   3.7376300e+01
   5.4155385e-01   2.8800010e+01   4.1055800e+01
   5.4155385e-01   3.3600021e+01   4.5100600e+01
   5.4155385e-01   3.8399975e+01   4.9388100e+01
   5.4155385e-01   4.3199986e+01   5.3791300e+01
   5.4155385e-01   4.7999998e+01   5.8183300e+01
   5.4155385e-01   5.2800009e+01   6.2440900e+01
   5.4155385e-01   5.7600020e+01   6.6448400e+01
   5.4155385e-01   6.2400261e+01   7.0100400e+01
   5.4155385e-01   6.7199928e+01   7.3303800e+01
   5.4155385e-01   7.2000168e+01   7.5980300e+01
   5.4329754e-01  -7.2000168e+01   7.3436100e+01
   5.4329754e-01  -6.7199928e+01   7.0582900e+01
   5.4329754e-01  -6.2400261e+01   6.7238500e+01
   5.4329754e-01  -5.7600020e+01   6.3482400e+01
   5.4329754e-01  -5.2800009e+01   5.9407600e+01
   5.4329754e-01  -4.7999998e+01   5.5118300e+01
   5.4329754e-01  -4.3199986e+01   5.0728400e+01
   5.4329754e-01  -3.8399975e+01   4.6358200e+01
   5.4329754e-01  -3.3600021e+01   4.2131200e+01
   5.4329754e-01  -2.8800010e+01   3.8170700e+01
   5.4329754e-01  -2.3999999e+01   3.4595200e+01
   5.4329754e-01  -1.9199988e+01   3.1514600e+01
   5.4329754e-01  -1.4399976e+01   2.9025700e+01
   5.4329754e-01  -9.6000224e+00   2.7208400e+01
   5.4329754e-01  -4.7999998e+00   2.6121800e+01
   5.4329754e-01  -1.4312486e-14   2.5802300e+01
   5.4329754e-01   4.7999998e+00   2.6261000e+01
   5.4329754e-01   9.6000224e+00   2.7483700e+01
   5.4329754e-01   1.4399976e+01   2.9431200e+01
   5.4329754e-01   1.9199988e+01   3.2040800e+01
   5.4329754e-01   2.3999999e+01   3.5229300e+01
   5.4329754e-01   2.8800010e+01   3.8896500e+01
   5.4329754e-01   3.3600021e+01   4.2928900e+01
   5.4329754e-01   3.8399975e+01   4.7204500e+01
   5.4329754e-01   4.3199986e+01   5.1596800e+01
   5.4329754e-01   4.7999998e+01   5.5979500e+01
   5.4329754e-01   5.2800009e+01   6.0230000e+01
   5.4329754e-01   5.7600020e+01   6.4232900e+01
   5.4329754e-01   6.2400261e+01   6.7883000e+01
   5.4329754e-01   6.7199928e+01   7.1087900e+01
   5.4329754e-01   7.2000168e+01   7.3769100e+01
   5.4504070e-01  -7.2000168e+01   7.1298000e+01
   5.4504070e-01  -6.7199928e+01   6.8438700e+01
   5.4504070e-01  -6.2400261e+01   6.5091000e+01
   5.4504070e-01  -5.7600020e+01   6.1334200e+01
   5.4504070e-01  -5.2800009e+01   5.7260700e+01
   5.4504070e-01  -4.7999998e+01   5.2974700e+01
   5.4504070e-01  -4.3199986e+01   4.8589500e+01
   5.4504070e-01  -3.8399975e+01   4.4225100e+01
   5.4504070e-01  -3.3600021e+01   4.0004400e+01
   5.4504070e-01  -2.8800010e+01   3.6050200e+01
   5.4504070e-01  -2.3999999e+01   3.2480500e+01
   5.4504070e-01  -1.9199988e+01   2.9404700e+01
   5.4504070e-01  -1.4399976e+01   2.6919200e+01
   5.4504070e-01  -9.6000224e+00   2.5103400e+01
   5.4504070e-01  -4.7999998e+00   2.4016400e+01
   5.4504070e-01  -1.4312486e-14   2.3694200e+01
   5.4504070e-01   4.7999998e+00   2.4147900e+01
   5.4504070e-01   9.6000224e+00   2.5363600e+01
   5.4504070e-01   1.4399976e+01   2.7302000e+01
   5.4504070e-01   1.9199988e+01   2.9901000e+01
   5.4504070e-01   2.3999999e+01   3.3077900e+01
   5.4504070e-01   2.8800010e+01   3.6732700e+01
   5.4504070e-01   3.3600021e+01   4.0752800e+01
   5.4504070e-01   3.8399975e+01   4.5016400e+01
   5.4504070e-01   4.3199986e+01   4.9397900e+01
   5.4504070e-01   4.7999998e+01   5.3771300e+01
   5.4504070e-01   5.2800009e+01   5.8014600e+01
   5.4504070e-01   5.7600020e+01   6.2012800e+01
   5.4504070e-01   6.2400261e+01   6.5661200e+01
   5.4504070e-01   6.7199928e+01   6.8867500e+01
   5.4504070e-01   7.2000168e+01   7.1553500e+01
   5.4678330e-01  -7.2000168e+01   6.9167600e+01
   5.4678330e-01  -6.7199928e+01   6.6302400e+01
   5.4678330e-01  -6.2400261e+01   6.2951400e+01
   5.4678330e-01  -5.7600020e+01   5.9193700e+01
   5.4678330e-01  -5.2800009e+01   5.5121700e+01
   5.4678330e-01  -4.7999998e+01   5.0839000e+01
   5.4678330e-01  -4.3199986e+01   4.6458600e+01
   5.4678330e-01  -3.8399975e+01   4.2099900e+01
   5.4678330e-01  -3.3600021e+01   3.7885500e+01
   5.4678330e-01  -2.8800010e+01   3.3937600e+01
   5.4678330e-01  -2.3999999e+01   3.0373700e+01
   5.4678330e-01  -1.9199988e+01   2.7302700e+01
   5.4678330e-01  -1.4399976e+01   2.4820500e+01
   5.4678330e-01  -9.6000224e+00   2.3006300e+01
   5.4678330e-01  -4.7999998e+00   2.1918800e+01
   5.4678330e-01  -1.4312486e-14   2.1593900e+01
   5.4678330e-01   4.7999998e+00   2.2042800e+01
   5.4678330e-01   9.6000224e+00   2.3251300e+01
   5.4678330e-01   1.4399976e+01   2.5180800e+01
   5.4678330e-01   1.9199988e+01   2.7769200e+01
   5.4678330e-01   2.3999999e+01   3.0934400e+01
   5.4678330e-01   2.8800010e+01   3.4576900e+01
   5.4678330e-01   3.3600021e+01   3.8584500e+01
   5.4678330e-01   3.8399975e+01   4.2836300e+01
   5.4678330e-01   4.3199986e+01   4.7206900e+01
   5.4678330e-01   4.7999998e+01   5.1571100e+01
   5.4678330e-01   5.2800009e+01   5.5807200e+01
   5.4678330e-01   5.7600020e+01   5.9800800e+01
   5.4678330e-01   6.2400261e+01   6.3447400e+01
   5.4678330e-01   6.7199928e+01   6.6655100e+01
   5.4678330e-01   7.2000168e+01   6.9345900e+01
   5.4852534e-01  -7.2000168e+01   6.7057800e+01
   5.4852534e-01  -6.7199928e+01   6.4186600e+01
   5.4852534e-01  -6.2400261e+01   6.0832400e+01
   5.4852534e-01  -5.7600020e+01   5.7073900e+01
   5.4852534e-01  -5.2800009e+01   5.3003300e+01
   5.4852534e-01  -4.7999998e+01   4.8723900e+01
   5.4852534e-01  -4.3199986e+01   4.4348300e+01
   5.4852534e-01  -3.8399975e+01   3.9995400e+01
   5.4852534e-01  -3.3600021e+01   3.5787300e+01
   5.4852534e-01  -2.8800010e+01   3.1845600e+01
   5.4852534e-01  -2.3999999e+01   2.8287500e+01
   5.4852534e-01  -1.9199988e+01   2.5221300e+01
   5.4852534e-01  -1.4399976e+01   2.2742600e+01
   5.4852534e-01  -9.6000224e+00   2.0929900e+01
   5.4852534e-01  -4.7999998e+00   1.9842000e+01
   5.4852534e-01  -1.4312486e-14   1.9514300e+01
   5.4852534e-01   4.7999998e+00   1.9958300e+01
   5.4852534e-01   9.6000224e+00   2.1159700e+01
   5.4852534e-01   1.4399976e+01   2.3080200e+01
   5.4852534e-01   1.9199988e+01   2.5658100e+01
   5.4852534e-01   2.3999999e+01   2.8811600e+01
   5.4852534e-01   2.8800010e+01   3.2441800e+01
   5.4852534e-01   3.3600021e+01   3.6437000e+01
   5.4852534e-01   3.8399975e+01   4.0676900e+01
   5.4852534e-01   4.3199986e+01   4.5036600e+01
   5.4852534e-01   4.7999998e+01   4.9391600e+01
   5.4852534e-01   5.2800009e+01   5.3620500e+01
   5.4852534e-01   5.7600020e+01   5.7609400e+01
   5.4852534e-01   6.2400261e+01   6.1254200e+01
   5.4852534e-01   6.7199928e+01   6.4463300e+01
   5.4852534e-01   7.2000168e+01   6.7158900e+01
   5.5026677e-01  -7.2000168e+01   6.4981900e+01
   5.5026677e-01  -6.7199928e+01   6.2104600e+01
   5.5026677e-01  -6.2400261e+01   5.8747100e+01
   5.5026677e-01  -5.7600020e+01   5.4987900e+01
   5.5026677e-01  -5.2800009e+01   5.0918700e+01
   5.5026677e-01  -4.7999998e+01   4.6642600e+01
   5.5026677e-01  -4.3199986e+01   4.2271700e+01
   5.5026677e-01  -3.8399975e+01   3.7924600e+01
   5.5026677e-01  -3.3600021e+01   3.3722800e+01
   5.5026677e-01  -2.8800010e+01   2.9787400e+01
   5.5026677e-01  -2.3999999e+01   2.6235100e+01
   5.5026677e-01  -1.9199988e+01   2.3173700e+01
   5.5026677e-01  -1.4399976e+01   2.0698300e+01
   5.5026677e-01  -9.6000224e+00   1.8887300e+01
   5.5026677e-01  -4.7999998e+00   1.7798800e+01
   5.5026677e-01  -1.4312486e-14   1.7468500e+01
   5.5026677e-01   4.7999998e+00   1.7907500e+01
   5.5026677e-01   9.6000224e+00   1.9101900e+01
   5.5026677e-01   1.4399976e+01   2.1013400e+01
   5.5026677e-01   1.9199988e+01   2.3580800e+01
   5.5026677e-01   2.3999999e+01   2.6722500e+01
   5.5026677e-01   2.8800010e+01   3.0340400e+01
   5.5026677e-01   3.3600021e+01   3.4323200e+01
   5.5026677e-01   3.8399975e+01   3.8551200e+01
   5.5026677e-01   4.3199986e+01   4.2900100e+01
   5.5026677e-01   4.7999998e+01   4.7245800e+01
   5.5026677e-01   5.2800009e+01   5.1467500e+01
   5.5026677e-01   5.7600020e+01   5.5451800e+01
   5.5026677e-01   6.2400261e+01   5.9094800e+01
   5.5026677e-01   6.7199928e+01   6.2305300e+01
   5.5026677e-01   7.2000168e+01   6.5005700e+01
   5.5200760e-01  -7.2000168e+01   6.2952800e+01
   5.5200760e-01  -6.7199928e+01   6.0069600e+01
   5.5200760e-01  -6.2400261e+01   5.6708800e+01
   5.5200760e-01  -5.7600020e+01   5.2948800e+01
   5.5200760e-01  -5.2800009e+01   4.8881100e+01
   5.5200760e-01  -4.7999998e+01   4.4608300e+01
   5.5200760e-01  -4.3199986e+01   4.0242200e+01
   5.5200760e-01  -3.8399975e+01   3.5900800e+01
   5.5200760e-01  -3.3600021e+01   3.1705300e+01
   5.5200760e-01  -2.8800010e+01   2.7776300e+01
   5.5200760e-01  -2.3999999e+01   2.4229700e+01
   5.5200760e-01  -1.9199988e+01   2.1173200e+01
   5.5200760e-01  -1.4399976e+01   1.8701200e+01
   5.5200760e-01  -9.6000224e+00   1.6891700e+01
   5.5200760e-01  -4.7999998e+00   1.5802800e+01
   5.5200760e-01  -1.4312486e-14   1.5469800e+01
   5.5200760e-01   4.7999998e+00   1.5903800e+01
   5.5200760e-01   9.6000224e+00   1.7091100e+01
   5.5200760e-01   1.4399976e+01   1.8993600e+01
   5.5200760e-01   1.9199988e+01   2.1550400e+01
   5.5200760e-01   2.3999999e+01   2.4680500e+01
   5.5200760e-01   2.8800010e+01   2.8286100e+01
   5.5200760e-01   3.3600021e+01   3.2256500e+01
   5.5200760e-01   3.8399975e+01   3.6472600e+01
   5.5200760e-01   4.3199986e+01   4.0810600e+01
   5.5200760e-01   4.7999998e+01   4.5147000e+01
   5.5200760e-01   5.2800009e+01   4.9361600e+01
   5.5200760e-01   5.7600020e+01   5.3341100e+01
   5.5200760e-01   6.2400261e+01   5.6982400e+01
   5.5200760e-01   6.7199928e+01   6.0194300e+01
   5.5200760e-01   7.2000168e+01   6.2899400e+01
   5.5374778e-01  -7.2000168e+01   6.0984200e+01
   5.5374778e-01  -6.7199928e+01   5.8095100e+01
   5.5374778e-01  -6.2400261e+01   5.4731100e+01
   5.5374778e-01  -5.7600020e+01   5.0970300e+01
   5.5374778e-01  -5.2800009e+01   4.6904000e+01
   5.5374778e-01  -4.7999998e+01   4.2634600e+01
   5.5374778e-01  -4.3199986e+01   3.8273200e+01
   5.5374778e-01  -3.8399975e+01   3.3937700e+01
   5.5374778e-01  -3.3600021e+01   2.9748400e+01
   5.5374778e-01  -2.8800010e+01   2.5825700e+01
   5.5374778e-01  -2.3999999e+01   2.2285000e+01
   5.5374778e-01  -1.9199988e+01   1.9233200e+01
   5.5374778e-01  -1.4399976e+01   1.6764500e+01
   5.5374778e-01  -9.6000224e+00   1.4956700e+01
   5.5374778e-01  -4.7999998e+00   1.3867200e+01
   5.5374778e-01  -1.4312486e-14   1.3531500e+01
   5.5374778e-01   4.7999998e+00   1.3960700e+01
   5.5374778e-01   9.6000224e+00   1.5140900e+01
   5.5374778e-01   1.4399976e+01   1.7034400e+01
   5.5374778e-01   1.9199988e+01   1.9580700e+01
   5.5374778e-01   2.3999999e+01   2.2699100e+01
   5.5374778e-01   2.8800010e+01   2.6292300e+01
   5.5374778e-01   3.3600021e+01   3.0250300e+01
   5.5374778e-01   3.8399975e+01   3.4454500e+01
   5.5374778e-01   4.3199986e+01   3.8781700e+01
   5.5374778e-01   4.7999998e+01   4.3108800e+01
   5.5374778e-01   5.2800009e+01   4.7316100e+01
   5.5374778e-01   5.7600020e+01   5.1291000e+01
   5.5374778e-01   6.2400261e+01   5.4930500e+01
   5.5374778e-01   6.7199928e+01   5.8143700e+01
   5.5374778e-01   7.2000168e+01   6.0853700e+01
   5.5548731e-01  -7.2000168e+01   5.9089800e+01
   5.5548731e-01  -6.7199928e+01   5.6194800e+01
   5.5548731e-01  -6.2400261e+01   5.2827500e+01
   5.5548731e-01  -5.7600020e+01   4.9066100e+01
   5.5548731e-01  -5.2800009e+01   4.5001200e+01
   5.5548731e-01  -4.7999998e+01   4.0735100e+01
   5.5548731e-01  -4.3199986e+01   3.6378500e+01
   5.5548731e-01  -3.8399975e+01   3.2048700e+01
   5.5548731e-01  -3.3600021e+01   2.7865800e+01
   5.5548731e-01  -2.8800010e+01   2.3949400e+01
   5.5548731e-01  -2.3999999e+01   2.0414400e+01
   5.5548731e-01  -1.9199988e+01   1.7367400e+01
   5.5548731e-01  -1.4399976e+01   1.4902200e+01
   5.5548731e-01  -9.6000224e+00   1.3095800e+01
   5.5548731e-01  -4.7999998e+00   1.2006000e+01
   5.5548731e-01  -1.4312486e-14   1.1667600e+01
   5.5548731e-01   4.7999998e+00   1.2091700e+01
   5.5548731e-01   9.6000224e+00   1.3264900e+01
   5.5548731e-01   1.4399976e+01   1.5149400e+01
   5.5548731e-01   1.9199988e+01   1.7685100e+01
   5.5548731e-01   2.3999999e+01   2.0791800e+01
   5.5548731e-01   2.8800010e+01   2.4372700e+01
   5.5548731e-01   3.3600021e+01   2.8318300e+01
   5.5548731e-01   3.8399975e+01   3.2510500e+01
   5.5548731e-01   4.3199986e+01   3.6826900e+01
   5.5548731e-01   4.7999998e+01   4.1144700e+01
   5.5548731e-01   5.2800009e+01   4.5344800e+01
   5.5548731e-01   5.7600020e+01   4.9315000e+01
   5.5548731e-01   6.2400261e+01   5.2952700e+01
   5.5548731e-01   6.7199928e+01   5.6167300e+01
   5.5548731e-01   7.2000168e+01   5.8882000e+01
   5.5722616e-01  -7.2000168e+01   5.7283400e+01
   5.5722616e-01  -6.7199928e+01   5.4382400e+01
   5.5722616e-01  -6.2400261e+01   5.1011900e+01
   5.5722616e-01  -5.7600020e+01   4.7249700e+01
   5.5722616e-01  -5.2800009e+01   4.3186400e+01
   5.5722616e-01  -4.7999998e+01   3.8923500e+01
   5.5722616e-01  -4.3199986e+01   3.4571800e+01
   5.5722616e-01  -3.8399975e+01   3.0247800e+01
   5.5722616e-01  -3.3600021e+01   2.6071200e+01
   5.5722616e-01  -2.8800010e+01   2.2161000e+01
   5.5722616e-01  -2.3999999e+01   1.8631900e+01
   5.5722616e-01  -1.9199988e+01   1.5589700e+01
   5.5722616e-01  -1.4399976e+01   1.3127800e+01
   5.5722616e-01  -9.6000224e+00   1.1323100e+01
   5.5722616e-01  -4.7999998e+00   1.0232700e+01
   5.5722616e-01  -1.4312486e-14   9.8915600e+00
   5.5722616e-01   4.7999998e+00   1.0310800e+01
   5.5722616e-01   9.6000224e+00   1.1476900e+01
   5.5722616e-01   1.4399976e+01   1.3352400e+01
   5.5722616e-01   1.9199988e+01   1.5877500e+01
   5.5722616e-01   2.3999999e+01   1.8972500e+01
   5.5722616e-01   2.8800010e+01   2.2541100e+01
   5.5722616e-01   3.3600021e+01   2.6474300e+01
   5.5722616e-01   3.8399975e+01   3.0654500e+01
   5.5722616e-01   4.3199986e+01   3.4960000e+01
   5.5722616e-01   4.7999998e+01   3.9268500e+01
   5.5722616e-01   5.2800009e+01   4.3461400e+01
   5.5722616e-01   5.7600020e+01   4.7426900e+01
   5.5722616e-01   6.2400261e+01   5.1062800e+01
   5.5722616e-01   6.7199928e+01   5.4278700e+01
   5.5722616e-01   7.2000168e+01   5.6998200e+01
   5.5896430e-01  -7.2000168e+01   5.5578800e+01
   5.5896430e-01  -6.7199928e+01   5.2671900e+01
   5.5896430e-01  -6.2400261e+01   4.9298200e+01
   5.5896430e-01  -5.7600020e+01   4.5535200e+01
   5.5896430e-01  -5.2800009e+01   4.1473400e+01
   5.5896430e-01  -4.7999998e+01   3.7213900e+01
   5.5896430e-01  -4.3199986e+01   3.2867000e+01
   5.5896430e-01  -3.8399975e+01   2.8548700e+01
   5.5896430e-01  -3.3600021e+01   2.4378400e+01
   5.5896430e-01  -2.8800010e+01   2.0474600e+01
   5.5896430e-01  -2.3999999e+01   1.6951300e+01
   5.5896430e-01  -1.9199988e+01   1.3913900e+01
   5.5896430e-01  -1.4399976e+01   1.1455300e+01
   5.5896430e-01  -9.6000224e+00   9.6521200e+00
   5.5896430e-01  -4.7999998e+00   8.5612300e+00
   5.5896430e-01  -1.4312486e-14   8.2174200e+00
   5.5896430e-01   4.7999998e+00   8.6317000e+00
   5.5896430e-01   9.6000224e+00   9.7907100e+00
   5.5896430e-01   1.4399976e+01   1.1657200e+01
   5.5896430e-01   1.9199988e+01   1.4171800e+01
   5.5896430e-01   2.3999999e+01   1.7255000e+01
   5.5896430e-01   2.8800010e+01   2.0811300e+01
   5.5896430e-01   3.3600021e+01   2.4732000e+01
   5.5896430e-01   3.8399975e+01   2.8900300e+01
   5.5896430e-01   4.3199986e+01   3.3194800e+01
   5.5896430e-01   4.7999998e+01   3.7494000e+01
   5.5896430e-01   5.2800009e+01   4.1679700e+01
   5.5896430e-01   5.7600020e+01   4.5640500e+01
   5.5896430e-01   6.2400261e+01   4.9274500e+01
   5.5896430e-01   6.7199928e+01   5.2491800e+01
   5.5896430e-01   7.2000168e+01   5.5216000e+01
   5.6070173e-01  -7.2000168e+01   5.3989800e+01
   5.6070173e-01  -6.7199928e+01   5.1077000e+01
   5.6070173e-01  -6.2400261e+01   4.7700100e+01
   5.6070173e-01  -5.7600020e+01   4.3936500e+01
   5.6070173e-01  -5.2800009e+01   3.9876100e+01
   5.6070173e-01  -4.7999998e+01   3.5620000e+01
   5.6070173e-01  -4.3199986e+01   3.1277800e+01
   5.6070173e-01  -3.8399975e+01   2.6965400e+01
   5.6070173e-01  -3.3600021e+01   2.2801400e+01
   5.6070173e-01  -2.8800010e+01   1.8903900e+01
   5.6070173e-01  -2.3999999e+01   1.5386400e+01
   5.6070173e-01  -1.9199988e+01   1.2353800e+01
   5.6070173e-01  -1.4399976e+01   9.8985500e+00
   5.6070173e-01  -9.6000224e+00   8.0969200e+00
   5.6070173e-01  -4.7999998e+00   7.0055300e+00
   5.6070173e-01  -1.4312486e-14   6.6590000e+00
   5.6070173e-01   4.7999998e+00   7.0683200e+00
   5.6070173e-01   9.6000224e+00   8.2202200e+00
   5.6070173e-01   1.4399976e+01   1.0077700e+01
   5.6070173e-01   1.9199988e+01   1.2581700e+01
   5.6070173e-01   2.3999999e+01   1.5653200e+01
   5.6070173e-01   2.8800010e+01   1.9197100e+01
   5.6070173e-01   3.3600021e+01   2.3105400e+01
   5.6070173e-01   3.8399975e+01   2.7261700e+01
   5.6070173e-01   4.3199986e+01   3.1545300e+01
   5.6070173e-01   4.7999998e+01   3.5835200e+01
   5.6070173e-01   5.2800009e+01   4.0013600e+01
   5.6070173e-01   5.7600020e+01   4.3969700e+01
   5.6070173e-01   6.2400261e+01   4.7601800e+01
   5.6070173e-01   6.7199928e+01   5.0820400e+01
   5.6070173e-01   7.2000168e+01   5.3549300e+01
   5.6243841e-01  -7.2000168e+01   5.2530400e+01
   5.6243841e-01  -6.7199928e+01   4.9611700e+01
   5.6243841e-01  -6.2400261e+01   4.6231600e+01
   5.6243841e-01  -5.7600020e+01   4.2467300e+01
   5.6243841e-01  -5.2800009e+01   3.8408400e+01
   5.6243841e-01  -4.7999998e+01   3.4155700e+01
   5.6243841e-01  -4.3199986e+01   2.9818400e+01
   5.6243841e-01  -3.8399975e+01   2.5511700e+01
   5.6243841e-01  -3.3600021e+01   2.1354100e+01
   5.6243841e-01  -2.8800010e+01   1.7462800e+01
   5.6243841e-01  -2.3999999e+01   1.3951100e+01
   5.6243841e-01  -1.9199988e+01   1.0923300e+01
   5.6243841e-01  -1.4399976e+01   8.4714100e+00
   5.6243841e-01  -9.6000224e+00   6.6713300e+00
   5.6243841e-01  -4.7999998e+00   5.5794300e+00
   5.6243841e-01  -1.4312486e-14   5.2301600e+00
   5.6243841e-01   4.7999998e+00   5.6345100e+00
   5.6243841e-01   9.6000224e+00   6.7793100e+00
   5.6243841e-01   1.4399976e+01   8.6277900e+00
   5.6243841e-01   1.9199988e+01   1.1121100e+01
   5.6243841e-01   2.3999999e+01   1.4180900e+01
   5.6243841e-01   2.8800010e+01   1.7712400e+01
   5.6243841e-01   3.3600021e+01   2.1608200e+01
   5.6243841e-01   3.8399975e+01   2.5752600e+01
   5.6243841e-01   4.3199986e+01   3.0025300e+01
   5.6243841e-01   4.7999998e+01   3.4305800e+01
   5.6243841e-01   5.2800009e+01   3.8476900e+01
   5.6243841e-01   5.7600020e+01   4.2428200e+01
   5.6243841e-01   6.2400261e+01   4.6058500e+01
   5.6243841e-01   6.7199928e+01   4.9278400e+01
   5.6243841e-01   7.2000168e+01   5.2012000e+01
   5.6417432e-01  -7.2000168e+01   5.1214300e+01
   5.6417432e-01  -6.7199928e+01   4.8289800e+01
   5.6417432e-01  -6.2400261e+01   4.4906500e+01
   5.6417432e-01  -5.7600020e+01   4.1141500e+01
   5.6417432e-01  -5.2800009e+01   3.7084100e+01
   5.6417432e-01  -4.7999998e+01   3.2834800e+01
   5.6417432e-01  -4.3199986e+01   2.8502300e+01
   5.6417432e-01  -3.8399975e+01   2.4201500e+01
   5.6417432e-01  -3.3600021e+01   2.0050100e+01
   5.6417432e-01  -2.8800010e+01   1.6165200e+01
   5.6417432e-01  -2.3999999e+01   1.2659200e+01
   5.6417432e-01  -1.9199988e+01   9.6361900e+00
   5.6417432e-01  -1.4399976e+01   7.1876900e+00
   5.6417432e-01  -9.6000224e+00   5.3891600e+00
   5.6417432e-01  -4.7999998e+00   4.2967300e+00
   5.6417432e-01  -1.4312486e-14   3.9447300e+00
   5.6417432e-01   4.7999998e+00   4.3441000e+00
   5.6417432e-01   9.6000224e+00   5.4817800e+00
   5.6417432e-01   1.4399976e+01   7.3212200e+00
   5.6417432e-01   1.9199988e+01   9.8039600e+00
   5.6417432e-01   2.3999999e+01   1.2852000e+01
   5.6417432e-01   2.8800010e+01   1.6371100e+01
   5.6417432e-01   3.3600021e+01   2.0254400e+01
   5.6417432e-01   3.8399975e+01   2.4386800e+01
   5.6417432e-01   4.3199986e+01   2.8648500e+01
   5.6417432e-01   4.7999998e+01   3.2919600e+01
   5.6417432e-01   5.2800009e+01   3.7083500e+01
   5.6417432e-01   5.7600020e+01   4.1029900e+01
   5.6417432e-01   6.2400261e+01   4.4658300e+01
   5.6417432e-01   6.7199928e+01   4.7879500e+01
   5.6417432e-01   7.2000168e+01   5.0617800e+01
   5.6590945e-01  -7.2000168e+01   5.0055300e+01
   5.6590945e-01  -6.7199928e+01   4.7124800e+01
   5.6590945e-01  -6.2400261e+01   4.3738400e+01
   5.6590945e-01  -5.7600020e+01   3.9972800e+01
   5.6590945e-01  -5.2800009e+01   3.5917000e+01
   5.6590945e-01  -4.7999998e+01   3.1671000e+01
   5.6590945e-01  -4.3199986e+01   2.7343300e+01
   5.6590945e-01  -3.8399975e+01   2.3048400e+01
   5.6590945e-01  -3.3600021e+01   1.8903400e+01
   5.6590945e-01  -2.8800010e+01   1.5024700e+01
   5.6590945e-01  -2.3999999e+01   1.1524500e+01
   5.6590945e-01  -1.9199988e+01   8.5062900e+00
   5.6590945e-01  -1.4399976e+01   6.0611200e+00
   5.6590945e-01  -9.6000224e+00   4.2641300e+00
   5.6590945e-01  -4.7999998e+00   3.1711700e+00
   5.6590945e-01  -1.4312486e-14   2.8164300e+00
   5.6590945e-01   4.7999998e+00   3.2108100e+00
   5.6590945e-01   9.6000224e+00   4.3413500e+00
   5.6590945e-01   1.4399976e+01   6.1717500e+00
   5.6590945e-01   1.9199988e+01   8.6438500e+00
   5.6590945e-01   2.3999999e+01   1.1680100e+01
   5.6590945e-01   2.8800010e+01   1.5186800e+01
   5.6590945e-01   3.3600021e+01   1.9057600e+01
   5.6590945e-01   3.8399975e+01   2.3177900e+01
   5.6590945e-01   4.3199986e+01   2.7428700e+01
   5.6590945e-01   4.7999998e+01   3.1690400e+01
   5.6590945e-01   5.2800009e+01   3.5847000e+01
   5.6590945e-01   5.7600020e+01   3.9788600e+01
   5.6590945e-01   6.2400261e+01   4.3415100e+01
   5.6590945e-01   6.7199928e+01   4.6637400e+01
   5.6590945e-01   7.2000168e+01   4.9380400e+01
   5.6764377e-01  -7.2000168e+01   4.9066800e+01
   5.6764377e-01  -6.7199928e+01   4.6130600e+01
   5.6764377e-01  -6.2400261e+01   4.2741100e+01
   5.6764377e-01  -5.7600020e+01   3.8974800e+01
   5.6764377e-01  -5.2800009e+01   3.4920500e+01
   5.6764377e-01  -4.7999998e+01   3.0678000e+01
   5.6764377e-01  -4.3199986e+01   2.6355200e+01
   5.6764377e-01  -3.8399975e+01   2.2066000e+01
   5.6764377e-01  -3.3600021e+01   1.7927300e+01
   5.6764377e-01  -2.8800010e+01   1.4055000e+01
   5.6764377e-01  -2.3999999e+01   1.0560600e+01
   5.6764377e-01  -1.9199988e+01   7.5471500e+00
   5.6764377e-01  -1.4399976e+01   5.1053100e+00
   5.6764377e-01  -9.6000224e+00   3.3098500e+00
   5.6764377e-01  -4.7999998e+00   2.2163600e+00
   5.6764377e-01  -1.4312486e-14   1.8588600e+00
   5.6764377e-01   4.7999998e+00   2.2482300e+00
   5.6764377e-01   9.6000224e+00   3.3716300e+00
   5.6764377e-01   1.4399976e+01   5.1929600e+00
   5.6764377e-01   1.9199988e+01   7.6544200e+00
   5.6764377e-01   2.3999999e+01   1.0678900e+01
   5.6764377e-01   2.8800010e+01   1.4173100e+01
   5.6764377e-01   3.3600021e+01   1.8031500e+01
   5.6764377e-01   3.8399975e+01   2.2139700e+01
   5.6764377e-01   4.3199986e+01   2.6379500e+01
   5.6764377e-01   4.7999998e+01   3.0631800e+01
   5.6764377e-01   5.2800009e+01   3.4780900e+01
   5.6764377e-01   5.7600020e+01   3.8717700e+01
   5.6764377e-01   6.2400261e+01   4.2342200e+01
   5.6764377e-01   6.7199928e+01   4.5565800e+01
   5.6764377e-01   7.2000168e+01   4.8313300e+01
   5.6937727e-01  -7.2000168e+01   4.8262500e+01
   5.6937727e-01  -6.7199928e+01   4.5320400e+01
   5.6937727e-01  -6.2400261e+01   4.1927800e+01
   5.6937727e-01  -5.7600020e+01   3.8160900e+01
   5.6937727e-01  -5.2800009e+01   3.4108200e+01
   5.6937727e-01  -4.7999998e+01   2.9869100e+01
   5.6937727e-01  -4.3199986e+01   2.5551100e+01
   5.6937727e-01  -3.8399975e+01   2.1267900e+01
   5.6937727e-01  -3.3600021e+01   1.7135500e+01
   5.6937727e-01  -2.8800010e+01   1.3269500e+01
   5.6937727e-01  -2.3999999e+01   9.7809100e+00
   5.6937727e-01  -1.9199988e+01   6.7722000e+00
   5.6937727e-01  -1.4399976e+01   4.3337000e+00
   5.6937727e-01  -9.6000224e+00   2.5397600e+00
   5.6937727e-01  -4.7999998e+00   1.4457200e+00
   5.6937727e-01  -1.4312486e-14   1.0854500e+00
   5.6937727e-01   4.7999998e+00   1.4698100e+00
   5.6937727e-01   9.6000224e+00   2.5860400e+00
   5.6937727e-01   1.4399976e+01   4.3983000e+00
   5.6937727e-01   1.9199988e+01   6.8491100e+00
   5.6937727e-01   2.3999999e+01   9.8617800e+00
   5.6937727e-01   2.8800010e+01   1.3343600e+01
   5.6937727e-01   3.3600021e+01   1.7189300e+01
   5.6937727e-01   3.8399975e+01   2.1285500e+01
   5.6937727e-01   4.3199986e+01   2.5514200e+01
   5.6937727e-01   4.7999998e+01   2.9757000e+01
   5.6937727e-01   5.2800009e+01   3.3898800e+01
   5.6937727e-01   5.7600020e+01   3.7830800e+01
   5.6937727e-01   6.2400261e+01   4.1453200e+01
   5.6937727e-01   6.7199928e+01   4.4678000e+01
   5.6937727e-01   7.2000168e+01   4.7430100e+01
   5.7110991e-01  -7.2000168e+01   4.7655400e+01
   5.7110991e-01  -6.7199928e+01   4.4707600e+01
   5.7110991e-01  -6.2400261e+01   4.1311900e+01
   5.7110991e-01  -5.7600020e+01   3.7544400e+01
   5.7110991e-01  -5.2800009e+01   3.3493300e+01
   5.7110991e-01  -4.7999998e+01   2.9257600e+01
   5.7110991e-01  -4.3199986e+01   2.4944600e+01
   5.7110991e-01  -3.8399975e+01   2.0667200e+01
   5.7110991e-01  -3.3600021e+01   1.6541100e+01
   5.7110991e-01  -2.8800010e+01   1.2681500e+01
   5.7110991e-01  -2.3999999e+01   9.1986400e+00
   5.7110991e-01  -1.9199988e+01   6.1947100e+00
   5.7110991e-01  -1.4399976e+01   3.7595200e+00
   5.7110991e-01  -9.6000224e+00   1.9670900e+00
   5.7110991e-01  -4.7999998e+00   8.7249700e-01
   5.7110991e-01  -1.4312486e-14   5.0945300e-01
   5.7110991e-01   4.7999998e+00   8.8878600e-01
   5.7110991e-01   9.6000224e+00   1.9978500e+00
   5.7110991e-01   1.4399976e+01   3.8010200e+00
   5.7110991e-01   1.9199988e+01   6.2411500e+00
   5.7110991e-01   2.3999999e+01   9.2420000e+00
   5.7110991e-01   2.8800010e+01   1.2711300e+01
   5.7110991e-01   3.3600021e+01   1.6544500e+01
   5.7110991e-01   3.8399975e+01   2.0628600e+01
   5.7110991e-01   4.3199986e+01   2.4846200e+01
   5.7110991e-01   4.7999998e+01   2.9079500e+01
   5.7110991e-01   5.2800009e+01   3.3213900e+01
   5.7110991e-01   5.7600020e+01   3.7140900e+01
   5.7110991e-01   6.2400261e+01   4.0761300e+01
   5.7110991e-01   6.7199928e+01   4.3987200e+01
   5.7110991e-01   7.2000168e+01   4.6743800e+01
   5.7284168e-01  -7.2000168e+01   4.7258600e+01
   5.7284168e-01  -6.7199928e+01   4.4305000e+01
   5.7284168e-01  -6.2400261e+01   4.0906300e+01
   5.7284168e-01  -5.7600020e+01   3.7138200e+01
   5.7284168e-01  -5.2800009e+01   3.3088800e+01
   5.7284168e-01  -4.7999998e+01   2.8856600e+01
   5.7284168e-01  -4.3199986e+01   2.4548400e+01
   5.7284168e-01  -3.8399975e+01   2.0276900e+01
   5.7284168e-01  -3.3600021e+01   1.6157200e+01
   5.7284168e-01  -2.8800010e+01   1.2303900e+01
   5.7284168e-01  -2.3999999e+01   8.8268300e+00
   5.7284168e-01  -1.9199988e+01   5.8276700e+00
   5.7284168e-01  -1.4399976e+01   3.3958000e+00
   5.7284168e-01  -9.6000224e+00   1.6048800e+00
   5.7284168e-01  -4.7999998e+00   5.0971600e-01
   5.7284168e-01  -1.4312486e-14   1.4388300e-01
   5.7284168e-01   4.7999998e+00   5.1817800e-01
   5.7284168e-01   9.6000224e+00   1.6200600e+00
   5.7284168e-01   1.4399976e+01   3.4141200e+00
   5.7284168e-01   1.9199988e+01   5.8435600e+00
   5.7284168e-01   2.3999999e+01   8.8325500e+00
   5.7284168e-01   2.8800010e+01   1.2289400e+01
   5.7284168e-01   3.3600021e+01   1.6110000e+01
   5.7284168e-01   3.8399975e+01   2.0181900e+01
   5.7284168e-01   4.3199986e+01   2.4388400e+01
   5.7284168e-01   4.7999998e+01   2.8612200e+01
   5.7284168e-01   5.2800009e+01   3.2739100e+01
   5.7284168e-01   5.7600020e+01   3.6661200e+01
   5.7284168e-01   6.2400261e+01   4.0279500e+01
   5.7284168e-01   6.7199928e+01   4.3506500e+01
   5.7284168e-01   7.2000168e+01   4.6267600e+01
   5.7457256e-01  -7.2000168e+01   4.7084800e+01
   5.7457256e-01  -6.7199928e+01   4.4125600e+01
   5.7457256e-01  -6.2400261e+01   4.0723800e+01
   5.7457256e-01  -5.7600020e+01   3.6955200e+01
   5.7457256e-01  -5.2800009e+01   3.2907400e+01
   5.7457256e-01  -4.7999998e+01   2.8678700e+01
   5.7457256e-01  -4.3199986e+01   2.4375400e+01
   5.7457256e-01  -3.8399975e+01   2.0109800e+01
   5.7457256e-01  -3.3600021e+01   1.5996500e+01
   5.7457256e-01  -2.8800010e+01   1.2149500e+01
   5.7457256e-01  -2.3999999e+01   8.6782300e+00
   5.7457256e-01  -1.9199988e+01   5.6838400e+00
   5.7457256e-01  -1.4399976e+01   3.2552900e+00
   5.7457256e-01  -9.6000224e+00   1.4658700e+00
   5.7457256e-01  -4.7999998e+00   3.7013100e-01
   5.7457256e-01  -1.4312486e-14   1.4991800e-03
   5.7457256e-01   4.7999998e+00   3.7074300e-01
   5.7457256e-01   9.6000224e+00   1.4654200e+00
   5.7457256e-01   1.4399976e+01   3.2503600e+00
   5.7457256e-01   1.9199988e+01   5.6690900e+00
   5.7457256e-01   2.3999999e+01   8.6462200e+00
   5.7457256e-01   2.8800010e+01   1.2090500e+01
   5.7457256e-01   3.3600021e+01   1.5898500e+01
   5.7457256e-01   3.8399975e+01   1.9958300e+01
   5.7457256e-01   4.3199986e+01   2.4153700e+01
   5.7457256e-01   4.7999998e+01   2.8367900e+01
   5.7457256e-01   5.2800009e+01   3.2487300e+01
   5.7457256e-01   5.7600020e+01   3.6404300e+01
   5.7457256e-01   6.2400261e+01   4.0020500e+01
   5.7457256e-01   6.7199928e+01   4.3248600e+01
   5.7457256e-01   7.2000168e+01   4.6014100e+01
   5.7630253e-01  -7.2000168e+01   4.7146500e+01
   5.7630253e-01  -6.7199928e+01   4.4181600e+01
   5.7630253e-01  -6.2400261e+01   4.0776900e+01
   5.7630253e-01  -5.7600020e+01   3.7007800e+01
   5.7630253e-01  -5.2800009e+01   3.2961700e+01
   5.7630253e-01  -4.7999998e+01   2.8736500e+01
   5.7630253e-01  -4.3199986e+01   2.4438200e+01
   5.7630253e-01  -3.8399975e+01   2.0178400e+01
   5.7630253e-01  -3.3600021e+01   1.6071500e+01
   5.7630253e-01  -2.8800010e+01   1.2230800e+01
   5.7630253e-01  -2.3999999e+01   8.7653300e+00
   5.7630253e-01  -1.9199988e+01   5.7757100e+00
   5.7630253e-01  -1.4399976e+01   3.3504600e+00
   5.7630253e-01  -9.6000224e+00   1.5625400e+00
   5.7630253e-01  -4.7999998e+00   4.6621400e-01
   5.7630253e-01  -1.4312486e-14   9.4771700e-02
   5.7630253e-01   4.7999998e+00   4.5895200e-01
   5.7630253e-01   9.6000224e+00   1.5464200e+00
   5.7630253e-01   1.4399976e+01   3.3222100e+00
   5.7630253e-01   1.9199988e+01   5.7302100e+00
   5.7630253e-01   2.3999999e+01   8.6954600e+00
   5.7630253e-01   2.8800010e+01   1.2127200e+01
   5.7630253e-01   3.3600021e+01   1.5922500e+01
   5.7630253e-01   3.8399975e+01   1.9970100e+01
   5.7630253e-01   4.3199986e+01   2.4154300e+01
   5.7630253e-01   4.7999998e+01   2.8359000e+01
   5.7630253e-01   5.2800009e+01   3.2470800e+01
   5.7630253e-01   5.7600020e+01   3.6382800e+01
   5.7630253e-01   6.2400261e+01   3.9996800e+01
   5.7630253e-01   6.7199928e+01   4.3225900e+01
   5.7630253e-01   7.2000168e+01   4.5995800e+01
   5.7803156e-01  -7.2000168e+01   4.7455700e+01
   5.7803156e-01  -6.7199928e+01   4.4485200e+01
   5.7803156e-01  -6.2400261e+01   4.1077600e+01
   5.7803156e-01  -5.7600020e+01   3.7308000e+01
   5.7803156e-01  -5.2800009e+01   3.3263600e+01
   5.7803156e-01  -4.7999998e+01   2.9042000e+01
   5.7803156e-01  -4.3199986e+01   2.4748600e+01
   5.7803156e-01  -3.8399975e+01   2.0494800e+01
   5.7803156e-01  -3.3600021e+01   1.6394300e+01
   5.7803156e-01  -2.8800010e+01   1.2559900e+01
   5.7803156e-01  -2.3999999e+01   9.1002700e+00
   5.7803156e-01  -1.9199988e+01   6.1154200e+00
   5.7803156e-01  -1.4399976e+01   3.6934800e+00
   5.7803156e-01  -9.6000224e+00   1.9070400e+00
   5.7803156e-01  -4.7999998e+00   8.1012300e-01
   5.7803156e-01  -1.4312486e-14   4.3585900e-01
   5.7803156e-01   4.7999998e+00   7.9496500e-01
   5.7803156e-01   9.6000224e+00   1.8752000e+00
   5.7803156e-01   1.4399976e+01   3.6418400e+00
   5.7803156e-01   1.9199988e+01   6.0391000e+00
   5.7803156e-01   2.3999999e+01   8.9924300e+00
   5.7803156e-01   2.8800010e+01   1.2411600e+01
   5.7803156e-01   3.3600021e+01   1.6194200e+01
   5.7803156e-01   3.8399975e+01   2.0229600e+01
   5.7803156e-01   4.3199986e+01   2.4402600e+01
   5.7803156e-01   4.7999998e+01   2.8597600e+01
   5.7803156e-01   5.2800009e+01   3.2701800e+01
   5.7803156e-01   5.7600020e+01   3.6608700e+01
   5.7803156e-01   6.2400261e+01   4.0220500e+01
   5.7803156e-01   6.7199928e+01   4.3450500e+01
   5.7803156e-01   7.2000168e+01   4.6224800e+01
   5.7975964e-01  -7.2000168e+01   4.8024400e+01
   5.7975964e-01  -6.7199928e+01   4.5048300e+01
   5.7975964e-01  -6.2400261e+01   4.1637800e+01
   5.7975964e-01  -5.7600020e+01   3.7867800e+01
   5.7975964e-01  -5.2800009e+01   3.3825200e+01
   5.7975964e-01  -4.7999998e+01   2.9607100e+01
   5.7975964e-01  -4.3199986e+01   2.5318700e+01
   5.7975964e-01  -3.8399975e+01   2.1070800e+01
   5.7975964e-01  -3.3600021e+01   1.6976700e+01
   5.7975964e-01  -2.8800010e+01   1.3148700e+01
   5.7975964e-01  -2.3999999e+01   9.6948700e+00
   5.7975964e-01  -1.9199988e+01   6.7147800e+00
   5.7975964e-01  -1.4399976e+01   4.2961500e+00
   5.7975964e-01  -9.6000224e+00   2.5111900e+00
   5.7975964e-01  -4.7999998e+00   1.4136800e+00
   5.7975964e-01  -1.4312486e-14   1.0365800e+00
   5.7975964e-01   4.7999998e+00   1.3906000e+00
   5.7975964e-01   9.6000224e+00   2.4636000e+00
   5.7975964e-01   1.4399976e+01   4.2210600e+00
   5.7975964e-01   1.9199988e+01   6.6075500e+00
   5.7975964e-01   2.3999999e+01   9.5489500e+00
   5.7975964e-01   2.8800010e+01   1.2955500e+01
   5.7975964e-01   3.3600021e+01   1.6725500e+01
   5.7975964e-01   3.8399975e+01   2.0748600e+01
   5.7975964e-01   4.3199986e+01   2.4910300e+01
   5.7975964e-01   4.7999998e+01   2.9095600e+01
   5.7975964e-01   5.2800009e+01   3.3192200e+01
   5.7975964e-01   5.7600020e+01   3.7094000e+01
   5.7975964e-01   6.2400261e+01   4.0703500e+01
   5.7975964e-01   6.7199928e+01   4.3934400e+01
   5.7975964e-01   7.2000168e+01   4.6713000e+01
   5.8148674e-01  -7.2000168e+01   4.8863900e+01
   5.8148674e-01  -6.7199928e+01   4.5882300e+01
   5.8148674e-01  -6.2400261e+01   4.2469000e+01
   5.8148674e-01  -5.7600020e+01   3.8698600e+01
   5.8148674e-01  -5.2800009e+01   3.4657800e+01
   5.8148674e-01  -4.7999998e+01   3.0443300e+01
   5.8148674e-01  -4.3199986e+01   2.6159900e+01
   5.8148674e-01  -3.8399975e+01   2.1918000e+01
   5.8148674e-01  -3.3600021e+01   1.7830200e+01
   5.8148674e-01  -2.8800010e+01   1.4008600e+01
   5.8148674e-01  -2.3999999e+01   1.0560600e+01
   5.8148674e-01  -1.9199988e+01   7.5852700e+00
   5.8148674e-01  -1.4399976e+01   5.1699300e+00
   5.8148674e-01  -9.6000224e+00   3.3864500e+00
   5.8148674e-01  -4.7999998e+00   2.2883300e+00
   5.8148674e-01  -1.4312486e-14   1.9083900e+00
   5.8148674e-01   4.7999998e+00   2.2573100e+00
   5.8148674e-01   9.6000224e+00   3.3230600e+00
   5.8148674e-01   1.4399976e+01   5.0713400e+00
   5.8148674e-01   1.9199988e+01   7.4470400e+00
   5.8148674e-01   2.3999999e+01   1.0376500e+01
   5.8148674e-01   2.8800010e+01   1.3770400e+01
   5.8148674e-01   3.3600021e+01   1.7527600e+01
   5.8148674e-01   3.8399975e+01   2.1538400e+01
   5.8148674e-01   4.3199986e+01   2.5688900e+01
   5.8148674e-01   4.7999998e+01   2.9864500e+01
   5.8148674e-01   5.2800009e+01   3.3953400e+01
   5.8148674e-01   5.7600020e+01   3.7849900e+01
   5.8148674e-01   6.2400261e+01   4.1457100e+01
   5.8148674e-01   6.7199928e+01   4.4688800e+01
   5.8148674e-01   7.2000168e+01   4.7471700e+01
   5.8321284e-01  -7.2000168e+01   4.9985300e+01
   5.8321284e-01  -6.7199928e+01   4.6998200e+01
   5.8321284e-01  -6.2400261e+01   4.3582000e+01
   5.8321284e-01  -5.7600020e+01   3.9811300e+01
   5.8321284e-01  -5.2800009e+01   3.5772300e+01
   5.8321284e-01  -4.7999998e+01   3.1561500e+01
   5.8321284e-01  -4.3199986e+01   2.7283200e+01
   5.8321284e-01  -3.8399975e+01   2.3047200e+01
   5.8321284e-01  -3.3600021e+01   1.8965900e+01
   5.8321284e-01  -2.8800010e+01   1.5150700e+01
   5.8321284e-01  -2.3999999e+01   1.1708500e+01
   5.8321284e-01  -1.9199988e+01   8.7379400e+00
   5.8321284e-01  -1.4399976e+01   6.3259100e+00
   5.8321284e-01  -9.6000224e+00   4.5439000e+00
   5.8321284e-01  -4.7999998e+00   3.4451600e+00
   5.8321284e-01  -1.4312486e-14   3.0623700e+00
   5.8321284e-01   4.7999998e+00   3.4061800e+00
   5.8321284e-01   9.6000224e+00   4.4646500e+00
   5.8321284e-01   1.4399976e+01   6.2037300e+00
   5.8321284e-01   1.9199988e+01   8.5686300e+00
   5.8321284e-01   2.3999999e+01   1.1486100e+01
   5.8321284e-01   2.8800010e+01   1.4867400e+01
   5.8321284e-01   3.3600021e+01   1.8611800e+01
   5.8321284e-01   3.8399975e+01   2.2610300e+01
   5.8321284e-01   4.3199986e+01   2.6749400e+01
   5.8321284e-01   4.7999998e+01   3.0915200e+01
   5.8321284e-01   5.2800009e+01   3.4996400e+01
   5.8321284e-01   5.7600020e+01   3.8887700e+01
   5.8321284e-01   6.2400261e+01   4.2492500e+01
   5.8321284e-01   6.7199928e+01   4.5725000e+01
   5.8321284e-01   7.2000168e+01   4.8512000e+01
   5.8493792e-01  -7.2000168e+01   5.1399100e+01
   5.8493792e-01  -6.7199928e+01   4.8406700e+01
   5.8493792e-01  -6.2400261e+01   4.4987800e+01
   5.8493792e-01  -5.7600020e+01   4.1216800e+01
   5.8493792e-01  -5.2800009e+01   3.7179700e+01
   5.8493792e-01  -4.7999998e+01   3.2972500e+01
   5.8493792e-01  -4.3199986e+01   2.8699200e+01
   5.8493792e-01  -3.8399975e+01   2.4469300e+01
   5.8493792e-01  -3.3600021e+01   2.0394500e+01
   5.8493792e-01  -2.8800010e+01   1.6585700e+01
   5.8493792e-01  -2.3999999e+01   1.3149200e+01
   5.8493792e-01  -1.9199988e+01   1.0183500e+01
   5.8493792e-01  -1.4399976e+01   7.7747300e+00
   5.8493792e-01  -9.6000224e+00   5.9941900e+00
   5.8493792e-01  -4.7999998e+00   4.8948300e+00
   5.8493792e-01  -1.4312486e-14   4.5091800e+00
   5.8493792e-01   4.7999998e+00   4.8478700e+00
   5.8493792e-01   9.6000224e+00   5.8990600e+00
   5.8493792e-01   1.4399976e+01   7.6289200e+00
   5.8493792e-01   1.9199988e+01   9.9829900e+00
   5.8493792e-01   2.3999999e+01   1.2888500e+01
   5.8493792e-01   2.8800010e+01   1.6257100e+01
   5.8493792e-01   3.3600021e+01   1.9988700e+01
   5.8493792e-01   3.8399975e+01   2.3974800e+01
   5.8493792e-01   4.3199986e+01   2.8102600e+01
   5.8493792e-01   4.7999998e+01   3.2258500e+01
   5.8493792e-01   5.2800009e+01   3.6331900e+01
   5.8493792e-01   5.7600020e+01   4.0217900e+01
   5.8493792e-01   6.2400261e+01   4.3820200e+01
   5.8493792e-01   6.7199928e+01   4.7053400e+01
   5.8493792e-01   7.2000168e+01   4.9844400e+01
   5.8666196e-01  -7.2000168e+01   5.3115800e+01
   5.8666196e-01  -6.7199928e+01   5.0118000e+01
   5.8666196e-01  -6.2400261e+01   4.6696400e+01
   5.8666196e-01  -5.7600020e+01   4.2925200e+01
   5.8666196e-01  -5.2800009e+01   3.8889900e+01
   5.8666196e-01  -4.7999998e+01   3.4686500e+01
   5.8666196e-01  -4.3199986e+01   3.0418400e+01
   5.8666196e-01  -3.8399975e+01   2.6194500e+01
   5.8666196e-01  -3.3600021e+01   2.2126100e+01
   5.8666196e-01  -2.8800010e+01   1.8323700e+01
   5.8666196e-01  -2.3999999e+01   1.4893100e+01
   5.8666196e-01  -1.9199988e+01   1.1932100e+01
   5.8666196e-01  -1.4399976e+01   9.5266600e+00
   5.8666196e-01  -9.6000224e+00   7.7475800e+00
   5.8666196e-01  -4.7999998e+00   6.6475900e+00
   5.8666196e-01  -1.4312486e-14   6.2590700e+00
   5.8666196e-01   4.7999998e+00   6.5926300e+00
   5.8666196e-01   9.6000224e+00   7.6365300e+00
   5.8666196e-01   1.4399976e+01   9.3571500e+00
   5.8666196e-01   1.9199988e+01   1.1700400e+01
   5.8666196e-01   2.3999999e+01   1.4593800e+01
   5.8666196e-01   2.8800010e+01   1.7949800e+01
   5.8666196e-01   3.3600021e+01   2.1668500e+01
   5.8666196e-01   3.8399975e+01   2.5642200e+01
   5.8666196e-01   4.3199986e+01   2.9758600e+01
   5.8666196e-01   4.7999998e+01   3.3904600e+01
   5.8666196e-01   5.2800009e+01   3.7970200e+01
   5.8666196e-01   5.7600020e+01   4.1850800e+01
   5.8666196e-01   6.2400261e+01   4.5450600e+01
   5.8666196e-01   6.7199928e+01   4.8684400e+01
   5.8666196e-01   7.2000168e+01   5.1479500e+01
   5.8838494e-01  -7.2000168e+01   5.5144900e+01
   5.8838494e-01  -6.7199928e+01   5.2141800e+01
   5.8838494e-01  -6.2400261e+01   4.8717700e+01
   5.8838494e-01  -5.7600020e+01   4.4946200e+01
   5.8838494e-01  -5.2800009e+01   4.0913000e+01
   5.8838494e-01  -4.7999998e+01   3.6713300e+01
   5.8838494e-01  -4.3199986e+01   3.2450300e+01
   5.8838494e-01  -3.8399975e+01   2.8232500e+01
   5.8838494e-01  -3.3600021e+01   2.4170600e+01
   5.8838494e-01  -2.8800010e+01   2.0374600e+01
   5.8838494e-01  -2.3999999e+01   1.6949800e+01
   5.8838494e-01  -1.9199988e+01   1.3993600e+01
   5.8838494e-01  -1.4399976e+01   1.1591500e+01
   5.8838494e-01  -9.6000224e+00   9.8138800e+00
   5.8838494e-01  -4.7999998e+00   8.7132500e+00
   5.8838494e-01  -1.4312486e-14   8.3218600e+00
   5.8838494e-01   4.7999998e+00   8.6502700e+00
   5.8838494e-01   9.6000224e+00   9.6868600e+00
   5.8838494e-01   1.4399976e+01   1.1398200e+01
   5.8838494e-01   1.9199988e+01   1.3730600e+01
   5.8838494e-01   2.3999999e+01   1.6612000e+01
   5.8838494e-01   2.8800010e+01   1.9955200e+01
   5.8838494e-01   3.3600021e+01   2.3661100e+01
   5.8838494e-01   3.8399975e+01   2.7622300e+01
   5.8838494e-01   4.3199986e+01   3.1727200e+01
   5.8838494e-01   4.7999998e+01   3.5863400e+01
   5.8838494e-01   5.2800009e+01   3.9921000e+01
   5.8838494e-01   5.7600020e+01   4.3796200e+01
   5.8838494e-01   6.2400261e+01   4.7393400e+01
   5.8838494e-01   6.7199928e+01   5.0627800e+01
   5.8838494e-01   7.2000168e+01   5.3426800e+01
   5.9010683e-01  -7.2000168e+01   5.7495900e+01
   5.9010683e-01  -6.7199928e+01   5.4487700e+01
   5.9010683e-01  -6.2400261e+01   5.1060900e+01
   5.9010683e-01  -5.7600020e+01   4.7289400e+01
   5.9010683e-01  -5.2800009e+01   4.3258100e+01
   5.9010683e-01  -4.7999998e+01   3.9062200e+01
   5.9010683e-01  -4.3199986e+01   3.4804400e+01
   5.9010683e-01  -3.8399975e+01   3.0592700e+01
   5.9010683e-01  -3.3600021e+01   2.6537300e+01
   5.9010683e-01  -2.8800010e+01   2.2747800e+01
   5.9010683e-01  -2.3999999e+01   1.9328900e+01
   5.9010683e-01  -1.9199988e+01   1.6377400e+01
   5.9010683e-01  -1.4399976e+01   1.3978600e+01
   5.9010683e-01  -9.6000224e+00   1.2202400e+01
   5.9010683e-01  -4.7999998e+00   1.1101200e+01
   5.9010683e-01  -1.4312486e-14   1.0706900e+01
   5.9010683e-01   4.7999998e+00   1.1030200e+01
   5.9010683e-01   9.6000224e+00   1.2059400e+01
   5.9010683e-01   1.4399976e+01   1.3761500e+01
   5.9010683e-01   1.9199988e+01   1.6083000e+01
   5.9010683e-01   2.3999999e+01   1.8952400e+01
   5.9010683e-01   2.8800010e+01   2.2282800e+01
   5.9010683e-01   3.3600021e+01   2.5975800e+01
   5.9010683e-01   3.8399975e+01   2.9924600e+01
   5.9010683e-01   4.3199986e+01   3.4018000e+01
   5.9010683e-01   4.7999998e+01   3.8144100e+01
   5.9010683e-01   5.2800009e+01   4.2193800e+01
   5.9010683e-01   5.7600020e+01   4.6063400e+01
   5.9010683e-01   6.2400261e+01   4.9658000e+01
   5.9010683e-01   6.7199928e+01   5.2892800e+01
   5.9010683e-01   7.2000168e+01   5.5695700e+01
   5.9182763e-01  -7.2000168e+01   6.0177700e+01
   5.9182763e-01  -6.7199928e+01   5.7164300e+01
   5.9182763e-01  -6.2400261e+01   5.3735000e+01
   5.9182763e-01  -5.7600020e+01   4.9963400e+01
   5.9182763e-01  -5.2800009e+01   4.5934300e+01
   5.9182763e-01  -4.7999998e+01   4.1742200e+01
   5.9182763e-01  -4.3199986e+01   3.7489600e+01
   5.9182763e-01  -3.8399975e+01   3.3284000e+01
   5.9182763e-01  -3.3600021e+01   2.9235200e+01
   5.9182763e-01  -2.8800010e+01   2.5452000e+01
   5.9182763e-01  -2.3999999e+01   2.2039000e+01
   5.9182763e-01  -1.9199988e+01   1.9092400e+01
   5.9182763e-01  -1.4399976e+01   1.6696800e+01
   5.9182763e-01  -9.6000224e+00   1.4922100e+01
   5.9182763e-01  -4.7999998e+00   1.3820200e+01
   5.9182763e-01  -1.4312486e-14   1.3423100e+01
   5.9182763e-01   4.7999998e+00   1.3741200e+01
   5.9182763e-01   9.6000224e+00   1.4763100e+01
   5.9182763e-01   1.4399976e+01   1.6456000e+01
   5.9182763e-01   1.9199988e+01   1.8766600e+01
   5.9182763e-01   2.3999999e+01   2.1623800e+01
   5.9182763e-01   2.8800010e+01   2.4941500e+01
   5.9182763e-01   3.3600021e+01   2.8621500e+01
   5.9182763e-01   3.8399975e+01   3.2557800e+01
   5.9182763e-01   4.3199986e+01   3.6639600e+01
   5.9182763e-01   4.7999998e+01   4.0755700e+01
   5.9182763e-01   5.2800009e+01   4.4797300e+01
   5.9182763e-01   5.7600020e+01   4.8661400e+01
   5.9182763e-01   6.2400261e+01   5.2253300e+01
   5.9182763e-01   6.7199928e+01   5.5488500e+01
   5.9182763e-01   7.2000168e+01   5.8295200e+01
   5.9354730e-01  -7.2000168e+01   6.3198600e+01
   5.9354730e-01  -6.7199928e+01   6.0180100e+01
   5.9354730e-01  -6.2400261e+01   5.6748400e+01
   5.9354730e-01  -5.7600020e+01   5.2976800e+01
   5.9354730e-01  -5.2800009e+01   4.8949800e+01
   5.9354730e-01  -4.7999998e+01   4.4761600e+01
   5.9354730e-01  -4.3199986e+01   4.0514200e+01
   5.9354730e-01  -3.8399975e+01   3.6314800e+01
   5.9354730e-01  -3.3600021e+01   3.2272500e+01
   5.9354730e-01  -2.8800010e+01   2.8495900e+01
   5.9354730e-01  -2.3999999e+01   2.5088700e+01
   5.9354730e-01  -1.9199988e+01   2.2146900e+01
   5.9354730e-01  -1.4399976e+01   1.9754700e+01
   5.9354730e-01  -9.6000224e+00   1.7981400e+01
   5.9354730e-01  -4.7999998e+00   1.6878900e+01
   5.9354730e-01  -1.4312486e-14   1.6478800e+01
   5.9354730e-01   4.7999998e+00   1.6791800e+01
   5.9354730e-01   9.6000224e+00   1.7806400e+01
   5.9354730e-01   1.4399976e+01   1.9489900e+01
   5.9354730e-01   1.9199988e+01   2.1789600e+01
   5.9354730e-01   2.3999999e+01   2.4634800e+01
   5.9354730e-01   2.8800010e+01   2.7939600e+01
   5.9354730e-01   3.3600021e+01   3.1606700e+01
   5.9354730e-01   3.8399975e+01   3.5530400e+01
   5.9354730e-01   4.3199986e+01   3.9600600e+01
   5.9354730e-01   4.7999998e+01   4.3706600e+01
   5.9354730e-01   5.2800009e+01   4.7740100e+01
   5.9354730e-01   5.7600020e+01   5.1598600e+01
   5.9354730e-01   6.2400261e+01   5.5187600e+01
   5.9354730e-01   6.7199928e+01   5.8423200e+01
   5.9354730e-01   7.2000168e+01   6.1233500e+01
   5.9526582e-01  -7.2000168e+01   6.6566500e+01
   5.9526582e-01  -6.7199928e+01   6.3543000e+01
   5.9526582e-01  -6.2400261e+01   6.0109000e+01
   5.9526582e-01  -5.7600020e+01   5.6337400e+01
   5.9526582e-01  -5.2800009e+01   5.2312600e+01
   5.9526582e-01  -4.7999998e+01   4.8128400e+01
   5.9526582e-01  -4.3199986e+01   4.3886300e+01
   5.9526582e-01  -3.8399975e+01   3.9693000e+01
   5.9526582e-01  -3.3600021e+01   3.5657400e+01
   5.9526582e-01  -2.8800010e+01   3.1887200e+01
   5.9526582e-01  -2.3999999e+01   2.8485900e+01
   5.9526582e-01  -1.9199988e+01   2.5548900e+01
   5.9526582e-01  -1.4399976e+01   2.3160000e+01
   5.9526582e-01  -9.6000224e+00   2.1388200e+01
   5.9526582e-01  -4.7999998e+00   2.0285000e+01
   5.9526582e-01  -1.4312486e-14   1.9882100e+01
   5.9526582e-01   4.7999998e+00   2.0189800e+01
   5.9526582e-01   9.6000224e+00   2.1197100e+01
   5.9526582e-01   1.4399976e+01   2.2871300e+01
   5.9526582e-01   1.9199988e+01   2.5160100e+01
   5.9526582e-01   2.3999999e+01   2.7993100e+01
   5.9526582e-01   2.8800010e+01   3.1285100e+01
   5.9526582e-01   3.3600021e+01   3.4939200e+01
   5.9526582e-01   3.8399975e+01   3.8850300e+01
   5.9526582e-01   4.3199986e+01   4.2908900e+01
   5.9526582e-01   4.7999998e+01   4.7004700e+01
   5.9526582e-01   5.2800009e+01   5.1030100e+01
   5.9526582e-01   5.7600020e+01   5.4882900e+01
   5.9526582e-01   6.2400261e+01   5.8469000e+01
   5.9526582e-01   6.7199928e+01   6.1704800e+01
   5.9526582e-01   7.2000168e+01   6.4518700e+01
   5.9698317e-01  -7.2000168e+01   7.0288900e+01
   5.9698317e-01  -6.7199928e+01   6.7260500e+01
   5.9698317e-01  -6.2400261e+01   6.3824200e+01
   5.9698317e-01  -5.7600020e+01   6.0052800e+01
   5.9698317e-01  -5.2800009e+01   5.6030100e+01
   5.9698317e-01  -4.7999998e+01   5.1849900e+01
   5.9698317e-01  -4.3199986e+01   4.7613200e+01
   5.9698317e-01  -3.8399975e+01   4.3426100e+01
   5.9698317e-01  -3.3600021e+01   3.9397100e+01
   5.9698317e-01  -2.8800010e+01   3.5633500e+01
   5.9698317e-01  -2.3999999e+01   3.2238100e+01
   5.9698317e-01  -1.9199988e+01   2.9305900e+01
   5.9698317e-01  -1.4399976e+01   2.6920300e+01
   5.9698317e-01  -9.6000224e+00   2.5149900e+01
   5.9698317e-01  -4.7999998e+00   2.4046100e+01
   5.9698317e-01  -1.4312486e-14   2.3640200e+01
   5.9698317e-01   4.7999998e+00   2.3942800e+01
   5.9698317e-01   9.6000224e+00   2.4942700e+01
   5.9698317e-01   1.4399976e+01   2.6607600e+01
   5.9698317e-01   1.9199988e+01   2.8885500e+01
   5.9698317e-01   2.3999999e+01   3.1706400e+01
   5.9698317e-01   2.8800010e+01   3.4985500e+01
   5.9698317e-01   3.3600021e+01   3.8626600e+01
   5.9698317e-01   3.8399975e+01   4.2525000e+01
   5.9698317e-01   4.3199986e+01   4.6571900e+01
   5.9698317e-01   4.7999998e+01   5.0657500e+01
   5.9698317e-01   5.2800009e+01   5.4674700e+01
   5.9698317e-01   5.7600020e+01   5.8521700e+01
   5.9698317e-01   6.2400261e+01   6.2104800e+01
   5.9698317e-01   6.7199928e+01   6.5340800e+01
   5.9698317e-01   7.2000168e+01   6.8158200e+01
   5.9869934e-01  -7.2000168e+01   7.4372600e+01
   5.9869934e-01  -6.7199928e+01   7.1339400e+01
   5.9869934e-01  -6.2400261e+01   6.7900900e+01
   5.9869934e-01  -5.7600020e+01   6.4129700e+01
   5.9869934e-01  -5.2800009e+01   6.0109400e+01
   5.9869934e-01  -4.7999998e+01   5.5933200e+01
   5.9869934e-01  -4.3199986e+01   5.1701800e+01
   5.9869934e-01  -3.8399975e+01   4.7521000e+01
   5.9869934e-01  -3.3600021e+01   4.3498700e+01
   5.9869934e-01  -2.8800010e+01   3.9741500e+01
   5.9869934e-01  -2.3999999e+01   3.6352100e+01
   5.9869934e-01  -1.9199988e+01   3.3424700e+01
   5.9869934e-01  -1.4399976e+01   3.1042400e+01
   5.9869934e-01  -9.6000224e+00   2.9273500e+01
   5.9869934e-01  -4.7999998e+00   2.8169000e+01
   5.9869934e-01  -1.4312486e-14   2.7760300e+01
   5.9869934e-01   4.7999998e+00   2.8057700e+01
   5.9869934e-01   9.6000224e+00   2.9050200e+01
   5.9869934e-01   1.4399976e+01   3.0705800e+01
   5.9869934e-01   1.9199988e+01   3.2972700e+01
   5.9869934e-01   2.3999999e+01   3.5781400e+01
   5.9869934e-01   2.8800010e+01   3.9047700e+01
   5.9869934e-01   3.3600021e+01   4.2675700e+01
   5.9869934e-01   3.8399975e+01   4.6561400e+01
   5.9869934e-01   4.3199986e+01   5.0596600e+01
   5.9869934e-01   4.7999998e+01   5.4672000e+01
   5.9869934e-01   5.2800009e+01   5.8680900e+01
   5.9869934e-01   5.7600020e+01   6.2522000e+01
   5.9869934e-01   6.2400261e+01   6.6102100e+01
   5.9869934e-01   6.7199928e+01   6.9338100e+01
   5.9869934e-01   7.2000168e+01   7.2158900e+01
   6.0041430e-01  -7.2000168e+01   7.8824100e+01
   6.0041430e-01  -6.7199928e+01   7.5786200e+01
   6.0041430e-01  -6.2400261e+01   7.2345600e+01
   6.0041430e-01  -5.7600020e+01   6.8574600e+01
   6.0041430e-01  -5.2800009e+01   6.4556700e+01
   6.0041430e-01  -4.7999998e+01   6.0384600e+01
   6.0041430e-01  -4.3199986e+01   5.6158700e+01
   6.0041430e-01  -3.8399975e+01   5.1984200e+01
   6.0041430e-01  -3.3600021e+01   4.7968500e+01
   6.0041430e-01  -2.8800010e+01   4.4217900e+01
   6.0041430e-01  -2.3999999e+01   4.0834400e+01
   6.0041430e-01  -1.9199988e+01   3.7911900e+01
   6.0041430e-01  -1.4399976e+01   3.5532900e+01
   6.0041430e-01  -9.6000224e+00   3.3765500e+01
   6.0041430e-01  -4.7999998e+00   3.2660300e+01
   6.0041430e-01  -1.4312486e-14   3.2248700e+01
   6.0041430e-01   4.7999998e+00   3.2540900e+01
   6.0041430e-01   9.6000224e+00   3.3526000e+01
   6.0041430e-01   1.4399976e+01   3.5172300e+01
   6.0041430e-01   1.9199988e+01   3.7428300e+01
   6.0041430e-01   2.3999999e+01   4.0224800e+01
   6.0041430e-01   2.8800010e+01   4.3478100e+01
   6.0041430e-01   3.3600021e+01   4.7093000e+01
   6.0041430e-01   3.8399975e+01   5.0966000e+01
   6.0041430e-01   4.3199986e+01   5.4989400e+01
   6.0041430e-01   4.7999998e+01   5.9054500e+01
   6.0041430e-01   5.2800009e+01   6.3055000e+01
   6.0041430e-01   5.7600020e+01   6.6890200e+01
   6.0041430e-01   6.2400261e+01   7.0467100e+01
   6.0041430e-01   6.7199928e+01   7.3703100e+01
   6.0041430e-01   7.2000168e+01   7.6527300e+01
   6.0212802e-01  -7.2000168e+01   8.3649300e+01
   6.0212802e-01  -6.7199928e+01   8.0606800e+01
   6.0212802e-01  -6.2400261e+01   7.7164100e+01
   6.0212802e-01  -5.7600020e+01   7.3393500e+01
   6.0212802e-01  -5.2800009e+01   6.9378000e+01
   6.0212802e-01  -4.7999998e+01   6.5210100e+01
   6.0212802e-01  -4.3199986e+01   6.0989600e+01
   6.0212802e-01  -3.8399975e+01   5.6821500e+01
   6.0212802e-01  -3.3600021e+01   5.2812500e+01
   6.0212802e-01  -2.8800010e+01   4.9068500e+01
   6.0212802e-01  -2.3999999e+01   4.5690900e+01
   6.0212802e-01  -1.9199988e+01   4.2773200e+01
   6.0212802e-01  -1.4399976e+01   4.0397600e+01
   6.0212802e-01  -9.6000224e+00   3.8631600e+01
   6.0212802e-01  -4.7999998e+00   3.7525900e+01
   6.0212802e-01  -1.4312486e-14   3.7111300e+01
   6.0212802e-01   4.7999998e+00   3.7398300e+01
   6.0212802e-01   9.6000224e+00   3.8376100e+01
   6.0212802e-01   1.4399976e+01   4.0013000e+01
   6.0212802e-01   1.9199988e+01   4.2258000e+01
   6.0212802e-01   2.3999999e+01   4.5042300e+01
   6.0212802e-01   2.8800010e+01   4.8282700e+01
   6.0212802e-01   3.3600021e+01   5.1884500e+01
   6.0212802e-01   3.8399975e+01   5.5744700e+01
   6.0212802e-01   4.3199986e+01   5.9756300e+01
   6.0212802e-01   4.7999998e+01   6.3811000e+01
   6.0212802e-01   5.2800009e+01   6.7803100e+01
   6.0212802e-01   5.7600020e+01   7.1632300e+01
   6.0212802e-01   6.2400261e+01   7.5206000e+01
   6.0212802e-01   6.7199928e+01   7.8441900e+01
   6.0212802e-01   7.2000168e+01   8.1269200e+01
