#sin^2(theta23) Delta_CP/deg Delta_chi^2
   4.5466419e-01   1.7999985e+02   5.4898000e+01
   4.5466419e-01   1.8599986e+02   4.7667100e+01
   4.5466419e-01   1.9199988e+02   4.1463800e+01
   4.5466419e-01   1.9799989e+02   3.6253600e+01
   4.5466419e-01   2.0399990e+02   3.1972400e+01
   4.5466419e-01   2.0999992e+02   2.8532900e+01
   4.5466419e-01   2.1599993e+02   2.5831300e+01
   4.5466419e-01   2.2199995e+02   2.3754400e+01
   4.5466419e-01   2.2799996e+02   2.2186300e+01
   4.5466419e-01   2.3399997e+02   2.1014900e+01
   4.5466419e-01   2.3999999e+02   2.0138000e+01
   4.5466419e-01   2.4600000e+02   1.9467600e+01
   4.5466419e-01   2.5200002e+02   1.8934800e+01
   4.5466419e-01   2.5800003e+02   1.8492000e+01
   4.5466419e-01   2.6400004e+02   1.8115400e+01
   4.5466419e-01   2.7000006e+02   1.7805100e+01
   4.5466419e-01   2.7600007e+02   1.7585400e+01
   4.5466419e-01   2.8200009e+02   1.7502900e+01
   4.5466419e-01   2.8800010e+02   1.7624500e+01
   4.5466419e-01   2.9400011e+02   1.8034200e+01
   4.5466419e-01   3.0000013e+02   1.8829400e+01
   4.5466419e-01   3.0600014e+02   2.0116200e+01
   4.5466419e-01   3.1200016e+02   2.2004800e+01
   4.5466419e-01   3.1800017e+02   2.4603900e+01
   4.5466419e-01   3.2400018e+02   2.8015600e+01
   4.5466419e-01   3.3000020e+02   3.2329700e+01
   4.5466419e-01   3.3600021e+02   3.7618000e+01
   4.5466419e-01   3.4200023e+02   4.3929300e+01
   4.5466419e-01   3.4800024e+02   5.1283900e+01
   4.5466419e-01   3.5400025e+02   5.9669900e+01
   4.5466419e-01   3.6000027e+02   6.9038400e+01
   4.5765263e-01   1.7999985e+02   5.1414500e+01
   4.5765263e-01   1.8599986e+02   4.4238900e+01
   4.5765263e-01   1.9199988e+02   3.8082000e+01
   4.5765263e-01   1.9799989e+02   3.2909800e+01
   4.5765263e-01   2.0399990e+02   2.8658900e+01
   4.5765263e-01   2.0999992e+02   2.5242700e+01
   4.5765263e-01   2.1599993e+02   2.2558300e+01
   4.5765263e-01   2.2199995e+02   2.0493500e+01
   4.5765263e-01   2.2799996e+02   1.8933500e+01
   4.5765263e-01   2.3399997e+02   1.7767200e+01
   4.5765263e-01   2.3999999e+02   1.6893300e+01
   4.5765263e-01   2.4600000e+02   1.6224800e+01
   4.5765263e-01   2.5200002e+02   1.5693100e+01
   4.5765263e-01   2.5800003e+02   1.5251300e+01
   4.5765263e-01   2.6400004e+02   1.4875700e+01
   4.5765263e-01   2.7000006e+02   1.4566500e+01
   4.5765263e-01   2.7600007e+02   1.4347700e+01
   4.5765263e-01   2.8200009e+02   1.4265700e+01
   4.5765263e-01   2.8800010e+02   1.4386700e+01
   4.5765263e-01   2.9400011e+02   1.4794200e+01
   4.5765263e-01   3.0000013e+02   1.5584700e+01
   4.5765263e-01   3.0600014e+02   1.6863300e+01
   4.5765263e-01   3.1200016e+02   1.8739500e+01
   4.5765263e-01   3.1800017e+02   2.1321000e+01
   4.5765263e-01   3.2400018e+02   2.4709000e+01
   4.5765263e-01   3.3000020e+02   2.8992600e+01
   4.5765263e-01   3.3600021e+02   3.4243000e+01
   4.5765263e-01   3.4200023e+02   4.0508500e+01
   4.5765263e-01   3.4800024e+02   4.7809200e+01
   4.5765263e-01   3.5400025e+02   5.6133000e+01
   4.5765263e-01   3.6000027e+02   6.5431500e+01
   4.6064259e-01   1.7999985e+02   4.8384500e+01
   4.6064259e-01   1.8599986e+02   4.1263500e+01
   4.6064259e-01   1.9199988e+02   3.5152600e+01
   4.6064259e-01   1.9799989e+02   3.0018000e+01
   4.6064259e-01   2.0399990e+02   2.5796900e+01
   4.6064259e-01   2.0999992e+02   2.2403500e+01
   4.6064259e-01   2.1599993e+02   1.9735900e+01
   4.6064259e-01   2.2199995e+02   1.7682900e+01
   4.6064259e-01   2.2799996e+02   1.6130800e+01
   4.6064259e-01   2.3399997e+02   1.4969400e+01
   4.6064259e-01   2.3999999e+02   1.4098400e+01
   4.6064259e-01   2.4600000e+02   1.3431400e+01
   4.6064259e-01   2.5200002e+02   1.2900700e+01
   4.6064259e-01   2.5800003e+02   1.2459700e+01
   4.6064259e-01   2.6400004e+02   1.2084900e+01
   4.6064259e-01   2.7000006e+02   1.1776700e+01
   4.6064259e-01   2.7600007e+02   1.1558700e+01
   4.6064259e-01   2.8200009e+02   1.1477100e+01
   4.6064259e-01   2.8800010e+02   1.1597500e+01
   4.6064259e-01   2.9400011e+02   1.2002700e+01
   4.6064259e-01   3.0000013e+02   1.2788400e+01
   4.6064259e-01   3.0600014e+02   1.4059000e+01
   4.6064259e-01   3.1200016e+02   1.5922800e+01
   4.6064259e-01   3.1800017e+02   1.8486800e+01
   4.6064259e-01   3.2400018e+02   2.1851400e+01
   4.6064259e-01   3.3000020e+02   2.6104900e+01
   4.6064259e-01   3.3600021e+02   3.1317700e+01
   4.6064259e-01   3.4200023e+02   3.7537800e+01
   4.6064259e-01   3.4800024e+02   4.4785100e+01
   4.6064259e-01   3.5400025e+02   5.3047400e+01
   4.6064259e-01   3.6000027e+02   6.2276500e+01
   4.6363398e-01   1.7999985e+02   4.5770300e+01
   4.6363398e-01   1.8599986e+02   3.8703300e+01
   4.6363398e-01   1.9199988e+02   3.2637700e+01
   4.6363398e-01   1.9799989e+02   2.7540200e+01
   4.6363398e-01   2.0399990e+02   2.3348400e+01
   4.6363398e-01   2.0999992e+02   1.9977400e+01
   4.6363398e-01   2.1599993e+02   1.7326300e+01
   4.6363398e-01   2.2199995e+02   1.5284800e+01
   4.6363398e-01   2.2799996e+02   1.3740200e+01
   4.6363398e-01   2.3399997e+02   1.2583500e+01
   4.6363398e-01   2.3999999e+02   1.1715100e+01
   4.6363398e-01   2.4600000e+02   1.1049500e+01
   4.6363398e-01   2.5200002e+02   1.0519600e+01
   4.6363398e-01   2.5800003e+02   1.0079200e+01
   4.6363398e-01   2.6400004e+02   9.7050800e+00
   4.6363398e-01   2.7000006e+02   9.3976100e+00
   4.6363398e-01   2.7600007e+02   9.1803800e+00
   4.6363398e-01   2.8200009e+02   9.0990000e+00
   4.6363398e-01   2.8800010e+02   9.2187600e+00
   4.6363398e-01   2.9400011e+02   9.6216400e+00
   4.6363398e-01   3.0000013e+02   1.0402600e+01
   4.6363398e-01   3.0600014e+02   1.1665200e+01
   4.6363398e-01   3.1200016e+02   1.3516800e+01
   4.6363398e-01   3.1800017e+02   1.6063500e+01
   4.6363398e-01   3.2400018e+02   1.9405000e+01
   4.6363398e-01   3.3000020e+02   2.3628500e+01
   4.6363398e-01   3.3600021e+02   2.8804300e+01
   4.6363398e-01   3.4200023e+02   3.4979400e+01
   4.6363398e-01   3.4800024e+02   4.2173800e+01
   4.6363398e-01   3.5400025e+02   5.0375100e+01
   4.6363398e-01   3.6000027e+02   5.9535500e+01
   4.6662667e-01   1.7999985e+02   4.3534200e+01
   4.6662667e-01   1.8599986e+02   3.6520600e+01
   4.6662667e-01   1.9199988e+02   3.0499800e+01
   4.6662667e-01   1.9799989e+02   2.5438800e+01
   4.6662667e-01   2.0399990e+02   2.1275800e+01
   4.6662667e-01   2.0999992e+02   1.7926900e+01
   4.6662667e-01   2.1599993e+02   1.5291800e+01
   4.6662667e-01   2.2199995e+02   1.3261500e+01
   4.6662667e-01   2.2799996e+02   1.1724100e+01
   4.6662667e-01   2.3399997e+02   1.0571800e+01
   4.6662667e-01   2.3999999e+02   9.7056900e+00
   4.6662667e-01   2.4600000e+02   9.0412700e+00
   4.6662667e-01   2.5200002e+02   8.5119400e+00
   4.6662667e-01   2.5800003e+02   8.0719900e+00
   4.6662667e-01   2.6400004e+02   7.6984100e+00
   4.6662667e-01   2.7000006e+02   7.3915800e+00
   4.6662667e-01   2.7600007e+02   7.1749600e+00
   4.6662667e-01   2.8200009e+02   7.0937700e+00
   4.6662667e-01   2.8800010e+02   7.2127900e+00
   4.6662667e-01   2.9400011e+02   7.6133400e+00
   4.6662667e-01   3.0000013e+02   8.3895700e+00
   4.6662667e-01   3.0600014e+02   9.6441900e+00
   4.6662667e-01   3.1200016e+02   1.1483700e+01
   4.6662667e-01   3.1800017e+02   1.4013400e+01
   4.6662667e-01   3.2400018e+02   1.7331900e+01
   4.6662667e-01   3.3000020e+02   2.1526000e+01
   4.6662667e-01   3.3600021e+02   2.6664900e+01
   4.6662667e-01   3.4200023e+02   3.2795700e+01
   4.6662667e-01   3.4800024e+02   3.9937700e+01
   4.6662667e-01   3.5400025e+02   4.8078600e+01
   4.6662667e-01   3.6000027e+02   5.7170900e+01
   4.6962056e-01   1.7999985e+02   4.1639500e+01
   4.6962056e-01   1.8599986e+02   3.4678600e+01
   4.6962056e-01   1.9199988e+02   2.8701900e+01
   4.6962056e-01   1.9799989e+02   2.3676800e+01
   4.6962056e-01   2.0399990e+02   1.9542200e+01
   4.6962056e-01   2.0999992e+02   1.6214800e+01
   4.6962056e-01   2.1599993e+02   1.3595400e+01
   4.6962056e-01   2.2199995e+02   1.1575800e+01
   4.6962056e-01   2.2799996e+02   1.0045400e+01
   4.6962056e-01   2.3399997e+02   8.8971600e+00
   4.6962056e-01   2.3999999e+02   8.0331900e+00
   4.6962056e-01   2.4600000e+02   7.3697100e+00
   4.6962056e-01   2.5200002e+02   6.8407500e+00
   4.6962056e-01   2.5800003e+02   6.4010500e+00
   4.6962056e-01   2.6400004e+02   6.0278200e+00
   4.6962056e-01   2.7000006e+02   5.7214900e+00
   4.6962056e-01   2.7600007e+02   5.5053500e+00
   4.6962056e-01   2.8200009e+02   5.4242600e+00
   4.6962056e-01   2.8800010e+02   5.5424900e+00
   4.6962056e-01   2.9400011e+02   5.9406900e+00
   4.6962056e-01   3.0000013e+02   6.7122400e+00
   4.6962056e-01   3.0600014e+02   7.9590100e+00
   4.6962056e-01   3.1200016e+02   9.7866200e+00
   4.6962056e-01   3.1800017e+02   1.2299400e+01
   4.6962056e-01   3.2400018e+02   1.5595300e+01
   4.6962056e-01   3.3000020e+02   1.9760200e+01
   4.6962056e-01   3.3600021e+02   2.4862800e+01
   4.6962056e-01   3.4200023e+02   3.0949600e+01
   4.6962056e-01   3.4800024e+02   3.8039800e+01
   4.6962056e-01   3.5400025e+02   4.6121000e+01
   4.6962056e-01   3.6000027e+02   5.5145900e+01
   4.7261555e-01   1.7999985e+02   4.0050000e+01
   4.7261555e-01   1.8599986e+02   3.3141000e+01
   4.7261555e-01   1.9199988e+02   2.7207800e+01
   4.7261555e-01   1.9799989e+02   2.2218100e+01
   4.7261555e-01   2.0399990e+02   1.8111400e+01
   4.7261555e-01   2.0999992e+02   1.4805000e+01
   4.7261555e-01   2.1599993e+02   1.2200900e+01
   4.7261555e-01   2.2199995e+02   1.0191700e+01
   4.7261555e-01   2.2799996e+02   8.6679600e+00
   4.7261555e-01   2.3399997e+02   7.5234700e+00
   4.7261555e-01   2.3999999e+02   6.6613500e+00
   4.7261555e-01   2.4600000e+02   5.9985600e+00
   4.7261555e-01   2.5200002e+02   5.4697600e+00
   4.7261555e-01   2.5800003e+02   5.0301100e+00
   4.7261555e-01   2.6400004e+02   4.6570700e+00
   4.7261555e-01   2.7000006e+02   4.3510900e+00
   4.7261555e-01   2.7600007e+02   4.1353100e+00
   4.7261555e-01   2.8200009e+02   4.0542400e+00
   4.7261555e-01   2.8800010e+02   4.1716300e+00
   4.7261555e-01   2.9400011e+02   4.5674700e+00
   4.7261555e-01   3.0000013e+02   5.3343900e+00
   4.7261555e-01   3.0600014e+02   6.5733900e+00
   4.7261555e-01   3.1200016e+02   8.3892300e+00
   4.7261555e-01   3.1800017e+02   1.0885400e+01
   4.7261555e-01   3.2400018e+02   1.4158900e+01
   4.7261555e-01   3.3000020e+02   1.8295000e+01
   4.7261555e-01   3.3600021e+02   2.3361700e+01
   4.7261555e-01   3.4200023e+02   2.9405100e+01
   4.7261555e-01   3.4800024e+02   3.6444000e+01
   4.7261555e-01   3.5400025e+02   4.4466100e+01
   4.7261555e-01   3.6000027e+02   5.3424400e+01
   4.7561152e-01   1.7999985e+02   3.8730700e+01
   4.7561152e-01   1.8599986e+02   3.1873100e+01
   4.7561152e-01   1.9199988e+02   2.5982700e+01
   4.7561152e-01   1.9799989e+02   2.1027700e+01
   4.7561152e-01   2.0399990e+02   1.6948300e+01
   4.7561152e-01   2.0999992e+02   1.3662600e+01
   4.7561152e-01   2.1599993e+02   1.1073200e+01
   4.7561152e-01   2.2199995e+02   9.0741500e+00
   4.7561152e-01   2.2799996e+02   7.5566400e+00
   4.7561152e-01   2.3399997e+02   6.4156300e+00
   4.7561152e-01   2.3999999e+02   5.5551000e+00
   4.7561152e-01   2.4600000e+02   4.8927600e+00
   4.7561152e-01   2.5200002e+02   4.3638900e+00
   4.7561152e-01   2.5800003e+02   3.9240900e+00
   4.7561152e-01   2.6400004e+02   3.5510600e+00
   4.7561152e-01   2.7000006e+02   3.2453000e+00
   4.7561152e-01   2.7600007e+02   3.0297600e+00
   4.7561152e-01   2.8200009e+02   2.9486200e+00
   4.7561152e-01   2.8800010e+02   3.0651200e+00
   4.7561152e-01   2.9400011e+02   3.4586000e+00
   4.7561152e-01   3.0000013e+02   4.2209200e+00
   4.7561152e-01   3.0600014e+02   5.4522600e+00
   4.7561152e-01   3.1200016e+02   7.2564900e+00
   4.7561152e-01   3.1800017e+02   9.7362500e+00
   4.7561152e-01   3.2400018e+02   1.2987700e+01
   4.7561152e-01   3.3000020e+02   1.7095300e+01
   4.7561152e-01   3.3600021e+02   2.2126600e+01
   4.7561152e-01   3.4200023e+02   2.8127000e+01
   4.7561152e-01   3.4800024e+02   3.5115300e+01
   4.7561152e-01   3.5400025e+02   4.3079000e+01
   4.7561152e-01   3.6000027e+02   5.1971400e+01
   4.7860837e-01   1.7999985e+02   3.7648200e+01
   4.7860837e-01   1.8599986e+02   3.0841100e+01
   4.7860837e-01   1.9199988e+02   2.4992900e+01
   4.7860837e-01   1.9799989e+02   2.0072100e+01
   4.7860837e-01   2.0399990e+02   1.6019400e+01
   4.7860837e-01   2.0999992e+02   1.2753800e+01
   4.7860837e-01   2.1599993e+02   1.0178900e+01
   4.7860837e-01   2.2199995e+02   8.1894400e+00
   4.7860837e-01   2.2799996e+02   6.6778600e+00
   4.7860837e-01   2.3399997e+02   5.5400200e+00
   4.7860837e-01   2.3999999e+02   4.6807800e+00
   4.7860837e-01   2.4600000e+02   4.0186400e+00
   4.7860837e-01   2.5200002e+02   3.4894800e+00
   4.7860837e-01   2.5800003e+02   3.0493400e+00
   4.7860837e-01   2.6400004e+02   2.6761400e+00
   4.7860837e-01   2.7000006e+02   2.3704300e+00
   4.7860837e-01   2.7600007e+02   2.1550100e+00
   4.7860837e-01   2.8200009e+02   2.0737200e+00
   4.7860837e-01   2.8800010e+02   2.1892900e+00
   4.7860837e-01   2.9400011e+02   2.5804000e+00
   4.7860837e-01   3.0000013e+02   3.3381800e+00
   4.7860837e-01   3.0600014e+02   4.5619600e+00
   4.7860837e-01   3.1200016e+02   6.3547700e+00
   4.7860837e-01   3.1800017e+02   8.8183500e+00
   4.7860837e-01   3.2400018e+02   1.2048100e+01
   4.7860837e-01   3.3000020e+02   1.6127600e+01
   4.7860837e-01   3.3600021e+02   2.1123900e+01
   4.7860837e-01   3.4200023e+02   2.7081900e+01
   4.7860837e-01   3.4800024e+02   3.4020100e+01
   4.7860837e-01   3.5400025e+02   4.1926100e+01
   4.7860837e-01   3.6000027e+02   5.0753300e+01
   4.8160599e-01   1.7999985e+02   3.6770600e+01
   4.8160599e-01   1.8599986e+02   3.0013300e+01
   4.8160599e-01   1.9199988e+02   2.4206600e+01
   4.8160599e-01   1.9799989e+02   1.9319400e+01
   4.8160599e-01   2.0399990e+02   1.5292900e+01
   4.8160599e-01   2.0999992e+02   1.2046800e+01
   4.8160599e-01   2.1599993e+02   9.4858600e+00
   4.8160599e-01   2.2199995e+02   7.5056900e+00
   4.8160599e-01   2.2799996e+02   5.9996700e+00
   4.8160599e-01   2.3399997e+02   4.8646800e+00
   4.8160599e-01   2.3999999e+02   4.0064500e+00
   4.8160599e-01   2.4600000e+02   3.3442500e+00
   4.8160599e-01   2.5200002e+02   2.8145700e+00
   4.8160599e-01   2.5800003e+02   2.3738700e+00
   4.8160599e-01   2.6400004e+02   2.0003300e+00
   4.8160599e-01   2.7000006e+02   1.6945200e+00
   4.8160599e-01   2.7600007e+02   1.4791000e+00
   4.8160599e-01   2.8200009e+02   1.3975700e+00
   4.8160599e-01   2.8800010e+02   1.5121500e+00
   4.8160599e-01   2.9400011e+02   1.9009100e+00
   4.8160599e-01   3.0000013e+02   2.6541900e+00
   4.8160599e-01   3.0600014e+02   3.8705300e+00
   4.8160599e-01   3.1200016e+02   5.6520700e+00
   4.8160599e-01   3.1800017e+02   8.0997100e+00
   4.8160599e-01   3.2400018e+02   1.1308000e+01
   4.8160599e-01   3.3000020e+02   1.5359900e+01
   4.8160599e-01   3.3600021e+02   2.0321600e+01
   4.8160599e-01   3.4200023e+02   2.6237800e+01
   4.8160599e-01   3.4800024e+02   3.3126500e+01
   4.8160599e-01   3.5400025e+02   4.0975500e+01
   4.8160599e-01   3.6000027e+02   4.9738200e+01
   4.8460427e-01   1.7999985e+02   3.6067900e+01
   4.8460427e-01   1.8599986e+02   2.9359700e+01
   4.8460427e-01   1.9199988e+02   2.3593800e+01
   4.8460427e-01   1.9799989e+02   1.8739500e+01
   4.8460427e-01   2.0399990e+02   1.4738600e+01
   4.8460427e-01   2.0999992e+02   1.1511700e+01
   4.8460427e-01   2.1599993e+02   8.9642200e+00
   4.8460427e-01   2.2199995e+02   6.9928900e+00
   4.8460427e-01   2.2799996e+02   5.4920800e+00
   4.8460427e-01   2.3399997e+02   4.3596100e+00
   4.8460427e-01   2.3999999e+02   3.5021000e+00
   4.8460427e-01   2.4600000e+02   2.8395700e+00
   4.8460427e-01   2.5200002e+02   2.3091300e+00
   4.8460427e-01   2.5800003e+02   1.8676700e+00
   4.8460427e-01   2.6400004e+02   1.4936000e+00
   4.8460427e-01   2.7000006e+02   1.1875300e+00
   4.8460427e-01   2.7600007e+02   9.7198700e-01
   4.8460427e-01   2.8200009e+02   8.9012700e-01
   4.8460427e-01   2.8800010e+02   1.0036800e+00
   4.8460427e-01   2.9400011e+02   1.3900800e+00
   4.8460427e-01   3.0000013e+02   2.1389200e+00
   4.8460427e-01   3.0600014e+02   3.3479300e+00
   4.8460427e-01   3.1200016e+02   5.1183900e+00
   4.8460427e-01   3.1800017e+02   7.5503300e+00
   4.8460427e-01   3.2400018e+02   1.0737500e+01
   4.8460427e-01   3.3000020e+02   1.4762100e+01
   4.8460427e-01   3.3600021e+02   1.9689800e+01
   4.8460427e-01   3.4200023e+02   2.5564600e+01
   4.8460427e-01   3.4800024e+02   3.2404500e+01
   4.8460427e-01   3.5400025e+02   4.0197100e+01
   4.8460427e-01   3.6000027e+02   4.8896100e+01
   4.8760311e-01   1.7999985e+02   3.5512300e+01
   4.8760311e-01   1.8599986e+02   2.8852500e+01
   4.8760311e-01   1.9199988e+02   2.3126800e+01
   4.8760311e-01   1.9799989e+02   1.8304800e+01
   4.8760311e-01   2.0399990e+02   1.4329000e+01
   4.8760311e-01   2.0999992e+02   1.1120600e+01
   4.8760311e-01   2.1599993e+02   8.5861700e+00
   4.8760311e-01   2.2199995e+02   6.6232900e+00
   4.8760311e-01   2.2799996e+02   5.1273100e+00
   4.8760311e-01   2.3399997e+02   3.9970200e+00
   4.8760311e-01   2.3999999e+02   3.1399300e+00
   4.8760311e-01   2.4600000e+02   2.4768100e+00
   4.8760311e-01   2.5200002e+02   1.9453700e+00
   4.8760311e-01   2.5800003e+02   1.5029200e+00
   4.8760311e-01   2.6400004e+02   1.1281300e+00
   4.8760311e-01   2.7000006e+02   8.2165900e-01
   4.8760311e-01   2.7600007e+02   6.0586300e-01
   4.8760311e-01   2.8200009e+02   5.2358500e-01
   4.8760311e-01   2.8800010e+02   6.3606300e-01
   4.8760311e-01   2.9400011e+02   1.0201000e+00
   4.8760311e-01   3.0000013e+02   1.7645600e+00
   4.8760311e-01   3.0600014e+02   2.9663400e+00
   4.8760311e-01   3.1200016e+02   4.7258900e+00
   4.8760311e-01   3.1800017e+02   7.1423900e+00
   4.8760311e-01   3.2400018e+02   1.0308700e+01
   4.8760311e-01   3.3000020e+02   1.4306400e+01
   4.8760311e-01   3.3600021e+02   1.9200500e+01
   4.8760311e-01   3.4200023e+02   2.5034600e+01
   4.8760311e-01   3.4800024e+02   3.1826300e+01
   4.8760311e-01   3.5400025e+02   3.9563100e+01
   4.8760311e-01   3.6000027e+02   4.8199100e+01
   4.9060239e-01   1.7999985e+02   3.5078600e+01
   4.9060239e-01   1.8599986e+02   2.8466400e+01
   4.9060239e-01   1.9199988e+02   2.2780200e+01
   4.9060239e-01   1.9799989e+02   1.7989900e+01
   4.9060239e-01   2.0399990e+02   1.4038500e+01
   4.9060239e-01   2.0999992e+02   1.0848300e+01
   4.9060239e-01   2.1599993e+02   8.3264000e+00
   4.9060239e-01   2.2199995e+02   6.3715300e+00
   4.9060239e-01   2.2799996e+02   4.8800200e+00
   4.9060239e-01   2.3399997e+02   3.7515800e+00
   4.9060239e-01   2.3999999e+02   2.8946100e+00
   4.9060239e-01   2.4600000e+02   2.2306200e+00
   4.9060239e-01   2.5200002e+02   1.6979300e+00
   4.9060239e-01   2.5800003e+02   1.2542800e+00
   4.9060239e-01   2.6400004e+02   8.7858300e-01
   4.9060239e-01   2.7000006e+02   5.7153600e-01
   4.9060239e-01   2.7600007e+02   3.5535900e-01
   4.9060239e-01   2.8200009e+02   2.7257100e-01
   4.9060239e-01   2.8800010e+02   3.8392400e-01
   4.9060239e-01   2.9400011e+02   7.6559600e-01
   4.9060239e-01   3.0000013e+02   1.5057200e+00
   4.9060239e-01   3.0600014e+02   2.7004000e+00
   4.9060239e-01   3.1200016e+02   4.4492100e+00
   4.9060239e-01   3.1800017e+02   6.8504900e+00
   4.9060239e-01   3.2400018e+02   9.9963400e+00
   4.9060239e-01   3.3000020e+02   1.3967500e+01
   4.9060239e-01   3.3600021e+02   1.8828400e+01
   4.9060239e-01   3.4200023e+02   2.4622300e+01
   4.9060239e-01   3.4800024e+02   3.1366400e+01
   4.9060239e-01   3.5400025e+02   3.9048200e+01
   4.9060239e-01   3.6000027e+02   4.7622000e+01
   4.9360201e-01   1.7999985e+02   3.4744100e+01
   4.9360201e-01   1.8599986e+02   2.8178800e+01
   4.9360201e-01   1.9199988e+02   2.2531300e+01
   4.9360201e-01   1.9799989e+02   1.7772100e+01
   4.9360201e-01   2.0399990e+02   1.3844700e+01
   4.9360201e-01   2.0999992e+02   1.0672000e+01
   4.9360201e-01   2.1599993e+02   8.1622200e+00
   4.9360201e-01   2.2199995e+02   6.2149700e+00
   4.9360201e-01   2.2799996e+02   4.7275400e+00
   4.9360201e-01   2.3399997e+02   3.6006200e+00
   4.9360201e-01   2.3999999e+02   2.7434500e+00
   4.9360201e-01   2.4600000e+02   2.0783200e+00
   4.9360201e-01   2.5200002e+02   1.5441300e+00
   4.9360201e-01   2.5800003e+02   1.0990700e+00
   4.9360201e-01   2.6400004e+02   7.2226200e-01
   4.9360201e-01   2.7000006e+02   4.1447600e-01
   4.9360201e-01   2.7600007e+02   1.9778800e-01
   4.9360201e-01   2.8200009e+02   1.1439500e-01
   4.9360201e-01   2.8800010e+02   2.2457000e-01
   4.9360201e-01   2.9400011e+02   6.0387200e-01
   4.9360201e-01   3.0000013e+02   1.3397100e+00
   4.9360201e-01   3.0600014e+02   2.5273800e+00
   4.9360201e-01   3.1200016e+02   4.2656300e+00
   4.9360201e-01   3.1800017e+02   6.6519400e+00
   4.9360201e-01   3.2400018e+02   9.7776000e+00
   4.9360201e-01   3.3000020e+02   1.3722600e+01
   4.9360201e-01   3.3600021e+02   1.8550900e+01
   4.9360201e-01   3.4200023e+02   2.4305000e+01
   4.9360201e-01   3.4800024e+02   3.1002100e+01
   4.9360201e-01   3.5400025e+02   3.8629500e+01
   4.9360201e-01   3.6000027e+02   4.7141800e+01
   4.9660186e-01   1.7999985e+02   3.4488900e+01
   4.9660186e-01   1.8599986e+02   2.7969700e+01
   4.9660186e-01   1.9199988e+02   2.2360400e+01
   4.9660186e-01   1.9799989e+02   1.7631600e+01
   4.9660186e-01   2.0399990e+02   1.3727600e+01
   4.9660186e-01   2.0999992e+02   1.0572000e+01
   4.9660186e-01   2.1599993e+02   8.0738600e+00
   4.9660186e-01   2.2199995e+02   6.1337900e+00
   4.9660186e-01   2.2799996e+02   4.6500800e+00
   4.9660186e-01   2.3399997e+02   3.5243400e+00
   4.9660186e-01   2.3999999e+02   2.6666800e+00
   4.9660186e-01   2.4600000e+02   2.0001200e+00
   4.9660186e-01   2.5200002e+02   1.4641800e+00
   4.9660186e-01   2.5800003e+02   1.0174700e+00
   4.9660186e-01   2.6400004e+02   6.3936600e-01
   4.9660186e-01   2.7000006e+02   3.3067400e-01
   4.9660186e-01   2.7600007e+02   1.1333900e-01
   4.9660186e-01   2.8200009e+02   2.9243100e-02
   4.9660186e-01   2.8800010e+02   1.3818400e-01
   4.9660186e-01   2.9400011e+02   5.1510800e-01
   4.9660186e-01   3.0000013e+02   1.2467100e+00
   4.9660186e-01   3.0600014e+02   2.4274700e+00
   4.9660186e-01   3.1200016e+02   4.1553100e+00
   4.9660186e-01   3.1800017e+02   6.5268800e+00
   4.9660186e-01   3.2400018e+02   9.6326500e+00
   4.9660186e-01   3.3000020e+02   1.3551900e+01
   4.9660186e-01   3.3600021e+02   1.8347900e+01
   4.9660186e-01   3.4200023e+02   2.4062800e+01
   4.9660186e-01   3.4800024e+02   3.0713500e+01
   4.9660186e-01   3.5400025e+02   3.8287300e+01
   4.9660186e-01   3.6000027e+02   4.6738800e+01
   4.9960184e-01   1.7999985e+02   3.4296200e+01
   4.9960184e-01   1.8599986e+02   2.7822500e+01
   4.9960184e-01   1.9199988e+02   2.2250700e+01
   4.9960184e-01   1.9799989e+02   1.7551700e+01
   4.9960184e-01   2.0399990e+02   1.3670500e+01
   4.9960184e-01   2.0999992e+02   1.0531500e+01
   4.9960184e-01   2.1599993e+02   8.0445500e+00
   4.9960184e-01   2.2199995e+02   6.1112700e+00
   4.9960184e-01   2.2799996e+02   4.6309000e+00
   4.9960184e-01   2.3399997e+02   3.5060000e+00
   4.9960184e-01   2.3999999e+02   2.6475300e+00
   4.9960184e-01   2.4600000e+02   1.9792800e+00
   4.9960184e-01   2.5200002e+02   1.4413400e+00
   4.9960184e-01   2.5800003e+02   9.9275800e-01
   4.9960184e-01   2.6400004e+02   6.1315300e-01
   4.9960184e-01   2.7000006e+02   3.0338500e-01
   4.9960184e-01   2.7600007e+02   8.5265100e-02
   4.9960184e-01   2.8200009e+02   3.6449800e-04
   4.9960184e-01   2.8800010e+02   1.0801000e-01
   4.9960184e-01   2.9400011e+02   4.8254200e-01
   4.9960184e-01   3.0000013e+02   1.2099300e+00
   4.9960184e-01   3.0600014e+02   2.3838900e+00
   4.9960184e-01   3.1200016e+02   4.1014800e+00
   4.9960184e-01   3.1800017e+02   6.4585200e+00
   4.9960184e-01   3.2400018e+02   9.5447000e+00
   4.9960184e-01   3.3000020e+02   1.3438600e+01
   4.9960184e-01   3.3600021e+02   1.8202700e+01
   4.9960184e-01   3.4200023e+02   2.3879000e+01
   4.9960184e-01   3.4800024e+02   3.0483800e+01
   4.9960184e-01   3.5400025e+02   3.8004500e+01
   4.9960184e-01   3.6000027e+02   4.6396000e+01
   5.0260182e-01   1.7999985e+02   3.4152400e+01
   5.0260182e-01   1.8599986e+02   2.7723500e+01
   5.0260182e-01   1.9199988e+02   2.2188500e+01
   5.0260182e-01   1.9799989e+02   1.7518800e+01
   5.0260182e-01   2.0399990e+02   1.3659900e+01
   5.0260182e-01   2.0999992e+02   1.0537000e+01
   5.0260182e-01   2.1599993e+02   8.0607700e+00
   5.0260182e-01   2.2199995e+02   6.1338700e+00
   5.0260182e-01   2.2799996e+02   4.6564700e+00
   5.0260182e-01   2.3399997e+02   3.5320700e+00
   5.0260182e-01   2.3999999e+02   2.6725000e+00
   5.0260182e-01   2.4600000e+02   2.0022700e+00
   5.0260182e-01   2.5200002e+02   1.4620800e+00
   5.0260182e-01   2.5800003e+02   1.0114000e+00
   5.0260182e-01   2.6400004e+02   6.3009400e-01
   5.0260182e-01   2.7000006e+02   3.1907800e-01
   5.0260182e-01   2.7600007e+02   1.0003200e-01
   5.0260182e-01   2.8200009e+02   1.4221300e-02
   5.0260182e-01   2.8800010e+02   1.2050600e-01
   5.0260182e-01   2.9400011e+02   4.9262500e-01
   5.0260182e-01   3.0000013e+02   1.2158400e+00
   5.0260182e-01   3.0600014e+02   2.3830700e+00
   5.0260182e-01   3.1200016e+02   4.0905600e+00
   5.0260182e-01   3.1800017e+02   6.4332900e+00
   5.0260182e-01   3.2400018e+02   9.5001400e+00
   5.0260182e-01   3.3000020e+02   1.3369000e+01
   5.0260182e-01   3.3600021e+02   1.8101700e+01
   5.0260182e-01   3.4200023e+02   2.3739700e+01
   5.0260182e-01   3.4800024e+02   3.0299300e+01
   5.0260182e-01   3.5400025e+02   3.7767600e+01
   5.0260182e-01   3.6000027e+02   4.6099700e+01
   5.0560172e-01   1.7999985e+02   3.4047100e+01
   5.0560172e-01   1.8599986e+02   2.7662400e+01
   5.0560172e-01   1.9199988e+02   2.2163600e+01
   5.0560172e-01   1.9799989e+02   1.7522600e+01
   5.0560172e-01   2.0399990e+02   1.3685500e+01
   5.0560172e-01   2.0999992e+02   1.0578200e+01
   5.0560172e-01   2.1599993e+02   8.1122900e+00
   5.0560172e-01   2.2199995e+02   6.1913700e+00
   5.0560172e-01   2.2799996e+02   4.7165900e+00
   5.0560172e-01   2.3399997e+02   3.5923700e+00
   5.0560172e-01   2.3999999e+02   2.7313900e+00
   5.0560172e-01   2.4600000e+02   2.0589100e+00
   5.0560172e-01   2.5200002e+02   1.5162200e+00
   5.0560172e-01   2.5800003e+02   1.0632100e+00
   5.0560172e-01   2.6400004e+02   6.8000000e-01
   5.0560172e-01   2.7000006e+02   3.6756200e-01
   5.0560172e-01   2.7600007e+02   1.4744600e-01
   5.0560172e-01   2.8200009e+02   6.0614500e-02
   5.0560172e-01   2.8800010e+02   1.6546800e-01
   5.0560172e-01   2.9400011e+02   5.3514700e-01
   5.0560172e-01   3.0000013e+02   1.2542100e+00
   5.0560172e-01   3.0600014e+02   2.4147800e+00
   5.0560172e-01   3.1200016e+02   4.1123000e+00
   5.0560172e-01   3.1800017e+02   6.4409200e+00
   5.0560172e-01   3.2400018e+02   9.4887100e+00
   5.0560172e-01   3.3000020e+02   1.3332800e+01
   5.0560172e-01   3.3600021e+02   1.8034600e+01
   5.0560172e-01   3.4200023e+02   2.3634900e+01
   5.0560172e-01   3.4800024e+02   3.0149600e+01
   5.0560172e-01   3.5400025e+02   3.7566100e+01
   5.0560172e-01   3.6000027e+02   4.5839500e+01
   5.0860141e-01   1.7999985e+02   3.3973600e+01
   5.0860141e-01   1.8599986e+02   2.7632300e+01
   5.0860141e-01   1.9199988e+02   2.2169200e+01
   5.0860141e-01   1.9799989e+02   1.7556400e+01
   5.0860141e-01   2.0399990e+02   1.3740500e+01
   5.0860141e-01   2.0999992e+02   1.0648300e+01
   5.0860141e-01   2.1599993e+02   8.1923100e+00
   5.0860141e-01   2.2199995e+02   6.2769900e+00
   5.0860141e-01   2.2799996e+02   4.8044700e+00
   5.0860141e-01   2.3399997e+02   3.6801100e+00
   5.0860141e-01   2.3999999e+02   2.8174300e+00
   5.0860141e-01   2.4600000e+02   2.1424200e+00
   5.0860141e-01   2.5200002e+02   1.5969800e+00
   5.0860141e-01   2.5800003e+02   1.1414200e+00
   5.0860141e-01   2.6400004e+02   7.5611100e-01
   5.0860141e-01   2.7000006e+02   4.4207500e-01
   5.0860141e-01   2.7600007e+02   2.2074200e-01
   5.0860141e-01   2.8200009e+02   1.3277700e-01
   5.0860141e-01   2.8800010e+02   2.3612200e-01
   5.0860141e-01   2.9400011e+02   6.0332700e-01
   5.0860141e-01   3.0000013e+02   1.3182500e+00
   5.0860141e-01   3.0600014e+02   2.4722400e+00
   5.0860141e-01   3.1200016e+02   4.1599100e+00
   5.0860141e-01   3.1800017e+02   6.4745900e+00
   5.0860141e-01   3.2400018e+02   9.5035700e+00
   5.0860141e-01   3.3000020e+02   1.3323300e+01
   5.0860141e-01   3.3600021e+02   1.7994400e+01
   5.0860141e-01   3.4200023e+02   2.3557400e+01
   5.0860141e-01   3.4800024e+02   3.0027900e+01
   5.0860141e-01   3.5400025e+02   3.7393100e+01
   5.0860141e-01   3.6000027e+02   4.5608400e+01
   5.1160080e-01   1.7999985e+02   3.3928300e+01
   5.1160080e-01   1.8599986e+02   2.7629900e+01
   5.1160080e-01   1.9199988e+02   2.2201800e+01
   5.1160080e-01   1.9799989e+02   1.7616600e+01
   5.1160080e-01   2.0399990e+02   1.3821500e+01
   5.1160080e-01   2.0999992e+02   1.0744000e+01
   5.1160080e-01   2.1599993e+02   8.2975200e+00
   5.1160080e-01   2.2199995e+02   6.3874300e+00
   5.1160080e-01   2.2799996e+02   4.9168300e+00
   5.1160080e-01   2.3399997e+02   3.7920100e+00
   5.1160080e-01   2.3999999e+02   2.9273400e+00
   5.1160080e-01   2.4600000e+02   2.2495400e+00
   5.1160080e-01   2.5200002e+02   1.7011100e+00
   5.1160080e-01   2.5800003e+02   1.2427800e+00
   5.1160080e-01   2.6400004e+02   8.5516000e-01
   5.1160080e-01   2.7000006e+02   5.3934900e-01
   5.1160080e-01   2.7600007e+02   3.1665000e-01
   5.1160080e-01   2.8200009e+02   2.2743300e-01
   5.1160080e-01   2.8800010e+02   3.2918800e-01
   5.1160080e-01   2.9400011e+02   6.9387700e-01
   5.1160080e-01   3.0000013e+02   1.4046600e+00
   5.1160080e-01   3.0600014e+02   2.5521200e+00
   5.1160080e-01   3.1200016e+02   4.2300600e+00
   5.1160080e-01   3.1800017e+02   6.5309700e+00
   5.1160080e-01   3.2400018e+02   9.5413600e+00
   5.1160080e-01   3.3000020e+02   1.3336900e+01
   5.1160080e-01   3.3600021e+02   1.7977800e+01
   5.1160080e-01   3.4200023e+02   2.3503900e+01
   5.1160080e-01   3.4800024e+02   2.9930700e+01
   5.1160080e-01   3.5400025e+02   3.7245200e+01
   5.1160080e-01   3.6000027e+02   4.5403000e+01
   5.1459976e-01   1.7999985e+02   3.3911300e+01
   5.1459976e-01   1.8599986e+02   2.7655200e+01
   5.1459976e-01   1.9199988e+02   2.2261600e+01
   5.1459976e-01   1.9799989e+02   1.7703500e+01
   5.1459976e-01   2.0399990e+02   1.3928700e+01
   5.1459976e-01   2.0999992e+02   1.0865500e+01
   5.1459976e-01   2.1599993e+02   8.4280900e+00
   5.1459976e-01   2.2199995e+02   6.5228700e+00
   5.1459976e-01   2.2799996e+02   5.0538700e+00
   5.1459976e-01   2.3399997e+02   3.9282800e+00
   5.1459976e-01   2.3999999e+02   3.0613400e+00
   5.1459976e-01   2.4600000e+02   2.3805000e+00
   5.1459976e-01   2.5200002e+02   1.8288400e+00
   5.1459976e-01   2.5800003e+02   1.3675100e+00
   5.1459976e-01   2.6400004e+02   9.7739300e-01
   5.1459976e-01   2.7000006e+02   6.5963100e-01
   5.1459976e-01   2.7600007e+02   4.3541500e-01
   5.1459976e-01   2.8200009e+02   3.4482500e-01
   5.1459976e-01   2.8800010e+02   4.4490200e-01
   5.1459976e-01   2.9400011e+02   8.0702400e-01
   5.1459976e-01   3.0000013e+02   1.5136700e+00
   5.1459976e-01   3.0600014e+02   2.6546400e+00
   5.1459976e-01   3.1200016e+02   4.3229200e+00
   5.1459976e-01   3.1800017e+02   6.6102200e+00
   5.1459976e-01   3.2400018e+02   9.6022300e+00
   5.1459976e-01   3.3000020e+02   1.3374000e+01
   5.1459976e-01   3.3600021e+02   1.7984900e+01
   5.1459976e-01   3.4200023e+02   2.3474500e+01
   5.1459976e-01   3.4800024e+02   2.9858000e+01
   5.1459976e-01   3.5400025e+02   3.7122300e+01
   5.1459976e-01   3.6000027e+02   4.5223300e+01
   5.1759820e-01   1.7999985e+02   3.3926100e+01
   5.1759820e-01   1.8599986e+02   2.7711700e+01
   5.1759820e-01   1.9199988e+02   2.2352200e+01
   5.1759820e-01   1.9799989e+02   1.7820700e+01
   5.1759820e-01   2.0399990e+02   1.4065800e+01
   5.1759820e-01   2.0999992e+02   1.1016400e+01
   5.1759820e-01   2.1599993e+02   8.5877100e+00
   5.1759820e-01   2.2199995e+02   6.6870200e+00
   5.1759820e-01   2.2799996e+02   5.2193000e+00
   5.1759820e-01   2.3399997e+02   4.0926600e+00
   5.1759820e-01   2.3999999e+02   3.2231800e+00
   5.1759820e-01   2.4600000e+02   2.5390500e+00
   5.1759820e-01   2.5200002e+02   1.9839200e+00
   5.1759820e-01   2.5800003e+02   1.5193900e+00
   5.1759820e-01   2.6400004e+02   1.1265700e+00
   5.1759820e-01   2.7000006e+02   8.0667600e-01
   5.1759820e-01   2.7600007e+02   5.8079200e-01
   5.1759820e-01   2.8200009e+02   4.8870200e-01
   5.1759820e-01   2.8800010e+02   5.8700700e-01
   5.1759820e-01   2.9400011e+02   9.4650600e-01
   5.1759820e-01   3.0000013e+02   1.6489900e+00
   5.1759820e-01   3.0600014e+02   2.7834900e+00
   5.1759820e-01   3.1200016e+02   4.4422100e+00
   5.1759820e-01   3.1800017e+02   6.7160200e+00
   5.1759820e-01   3.2400018e+02   9.6898400e+00
   5.1759820e-01   3.3000020e+02   1.3438000e+01
   5.1759820e-01   3.3600021e+02   1.8019300e+01
   5.1759820e-01   3.4200023e+02   2.3472800e+01
   5.1759820e-01   3.4800024e+02   2.9813400e+01
   5.1759820e-01   3.5400025e+02   3.7028000e+01
   5.1759820e-01   3.6000027e+02   4.5072600e+01
   5.2059601e-01   1.7999985e+02   3.3979700e+01
   5.2059601e-01   1.8599986e+02   2.7806500e+01
   5.2059601e-01   1.9199988e+02   2.2480400e+01
   5.2059601e-01   1.9799989e+02   1.7975200e+01
   5.2059601e-01   2.0399990e+02   1.4239700e+01
   5.2059601e-01   2.0999992e+02   1.1203800e+01
   5.2059601e-01   2.1599993e+02   8.7835000e+00
   5.2059601e-01   2.2199995e+02   6.8870200e+00
   5.2059601e-01   2.2799996e+02   5.4202900e+00
   5.2059601e-01   2.3399997e+02   4.2923200e+00
   5.2059601e-01   2.3999999e+02   3.4200500e+00
   5.2059601e-01   2.4600000e+02   2.7323800e+00
   5.2059601e-01   2.5200002e+02   2.1735500e+00
   5.2059601e-01   2.5800003e+02   1.7056100e+00
   5.2059601e-01   2.6400004e+02   1.3098900e+00
   5.2059601e-01   2.7000006e+02   9.8770300e-01
   5.2059601e-01   2.7600007e+02   7.5999700e-01
   5.2059601e-01   2.8200009e+02   6.6628000e-01
   5.2059601e-01   2.8800010e+02   7.6271400e-01
   5.2059601e-01   2.9400011e+02   1.1195200e+00
   5.2059601e-01   3.0000013e+02   1.8178100e+00
   5.2059601e-01   3.0600014e+02   2.9458700e+00
   5.2059601e-01   3.1200016e+02   4.5950800e+00
   5.2059601e-01   3.1800017e+02   6.8555100e+00
   5.2059601e-01   3.2400018e+02   9.8113100e+00
   5.2059601e-01   3.3000020e+02   1.3536000e+01
   5.2059601e-01   3.3600021e+02   1.8088000e+01
   5.2059601e-01   3.4200023e+02   2.3505700e+01
   5.2059601e-01   3.4800024e+02   2.9803800e+01
   5.2059601e-01   3.5400025e+02   3.6969200e+01
   5.2059601e-01   3.6000027e+02   4.4958000e+01
   5.2359307e-01   1.7999985e+02   3.4082300e+01
   5.2359307e-01   1.8599986e+02   2.7949900e+01
   5.2359307e-01   1.9199988e+02   2.2656900e+01
   5.2359307e-01   1.9799989e+02   1.8177400e+01
   5.2359307e-01   2.0399990e+02   1.4461000e+01
   5.2359307e-01   2.0999992e+02   1.1438200e+01
   5.2359307e-01   2.1599993e+02   9.0259800e+00
   5.2359307e-01   2.2199995e+02   7.1334000e+00
   5.2359307e-01   2.2799996e+02   5.6673700e+00
   5.2359307e-01   2.3399997e+02   4.5378200e+00
   5.2359307e-01   2.3999999e+02   3.6625100e+00
   5.2359307e-01   2.4600000e+02   2.9710700e+00
   5.2359307e-01   2.5200002e+02   2.4083400e+00
   5.2359307e-01   2.5800003e+02   1.9367800e+00
   5.2359307e-01   2.6400004e+02   1.5379800e+00
   5.2359307e-01   2.7000006e+02   1.2133200e+00
   5.2359307e-01   2.7600007e+02   9.8363600e-01
   5.2359307e-01   2.8200009e+02   8.8816100e-01
   5.2359307e-01   2.8800010e+02   9.8261900e-01
   5.2359307e-01   2.9400011e+02   1.3366600e+00
   5.2359307e-01   3.0000013e+02   2.0307300e+00
   5.2359307e-01   3.0600014e+02   3.1523400e+00
   5.2359307e-01   3.1200016e+02   4.7920800e+00
   5.2359307e-01   3.1800017e+02   7.0392200e+00
   5.2359307e-01   3.2400018e+02   9.9771300e+00
   5.2359307e-01   3.3000020e+02   1.3678700e+01
   5.2359307e-01   3.3600021e+02   1.8201500e+01
   5.2359307e-01   3.4200023e+02   2.3583800e+01
   5.2359307e-01   3.4800024e+02   2.9839800e+01
   5.2359307e-01   3.5400025e+02   3.6956300e+01
   5.2359307e-01   3.6000027e+02   4.4889700e+01
   5.2658929e-01   1.7999985e+02   3.4247600e+01
   5.2658929e-01   1.8599986e+02   2.8155500e+01
   5.2658929e-01   1.9199988e+02   2.2895100e+01
   5.2658929e-01   1.9799989e+02   1.8441000e+01
   5.2658929e-01   2.0399990e+02   1.4743300e+01
   5.2658929e-01   2.0999992e+02   1.1733400e+01
   5.2658929e-01   2.1599993e+02   9.3288900e+00
   5.2658929e-01   2.2199995e+02   7.4399500e+00
   5.2658929e-01   2.2799996e+02   5.9743700e+00
   5.2658929e-01   2.3399997e+02   4.8429900e+00
   5.2658929e-01   2.3999999e+02   3.9644100e+00
   5.2658929e-01   2.4600000e+02   3.2689900e+00
   5.2658929e-01   2.5200002e+02   2.7021500e+00
   5.2658929e-01   2.5800003e+02   2.2267700e+00
   5.2658929e-01   2.6400004e+02   1.8247100e+00
   5.2658929e-01   2.7000006e+02   1.4974000e+00
   5.2658929e-01   2.7600007e+02   1.2655900e+00
   5.2658929e-01   2.8200009e+02   1.1682200e+00
   5.2658929e-01   2.8800010e+02   1.2606000e+00
   5.2658929e-01   2.9400011e+02   1.6118000e+00
   5.2658929e-01   3.0000013e+02   2.3015800e+00
   5.2658929e-01   3.0600014e+02   3.4167300e+00
   5.2658929e-01   3.1200016e+02   5.0470400e+00
   5.2658929e-01   3.1800017e+02   7.2809600e+00
   5.2658929e-01   3.2400018e+02   1.0201100e+01
   5.2658929e-01   3.3000020e+02   1.3879600e+01
   5.2658929e-01   3.3600021e+02   1.8373600e+01
   5.2658929e-01   3.4200023e+02   2.3720700e+01
   5.2658929e-01   3.4800024e+02   2.9934900e+01
   5.2658929e-01   3.5400025e+02   3.7002900e+01
   5.2658929e-01   3.6000027e+02   4.4881400e+01
   5.2958455e-01   1.7999985e+02   3.4492300e+01
   5.2958455e-01   1.8599986e+02   2.8440000e+01
   5.2958455e-01   1.9199988e+02   2.3212000e+01
   5.2958455e-01   1.9799989e+02   1.8782900e+01
   5.2958455e-01   2.0399990e+02   1.5103600e+01
   5.2958455e-01   2.0999992e+02   1.2106100e+01
   5.2958455e-01   2.1599993e+02   9.7091500e+00
   5.2958455e-01   2.2199995e+02   7.8235800e+00
   5.2958455e-01   2.2799996e+02   6.3582100e+00
   5.2958455e-01   2.3399997e+02   5.2247800e+00
   5.2958455e-01   2.3999999e+02   4.3427200e+00
   5.2958455e-01   2.4600000e+02   3.6431100e+00
   5.2958455e-01   2.5200002e+02   3.0719600e+00
   5.2958455e-01   2.5800003e+02   2.5925800e+00
   5.2958455e-01   2.6400004e+02   2.1870800e+00
   5.2958455e-01   2.7000006e+02   1.8569700e+00
   5.2958455e-01   2.7600007e+02   1.6228800e+00
   5.2958455e-01   2.8200009e+02   1.5234900e+00
   5.2958455e-01   2.8800010e+02   1.6136600e+00
   5.2958455e-01   2.9400011e+02   1.9619200e+00
   5.2958455e-01   3.0000013e+02   2.6473700e+00
   5.2958455e-01   3.0600014e+02   3.7560300e+00
   5.2958455e-01   3.1200016e+02   5.3769100e+00
   5.2958455e-01   3.1800017e+02   7.5976600e+00
   5.2958455e-01   3.2400018e+02   1.0500100e+01
   5.2958455e-01   3.3000020e+02   1.4155800e+01
   5.2958455e-01   3.3600021e+02   1.8621000e+01
   5.2958455e-01   3.4200023e+02   2.3933100e+01
   5.2958455e-01   3.4800024e+02   3.0105800e+01
   5.2958455e-01   3.5400025e+02   3.7125800e+01
   5.2958455e-01   3.6000027e+02   4.4949700e+01
   5.3257874e-01   1.7999985e+02   3.4835900e+01
   5.3257874e-01   1.8599986e+02   2.8823300e+01
   5.3257874e-01   1.9199988e+02   2.3627100e+01
   5.3257874e-01   1.9799989e+02   1.9222800e+01
   5.3257874e-01   2.0399990e+02   1.5561600e+01
   5.3257874e-01   2.0999992e+02   1.2576400e+01
   5.3257874e-01   2.1599993e+02   1.0186600e+01
   5.3257874e-01   2.2199995e+02   8.3041700e+00
   5.3257874e-01   2.2799996e+02   6.8387900e+00
   5.3257874e-01   2.3399997e+02   5.7031100e+00
   5.3257874e-01   2.3999999e+02   4.8173700e+00
   5.3257874e-01   2.4600000e+02   4.1133900e+00
   5.3257874e-01   2.5200002e+02   3.5377500e+00
   5.3257874e-01   2.5800003e+02   3.0542000e+00
   5.3257874e-01   2.6400004e+02   2.6450900e+00
   5.3257874e-01   2.7000006e+02   2.3120100e+00
   5.3257874e-01   2.7600007e+02   2.0754900e+00
   5.3257874e-01   2.8200009e+02   1.9739300e+00
   5.3257874e-01   2.8800010e+02   2.0617900e+00
   5.3257874e-01   2.9400011e+02   2.4070200e+00
   5.3257874e-01   3.0000013e+02   3.0880500e+00
   5.3257874e-01   3.0600014e+02   4.1901800e+00
   5.3257874e-01   3.1200016e+02   5.8016300e+00
   5.3257874e-01   3.1800017e+02   8.0092400e+00
   5.3257874e-01   3.2400018e+02   1.0894100e+01
   5.3257874e-01   3.3000020e+02   1.4527000e+01
   5.3257874e-01   3.3600021e+02   1.8963700e+01
   5.3257874e-01   3.4200023e+02   2.4241100e+01
   5.3257874e-01   3.4800024e+02   3.0372500e+01
   5.3257874e-01   3.5400025e+02   3.7344700e+01
   5.3257874e-01   3.6000027e+02   4.5114400e+01
   5.3557176e-01   1.7999985e+02   3.5301000e+01
   5.3557176e-01   1.8599986e+02   2.9327600e+01
   5.3557176e-01   1.9199988e+02   2.4163100e+01
   5.3557176e-01   1.9799989e+02   1.9783100e+01
   5.3557176e-01   2.0399990e+02   1.6139800e+01
   5.3557176e-01   2.0999992e+02   1.3166600e+01
   5.3557176e-01   2.1599993e+02   1.0783800e+01
   5.3557176e-01   2.2199995e+02   8.9043700e+00
   5.3557176e-01   2.2799996e+02   7.4387800e+00
   5.3557176e-01   2.3399997e+02   6.3006600e+00
   5.3557176e-01   2.3999999e+02   5.4110700e+00
   5.3557176e-01   2.4600000e+02   4.7025400e+00
   5.3557176e-01   2.5200002e+02   4.1222500e+00
   5.3557176e-01   2.5800003e+02   3.6343600e+00
   5.3557176e-01   2.6400004e+02   3.2214800e+00
   5.3557176e-01   2.7000006e+02   2.8852700e+00
   5.3557176e-01   2.7600007e+02   2.6461700e+00
   5.3557176e-01   2.8200009e+02   2.5423200e+00
   5.3557176e-01   2.8800010e+02   2.6277300e+00
   5.3557176e-01   2.9400011e+02   2.9698300e+00
   5.3557176e-01   3.0000013e+02   3.6463700e+00
   5.3557176e-01   3.0600014e+02   4.7419200e+00
   5.3557176e-01   3.1200016e+02   6.3439000e+00
   5.3557176e-01   3.1800017e+02   8.5383900e+00
   5.3557176e-01   3.2400018e+02   1.1405700e+01
   5.3557176e-01   3.3000020e+02   1.5015900e+01
   5.3557176e-01   3.3600021e+02   1.9424200e+01
   5.3557176e-01   3.4200023e+02   2.4667000e+01
   5.3557176e-01   3.4800024e+02   3.0757400e+01
   5.3557176e-01   3.5400025e+02   3.7682000e+01
   5.3557176e-01   3.6000027e+02   4.5397800e+01
   5.3856350e-01   1.7999985e+02   3.5912500e+01
   5.3856350e-01   1.8599986e+02   2.9978000e+01
   5.3856350e-01   1.9199988e+02   2.4844800e+01
   5.3856350e-01   1.9799989e+02   2.0489100e+01
   5.3856350e-01   2.0399990e+02   1.6863400e+01
   5.3856350e-01   2.0999992e+02   1.3902000e+01
   5.3856350e-01   2.1599993e+02   1.1526100e+01
   5.3856350e-01   2.2199995e+02   9.6493500e+00
   5.3856350e-01   2.2799996e+02   8.1834000e+00
   5.3856350e-01   2.3399997e+02   7.0426700e+00
   5.3856350e-01   2.3999999e+02   6.1490700e+00
   5.3856350e-01   2.4600000e+02   5.4358400e+00
   5.3856350e-01   2.5200002e+02   4.8507400e+00
   5.3856350e-01   2.5800003e+02   4.3583500e+00
   5.3856350e-01   2.6400004e+02   3.9415500e+00
   5.3856350e-01   2.7000006e+02   3.6020700e+00
   5.3856350e-01   2.7600007e+02   3.3602500e+00
   5.3856350e-01   2.8200009e+02   3.2539700e+00
   5.3856350e-01   2.8800010e+02   3.3368200e+00
   5.3856350e-01   2.9400011e+02   3.6756700e+00
   5.3856350e-01   3.0000013e+02   4.3476300e+00
   5.3856350e-01   3.0600014e+02   5.4365300e+00
   5.3856350e-01   3.1200016e+02   7.0290100e+00
   5.3856350e-01   3.1800017e+02   9.2103600e+00
   5.3856350e-01   3.2400018e+02   1.2060100e+01
   5.3856350e-01   3.3000020e+02   1.5647700e+01
   5.3856350e-01   3.3600021e+02   2.0027700e+01
   5.3856350e-01   3.4200023e+02   2.5236000e+01
   5.3856350e-01   3.4800024e+02   3.1285600e+01
   5.3856350e-01   3.5400025e+02   3.8162900e+01
   5.3856350e-01   3.6000027e+02   4.5825100e+01
   5.4155385e-01   1.7999985e+02   3.6697700e+01
   5.4155385e-01   1.8599986e+02   3.0801800e+01
   5.4155385e-01   1.9199988e+02   2.5699800e+01
   5.4155385e-01   1.9799989e+02   2.1368100e+01
   5.4155385e-01   2.0399990e+02   1.7759800e+01
   5.4155385e-01   2.0999992e+02   1.4810000e+01
   5.4155385e-01   2.1599993e+02   1.2440700e+01
   5.4155385e-01   2.2199995e+02   1.0566600e+01
   5.4155385e-01   2.2799996e+02   9.1001600e+00
   5.4155385e-01   2.3399997e+02   7.9567000e+00
   5.4155385e-01   2.3999999e+02   7.0589400e+00
   5.4155385e-01   2.4600000e+02   6.3408700e+00
   5.4155385e-01   2.5200002e+02   5.7508200e+00
   5.4155385e-01   2.5800003e+02   5.2537900e+00
   5.4155385e-01   2.6400004e+02   4.8329300e+00
   5.4155385e-01   2.7000006e+02   4.4900400e+00
   5.4155385e-01   2.7600007e+02   4.2453600e+00
   5.4155385e-01   2.8200009e+02   4.1365100e+00
   5.4155385e-01   2.8800010e+02   4.2166700e+00
   5.4155385e-01   2.9400011e+02   4.5521600e+00
   5.4155385e-01   3.0000013e+02   5.2194400e+00
   5.4155385e-01   3.0600014e+02   6.3016100e+00
   5.4155385e-01   3.1200016e+02   7.8845300e+00
   5.4155385e-01   3.1800017e+02   1.0052700e+01
   5.4155385e-01   3.2400018e+02   1.2885000e+01
   5.4155385e-01   3.3000020e+02   1.6449900e+01
   5.4155385e-01   3.3600021e+02   2.0801700e+01
   5.4155385e-01   3.4200023e+02   2.5975700e+01
   5.4155385e-01   3.4800024e+02   3.1984600e+01
   5.4155385e-01   3.5400025e+02   3.8814700e+01
   5.4155385e-01   3.6000027e+02   4.6423500e+01
   5.4454271e-01   1.7999985e+02   3.7685800e+01
   5.4454271e-01   1.8599986e+02   3.1828400e+01
   5.4454271e-01   1.9199988e+02   2.6757300e+01
   5.4454271e-01   1.9799989e+02   2.2449400e+01
   5.4454271e-01   2.0399990e+02   1.8858500e+01
   5.4454271e-01   2.0999992e+02   1.5920100e+01
   5.4454271e-01   2.1599993e+02   1.3557400e+01
   5.4454271e-01   2.2199995e+02   1.1685800e+01
   5.4454271e-01   2.2799996e+02   1.0218700e+01
   5.4454271e-01   2.3399997e+02   9.0723500e+00
   5.4454271e-01   2.3999999e+02   8.1703200e+00
   5.4454271e-01   2.4600000e+02   7.4472900e+00
   5.4454271e-01   2.5200002e+02   6.8521600e+00
   5.4454271e-01   2.5800003e+02   6.3503800e+00
   5.4454271e-01   2.6400004e+02   5.9253200e+00
   5.4454271e-01   2.7000006e+02   5.5788800e+00
   5.4454271e-01   2.7600007e+02   5.3312100e+00
   5.4454271e-01   2.8200009e+02   5.2196600e+00
   5.4454271e-01   2.8800010e+02   5.2970000e+00
   5.4454271e-01   2.9400011e+02   5.6290200e+00
   5.4454271e-01   3.0000013e+02   6.2915100e+00
   5.4454271e-01   3.0600014e+02   7.3668500e+00
   5.4454271e-01   3.1200016e+02   8.9401500e+00
   5.4454271e-01   3.1800017e+02   1.1095100e+01
   5.4454271e-01   3.2400018e+02   1.3909800e+01
   5.4454271e-01   3.3000020e+02   1.7452200e+01
   5.4454271e-01   3.3600021e+02   2.1775800e+01
   5.4454271e-01   3.4200023e+02   2.6915500e+01
   5.4454271e-01   3.4800024e+02   3.2883800e+01
   5.4454271e-01   3.5400025e+02   3.9667000e+01
   5.4454271e-01   3.6000027e+02   4.7222600e+01
   5.4752996e-01   1.7999985e+02   3.8908100e+01
   5.4752996e-01   1.8599986e+02   3.3089000e+01
   5.4752996e-01   1.9199988e+02   2.8048700e+01
   5.4752996e-01   1.9799989e+02   2.3764500e+01
   5.4752996e-01   2.0399990e+02   2.0190700e+01
   5.4752996e-01   2.0999992e+02   1.7263700e+01
   5.4752996e-01   2.1599993e+02   1.4907400e+01
   5.4752996e-01   2.2199995e+02   1.3038200e+01
   5.4752996e-01   2.2799996e+02   1.1570300e+01
   5.4752996e-01   2.3399997e+02   1.0421000e+01
   5.4752996e-01   2.3999999e+02   9.5146600e+00
   5.4752996e-01   2.4600000e+02   8.7865600e+00
   5.4752996e-01   2.5200002e+02   8.1862500e+00
   5.4752996e-01   2.5800003e+02   7.6795900e+00
   5.4752996e-01   2.6400004e+02   7.2502100e+00
   5.4752996e-01   2.7000006e+02   6.9001000e+00
   5.4752996e-01   2.7600007e+02   6.6493100e+00
   5.4752996e-01   2.8200009e+02   6.5349300e+00
   5.4752996e-01   2.8800010e+02   6.6093300e+00
   5.4752996e-01   2.9400011e+02   6.9377500e+00
   5.4752996e-01   3.0000013e+02   7.5953400e+00
   5.4752996e-01   3.0600014e+02   8.6637600e+00
   5.4752996e-01   3.1200016e+02   1.0227300e+01
   5.4752996e-01   3.1800017e+02   1.2369000e+01
   5.4752996e-01   3.2400018e+02   1.5166100e+01
   5.4752996e-01   3.3000020e+02   1.8685900e+01
   5.4752996e-01   3.3600021e+02   2.2981300e+01
   5.4752996e-01   3.4200023e+02   2.8086900e+01
   5.4752996e-01   3.4800024e+02   3.4014700e+01
   5.4752996e-01   3.5400025e+02   4.0751000e+01
   5.4752996e-01   3.6000027e+02   4.8253500e+01
   5.5051550e-01   1.7999985e+02   4.0397200e+01
   5.5051550e-01   1.8599986e+02   3.4616200e+01
   5.5051550e-01   1.9199988e+02   2.9606700e+01
   5.5051550e-01   1.9799989e+02   2.5346000e+01
   5.5051550e-01   2.0399990e+02   2.1789300e+01
   5.5051550e-01   2.0999992e+02   1.8873600e+01
   5.5051550e-01   2.1599993e+02   1.6523600e+01
   5.5051550e-01   2.2199995e+02   1.4656700e+01
   5.5051550e-01   2.2799996e+02   1.3188100e+01
   5.5051550e-01   2.3399997e+02   1.2035800e+01
   5.5051550e-01   2.3999999e+02   1.1124900e+01
   5.5051550e-01   2.4600000e+02   1.0391700e+01
   5.5051550e-01   2.5200002e+02   9.7861000e+00
   5.5051550e-01   2.5800003e+02   9.2744600e+00
   5.5051550e-01   2.6400004e+02   8.8406600e+00
   5.5051550e-01   2.7000006e+02   8.4867600e+00
   5.5051550e-01   2.7600007e+02   8.2327300e+00
   5.5051550e-01   2.8200009e+02   8.1153900e+00
   5.5051550e-01   2.8800010e+02   8.1867200e+00
   5.5051550e-01   2.9400011e+02   8.5114100e+00
   5.5051550e-01   3.0000013e+02   9.1639900e+00
   5.5051550e-01   3.0600014e+02   1.0225400e+01
   5.5051550e-01   3.1200016e+02   1.1779100e+01
   5.5051550e-01   3.1800017e+02   1.3907500e+01
   5.5051550e-01   3.2400018e+02   1.6686900e+01
   5.5051550e-01   3.3000020e+02   2.0184100e+01
   5.5051550e-01   3.3600021e+02   2.4451300e+01
   5.5051550e-01   3.4200023e+02   2.9522700e+01
   5.5051550e-01   3.4800024e+02   3.5410000e+01
   5.5051550e-01   3.5400025e+02   4.2099600e+01
   5.5051550e-01   3.6000027e+02   4.9549200e+01
   5.5349922e-01   1.7999985e+02   4.2187100e+01
   5.5349922e-01   1.8599986e+02   3.6444200e+01
   5.5349922e-01   1.9199988e+02   3.1465200e+01
   5.5349922e-01   1.9799989e+02   2.7228100e+01
   5.5349922e-01   2.0399990e+02   2.3688300e+01
   5.5349922e-01   2.0999992e+02   2.0783900e+01
   5.5349922e-01   2.1599993e+02   1.8440200e+01
   5.5349922e-01   2.2199995e+02   1.6575600e+01
   5.5349922e-01   2.2799996e+02   1.5106100e+01
   5.5349922e-01   2.3399997e+02   1.3950700e+01
   5.5349922e-01   2.3999999e+02   1.3035400e+01
   5.5349922e-01   2.4600000e+02   1.2296900e+01
   5.5349922e-01   2.5200002e+02   1.1686000e+01
   5.5349922e-01   2.5800003e+02   1.1169300e+01
   5.5349922e-01   2.6400004e+02   1.0731000e+01
   5.5349922e-01   2.7000006e+02   1.0373200e+01
   5.5349922e-01   2.7600007e+02   1.0115800e+01
   5.5349922e-01   2.8200009e+02   9.9953700e+00
   5.5349922e-01   2.8800010e+02   1.0063500e+01
   5.5349922e-01   2.9400011e+02   1.0384300e+01
   5.5349922e-01   3.0000013e+02   1.1031800e+01
   5.5349922e-01   3.0600014e+02   1.2086000e+01
   5.5349922e-01   3.1200016e+02   1.3629900e+01
   5.5349922e-01   3.1800017e+02   1.5744700e+01
   5.5349922e-01   3.2400018e+02   1.8506500e+01
   5.5349922e-01   3.3000020e+02   2.1980900e+01
   5.5349922e-01   3.3600021e+02   2.6219900e+01
   5.5349922e-01   3.4200023e+02   3.1257100e+01
   5.5349922e-01   3.4800024e+02   3.7104000e+01
   5.5349922e-01   3.5400025e+02   4.3746900e+01
   5.5349922e-01   3.6000027e+02   5.1143600e+01
   5.5648102e-01   1.7999985e+02   4.4312800e+01
   5.5648102e-01   1.8599986e+02   3.8607900e+01
   5.5648102e-01   1.9199988e+02   3.3659400e+01
   5.5648102e-01   1.9799989e+02   2.9445800e+01
   5.5648102e-01   2.0399990e+02   2.5923000e+01
   5.5648102e-01   2.0999992e+02   2.3029700e+01
   5.5648102e-01   2.1599993e+02   2.0692300e+01
   5.5648102e-01   2.2199995e+02   1.8830000e+01
   5.5648102e-01   2.2799996e+02   1.7359600e+01
   5.5648102e-01   2.3399997e+02   1.6201100e+01
   5.5648102e-01   2.3999999e+02   1.5281300e+01
   5.5648102e-01   2.4600000e+02   1.4537500e+01
   5.5648102e-01   2.5200002e+02   1.3921200e+01
   5.5648102e-01   2.5800003e+02   1.3399400e+01
   5.5648102e-01   2.6400004e+02   1.2956400e+01
   5.5648102e-01   2.7000006e+02   1.2594600e+01
   5.5648102e-01   2.7600007e+02   1.2333800e+01
   5.5648102e-01   2.8200009e+02   1.2210200e+01
   5.5648102e-01   2.8800010e+02   1.2275000e+01
   5.5648102e-01   2.9400011e+02   1.2591800e+01
   5.5648102e-01   3.0000013e+02   1.3234000e+01
   5.5648102e-01   3.0600014e+02   1.4281000e+01
   5.5648102e-01   3.1200016e+02   1.5814800e+01
   5.5648102e-01   3.1800017e+02   1.7916100e+01
   5.5648102e-01   3.2400018e+02   2.0660000e+01
   5.5648102e-01   3.3000020e+02   2.4111700e+01
   5.5648102e-01   3.3600021e+02   2.8322400e+01
   5.5648102e-01   3.4200023e+02   3.3325400e+01
   5.5648102e-01   3.4800024e+02   3.9131900e+01
   5.5648102e-01   3.5400025e+02   4.5728000e+01
   5.5648102e-01   3.6000027e+02   5.3072000e+01
   5.5946078e-01   1.7999985e+02   4.6809900e+01
   5.5946078e-01   1.8599986e+02   4.1143000e+01
   5.5946078e-01   1.9199988e+02   3.6225000e+01
   5.5946078e-01   1.9799989e+02   3.2034800e+01
   5.5946078e-01   2.0399990e+02   2.8529000e+01
   5.5946078e-01   2.0999992e+02   2.5647000e+01
   5.5946078e-01   2.1599993e+02   2.3315800e+01
   5.5946078e-01   2.2199995e+02   2.1455700e+01
   5.5946078e-01   2.2799996e+02   1.9984500e+01
   5.5946078e-01   2.3399997e+02   1.8822900e+01
   5.5946078e-01   2.3999999e+02   1.7898500e+01
   5.5946078e-01   2.4600000e+02   1.7149500e+01
   5.5946078e-01   2.5200002e+02   1.6527700e+01
   5.5946078e-01   2.5800003e+02   1.6000700e+01
   5.5946078e-01   2.6400004e+02   1.5553100e+01
   5.5946078e-01   2.7000006e+02   1.5187200e+01
   5.5946078e-01   2.7600007e+02   1.4922800e+01
   5.5946078e-01   2.8200009e+02   1.4795900e+01
   5.5946078e-01   2.8800010e+02   1.4857200e+01
   5.5946078e-01   2.9400011e+02   1.5170000e+01
   5.5946078e-01   3.0000013e+02   1.5806700e+01
   5.5946078e-01   3.0600014e+02   1.6846300e+01
   5.5946078e-01   3.1200016e+02   1.8369900e+01
   5.5946078e-01   3.1800017e+02   2.0457600e+01
   5.5946078e-01   3.2400018e+02   2.3183500e+01
   5.5946078e-01   3.3000020e+02   2.6612400e+01
   5.5946078e-01   3.3600021e+02   3.0794800e+01
   5.5946078e-01   3.4200023e+02   3.5763500e+01
   5.5946078e-01   3.4800024e+02   4.1529500e+01
   5.5946078e-01   3.5400025e+02   4.8079000e+01
   5.5946078e-01   3.6000027e+02   5.5370200e+01
   5.6243841e-01   1.7999985e+02   4.9714600e+01
   5.6243841e-01   1.8599986e+02   4.4085600e+01
   5.6243841e-01   1.9199988e+02   3.9198200e+01
   5.6243841e-01   1.9799989e+02   3.5031500e+01
   5.6243841e-01   2.0399990e+02   3.1542600e+01
   5.6243841e-01   2.0999992e+02   2.8671800e+01
   5.6243841e-01   2.1599993e+02   2.6347000e+01
   5.6243841e-01   2.2199995e+02   2.4489200e+01
   5.6243841e-01   2.2799996e+02   2.3017200e+01
   5.6243841e-01   2.3399997e+02   2.1852400e+01
   5.6243841e-01   2.3999999e+02   2.0923500e+01
   5.6243841e-01   2.4600000e+02   2.0169200e+01
   5.6243841e-01   2.5200002e+02   1.9541900e+01
   5.6243841e-01   2.5800003e+02   1.9009700e+01
   5.6243841e-01   2.6400004e+02   1.8557300e+01
   5.6243841e-01   2.7000006e+02   1.8187300e+01
   5.6243841e-01   2.7600007e+02   1.7919200e+01
   5.6243841e-01   2.8200009e+02   1.7788900e+01
   5.6243841e-01   2.8800010e+02   1.7846700e+01
   5.6243841e-01   2.9400011e+02   1.8155200e+01
   5.6243841e-01   3.0000013e+02   1.8786400e+01
   5.6243841e-01   3.0600014e+02   1.9818400e+01
   5.6243841e-01   3.1200016e+02   2.1331800e+01
   5.6243841e-01   3.1800017e+02   2.3405600e+01
   5.6243841e-01   3.2400018e+02   2.6113500e+01
   5.6243841e-01   3.3000020e+02   2.9519400e+01
   5.6243841e-01   3.3600021e+02   3.3673400e+01
   5.6243841e-01   3.4200023e+02   3.8607700e+01
   5.6243841e-01   3.4800024e+02   4.4333300e+01
   5.6243841e-01   3.5400025e+02   5.0836000e+01
   5.6243841e-01   3.6000027e+02   5.8074500e+01
   5.6541378e-01   1.7999985e+02   5.3063300e+01
   5.6541378e-01   1.8599986e+02   4.7472300e+01
   5.6541378e-01   1.9199988e+02   4.2615400e+01
   5.6541378e-01   1.9799989e+02   3.8472100e+01
   5.6541378e-01   2.0399990e+02   3.5000400e+01
   5.6541378e-01   2.0999992e+02   3.2140900e+01
   5.6541378e-01   2.1599993e+02   2.9822400e+01
   5.6541378e-01   2.2199995e+02   2.7966900e+01
   5.6541378e-01   2.2799996e+02   2.6494100e+01
   5.6541378e-01   2.3399997e+02   2.5326300e+01
   5.6541378e-01   2.3999999e+02   2.4392900e+01
   5.6541378e-01   2.4600000e+02   2.3633300e+01
   5.6541378e-01   2.5200002e+02   2.3000500e+01
   5.6541378e-01   2.5800003e+02   2.2463000e+01
   5.6541378e-01   2.6400004e+02   2.2005900e+01
   5.6541378e-01   2.7000006e+02   2.1631600e+01
   5.6541378e-01   2.7600007e+02   2.1359800e+01
   5.6541378e-01   2.8200009e+02   2.1226000e+01
   5.6541378e-01   2.8800010e+02   2.1280100e+01
   5.6541378e-01   2.9400011e+02   2.1584200e+01
   5.6541378e-01   3.0000013e+02   2.2209800e+01
   5.6541378e-01   3.0600014e+02   2.3234100e+01
   5.6541378e-01   3.1200016e+02   2.4737000e+01
   5.6541378e-01   3.1800017e+02   2.6796900e+01
   5.6541378e-01   3.2400018e+02   2.9486600e+01
   5.6541378e-01   3.3000020e+02   3.2869400e+01
   5.6541378e-01   3.3600021e+02   3.6994800e+01
   5.6541378e-01   3.4200023e+02   4.1894800e+01
   5.6541378e-01   3.4800024e+02   4.7579700e+01
   5.6541378e-01   3.5400025e+02   5.4035700e+01
   5.6541378e-01   3.6000027e+02   6.1221400e+01
   5.6838680e-01   1.7999985e+02   5.6892300e+01
   5.6838680e-01   1.8599986e+02   5.1339200e+01
   5.6838680e-01   1.9199988e+02   4.6513000e+01
   5.6838680e-01   1.9799989e+02   4.2393300e+01
   5.6838680e-01   2.0399990e+02   3.8938600e+01
   5.6838680e-01   2.0999992e+02   3.6090500e+01
   5.6838680e-01   2.1599993e+02   3.3778500e+01
   5.6838680e-01   2.2199995e+02   3.1925400e+01
   5.6838680e-01   2.2799996e+02   3.0451800e+01
   5.6838680e-01   2.3399997e+02   2.9281100e+01
   5.6838680e-01   2.3999999e+02   2.8343100e+01
   5.6838680e-01   2.4600000e+02   2.7578300e+01
   5.6838680e-01   2.5200002e+02   2.6940100e+01
   5.6838680e-01   2.5800003e+02   2.6397300e+01
   5.6838680e-01   2.6400004e+02   2.5935300e+01
   5.6838680e-01   2.7000006e+02   2.5556800e+01
   5.6838680e-01   2.7600007e+02   2.5281200e+01
   5.6838680e-01   2.8200009e+02   2.5143700e+01
   5.6838680e-01   2.8800010e+02   2.5194000e+01
   5.6838680e-01   2.9400011e+02   2.5493700e+01
   5.6838680e-01   3.0000013e+02   2.6113400e+01
   5.6838680e-01   3.0600014e+02   2.7129900e+01
   5.6838680e-01   3.1200016e+02   2.8622200e+01
   5.6838680e-01   3.1800017e+02   3.0668000e+01
   5.6838680e-01   3.2400018e+02   3.3339400e+01
   5.6838680e-01   3.3000020e+02   3.6699000e+01
   5.6838680e-01   3.3600021e+02   4.0795800e+01
   5.6838680e-01   3.4200023e+02   4.5661200e+01
   5.6838680e-01   3.4800024e+02   5.1305500e+01
   5.6838680e-01   3.5400025e+02   5.7714600e+01
   5.6838680e-01   3.6000027e+02   6.4847600e+01
   5.7135736e-01   1.7999985e+02   6.1237600e+01
   5.7135736e-01   1.8599986e+02   5.5722600e+01
   5.7135736e-01   1.9199988e+02   5.0927000e+01
   5.7135736e-01   1.9799989e+02   4.6831000e+01
   5.7135736e-01   2.0399990e+02   4.3393500e+01
   5.7135736e-01   2.0999992e+02   4.0556800e+01
   5.7135736e-01   2.1599993e+02   3.8251400e+01
   5.7135736e-01   2.2199995e+02   3.6400800e+01
   5.7135736e-01   2.2799996e+02   3.4926600e+01
   5.7135736e-01   2.3399997e+02   3.3752900e+01
   5.7135736e-01   2.3999999e+02   3.2810600e+01
   5.7135736e-01   2.4600000e+02   3.2040500e+01
   5.7135736e-01   2.5200002e+02   3.1396800e+01
   5.7135736e-01   2.5800003e+02   3.0848800e+01
   5.7135736e-01   2.6400004e+02   3.0382000e+01
   5.7135736e-01   2.7000006e+02   2.9999200e+01
   5.7135736e-01   2.7600007e+02   2.9719600e+01
   5.7135736e-01   2.8200009e+02   2.9578500e+01
   5.7135736e-01   2.8800010e+02   2.9624900e+01
   5.7135736e-01   2.9400011e+02   2.9920000e+01
   5.7135736e-01   3.0000013e+02   3.0533800e+01
   5.7135736e-01   3.0600014e+02   3.1542300e+01
   5.7135736e-01   3.1200016e+02   3.3023800e+01
   5.7135736e-01   3.1800017e+02   3.5055400e+01
   5.7135736e-01   3.2400018e+02   3.7708300e+01
   5.7135736e-01   3.3000020e+02   4.1044500e+01
   5.7135736e-01   3.3600021e+02   4.5112500e+01
   5.7135736e-01   3.4200023e+02   4.9943200e+01
   5.7135736e-01   3.4800024e+02   5.5546800e+01
   5.7135736e-01   3.5400025e+02   6.1909000e+01
   5.7135736e-01   3.6000027e+02   6.8989100e+01
