#sin^2(theta23) Delta_CP/deg Delta_chi^2
   5.3457422e-01   1.2599972e+02   7.2455500e+01
   5.3457422e-01   1.3139985e+02   6.6007600e+01
   5.3457422e-01   1.3679998e+02   5.9619000e+01
   5.3457422e-01   1.4220010e+02   5.3408500e+01
   5.3457422e-01   1.4760023e+02   4.7483000e+01
   5.3457422e-01   1.5299978e+02   4.1935800e+01
   5.3457422e-01   1.5839991e+02   3.6844500e+01
   5.3457422e-01   1.6380004e+02   3.2269800e+01
   5.3457422e-01   1.6920017e+02   2.8255400e+01
   5.3457422e-01   1.7459972e+02   2.4827500e+01
   5.3457422e-01   1.7999985e+02   2.1995400e+01
   5.3457422e-01   1.8539998e+02   1.9752300e+01
   5.3457422e-01   1.9080010e+02   1.8076900e+01
   5.3457422e-01   1.9620023e+02   1.6934400e+01
   5.3457422e-01   2.0159978e+02   1.6279300e+01
   5.3457422e-01   2.0699991e+02   1.6056800e+01
   5.3457422e-01   2.1240004e+02   1.6205200e+01
   5.3457422e-01   2.1780017e+02   1.6658700e+01
   5.3457422e-01   2.2319972e+02   1.7349900e+01
   5.3457422e-01   2.2859985e+02   1.8211500e+01
   5.3457422e-01   2.3399997e+02   1.9179700e+01
   5.3457422e-01   2.3940010e+02   2.0195700e+01
   5.3457422e-01   2.4480023e+02   2.1208000e+01
   5.3457422e-01   2.5019978e+02   2.2174100e+01
   5.3457422e-01   2.5559991e+02   2.3062000e+01
   5.3457422e-01   2.6100004e+02   2.3851300e+01
   5.3457422e-01   2.6640016e+02   2.4533700e+01
   5.3457422e-01   2.7179972e+02   2.5113500e+01
   5.3457422e-01   2.7719985e+02   2.5607300e+01
   5.3457422e-01   2.8259997e+02   2.6043300e+01
   5.3631982e-01   1.2599972e+02   7.0794800e+01
   5.3631982e-01   1.3139985e+02   6.4401100e+01
   5.3631982e-01   1.3679998e+02   5.8069300e+01
   5.3631982e-01   1.4220010e+02   5.1917300e+01
   5.3631982e-01   1.4760023e+02   4.6051300e+01
   5.3631982e-01   1.5299978e+02   4.0563600e+01
   5.3631982e-01   1.5839991e+02   3.5531000e+01
   5.3631982e-01   1.6380004e+02   3.1013700e+01
   5.3631982e-01   1.6920017e+02   2.7054800e+01
   5.3631982e-01   1.7459972e+02   2.3680000e+01
   5.3631982e-01   1.7999985e+02   2.0898100e+01
   5.3631982e-01   1.8539998e+02   1.8702200e+01
   5.3631982e-01   1.9080010e+02   1.7070700e+01
   5.3631982e-01   1.9620023e+02   1.5968800e+01
   5.3631982e-01   2.0159978e+02   1.5350800e+01
   5.3631982e-01   2.0699991e+02   1.5161900e+01
   5.3631982e-01   2.1240004e+02   1.5340800e+01
   5.3631982e-01   2.1780017e+02   1.5821600e+01
   5.3631982e-01   2.2319972e+02   1.6537000e+01
   5.3631982e-01   2.2859985e+02   1.7420000e+01
   5.3631982e-01   2.3399997e+02   1.8407000e+01
   5.3631982e-01   2.3940010e+02   1.9439200e+01
   5.3631982e-01   2.4480023e+02   2.0465300e+01
   5.3631982e-01   2.5019978e+02   2.1443100e+01
   5.3631982e-01   2.5559991e+02   2.2340500e+01
   5.3631982e-01   2.6100004e+02   2.3137200e+01
   5.3631982e-01   2.6640016e+02   2.3824800e+01
   5.3631982e-01   2.7179972e+02   2.4407800e+01
   5.3631982e-01   2.7719985e+02   2.4902300e+01
   5.3631982e-01   2.8259997e+02   2.5336700e+01
   5.3806497e-01   1.2599972e+02   6.9114500e+01
   5.3806497e-01   1.3139985e+02   6.2774600e+01
   5.3806497e-01   1.3679998e+02   5.6499400e+01
   5.3806497e-01   1.4220010e+02   5.0405700e+01
   5.3806497e-01   1.4760023e+02   4.4598900e+01
   5.3806497e-01   1.5299978e+02   3.9170400e+01
   5.3806497e-01   1.5839991e+02   3.4196300e+01
   5.3806497e-01   1.6380004e+02   2.9736300e+01
   5.3806497e-01   1.6920017e+02   2.5832600e+01
   5.3806497e-01   1.7459972e+02   2.2510600e+01
   5.3806497e-01   1.7999985e+02   1.9778800e+01
   5.3806497e-01   1.8539998e+02   1.7629900e+01
   5.3806497e-01   1.9080010e+02   1.6042100e+01
   5.3806497e-01   1.9620023e+02   1.4980500e+01
   5.3806497e-01   2.0159978e+02   1.4399500e+01
   5.3806497e-01   2.0699991e+02   1.4244200e+01
   5.3806497e-01   2.1240004e+02   1.4453300e+01
   5.3806497e-01   2.1780017e+02   1.4961300e+01
   5.3806497e-01   2.2319972e+02   1.5700800e+01
   5.3806497e-01   2.2859985e+02   1.6605100e+01
   5.3806497e-01   2.3399997e+02   1.7610600e+01
   5.3806497e-01   2.3940010e+02   1.8659000e+01
   5.3806497e-01   2.4480023e+02   1.9698900e+01
   5.3806497e-01   2.5019978e+02   2.0688200e+01
   5.3806497e-01   2.5559991e+02   2.1595100e+01
   5.3806497e-01   2.6100004e+02   2.2399100e+01
   5.3806497e-01   2.6640016e+02   2.3092000e+01
   5.3806497e-01   2.7179972e+02   2.3677900e+01
   5.3806497e-01   2.7719985e+02   2.4173300e+01
   5.3806497e-01   2.8259997e+02   2.4606000e+01
   5.3980966e-01   1.2599972e+02   6.7419200e+01
   5.3980966e-01   1.3139985e+02   6.1133000e+01
   5.3980966e-01   1.3679998e+02   5.4914200e+01
   5.3980966e-01   1.4220010e+02   4.8878600e+01
   5.3980966e-01   1.4760023e+02   4.3130700e+01
   5.3980966e-01   1.5299978e+02   3.7761200e+01
   5.3980966e-01   1.5839991e+02   3.2845500e+01
   5.3980966e-01   1.6380004e+02   2.8442400e+01
   5.3980966e-01   1.6920017e+02   2.4593700e+01
   5.3980966e-01   1.7459972e+02   2.1324400e+01
   5.3980966e-01   1.7999985e+02   1.8642400e+01
   5.3980966e-01   1.8539998e+02   1.6540300e+01
   5.3980966e-01   1.9080010e+02   1.4996100e+01
   5.3980966e-01   1.9620023e+02   1.3974800e+01
   5.3980966e-01   2.0159978e+02   1.3430500e+01
   5.3980966e-01   2.0699991e+02   1.3308700e+01
   5.3980966e-01   2.1240004e+02   1.3547900e+01
   5.3980966e-01   2.1780017e+02   1.4082900e+01
   5.3980966e-01   2.2319972e+02   1.4846300e+01
   5.3980966e-01   2.2859985e+02   1.5771800e+01
   5.3980966e-01   2.3399997e+02   1.6795900e+01
   5.3980966e-01   2.3940010e+02   1.7860200e+01
   5.3980966e-01   2.4480023e+02   1.8913900e+01
   5.3980966e-01   2.5019978e+02   1.9914700e+01
   5.3980966e-01   2.5559991e+02   2.0830900e+01
   5.3980966e-01   2.6100004e+02   2.1642100e+01
   5.3980966e-01   2.6640016e+02   2.2340200e+01
   5.3980966e-01   2.7179972e+02   2.2929200e+01
   5.3980966e-01   2.7719985e+02   2.3425300e+01
   5.3980966e-01   2.8259997e+02   2.3856300e+01
   5.4155385e-01   1.2599972e+02   6.5714200e+01
   5.4155385e-01   1.3139985e+02   5.9481500e+01
   5.4155385e-01   1.3679998e+02   5.3318800e+01
   5.4155385e-01   1.4220010e+02   4.7341100e+01
   5.4155385e-01   1.4760023e+02   4.1652000e+01
   5.4155385e-01   1.5299978e+02   3.6341300e+01
   5.4155385e-01   1.5839991e+02   3.1483700e+01
   5.4155385e-01   1.6380004e+02   2.7137400e+01
   5.4155385e-01   1.6920017e+02   2.3343600e+01
   5.4155385e-01   1.7459972e+02   2.0126700e+01
   5.4155385e-01   1.7999985e+02   1.7494400e+01
   5.4155385e-01   1.8539998e+02   1.5438900e+01
   5.4155385e-01   1.9080010e+02   1.3938100e+01
   5.4155385e-01   1.9620023e+02   1.2956800e+01
   5.4155385e-01   2.0159978e+02   1.2449200e+01
   5.4155385e-01   2.0699991e+02   1.2360600e+01
   5.4155385e-01   2.1240004e+02   1.2629900e+01
   5.4155385e-01   2.1780017e+02   1.3191700e+01
   5.4155385e-01   2.2319972e+02   1.3979000e+01
   5.4155385e-01   2.2859985e+02   1.4925500e+01
   5.4155385e-01   2.3399997e+02   1.5968000e+01
   5.4155385e-01   2.3940010e+02   1.7048300e+01
   5.4155385e-01   2.4480023e+02   1.8115500e+01
   5.4155385e-01   2.5019978e+02   1.9127700e+01
   5.4155385e-01   2.5559991e+02   2.0053200e+01
   5.4155385e-01   2.6100004e+02   2.0871600e+01
   5.4155385e-01   2.6640016e+02   2.1574800e+01
   5.4155385e-01   2.7179972e+02   2.2166700e+01
   5.4155385e-01   2.7719985e+02   2.2663600e+01
   5.4155385e-01   2.8259997e+02   2.3092900e+01
   5.4329754e-01   1.2599972e+02   6.4004900e+01
   5.4329754e-01   1.3139985e+02   5.7825600e+01
   5.4329754e-01   1.3679998e+02   5.1718800e+01
   5.4329754e-01   1.4220010e+02   4.5798800e+01
   5.4329754e-01   1.4760023e+02   4.0168300e+01
   5.4329754e-01   1.5299978e+02   3.4916200e+01
   5.4329754e-01   1.5839991e+02   3.0116500e+01
   5.4329754e-01   1.6380004e+02   2.5826800e+01
   5.4329754e-01   1.6920017e+02   2.2087600e+01
   5.4329754e-01   1.7459972e+02   1.8923000e+01
   5.4329754e-01   1.7999985e+02   1.6340300e+01
   5.4329754e-01   1.8539998e+02   1.4331300e+01
   5.4329754e-01   1.9080010e+02   1.2873700e+01
   5.4329754e-01   1.9620023e+02   1.1932300e+01
   5.4329754e-01   2.0159978e+02   1.1461200e+01
   5.4329754e-01   2.0699991e+02   1.1405700e+01
   5.4329754e-01   2.1240004e+02   1.1704900e+01
   5.4329754e-01   2.1780017e+02   1.2293400e+01
   5.4329754e-01   2.2319972e+02   1.3104500e+01
   5.4329754e-01   2.2859985e+02   1.4072000e+01
   5.4329754e-01   2.3399997e+02   1.5132700e+01
   5.4329754e-01   2.3940010e+02   1.6228800e+01
   5.4329754e-01   2.4480023e+02   1.7309600e+01
   5.4329754e-01   2.5019978e+02   1.8333100e+01
   5.4329754e-01   2.5559991e+02   1.9267700e+01
   5.4329754e-01   2.6100004e+02   2.0093300e+01
   5.4329754e-01   2.6640016e+02   2.0801500e+01
   5.4329754e-01   2.7179972e+02   2.1396300e+01
   5.4329754e-01   2.7719985e+02   2.1893700e+01
   5.4329754e-01   2.8259997e+02   2.2321300e+01
   5.4504070e-01   1.2599972e+02   6.2297000e+01
   5.4504070e-01   1.3139985e+02   5.6170800e+01
   5.4504070e-01   1.3679998e+02   5.0119900e+01
   5.4504070e-01   1.4220010e+02   4.4257400e+01
   5.4504070e-01   1.4760023e+02   3.8685300e+01
   5.4504070e-01   1.5299978e+02   3.3491700e+01
   5.4504070e-01   1.5839991e+02   2.8749700e+01
   5.4504070e-01   1.6380004e+02   2.4516400e+01
   5.4504070e-01   1.6920017e+02   2.0831800e+01
   5.4504070e-01   1.7459972e+02   1.7719300e+01
   5.4504070e-01   1.7999985e+02   1.5185900e+01
   5.4504070e-01   1.8539998e+02   1.3223300e+01
   5.4504070e-01   1.9080010e+02   1.1808700e+01
   5.4504070e-01   1.9620023e+02   1.0907100e+01
   5.4504070e-01   2.0159978e+02   1.0472300e+01
   5.4504070e-01   2.0699991e+02   1.0449900e+01
   5.4504070e-01   2.1240004e+02   1.0778800e+01
   5.4504070e-01   2.1780017e+02   1.1394000e+01
   5.4504070e-01   2.2319972e+02   1.2228700e+01
   5.4504070e-01   2.2859985e+02   1.3217000e+01
   5.4504070e-01   2.3399997e+02   1.4295900e+01
   5.4504070e-01   2.3940010e+02   1.5407800e+01
   5.4504070e-01   2.4480023e+02   1.6501900e+01
   5.4504070e-01   2.5019978e+02   1.7536600e+01
   5.4504070e-01   2.5559991e+02   1.8480300e+01
   5.4504070e-01   2.6100004e+02   1.9312900e+01
   5.4504070e-01   2.6640016e+02   2.0026100e+01
   5.4504070e-01   2.7179972e+02   2.0623700e+01
   5.4504070e-01   2.7719985e+02   2.1121700e+01
   5.4504070e-01   2.8259997e+02   2.1547500e+01
   5.4678330e-01   1.2599972e+02   6.0596400e+01
   5.4678330e-01   1.3139985e+02   5.4523300e+01
   5.4678330e-01   1.3679998e+02   4.8528000e+01
   5.4678330e-01   1.4220010e+02   4.2723000e+01
   5.4678330e-01   1.4760023e+02   3.7209100e+01
   5.4678330e-01   1.5299978e+02   3.2073800e+01
   5.4678330e-01   1.5839991e+02   2.7389400e+01
   5.4678330e-01   1.6380004e+02   2.3212400e+01
   5.4678330e-01   1.6920017e+02   1.9582100e+01
   5.4678330e-01   1.7459972e+02   1.6521600e+01
   5.4678330e-01   1.7999985e+02   1.4037400e+01
   5.4678330e-01   1.8539998e+02   1.2121000e+01
   5.4678330e-01   1.9080010e+02   1.0749400e+01
   5.4678330e-01   1.9620023e+02   9.8873600e+00
   5.4678330e-01   2.0159978e+02   9.4888800e+00
   5.4678330e-01   2.0699991e+02   9.4993700e+00
   5.4678330e-01   2.1240004e+02   9.8579100e+00
   5.4678330e-01   2.1780017e+02   1.0499600e+01
   5.4678330e-01   2.2319972e+02   1.1357800e+01
   5.4678330e-01   2.2859985e+02   1.2366800e+01
   5.4678330e-01   2.3399997e+02   1.3463800e+01
   5.4678330e-01   2.3940010e+02   1.4591300e+01
   5.4678330e-01   2.4480023e+02   1.5698700e+01
   5.4678330e-01   2.5019978e+02   1.6744500e+01
   5.4678330e-01   2.5559991e+02   1.7697200e+01
   5.4678330e-01   2.6100004e+02   1.8536700e+01
   5.4678330e-01   2.6640016e+02   1.9254700e+01
   5.4678330e-01   2.7179972e+02   1.9855100e+01
   5.4678330e-01   2.7719985e+02   2.0353600e+01
   5.4678330e-01   2.8259997e+02   2.0777500e+01
   5.4852534e-01   1.2599972e+02   5.8909400e+01
   5.4852534e-01   1.3139985e+02   5.2889200e+01
   5.4852534e-01   1.3679998e+02   4.6949500e+01
   5.4852534e-01   1.4220010e+02   4.1201700e+01
   5.4852534e-01   1.4760023e+02   3.5745900e+01
   5.4852534e-01   1.5299978e+02   3.0668800e+01
   5.4852534e-01   1.5839991e+02   2.6041900e+01
   5.4852534e-01   1.6380004e+02   2.1921000e+01
   5.4852534e-01   1.6920017e+02   1.8345000e+01
   5.4852534e-01   1.7459972e+02   1.5336300e+01
   5.4852534e-01   1.7999985e+02   1.2901200e+01
   5.4852534e-01   1.8539998e+02   1.1030800e+01
   5.4852534e-01   1.9080010e+02   9.7020800e+00
   5.4852534e-01   1.9620023e+02   8.8795400e+00
   5.4852534e-01   2.0159978e+02   8.5171800e+00
   5.4852534e-01   2.0699991e+02   8.5604600e+00
   5.4852534e-01   2.1240004e+02   8.9485200e+00
   5.4852534e-01   2.1780017e+02   9.6165600e+00
   5.4852534e-01   2.2319972e+02   1.0498200e+01
   5.4852534e-01   2.2859985e+02   1.1527800e+01
   5.4852534e-01   2.3399997e+02   1.2642800e+01
   5.4852534e-01   2.3940010e+02   1.3785700e+01
   5.4852534e-01   2.4480023e+02   1.4906400e+01
   5.4852534e-01   2.5019978e+02   1.5963100e+01
   5.4852534e-01   2.5559991e+02   1.6924800e+01
   5.4852534e-01   2.6100004e+02   1.7771100e+01
   5.4852534e-01   2.6640016e+02   1.8493900e+01
   5.4852534e-01   2.7179972e+02   1.9096900e+01
   5.4852534e-01   2.7719985e+02   1.9595800e+01
   5.4852534e-01   2.8259997e+02   2.0017700e+01
   5.5026677e-01   1.2599972e+02   5.7242400e+01
   5.5026677e-01   1.3139985e+02   5.1275000e+01
   5.5026677e-01   1.3679998e+02   4.5390800e+01
   5.5026677e-01   1.4220010e+02   3.9700100e+01
   5.5026677e-01   1.4760023e+02   3.4302300e+01
   5.5026677e-01   1.5299978e+02   2.9283200e+01
   5.5026677e-01   1.5839991e+02   2.4713700e+01
   5.5026677e-01   1.6380004e+02   2.0648800e+01
   5.5026677e-01   1.6920017e+02   1.7126900e+01
   5.5026677e-01   1.7459972e+02   1.4169900e+01
   5.5026677e-01   1.7999985e+02   1.1783800e+01
   5.5026677e-01   1.8539998e+02   9.9593900e+00
   5.5026677e-01   1.9080010e+02   8.6733600e+00
   5.5026677e-01   1.9620023e+02   7.8902100e+00
   5.5026677e-01   2.0159978e+02   7.5638600e+00
   5.5026677e-01   2.0699991e+02   7.6398100e+00
   5.5026677e-01   2.1240004e+02   8.0572700e+00
   5.5026677e-01   2.1780017e+02   8.7515900e+00
   5.5026677e-01   2.2319972e+02   9.6565200e+00
   5.5026677e-01   2.2859985e+02   1.0706600e+01
   5.5026677e-01   2.3399997e+02   1.1839400e+01
   5.5026677e-01   2.3940010e+02   1.2997800e+01
   5.5026677e-01   2.4480023e+02   1.4131500e+01
   5.5026677e-01   2.5019978e+02   1.5199200e+01
   5.5026677e-01   2.5559991e+02   1.6169600e+01
   5.5026677e-01   2.6100004e+02   1.7022600e+01
   5.5026677e-01   2.6640016e+02   1.7750100e+01
   5.5026677e-01   2.7179972e+02   1.8355600e+01
   5.5026677e-01   2.7719985e+02   1.8854900e+01
   5.5026677e-01   2.8259997e+02   1.9274700e+01
   5.5200760e-01   1.2599972e+02   5.5602000e+01
   5.5200760e-01   1.3139985e+02   4.9687400e+01
   5.5200760e-01   1.3679998e+02   4.3858500e+01
   5.5200760e-01   1.4220010e+02   3.8224900e+01
   5.5200760e-01   1.4760023e+02   3.2885000e+01
   5.5200760e-01   1.5299978e+02   2.7923900e+01
   5.5200760e-01   1.5839991e+02   2.3411600e+01
   5.5200760e-01   1.6380004e+02   1.9402600e+01
   5.5200760e-01   1.6920017e+02   1.5934600e+01
   5.5200760e-01   1.7459972e+02   1.3029300e+01
   5.5200760e-01   1.7999985e+02   1.0692100e+01
   5.5200760e-01   1.8539998e+02   8.9134700e+00
   5.5200760e-01   1.9080010e+02   7.6700500e+00
   5.5200760e-01   1.9620023e+02   6.9261700e+00
   5.5200760e-01   2.0159978e+02   6.6357300e+00
   5.5200760e-01   2.0699991e+02   6.7442300e+00
   5.5200760e-01   2.1240004e+02   7.1910000e+00
   5.5200760e-01   2.1780017e+02   7.9114800e+00
   5.5200760e-01   2.2319972e+02   8.8396000e+00
   5.5200760e-01   2.2859985e+02   9.9100600e+00
   5.5200760e-01   2.3399997e+02   1.1060600e+01
   5.5200760e-01   2.3940010e+02   1.2234300e+01
   5.5200760e-01   2.4480023e+02   1.3380900e+01
   5.5200760e-01   2.5019978e+02   1.4459400e+01
   5.5200760e-01   2.5559991e+02   1.5438400e+01
   5.5200760e-01   2.6100004e+02   1.6298100e+01
   5.5200760e-01   2.6640016e+02   1.7030100e+01
   5.5200760e-01   2.7179972e+02   1.7638000e+01
   5.5200760e-01   2.7719985e+02   1.8137500e+01
   5.5200760e-01   2.8259997e+02   1.8555200e+01
   5.5374778e-01   1.2599972e+02   5.3995100e+01
   5.5374778e-01   1.3139985e+02   4.8133200e+01
   5.5374778e-01   1.3679998e+02   4.2359600e+01
   5.5374778e-01   1.4220010e+02   3.6783000e+01
   5.5374778e-01   1.4760023e+02   3.1500900e+01
   5.5374778e-01   1.5299978e+02   2.6597600e+01
   5.5374778e-01   1.5839991e+02   2.2142500e+01
   5.5374778e-01   1.6380004e+02   1.8189200e+01
   5.5374778e-01   1.6920017e+02   1.4775200e+01
   5.5374778e-01   1.7459972e+02   1.1921400e+01
   5.5374778e-01   1.7999985e+02   9.6329300e+00
   5.5374778e-01   1.8539998e+02   7.9000500e+00
   5.5374778e-01   1.9080010e+02   6.6991300e+00
   5.5374778e-01   1.9620023e+02   5.9944200e+00
   5.5374778e-01   2.0159978e+02   5.7397800e+00
   5.5374778e-01   2.0699991e+02   5.8807300e+00
   5.5374778e-01   2.1240004e+02   6.3567000e+00
   5.5374778e-01   2.1780017e+02   7.1032300e+00
   5.5374778e-01   2.2319972e+02   8.0544200e+00
   5.5374778e-01   2.2859985e+02   9.1451400e+00
   5.5374778e-01   2.3399997e+02   1.0313300e+01
   5.5374778e-01   2.3940010e+02   1.1502100e+01
   5.5374778e-01   2.4480023e+02   1.2661600e+01
   5.5374778e-01   2.5019978e+02   1.3750700e+01
   5.5374778e-01   2.5559991e+02   1.4738400e+01
   5.5374778e-01   2.6100004e+02   1.5604500e+01
   5.5374778e-01   2.6640016e+02   1.6340900e+01
   5.5374778e-01   2.7179972e+02   1.6951200e+01
   5.5374778e-01   2.7719985e+02   1.7450800e+01
   5.5374778e-01   2.8259997e+02   1.7866300e+01
   5.5548731e-01   1.2599972e+02   5.2428700e+01
   5.5548731e-01   1.3139985e+02   4.6619500e+01
   5.5548731e-01   1.3679998e+02   4.0901100e+01
   5.5548731e-01   1.4220010e+02   3.5381400e+01
   5.5548731e-01   1.4760023e+02   3.0157000e+01
   5.5548731e-01   1.5299978e+02   2.5311500e+01
   5.5548731e-01   1.5839991e+02   2.0913400e+01
   5.5548731e-01   1.6380004e+02   1.7015900e+01
   5.5548731e-01   1.6920017e+02   1.3655700e+01
   5.5548731e-01   1.7459972e+02   1.0853300e+01
   5.5548731e-01   1.7999985e+02   8.6135100e+00
   5.5548731e-01   1.8539998e+02   6.9262600e+00
   5.5548731e-01   1.9080010e+02   5.7677600e+00
   5.5548731e-01   1.9620023e+02   5.1021200e+00
   5.5548731e-01   2.0159978e+02   4.8831700e+00
   5.5548731e-01   2.0699991e+02   5.0564800e+00
   5.5548731e-01   2.1240004e+02   5.5615300e+00
   5.5548731e-01   2.1780017e+02   6.3340100e+00
   5.5548731e-01   2.2319972e+02   7.3081600e+00
   5.5548731e-01   2.2859985e+02   8.4190400e+00
   5.5548731e-01   2.3399997e+02   9.6047500e+00
   5.5548731e-01   2.3940010e+02   1.0808600e+01
   5.5548731e-01   2.4480023e+02   1.1980800e+01
   5.5548731e-01   2.5019978e+02   1.3080500e+01
   5.5548731e-01   2.5559991e+02   1.4076500e+01
   5.5548731e-01   2.6100004e+02   1.4949000e+01
   5.5548731e-01   2.6640016e+02   1.5689700e+01
   5.5548731e-01   2.7179972e+02   1.6302200e+01
   5.5548731e-01   2.7719985e+02   1.6801800e+01
   5.5548731e-01   2.8259997e+02   1.7214900e+01
   5.5722616e-01   1.2599972e+02   5.0910100e+01
   5.5722616e-01   1.3139985e+02   4.5153400e+01
   5.5722616e-01   1.3679998e+02   3.9490200e+01
   5.5722616e-01   1.4220010e+02   3.4027300e+01
   5.5722616e-01   1.4760023e+02   2.8860700e+01
   5.5722616e-01   1.5299978e+02   2.4072800e+01
   5.5722616e-01   1.5839991e+02   1.9731700e+01
   5.5722616e-01   1.6380004e+02   1.5889900e+01
   5.5722616e-01   1.6920017e+02   1.2583300e+01
   5.5722616e-01   1.7459972e+02   9.8322900e+00
   5.5722616e-01   1.7999985e+02   7.6411100e+00
   5.5722616e-01   1.8539998e+02   5.9994100e+00
   5.5722616e-01   1.9080010e+02   4.8832300e+00
   5.5722616e-01   1.9620023e+02   4.2565700e+00
   5.5722616e-01   2.0159978e+02   4.0732200e+00
   5.5722616e-01   2.0699991e+02   4.2787800e+00
   5.5722616e-01   2.1240004e+02   4.8128100e+00
   5.5722616e-01   2.1780017e+02   5.6111400e+00
   5.5722616e-01   2.2319972e+02   6.6081400e+00
   5.5722616e-01   2.2859985e+02   7.7390500e+00
   5.5722616e-01   2.3399997e+02   8.9421600e+00
   5.5722616e-01   2.3940010e+02   1.0160900e+01
   5.5722616e-01   2.4480023e+02   1.1345700e+01
   5.5722616e-01   2.5019978e+02   1.2455800e+01
   5.5722616e-01   2.5559991e+02   1.3460100e+01
   5.5722616e-01   2.6100004e+02   1.4338900e+01
   5.5722616e-01   2.6640016e+02   1.5083800e+01
   5.5722616e-01   2.7179972e+02   1.5698300e+01
   5.5722616e-01   2.7719985e+02   1.6197700e+01
   5.5722616e-01   2.8259997e+02   1.6608300e+01
   5.5896430e-01   1.2599972e+02   4.9446400e+01
   5.5896430e-01   1.3139985e+02   4.3742300e+01
   5.5896430e-01   1.3679998e+02   3.8134200e+01
   5.5896430e-01   1.4220010e+02   3.2728200e+01
   5.5896430e-01   1.4760023e+02   2.7619100e+01
   5.5896430e-01   1.5299978e+02   2.2888900e+01
   5.5896430e-01   1.5839991e+02   1.8604800e+01
   5.5896430e-01   1.6380004e+02   1.4818500e+01
   5.5896430e-01   1.6920017e+02   1.1565600e+01
   5.5896430e-01   1.7459972e+02   8.8658200e+00
   5.5896430e-01   1.7999985e+02   6.7231500e+00
   5.5896430e-01   1.8539998e+02   5.1269200e+00
   5.5896430e-01   1.9080010e+02   4.0529700e+00
   5.5896430e-01   1.9620023e+02   3.4652000e+00
   5.5896430e-01   2.0159978e+02   3.3173600e+00
   5.5896430e-01   2.0699991e+02   3.5550700e+00
   5.5896430e-01   2.1240004e+02   4.1179900e+00
   5.5896430e-01   2.1780017e+02   4.9420500e+00
   5.5896430e-01   2.2319972e+02   5.9617900e+00
   5.5896430e-01   2.2859985e+02   7.1126200e+00
   5.5896430e-01   2.3399997e+02   8.3330000e+00
   5.5896430e-01   2.3940010e+02   9.5665400e+00
   5.5896430e-01   2.4480023e+02   1.0763900e+01
   5.5896430e-01   2.5019978e+02   1.1884200e+01
   5.5896430e-01   2.5559991e+02   1.2896700e+01
   5.5896430e-01   2.6100004e+02   1.3781500e+01
   5.5896430e-01   2.6640016e+02   1.4530500e+01
   5.5896430e-01   2.7179972e+02   1.5146900e+01
   5.5896430e-01   2.7719985e+02   1.5646100e+01
   5.5896430e-01   2.8259997e+02   1.6054000e+01
   5.6070173e-01   1.2599972e+02   4.8045200e+01
   5.6070173e-01   1.3139985e+02   4.2393700e+01
   5.6070173e-01   1.3679998e+02   3.6840700e+01
   5.6070173e-01   1.4220010e+02   3.1491500e+01
   5.6070173e-01   1.4760023e+02   2.6440000e+01
   5.6070173e-01   1.5299978e+02   2.1767300e+01
   5.6070173e-01   1.5839991e+02   1.7540100e+01
   5.6070173e-01   1.6380004e+02   1.3809300e+01
   5.6070173e-01   1.6920017e+02   1.0610000e+01
   5.6070173e-01   1.7459972e+02   7.9614000e+00
   5.6070173e-01   1.7999985e+02   5.8671700e+00
   5.6070173e-01   1.8539998e+02   4.3163200e+00
   5.6070173e-01   1.9080010e+02   3.2845300e+00
   5.6070173e-01   1.9620023e+02   2.7355600e+00
   5.6070173e-01   2.0159978e+02   2.6231400e+00
   5.6070173e-01   2.0699991e+02   2.8929100e+00
   5.6070173e-01   2.1240004e+02   3.4846100e+00
   5.6070173e-01   2.1780017e+02   4.3343000e+00
   5.6070173e-01   2.2319972e+02   5.3766700e+00
   5.6070173e-01   2.2859985e+02   6.5473000e+00
   5.6070173e-01   2.3399997e+02   7.7848300e+00
   5.6070173e-01   2.3940010e+02   9.0330500e+00
   5.6070173e-01   2.4480023e+02   1.0242700e+01
   5.6070173e-01   2.5019978e+02   1.1373200e+01
   5.6070173e-01   2.5559991e+02   1.2393700e+01
   5.6070173e-01   2.6100004e+02   1.3284500e+01
   5.6070173e-01   2.6640016e+02   1.4037300e+01
   5.6070173e-01   2.7179972e+02   1.4655600e+01
   5.6070173e-01   2.7719985e+02   1.5154300e+01
   5.6070173e-01   2.8259997e+02   1.5559500e+01
   5.6243841e-01   1.2599972e+02   4.6714100e+01
   5.6243841e-01   1.3139985e+02   4.1115100e+01
   5.6243841e-01   1.3679998e+02   3.5617200e+01
   5.6243841e-01   1.4220010e+02   3.0324700e+01
   5.6243841e-01   1.4760023e+02   2.5330800e+01
   5.6243841e-01   1.5299978e+02   2.0715700e+01
   5.6243841e-01   1.5839991e+02   1.6545200e+01
   5.6243841e-01   1.6380004e+02   1.2869900e+01
   5.6243841e-01   1.6920017e+02   9.7241200e+00
   5.6243841e-01   1.7459972e+02   7.1266600e+00
   5.6243841e-01   1.7999985e+02   5.0807900e+00
   5.6243841e-01   1.8539998e+02   3.5752700e+00
   5.6243841e-01   1.9080010e+02   2.5855400e+00
   5.6243841e-01   1.9620023e+02   2.0753000e+00
   5.6243841e-01   2.0159978e+02   1.9982000e+00
   5.6243841e-01   2.0699991e+02   2.2999400e+00
   5.6243841e-01   2.1240004e+02   2.9203100e+00
   5.6243841e-01   2.1780017e+02   3.7955300e+00
   5.6243841e-01   2.2319972e+02   4.8604200e+00
   5.6243841e-01   2.2859985e+02   6.0507300e+00
   5.6243841e-01   2.3399997e+02   7.3052900e+00
   5.6243841e-01   2.3940010e+02   8.5680500e+00
   5.6243841e-01   2.4480023e+02   9.7899100e+00
   5.6243841e-01   2.5019978e+02   1.0930400e+01
   5.6243841e-01   2.5559991e+02   1.1958800e+01
   5.6243841e-01   2.6100004e+02   1.2855400e+01
   5.6243841e-01   2.6640016e+02   1.3612000e+01
   5.6243841e-01   2.7179972e+02   1.4231800e+01
   5.6243841e-01   2.7719985e+02   1.4730000e+01
   5.6243841e-01   2.8259997e+02   1.5132300e+01
   5.6417432e-01   1.2599972e+02   4.5460600e+01
   5.6417432e-01   1.3139985e+02   3.9914200e+01
   5.6417432e-01   1.3679998e+02   3.4471400e+01
   5.6417432e-01   1.4220010e+02   2.9235600e+01
   5.6417432e-01   1.4760023e+02   2.4299200e+01
   5.6417432e-01   1.5299978e+02   1.9741600e+01
   5.6417432e-01   1.5839991e+02   1.5627900e+01
   5.6417432e-01   1.6380004e+02   1.2008000e+01
   5.6417432e-01   1.6920017e+02   8.9156900e+00
   5.6417432e-01   1.7459972e+02   6.3693100e+00
   5.6417432e-01   1.7999985e+02   4.3717300e+00
   5.6417432e-01   1.8539998e+02   2.9114500e+00
   5.6417432e-01   1.9080010e+02   1.9637300e+00
   5.6417432e-01   1.9620023e+02   1.4921200e+00
   5.6417432e-01   2.0159978e+02   1.4502700e+00
   5.6417432e-01   2.0699991e+02   1.7838700e+00
   5.6417432e-01   2.1240004e+02   2.4328300e+00
   5.6417432e-01   2.1780017e+02   3.3334600e+00
   5.6417432e-01   2.2319972e+02   4.4207500e+00
   5.6417432e-01   2.2859985e+02   5.6306300e+00
   5.6417432e-01   2.3399997e+02   6.9020900e+00
   5.6417432e-01   2.3940010e+02   8.1792500e+00
   5.6417432e-01   2.4480023e+02   9.4131800e+00
   5.6417432e-01   2.5019978e+02   1.0563500e+01
   5.6417432e-01   2.5559991e+02   1.1599600e+01
   5.6417432e-01   2.6100004e+02   1.2501900e+01
   5.6417432e-01   2.6640016e+02   1.3262100e+01
   5.6417432e-01   2.7179972e+02   1.3883400e+01
   5.6417432e-01   2.7719985e+02   1.4380900e+01
   5.6417432e-01   2.8259997e+02   1.4780100e+01
   5.6590945e-01   1.2599972e+02   4.4292400e+01
   5.6590945e-01   1.3139985e+02   3.8798600e+01
   5.6590945e-01   1.3679998e+02   3.3410900e+01
   5.6590945e-01   1.4220010e+02   2.8231800e+01
   5.6590945e-01   1.4760023e+02   2.3352900e+01
   5.6590945e-01   1.5299978e+02   1.8852800e+01
   5.6590945e-01   1.5839991e+02   1.4795900e+01
   5.6590945e-01   1.6380004e+02   1.1231300e+01
   5.6590945e-01   1.6920017e+02   8.1924600e+00
   5.6590945e-01   1.7459972e+02   5.6971000e+00
   5.6590945e-01   1.7999985e+02   3.7477600e+00
   5.6590945e-01   1.8539998e+02   2.3326600e+00
   5.6590945e-01   1.9080010e+02   1.4268600e+00
   5.6590945e-01   1.9620023e+02   9.9381200e-01
   5.6590945e-01   2.0159978e+02   9.8711100e-01
   5.6590945e-01   2.0699991e+02   1.3524900e+00
   5.6590945e-01   2.1240004e+02   2.0299300e+00
   5.6590945e-01   2.1780017e+02   2.9558700e+00
   5.6590945e-01   2.2319972e+02   4.0654500e+00
   5.6590945e-01   2.2859985e+02   5.2947700e+00
   5.6590945e-01   2.3399997e+02   6.5830000e+00
   5.6590945e-01   2.3940010e+02   7.8744300e+00
   5.6590945e-01   2.4480023e+02   9.1202900e+00
   5.6590945e-01   2.5019978e+02   1.0280300e+01
   5.6590945e-01   2.5559991e+02   1.1324000e+01
   5.6590945e-01   2.6100004e+02   1.2231800e+01
   5.6590945e-01   2.6640016e+02   1.2995400e+01
   5.6590945e-01   2.7179972e+02   1.3618100e+01
   5.6590945e-01   2.7719985e+02   1.4114600e+01
   5.6590945e-01   2.8259997e+02   1.4510700e+01
   5.6764377e-01   1.2599972e+02   4.3217400e+01
   5.6764377e-01   1.3139985e+02   3.7776200e+01
   5.6764377e-01   1.3679998e+02   3.2443600e+01
   5.6764377e-01   1.4220010e+02   2.7321200e+01
   5.6764377e-01   1.4760023e+02   2.2499800e+01
   5.6764377e-01   1.5299978e+02   1.8057200e+01
   5.6764377e-01   1.5839991e+02   1.4057000e+01
   5.6764377e-01   1.6380004e+02   1.0547700e+01
   5.6764377e-01   1.6920017e+02   7.5622500e+00
   5.6764377e-01   1.7459972e+02   5.1178500e+00
   5.6764377e-01   1.7999985e+02   3.2167000e+00
   5.6764377e-01   1.8539998e+02   1.8467100e+00
   5.6764377e-01   1.9080010e+02   9.8276300e-01
   5.6764377e-01   1.9620023e+02   5.8818900e-01
   5.6764377e-01   2.0159978e+02   6.1655500e-01
   5.6764377e-01   2.0699991e+02   1.0136200e+00
   5.6764377e-01   2.1240004e+02   1.7194300e+00
   5.6764377e-01   2.1780017e+02   2.6705700e+00
   5.6764377e-01   2.2319972e+02   3.8023200e+00
   5.6764377e-01   2.2859985e+02   5.0509600e+00
   5.6764377e-01   2.3399997e+02   6.3558400e+00
   5.6764377e-01   2.3940010e+02   7.6614000e+00
   5.6764377e-01   2.4480023e+02   8.9190400e+00
   5.6764377e-01   2.5019978e+02   1.0088600e+01
   5.6764377e-01   2.5559991e+02   1.1139800e+01
   5.6764377e-01   2.6100004e+02   1.2052900e+01
   5.6764377e-01   2.6640016e+02   1.2819800e+01
   5.6764377e-01   2.7179972e+02   1.3443600e+01
   5.6764377e-01   2.7719985e+02   1.3939100e+01
   5.6764377e-01   2.8259997e+02   1.4331700e+01
   5.6937727e-01   1.2599972e+02   4.2243300e+01
   5.6937727e-01   1.3139985e+02   3.6854700e+01
   5.6937727e-01   1.3679998e+02   3.1577300e+01
   5.6937727e-01   1.4220010e+02   2.6511600e+01
   5.6937727e-01   1.4760023e+02   2.1747700e+01
   5.6937727e-01   1.5299978e+02   1.7362500e+01
   5.6937727e-01   1.5839991e+02   1.3419000e+01
   5.6937727e-01   1.6380004e+02   9.9650100e+00
   5.6937727e-01   1.6920017e+02   7.0328800e+00
   5.6937727e-01   1.7459972e+02   4.6394000e+00
   5.6937727e-01   1.7999985e+02   2.7863800e+00
   5.6937727e-01   1.8539998e+02   1.4614400e+00
   5.6937727e-01   1.9080010e+02   6.3927200e-01
   5.6937727e-01   1.9620023e+02   2.8309800e-01
   5.6937727e-01   2.0159978e+02   3.4644500e-01
   5.6937727e-01   2.0699991e+02   7.7509500e-01
   5.6937727e-01   2.1240004e+02   1.5091900e+00
   5.6937727e-01   2.1780017e+02   2.4854100e+00
   5.6937727e-01   2.2319972e+02   3.6392200e+00
   5.6937727e-01   2.2859985e+02   4.9070500e+00
   5.6937727e-01   2.3399997e+02   6.2284300e+00
   5.6937727e-01   2.3940010e+02   7.5479900e+00
   5.6937727e-01   2.4480023e+02   8.8172600e+00
   5.6937727e-01   2.5019978e+02   9.9962400e+00
   5.6937727e-01   2.5559991e+02   1.1054700e+01
   5.6937727e-01   2.6100004e+02   1.1973000e+01
   5.6937727e-01   2.6640016e+02   1.2742900e+01
   5.6937727e-01   2.7179972e+02   1.3367800e+01
   5.6937727e-01   2.7719985e+02   1.3862000e+01
   5.6937727e-01   2.8259997e+02   1.4251100e+01
   5.7110991e-01   1.2599972e+02   4.1378000e+01
   5.7110991e-01   1.3139985e+02   3.6042000e+01
   5.7110991e-01   1.3679998e+02   3.0819700e+01
   5.7110991e-01   1.4220010e+02   2.5810800e+01
   5.7110991e-01   1.4760023e+02   2.1104300e+01
   5.7110991e-01   1.5299978e+02   1.6776600e+01
   5.7110991e-01   1.5839991e+02   1.2889800e+01
   5.7110991e-01   1.6380004e+02   9.4910500e+00
   5.7110991e-01   1.6920017e+02   6.6122200e+00
   5.7110991e-01   1.7459972e+02   4.2696100e+00
   5.7110991e-01   1.7999985e+02   2.4646500e+00
   5.7110991e-01   1.8539998e+02   1.1847100e+00
   5.7110991e-01   1.9080010e+02   4.0424800e-01
   5.7110991e-01   1.9620023e+02   8.6394500e-02
   5.7110991e-01   2.0159978e+02   1.8463400e-01
   5.7110991e-01   2.0699991e+02   6.4477700e-01
   5.7110991e-01   2.1240004e+02   1.4070400e+00
   5.7110991e-01   2.1780017e+02   2.4082400e+00
   5.7110991e-01   2.2319972e+02   3.5839900e+00
   5.7110991e-01   2.2859985e+02   4.8708800e+00
   5.7110991e-01   2.3399997e+02   6.2086300e+00
   5.7110991e-01   2.3940010e+02   7.5420400e+00
   5.7110991e-01   2.4480023e+02   8.8227900e+00
   5.7110991e-01   2.5019978e+02   1.0011000e+01
   5.7110991e-01   2.5559991e+02   1.1076500e+01
   5.7110991e-01   2.6100004e+02   1.1999900e+01
   5.7110991e-01   2.6640016e+02   1.2772800e+01
   5.7110991e-01   2.7179972e+02   1.3398400e+01
   5.7110991e-01   2.7719985e+02   1.3891300e+01
   5.7110991e-01   2.8259997e+02   1.4276600e+01
   5.7284168e-01   1.2599972e+02   4.0629200e+01
   5.7284168e-01   1.3139985e+02   3.5346000e+01
   5.7284168e-01   1.3679998e+02   3.0178800e+01
   5.7284168e-01   1.4220010e+02   2.5226600e+01
   5.7284168e-01   1.4760023e+02   2.0577600e+01
   5.7284168e-01   1.5299978e+02   1.6307300e+01
   5.7284168e-01   1.5839991e+02   1.2477100e+01
   5.7284168e-01   1.6380004e+02   9.1336800e+00
   5.7284168e-01   1.6920017e+02   6.3081100e+00
   5.7284168e-01   1.7459972e+02   4.0163200e+00
   5.7284168e-01   1.7999985e+02   2.2593800e+00
   5.7284168e-01   1.8539998e+02   1.0243600e+00
   5.7284168e-01   1.9080010e+02   2.8553900e-01
   5.7284168e-01   1.9620023e+02   5.9262800e-03
   5.7284168e-01   2.0159978e+02   1.3897100e-01
   5.7284168e-01   2.0699991e+02   6.3051000e-01
   5.7284168e-01   2.1240004e+02   1.4208400e+00
   5.7284168e-01   2.1780017e+02   2.4469100e+00
   5.7284168e-01   2.2319972e+02   3.6444600e+00
   5.7284168e-01   2.2859985e+02   4.9502900e+00
   5.7284168e-01   2.3399997e+02   6.3042700e+00
   5.7284168e-01   2.3940010e+02   7.6513800e+00
   5.7284168e-01   2.4480023e+02   8.9434600e+00
   5.7284168e-01   2.5019978e+02   1.0140800e+01
   5.7284168e-01   2.5559991e+02   1.1213200e+01
   5.7284168e-01   2.6100004e+02   1.2141400e+01
   5.7284168e-01   2.6640016e+02   1.2917000e+01
   5.7284168e-01   2.7179972e+02   1.3543300e+01
   5.7284168e-01   2.7719985e+02   1.4034600e+01
   5.7284168e-01   2.8259997e+02   1.4416100e+01
   5.7457256e-01   1.2599972e+02   4.0004800e+01
   5.7457256e-01   1.3139985e+02   3.4774300e+01
   5.7457256e-01   1.3679998e+02   2.9662300e+01
   5.7457256e-01   1.4220010e+02   2.4766900e+01
   5.7457256e-01   1.4760023e+02   2.0175400e+01
   5.7457256e-01   1.5299978e+02   1.5962500e+01
   5.7457256e-01   1.5839991e+02   1.2189000e+01
   5.7457256e-01   1.6380004e+02   8.9007200e+00
   5.7457256e-01   1.6920017e+02   6.1283700e+00
   5.7457256e-01   1.7459972e+02   3.8873700e+00
   5.7457256e-01   1.7999985e+02   2.1783900e+00
   5.7457256e-01   1.8539998e+02   9.8822500e-01
   5.7457256e-01   1.9080010e+02   2.9097300e-01
   5.7457256e-01   1.9620023e+02   4.9521000e-02
   5.7457256e-01   2.0159978e+02   2.1728200e-01
   5.7457256e-01   2.0699991e+02   7.4011900e-01
   5.7457256e-01   2.1240004e+02   1.5584100e+00
   5.7457256e-01   2.1780017e+02   2.6092200e+00
   5.7457256e-01   2.2319972e+02   3.8284700e+00
   5.7457256e-01   2.2859985e+02   5.1530900e+00
   5.7457256e-01   2.3399997e+02   6.5231600e+00
   5.7457256e-01   2.3940010e+02   7.8838200e+00
   5.7457256e-01   2.4480023e+02   9.1870800e+00
   5.7457256e-01   2.5019978e+02   1.0393300e+01
   5.7457256e-01   2.5559991e+02   1.1472500e+01
   5.7457256e-01   2.6100004e+02   1.2405400e+01
   5.7457256e-01   2.6640016e+02   1.3183600e+01
   5.7457256e-01   2.7179972e+02   1.3810300e+01
   5.7457256e-01   2.7719985e+02   1.4299900e+01
   5.7457256e-01   2.8259997e+02   1.4677200e+01
   5.7630253e-01   1.2599972e+02   3.9512500e+01
   5.7630253e-01   1.3139985e+02   3.4334800e+01
   5.7630253e-01   1.3679998e+02   2.9278100e+01
   5.7630253e-01   1.4220010e+02   2.4439500e+01
   5.7630253e-01   1.4760023e+02   1.9905500e+01
   5.7630253e-01   1.5299978e+02   1.5750000e+01
   5.7630253e-01   1.5839991e+02   1.2033000e+01
   5.7630253e-01   1.6380004e+02   8.7999700e+00
   5.7630253e-01   1.6920017e+02   6.0808100e+00
   5.7630253e-01   1.7459972e+02   3.8905400e+00
   5.7630253e-01   1.7999985e+02   2.2294700e+00
   5.7630253e-01   1.8539998e+02   1.0841000e+00
   5.7630253e-01   1.9080010e+02   4.2834300e-01
   5.7630253e-01   1.9620023e+02   2.2496900e-01
   5.7630253e-01   2.0159978e+02   4.2735500e-01
   5.7630253e-01   2.0699991e+02   9.8139000e-01
   5.7630253e-01   2.1240004e+02   1.8275400e+00
   5.7630253e-01   2.1780017e+02   2.9029700e+00
   5.7630253e-01   2.2319972e+02   4.1437800e+00
   5.7630253e-01   2.2859985e+02   5.4870600e+00
   5.7630253e-01   2.3399997e+02   6.8730800e+00
   5.7630253e-01   2.3940010e+02   8.2471400e+00
   5.7630253e-01   2.4480023e+02   9.5614000e+00
   5.7630253e-01   2.5019978e+02   1.0776400e+01
   5.7630253e-01   2.5559991e+02   1.1862200e+01
   5.7630253e-01   2.6100004e+02   1.2799500e+01
   5.7630253e-01   2.6640016e+02   1.3580100e+01
   5.7630253e-01   2.7179972e+02   1.4207100e+01
   5.7630253e-01   2.7719985e+02   1.4694800e+01
   5.7630253e-01   2.8259997e+02   1.5067900e+01
   5.7803156e-01   1.2599972e+02   3.9160200e+01
   5.7803156e-01   1.3139985e+02   3.4035300e+01
   5.7803156e-01   1.3679998e+02   2.9033800e+01
   5.7803156e-01   1.4220010e+02   2.4252000e+01
   5.7803156e-01   1.4760023e+02   1.9775500e+01
   5.7803156e-01   1.5299978e+02   1.5677400e+01
   5.7803156e-01   1.5839991e+02   1.2017100e+01
   5.7803156e-01   1.6380004e+02   8.8391800e+00
   5.7803156e-01   1.6920017e+02   6.1731800e+00
   5.7803156e-01   1.7459972e+02   4.0335900e+00
   5.7803156e-01   1.7999985e+02   2.4203700e+00
   5.7803156e-01   1.8539998e+02   1.3197300e+00
   5.7803156e-01   1.9080010e+02   7.0539100e-01
   5.7803156e-01   1.9620023e+02   5.4001100e-01
   5.7803156e-01   2.0159978e+02   7.7692800e-01
   5.7803156e-01   2.0699991e+02   1.3620600e+00
   5.7803156e-01   2.1240004e+02   2.2359400e+00
   5.7803156e-01   2.1780017e+02   3.3358900e+00
   5.7803156e-01   2.2319972e+02   4.5981200e+00
   5.7803156e-01   2.2859985e+02   5.9599300e+00
   5.7803156e-01   2.3399997e+02   7.3617400e+00
   5.7803156e-01   2.3940010e+02   8.7490500e+00
   5.7803156e-01   2.4480023e+02   1.0074200e+01
   5.7803156e-01   2.5019978e+02   1.1297700e+01
   5.7803156e-01   2.5559991e+02   1.2390000e+01
   5.7803156e-01   2.6100004e+02   1.3331600e+01
   5.7803156e-01   2.6640016e+02   1.4114400e+01
   5.7803156e-01   2.7179972e+02   1.4741500e+01
   5.7803156e-01   2.7719985e+02   1.5227000e+01
   5.7803156e-01   2.8259997e+02   1.5595600e+01
   5.7975964e-01   1.2599972e+02   3.8955400e+01
   5.7975964e-01   1.3139985e+02   3.3883400e+01
   5.7975964e-01   1.3679998e+02   2.8937300e+01
   5.7975964e-01   1.4220010e+02   2.4212300e+01
   5.7975964e-01   1.4760023e+02   1.9793200e+01
   5.7975964e-01   1.5299978e+02   1.5752600e+01
   5.7975964e-01   1.5839991e+02   1.2148800e+01
   5.7975964e-01   1.6380004e+02   9.0260400e+00
   5.7975964e-01   1.6920017e+02   6.4131500e+00
   5.7975964e-01   1.7459972e+02   4.3242000e+00
   5.7975964e-01   1.7999985e+02   2.7587700e+00
   5.7975964e-01   1.8539998e+02   1.7027900e+00
   5.7975964e-01   1.9080010e+02   1.1297900e+00
   5.7975964e-01   1.9620023e+02   1.0023200e+00
   5.7975964e-01   2.0159978e+02   1.2736700e+00
   5.7975964e-01   2.0699991e+02   1.8897900e+00
   5.7975964e-01   2.1240004e+02   2.7913100e+00
   5.7975964e-01   2.1780017e+02   3.9156400e+00
   5.7975964e-01   2.2319972e+02   5.1991600e+00
   5.7975964e-01   2.2859985e+02   6.5793600e+00
   5.7975964e-01   2.3399997e+02   7.9968200e+00
   5.7975964e-01   2.3940010e+02   9.3972100e+00
   5.7975964e-01   2.4480023e+02   1.0733000e+01
   5.7975964e-01   2.5019978e+02   1.1965000e+01
   5.7975964e-01   2.5559991e+02   1.3063500e+01
   5.7975964e-01   2.6100004e+02   1.4009200e+01
   5.7975964e-01   2.6640016e+02   1.4794100e+01
   5.7975964e-01   2.7179972e+02   1.5421000e+01
   5.7975964e-01   2.7719985e+02   1.5904200e+01
   5.7975964e-01   2.8259997e+02   1.6268200e+01
   5.8148674e-01   1.2599972e+02   3.8905800e+01
   5.8148674e-01   1.3139985e+02   3.3886800e+01
   5.8148674e-01   1.3679998e+02   2.8996000e+01
   5.8148674e-01   1.4220010e+02   2.4327800e+01
   5.8148674e-01   1.4760023e+02   1.9966300e+01
   5.8148674e-01   1.5299978e+02   1.5983000e+01
   5.8148674e-01   1.5839991e+02   1.2435900e+01
   5.8148674e-01   1.6380004e+02   9.3681600e+00
   5.8148674e-01   1.6920017e+02   6.8083400e+00
   5.8148674e-01   1.7459972e+02   4.7699800e+00
   5.8148674e-01   1.7999985e+02   3.2522800e+00
   5.8148674e-01   1.8539998e+02   2.2408900e+00
   5.8148674e-01   1.9080010e+02   1.7091500e+00
   5.8148674e-01   1.9620023e+02   1.6195000e+00
   5.8148674e-01   2.0159978e+02   1.9251900e+00
   5.8148674e-01   2.0699991e+02   2.5721900e+00
   5.8148674e-01   2.1240004e+02   3.5012100e+00
   5.8148674e-01   2.1780017e+02   4.6498000e+00
   5.8148674e-01   2.2319972e+02   5.9544900e+00
   5.8148674e-01   2.2859985e+02   7.3529200e+00
   5.8148674e-01   2.3399997e+02   8.7858700e+00
   5.8148674e-01   2.3940010e+02   1.0199200e+01
   5.8148674e-01   2.4480023e+02   1.1545500e+01
   5.8148674e-01   2.5019978e+02   1.2785700e+01
   5.8148674e-01   2.5559991e+02   1.3890200e+01
   5.8148674e-01   2.6100004e+02   1.4839900e+01
   5.8148674e-01   2.6640016e+02   1.5626600e+01
   5.8148674e-01   2.7179972e+02   1.6253300e+01
   5.8148674e-01   2.7719985e+02   1.6734000e+01
   5.8148674e-01   2.8259997e+02   1.7093100e+01
   5.8321284e-01   1.2599972e+02   3.9018900e+01
   5.8321284e-01   1.3139985e+02   3.4052900e+01
   5.8321284e-01   1.3679998e+02   2.9217500e+01
   5.8321284e-01   1.4220010e+02   2.4606200e+01
   5.8321284e-01   1.4760023e+02   2.0302200e+01
   5.8321284e-01   1.5299978e+02   1.6376300e+01
   5.8321284e-01   1.5839991e+02   1.2885700e+01
   5.8321284e-01   1.6380004e+02   9.8730600e+00
   5.8321284e-01   1.6920017e+02   7.3662700e+00
   5.8321284e-01   1.7459972e+02   5.3784500e+00
   5.8321284e-01   1.7999985e+02   3.9084100e+00
   5.8321284e-01   1.8539998e+02   2.9415400e+00
   5.8321284e-01   1.9080010e+02   2.4509800e+00
   5.8321284e-01   1.9620023e+02   2.3990500e+00
   5.8321284e-01   2.0159978e+02   2.7389700e+00
   5.8321284e-01   2.0699991e+02   3.4167500e+00
   5.8321284e-01   2.1240004e+02   4.3731500e+00
   5.8321284e-01   2.1780017e+02   5.5458700e+00
   5.8321284e-01   2.2319972e+02   6.8715800e+00
   5.8321284e-01   2.2859985e+02   8.2881100e+00
   5.8321284e-01   2.3399997e+02   9.7364000e+00
   5.8321284e-01   2.3940010e+02   1.1162500e+01
   5.8321284e-01   2.4480023e+02   1.2519100e+01
   5.8321284e-01   2.5019978e+02   1.3767400e+01
   5.8321284e-01   2.5559991e+02   1.4877800e+01
   5.8321284e-01   2.6100004e+02   1.5831200e+01
   5.8321284e-01   2.6640016e+02   1.6619600e+01
   5.8321284e-01   2.7179972e+02   1.7245800e+01
   5.8321284e-01   2.7719985e+02   1.7723700e+01
   5.8321284e-01   2.8259997e+02   1.8077900e+01
   5.8493792e-01   1.2599972e+02   3.9302200e+01
   5.8493792e-01   1.3139985e+02   3.4389300e+01
   5.8493792e-01   1.3679998e+02   2.9609200e+01
   5.8493792e-01   1.4220010e+02   2.5054800e+01
   5.8493792e-01   1.4760023e+02   2.0808400e+01
   5.8493792e-01   1.5299978e+02   1.6939900e+01
   5.8493792e-01   1.5839991e+02   1.3505800e+01
   5.8493792e-01   1.6380004e+02   1.0548200e+01
   5.8493792e-01   1.6920017e+02   8.0943700e+00
   5.8493792e-01   1.7459972e+02   6.1570200e+00
   5.8493792e-01   1.7999985e+02   4.7345800e+00
   5.8493792e-01   1.8539998e+02   3.8121500e+00
   5.8493792e-01   1.9080010e+02   3.3626800e+00
   5.8493792e-01   1.9620023e+02   3.3483800e+00
   5.8493792e-01   2.0159978e+02   3.7224300e+00
   5.8493792e-01   2.0699991e+02   4.4308600e+00
   5.8493792e-01   2.1240004e+02   5.4145300e+00
   5.8493792e-01   2.1780017e+02   6.6112400e+00
   5.8493792e-01   2.2319972e+02   7.9578400e+00
   5.8493792e-01   2.2859985e+02   9.3923000e+00
   5.8493792e-01   2.3399997e+02   1.0855800e+01
   5.8493792e-01   2.3940010e+02   1.2294500e+01
   5.8493792e-01   2.4480023e+02   1.3661300e+01
   5.8493792e-01   2.5019978e+02   1.4917400e+01
   5.8493792e-01   2.5559991e+02   1.6033500e+01
   5.8493792e-01   2.6100004e+02   1.6990500e+01
   5.8493792e-01   2.6640016e+02   1.7780300e+01
   5.8493792e-01   2.7179972e+02   1.8405800e+01
   5.8493792e-01   2.7719985e+02   1.8880900e+01
   5.8493792e-01   2.8259997e+02   1.9229800e+01
   5.8666196e-01   1.2599972e+02   3.9763000e+01
   5.8666196e-01   1.3139985e+02   3.4903200e+01
   5.8666196e-01   1.3679998e+02   3.0178600e+01
   5.8666196e-01   1.4220010e+02   2.5681100e+01
   5.8666196e-01   1.4760023e+02   2.1492200e+01
   5.8666196e-01   1.5299978e+02   1.7681000e+01
   5.8666196e-01   1.5839991e+02   1.4303400e+01
   5.8666196e-01   1.6380004e+02   1.1400800e+01
   5.8666196e-01   1.6920017e+02   8.9999400e+00
   5.8666196e-01   1.7459972e+02   7.1130000e+00
   5.8666196e-01   1.7999985e+02   5.7380900e+00
   5.8666196e-01   1.8539998e+02   4.8600200e+00
   5.8666196e-01   1.9080010e+02   4.4515500e+00
   5.8666196e-01   1.9620023e+02   4.4747800e+00
   5.8666196e-01   2.0159978e+02   4.8828500e+00
   5.8666196e-01   2.0699991e+02   5.6218100e+00
   5.8666196e-01   2.1240004e+02   6.6326200e+00
   5.8666196e-01   2.1780017e+02   7.8531900e+00
   5.8666196e-01   2.2319972e+02   9.2205300e+00
   5.8666196e-01   2.2859985e+02   1.0672800e+01
   5.8666196e-01   2.3399997e+02   1.2151300e+01
   5.8666196e-01   2.3940010e+02   1.3602400e+01
   5.8666196e-01   2.4480023e+02   1.4979200e+01
   5.8666196e-01   2.5019978e+02   1.6243000e+01
   5.8666196e-01   2.5559991e+02   1.7364600e+01
   5.8666196e-01   2.6100004e+02   1.8325000e+01
   5.8666196e-01   2.6640016e+02   1.9116000e+01
   5.8666196e-01   2.7179972e+02   1.9740700e+01
   5.8666196e-01   2.7719985e+02   2.0212700e+01
   5.8666196e-01   2.8259997e+02   2.0556100e+01
   5.8838494e-01   1.2599972e+02   4.0408500e+01
   5.8838494e-01   1.3139985e+02   3.5601900e+01
   5.8838494e-01   1.3679998e+02   3.0932700e+01
   5.8838494e-01   1.4220010e+02   2.6492200e+01
   5.8838494e-01   1.4760023e+02   2.2360800e+01
   5.8838494e-01   1.5299978e+02   1.8607000e+01
   5.8838494e-01   1.5839991e+02   1.5285800e+01
   5.8838494e-01   1.6380004e+02   1.2438200e+01
   5.8838494e-01   1.6920017e+02   1.0090200e+01
   5.8838494e-01   1.7459972e+02   8.2535800e+00
   5.8838494e-01   1.7999985e+02   6.9261200e+00
   5.8838494e-01   1.8539998e+02   6.0923200e+00
   5.8838494e-01   1.9080010e+02   5.7247600e+00
   5.8838494e-01   1.9620023e+02   5.7854100e+00
   5.8838494e-01   2.0159978e+02   6.2273800e+00
   5.8838494e-01   2.0699991e+02   6.9967700e+00
   5.8838494e-01   2.1240004e+02   8.0345800e+00
   5.8838494e-01   2.1780017e+02   9.2788700e+00
   5.8838494e-01   2.2319972e+02   1.0666800e+01
   5.8838494e-01   2.2859985e+02   1.2136700e+01
   5.8838494e-01   2.3399997e+02   1.3630000e+01
   5.8838494e-01   2.3940010e+02   1.5093400e+01
   5.8838494e-01   2.4480023e+02   1.6480000e+01
   5.8838494e-01   2.5019978e+02   1.7751400e+01
   5.8838494e-01   2.5559991e+02   1.8878300e+01
   5.8838494e-01   2.6100004e+02   1.9841800e+01
   5.8838494e-01   2.6640016e+02   2.0633900e+01
   5.8838494e-01   2.7179972e+02   2.1257500e+01
   5.8838494e-01   2.7719985e+02   2.1726200e+01
   5.8838494e-01   2.8259997e+02   2.2064100e+01
   5.9010683e-01   1.2599972e+02   4.1245800e+01
   5.9010683e-01   1.3139985e+02   3.6492400e+01
   5.9010683e-01   1.3679998e+02   3.1878800e+01
   5.9010683e-01   1.4220010e+02   2.7495100e+01
   5.9010683e-01   1.4760023e+02   2.3421200e+01
   5.9010683e-01   1.5299978e+02   1.9724800e+01
   5.9010683e-01   1.5839991e+02   1.6460100e+01
   5.9010683e-01   1.6380004e+02   1.3667300e+01
   5.9010683e-01   1.6920017e+02   1.1372100e+01
   5.9010683e-01   1.7459972e+02   9.5858100e+00
   5.9010683e-01   1.7999985e+02   8.3057100e+00
   5.9010683e-01   1.8539998e+02   7.5161000e+00
   5.9010683e-01   1.9080010e+02   7.1893400e+00
   5.9010683e-01   1.9620023e+02   7.2873000e+00
   5.9010683e-01   2.0159978e+02   7.7630700e+00
   5.9010683e-01   2.0699991e+02   8.5627400e+00
   5.9010683e-01   2.1240004e+02   9.6274300e+00
   5.9010683e-01   2.1780017e+02   1.0895300e+01
   5.9010683e-01   2.2319972e+02   1.2303700e+01
   5.9010683e-01   2.2859985e+02   1.3791000e+01
   5.9010683e-01   2.3399997e+02   1.5299100e+01
   5.9010683e-01   2.3940010e+02   1.6774500e+01
   5.9010683e-01   2.4480023e+02   1.8170800e+01
   5.9010683e-01   2.5019978e+02   1.9449500e+01
   5.9010683e-01   2.5559991e+02   2.0581500e+01
   5.9010683e-01   2.6100004e+02   2.1548000e+01
   5.9010683e-01   2.6640016e+02   2.2341000e+01
   5.9010683e-01   2.7179972e+02   2.2963300e+01
   5.9010683e-01   2.7719985e+02   2.3428500e+01
   5.9010683e-01   2.8259997e+02   2.3760500e+01
   5.9182763e-01   1.2599972e+02   4.2281900e+01
   5.9182763e-01   1.3139985e+02   3.7581700e+01
   5.9182763e-01   1.3679998e+02   3.3023600e+01
   5.9182763e-01   1.4220010e+02   2.8696900e+01
   5.9182763e-01   1.4760023e+02   2.4680500e+01
   5.9182763e-01   1.5299978e+02   2.1041300e+01
   5.9182763e-01   1.5839991e+02   1.7833000e+01
   5.9182763e-01   1.6380004e+02   1.5095100e+01
   5.9182763e-01   1.6920017e+02   1.2852700e+01
   5.9182763e-01   1.7459972e+02   1.1116600e+01
   5.9182763e-01   1.7999985e+02   9.8837700e+00
   5.9182763e-01   1.8539998e+02   9.1382500e+00
   5.9182763e-01   1.9080010e+02   8.8521900e+00
   5.9182763e-01   1.9620023e+02   8.9873600e+00
   5.9182763e-01   2.0159978e+02   9.4967900e+00
   5.9182763e-01   2.0699991e+02   1.0326600e+01
   5.9182763e-01   2.1240004e+02   1.1418000e+01
   5.9182763e-01   2.1780017e+02   1.2709300e+01
   5.9182763e-01   2.2319972e+02   1.4138000e+01
   5.9182763e-01   2.2859985e+02   1.5642700e+01
   5.9182763e-01   2.3399997e+02   1.7165200e+01
   5.9182763e-01   2.3940010e+02   1.8652600e+01
   5.9182763e-01   2.4480023e+02   2.0058300e+01
   5.9182763e-01   2.5019978e+02   2.1344100e+01
   5.9182763e-01   2.5559991e+02   2.2481100e+01
   5.9182763e-01   2.6100004e+02   2.3450400e+01
   5.9182763e-01   2.6640016e+02   2.4244000e+01
   5.9182763e-01   2.7179972e+02   2.4864800e+01
   5.9182763e-01   2.7719985e+02   2.5326400e+01
   5.9182763e-01   2.8259997e+02   2.5652500e+01
   5.9354730e-01   1.2599972e+02   4.3523500e+01
   5.9354730e-01   1.3139985e+02   3.8876600e+01
   5.9354730e-01   1.3679998e+02   3.4374000e+01
   5.9354730e-01   1.4220010e+02   3.0104200e+01
   5.9354730e-01   1.4760023e+02   2.6145400e+01
   5.9354730e-01   1.5299978e+02   2.2563500e+01
   5.9354730e-01   1.5839991e+02   1.9411500e+01
   5.9354730e-01   1.6380004e+02   1.6728400e+01
   5.9354730e-01   1.6920017e+02   1.4538700e+01
   5.9354730e-01   1.7459972e+02   1.2852700e+01
   5.9354730e-01   1.7999985e+02   1.1667100e+01
   5.9354730e-01   1.8539998e+02   1.0965500e+01
   5.9354730e-01   1.9080010e+02   1.0720000e+01
   5.9354730e-01   1.9620023e+02   1.0892300e+01
   5.9354730e-01   2.0159978e+02   1.1435300e+01
   5.9354730e-01   2.0699991e+02   1.2295100e+01
   5.9354730e-01   2.1240004e+02   1.3413100e+01
   5.9354730e-01   2.1780017e+02   1.4727700e+01
   5.9354730e-01   2.2319972e+02   1.6176500e+01
   5.9354730e-01   2.2859985e+02   1.7698300e+01
   5.9354730e-01   2.3399997e+02   1.9235200e+01
   5.9354730e-01   2.3940010e+02   2.0734300e+01
   5.9354730e-01   2.4480023e+02   2.2149300e+01
   5.9354730e-01   2.5019978e+02   2.3442100e+01
   5.9354730e-01   2.5559991e+02   2.4583800e+01
   5.9354730e-01   2.6100004e+02   2.5555700e+01
   5.9354730e-01   2.6640016e+02   2.6349800e+01
   5.9354730e-01   2.7179972e+02   2.6968900e+01
   5.9354730e-01   2.7719985e+02   2.7426600e+01
   5.9354730e-01   2.8259997e+02   2.7746500e+01
   5.9526582e-01   1.2599972e+02   4.4977200e+01
   5.9526582e-01   1.3139985e+02   4.0383700e+01
   5.9526582e-01   1.3679998e+02   3.5936700e+01
   5.9526582e-01   1.4220010e+02   3.1723800e+01
   5.9526582e-01   1.4760023e+02   2.7822400e+01
   5.9526582e-01   1.5299978e+02   2.4297800e+01
   5.9526582e-01   1.5839991e+02   2.1202100e+01
   5.9526582e-01   1.6380004e+02   1.8573700e+01
   5.9526582e-01   1.6920017e+02   1.6436600e+01
   5.9526582e-01   1.7459972e+02   1.4800700e+01
   5.9526582e-01   1.7999985e+02   1.3662100e+01
   5.9526582e-01   1.8539998e+02   1.3004500e+01
   5.9526582e-01   1.9080010e+02   1.2799500e+01
   5.9526582e-01   1.9620023e+02   1.3008700e+01
   5.9526582e-01   2.0159978e+02   1.3585100e+01
   5.9526582e-01   2.0699991e+02   1.4474800e+01
   5.9526582e-01   2.1240004e+02   1.5619300e+01
   5.9526582e-01   2.1780017e+02   1.6957000e+01
   5.9526582e-01   2.2319972e+02   1.8425700e+01
   5.9526582e-01   2.2859985e+02   1.9964500e+01
   5.9526582e-01   2.3399997e+02   2.1515600e+01
   5.9526582e-01   2.3940010e+02   2.3026200e+01
   5.9526582e-01   2.4480023e+02   2.4450300e+01
   5.9526582e-01   2.5019978e+02   2.5749900e+01
   5.9526582e-01   2.5559991e+02   2.6896100e+01
   5.9526582e-01   2.6100004e+02   2.7870500e+01
   5.9526582e-01   2.6640016e+02   2.8664800e+01
   5.9526582e-01   2.7179972e+02   2.9282100e+01
   5.9526582e-01   2.7719985e+02   2.9735700e+01
   5.9526582e-01   2.8259997e+02   3.0049200e+01
   5.9698317e-01   1.2599972e+02   4.6649700e+01
   5.9698317e-01   1.3139985e+02   4.2109500e+01
   5.9698317e-01   1.3679998e+02   3.7718100e+01
   5.9698317e-01   1.4220010e+02   3.3562200e+01
   5.9698317e-01   1.4760023e+02   2.9718200e+01
   5.9698317e-01   1.5299978e+02   2.6250800e+01
   5.9698317e-01   1.5839991e+02   2.3211300e+01
   5.9698317e-01   1.6380004e+02   2.0637600e+01
   5.9698317e-01   1.6920017e+02   1.8553000e+01
   5.9698317e-01   1.7459972e+02   1.6967000e+01
   5.9698317e-01   1.7999985e+02   1.5875400e+01
   5.9698317e-01   1.8539998e+02   1.5261600e+01
   5.9698317e-01   1.9080010e+02   1.5096900e+01
   5.9698317e-01   1.9620023e+02   1.5342900e+01
   5.9698317e-01   2.0159978e+02   1.5952600e+01
   5.9698317e-01   2.0699991e+02   1.6872100e+01
   5.9698317e-01   2.1240004e+02   1.8042800e+01
   5.9698317e-01   2.1780017e+02   1.9403500e+01
   5.9698317e-01   2.2319972e+02   2.0892000e+01
   5.9698317e-01   2.2859985e+02   2.2447700e+01
   5.9698317e-01   2.3399997e+02   2.4012800e+01
   5.9698317e-01   2.3940010e+02   2.5534800e+01
   5.9698317e-01   2.4480023e+02   2.6967800e+01
   5.9698317e-01   2.5019978e+02   2.8273900e+01
   5.9698317e-01   2.5559991e+02   2.9424500e+01
   5.9698317e-01   2.6100004e+02   3.0401000e+01
   5.9698317e-01   2.6640016e+02   3.1195500e+01
   5.9698317e-01   2.7179972e+02   3.1810700e+01
   5.9698317e-01   2.7719985e+02   3.2260000e+01
   5.9698317e-01   2.8259997e+02   3.2566900e+01
   5.9869934e-01   1.2599972e+02   4.8547100e+01
   5.9869934e-01   1.3139985e+02   4.4060300e+01
   5.9869934e-01   1.3679998e+02   3.9724500e+01
   5.9869934e-01   1.4220010e+02   3.5625500e+01
   5.9869934e-01   1.4760023e+02   3.1838900e+01
   5.9869934e-01   1.5299978e+02   2.8428600e+01
   5.9869934e-01   1.5839991e+02   2.5445400e+01
   5.9869934e-01   1.6380004e+02   2.2926200e+01
   5.9869934e-01   1.6920017e+02   2.0894000e+01
   5.9869934e-01   1.7459972e+02   1.9357900e+01
   5.9869934e-01   1.7999985e+02   1.8313200e+01
   5.9869934e-01   1.8539998e+02   1.7743000e+01
   5.9869934e-01   1.9080010e+02   1.7618600e+01
   5.9869934e-01   1.9620023e+02   1.7901300e+01
   5.9869934e-01   2.0159978e+02   1.8544100e+01
   5.9869934e-01   2.0699991e+02   1.9493100e+01
   5.9869934e-01   2.1240004e+02   2.0690000e+01
   5.9869934e-01   2.1780017e+02   2.2073500e+01
   5.9869934e-01   2.2319972e+02   2.3581700e+01
   5.9869934e-01   2.2859985e+02   2.5154000e+01
   5.9869934e-01   2.3399997e+02   2.6732900e+01
   5.9869934e-01   2.3940010e+02   2.8266100e+01
   5.9869934e-01   2.4480023e+02   2.9707800e+01
   5.9869934e-01   2.5019978e+02   3.1020300e+01
   5.9869934e-01   2.5559991e+02   3.2175100e+01
   5.9869934e-01   2.6100004e+02   3.3153600e+01
   5.9869934e-01   2.6640016e+02   3.3947900e+01
   5.9869934e-01   2.7179972e+02   3.4560900e+01
   5.9869934e-01   2.7719985e+02   3.5005800e+01
   5.9869934e-01   2.8259997e+02   3.5305900e+01
   6.0041430e-01   1.2599972e+02   5.0675600e+01
   6.0041430e-01   1.3139985e+02   4.6242200e+01
   6.0041430e-01   1.3679998e+02   4.1962000e+01
   6.0041430e-01   1.4220010e+02   3.7919900e+01
   6.0041430e-01   1.4760023e+02   3.4190700e+01
   6.0041430e-01   1.5299978e+02   3.0837500e+01
   6.0041430e-01   1.5839991e+02   2.7910400e+01
   6.0041430e-01   1.6380004e+02   2.5445700e+01
   6.0041430e-01   1.6920017e+02   2.3465900e+01
   6.0041430e-01   1.7459972e+02   2.1979400e+01
   6.0041430e-01   1.7999985e+02   2.0981500e+01
   6.0041430e-01   1.8539998e+02   2.0454800e+01
   6.0041430e-01   1.9080010e+02   2.0370500e+01
   6.0041430e-01   1.9620023e+02   2.0689800e+01
   6.0041430e-01   2.0159978e+02   2.1365500e+01
   6.0041430e-01   2.0699991e+02   2.2344000e+01
   6.0041430e-01   2.1240004e+02   2.3566900e+01
   6.0041430e-01   2.1780017e+02   2.4973000e+01
   6.0041430e-01   2.2319972e+02   2.6500700e+01
   6.0041430e-01   2.2859985e+02   2.8089400e+01
   6.0041430e-01   2.3399997e+02   2.9682000e+01
   6.0041430e-01   2.3940010e+02   3.1226200e+01
   6.0041430e-01   2.4480023e+02   3.2676400e+01
   6.0041430e-01   2.5019978e+02   3.3995100e+01
   6.0041430e-01   2.5559991e+02   3.5153900e+01
   6.0041430e-01   2.6100004e+02   3.6134200e+01
   6.0041430e-01   2.6640016e+02   3.6928300e+01
   6.0041430e-01   2.7179972e+02   3.7538700e+01
   6.0041430e-01   2.7719985e+02   3.7979000e+01
   6.0041430e-01   2.8259997e+02   3.8272200e+01
   6.0212802e-01   1.2599972e+02   5.3041200e+01
   6.0212802e-01   1.3139985e+02   4.8661200e+01
   6.0212802e-01   1.3679998e+02   4.4436500e+01
   6.0212802e-01   1.4220010e+02   4.0451300e+01
   6.0212802e-01   1.4760023e+02   3.6779400e+01
   6.0212802e-01   1.5299978e+02   3.3483300e+01
   6.0212802e-01   1.5839991e+02   3.0612200e+01
   6.0212802e-01   1.6380004e+02   2.8201900e+01
   6.0212802e-01   1.6920017e+02   2.6274300e+01
   6.0212802e-01   1.7459972e+02   2.4837500e+01
   6.0212802e-01   1.7999985e+02   2.3886200e+01
   6.0212802e-01   1.8539998e+02   2.3402900e+01
   6.0212802e-01   1.9080010e+02   2.3358500e+01
   6.0212802e-01   1.9620023e+02   2.3714200e+01
   6.0212802e-01   2.0159978e+02   2.4422800e+01
   6.0212802e-01   2.0699991e+02   2.5430600e+01
   6.0212802e-01   2.1240004e+02   2.6679300e+01
   6.0212802e-01   2.1780017e+02   2.8107900e+01
   6.0212802e-01   2.2319972e+02   2.9654800e+01
   6.0212802e-01   2.2859985e+02   3.1259900e+01
   6.0212802e-01   2.3399997e+02   3.2865900e+01
   6.0212802e-01   2.3940010e+02   3.4420900e+01
   6.0212802e-01   2.4480023e+02   3.5879500e+01
   6.0212802e-01   2.5019978e+02   3.7204200e+01
   6.0212802e-01   2.5559991e+02   3.8366700e+01
   6.0212802e-01   2.6100004e+02   3.9348700e+01
   6.0212802e-01   2.6640016e+02   4.0142200e+01
   6.0212802e-01   2.7179972e+02   4.0750100e+01
   6.0212802e-01   2.7719985e+02   4.1185500e+01
   6.0212802e-01   2.8259997e+02   4.1471600e+01
